68587106
56992376
53627291
-13276714
27135246
-56548551
24237795
90639885
58378973
66146211
95881320
-98688908
-61146418
16177199
35417888
-18809524
-83120517
52249950
67625364
-8430762
-82227107
73746600
46229591
-50551493
-32710865
-22227258
81506965
86213269
-93194252
19664140
-28169105
38241668
49661109
1773474
-37794492
-62904297
-57996171
-35984663
58641735
-51309212
-16685995
-58022535
-51614903
-84131407
-76506409
-89493563
56539242
-87633302
-34936745
51629969
68350687
-45033527
89521282
2744800
48415300
34304561
-80413049
3216608
-33866669
-98959608
-49984869
-25411564
37210188
-38585156
-81785309
89393923
-27651480
13116876
-57369837
16684534
68647144
39232562
-54148344
-10570219
-81037721
-30536384
76910726
50764808
78079898
93880086
-87868640
19452976
52346959
-98363257
-82862700
-85654770
-59754100
-15764802
73658732
55582037
6025523
-30496152
-46179475
3305338
-88284289
-43207746
-67484761
90547569
41941346
-37079906
-35818286
15525331
-7685237
56777496
-625497
-69877945
-61514160
-47422846
96418410
53854121
-69047086
-91158045
-62843370
-36201817
-12344419
-78783578
69593760
42368905
-83995847
36346968
6993094
83542856
57898317
-36482294
65301702
68745053
-97146470
-81990152
84548432
8671266
14978318
20216841
-92012387
38872345
67946643
90631059
20901899
-62434789
31706482
-16530616
53237141
-18533989
-29971506
88005772
-87172847
21992235
75442345
9320765
-11716393
-40588293
71960843
-2711762
15175303
-3359065
-69558482
-84239174
-92491431
46781215
29583351
28993097
41815594
-5723983
-83931430
-72259585
99010
66954248
51220257
-39024018
64455362
-2887619
9522717
-50804295
-92320134
-46275016
18767903
69378968
-68301161
-86249726
-80498259
38761421
-49724713
42717121
-91612633
-94302482
-34061301
32165302
-73310403
68066738
-76546578
-74520207
-60605359
63532911
38868146
-18704451
85972692
82327414
-44602999
-24085180
-22797637
73764780
-77038444
-64514792
-24007138
-94945596
-2114304
16991437
-1738778
90712782
71753890
-34942069
-49284761
13974145
-85018615
54823344
94719414
-35197203
1851837
13927965
55912456
41866110
-54595438
-86847731
-70755757
-72448569
31091720
-29121184
27434382
-53059459
-74679805
18116262
-14577134
94592780
70736043
17213827
30338472
7837019
-93048610
-73859878
77251913
-51800954
-95686467
-42226630
6010316
25179228
9358220
47557960
-33399109
78755026
21973566
75128639
-12021527
-32851705
-58426333
-58713742
-73079729
53981564
-36246467
61198760
904508
7253885
-66306290
-59043588
-27578512
14905212
-85811397
76853413
-99148116
-65816894
-10549903
-44648756
-84477792
-9698306
70429215
1546060
38392961
5831035
-65574315
26163647
-54819377
-67568193
-11573111
-75421905
-64401846
-3602349
52356240
38037833
-47623827
6320259
15480833
-36915449
71159673
-40343747
-24009317
-9377685
-91872243
59286147
62479256
91505209
1520485
-24015311
-3572357
30456347
-87088721
71419753
-63947064
412892
65728666
13741481
-23220707
-3895888
69311082
-94458560
48949270
-7894534
64087870
-91004711
-53185397
-13569716
-47602642
-21953596
-31368022
2005550
-56715537
-31216285
85463827
76295482
-30176139
-57527835
15851985
71044571
64024239
-22644612
54036387
12372866
95909564
4122554
17217699
99643924
71907051
78601207
6473166
-28926388
53376721
-50744391
-94774408
97945829
35992612
-19897715
38699755
-73521169
58449523
33861777
2412361
-2693844
-46834643
-71582419
25680940
94111770
37436526
-60166384
77550426
-90837299
-75080575
-2486731
37990568
68648377
-80915248
91154464
47273153
-11122461
-23263866
-72542189
3329669
38777649
-99022900
-65625224
-71010587
-62533007
65764517
-28021459
27818228
32877487
93094391
94303377
72989413
59638632
-78212258
10615133
61505775
-2411144
22560265
78527107
72483977
-75622527
69595827
73246628
-88192746
74165722
91318029
65651716
-64940977
69460209
-50245021
-79926574
38902864
-12915052
65557193
-98303444
-51930569
-15672809
63331929
18491128
24597396
-94421794
-87611495
21748405
-44432419
87210005
44778530
82754458
-95421665
20659539
-68371414
-2802562
-2817931
67022057
-91895184
99204459
94770765
95497866
-35001109
2785715
-62179867
-23702062
39524398
-74453324
16073582
-13737680
-64940992
-27143160
26063245
-96976919
-99172478
74066453
25368957
47985772
-76348464
49111531
-14717742
37180874
-59255245
-53531393
48202630
35417686
-28835041
-81553225
-97337275
-22873117
99981676
2831874
-92483581
-46374146
19583233
51364068
35276439
31139169
-3362450
75166562
89778115
-29768263
47136317
17946568
-97963157
97461063
-6587831
-64167080
68172768
-67629544
-86252056
34978039
-38285746
-97425472
-20696662
-13196971
91354914
-48188619
44664063
-88316284
8739582
-95792012
-15971063
31470822
-25532622
-85810193
95981280
79986812
-75236983
-37544937
81550681
59834665
-27218052
47340531
66067281
-68593213
-45666199
-17383830
-59181553
-83081480
-407604
-26691983
-14110465
-8023164
9791128
93940774
24082927
-84640135
-17612769
76334741
-34574938
-35212859
25600235
-98430220
50118952
97703124
23997426
-48611657
3042001
-47822851
-35718232
-20767718
-21812093
96682593
57857810
17744421
53591663
-94451218
59786282
-50616632
-92607809
22737671
16298924
-19361811
9214044
21214136
95148917
58894786
-47312634
-75379199
12051094
45864180
55962697
-8778665
-37136945
-5400964
15403952
-44159242
-44979672
49063081
-50155457
-29647926
-36136627
-3953549
70035608
35908347
76600981
35766770
-89418528
-75236829
72125554
68557112
47591920
-54451709
-49332079
34241953
1283291
8677668
-61532272
83795198
-61766701
34650832
91521663
-52722937
-71457236
-67154738
-47146606
-86274093
-965647
72931565
-77582112
-2531279
-1157383
3971589
7215370
-79273029
-3823857
-42979187
-24741855
-16850866
-44019891
-4858327
-49949922
62750936
62723221
-63477925
-32004685
-31735055
-24624569
-58315088
98501255
78054716
350798
32264836
-61901771
38531388
61970758
72209285
-68398876
96492462
-43797491
87392687
-78297115
36557643
-83316071
-60509940
-9355112
4527972
-90298623
-3253444
-59766534
96996790
-20949174
-29398303
-6970476
52338041
-40814714
-51479557
-86614929
-21506383
-61548975
-89001716
74365875
-37614980
-74433374
-77908478
-7895749
14839890
-7868017
79684040
81779368
-99816520
34077600
-11320612
23319039
15528929
85053828
-69564802
-73667690
86181822
77506185
27364588
51875841
61869165
35556810
10193303
-28057370
-80790995
3567447
88437570
-92439658
-44379595
-20921823
-79443169
4263905
-26133078
-11743133
-20451861
50118836
94888781
63982913
31796215
39308312
62351965
-73256931
-91110172
98608747
51455794
74728927
-55232169
35730236
-41350322
9411654
30314061
73542751
-50578610
-75564661
-33209058
47400922
-78303585
-22029990
50324582
-41406387
-43423560
-28194949
73748083
42974915
-27261052
-93415532
-87235968
19658884
57046396
3558387
-74424717
-71705919
-74373820
-92813489
38077566
32457844
17377306
-63619901
61609756
11421059
19508153
-19896648
22197524
-71278354
-16284613
-74060396
-87022514
-9088572
31422228
-61379999
79666711
-99586455
26293842
-67610526
37527310
-23108235
-39058474
-57565703
-57980178
-62332095
-14506004
-71813706
-89584713
70104135
-86996458
-57609434
75813490
-42127678
80663570
17397150
91843941
-74914966
-64202839
33655632
21261617
40293966
-10798651
-55586824
40118380
50775039
26575214
-88243100
10802254
20956708
-1003688
-65554035
-81749170
-26062559
-58332487
-85237542
-19143456
92444477
80445116
-46838738
-21518607
-88379450
-27360152
-81920003
44482173
-42768856
-80797309
-7776674
92201232
36266951
-26253812
-79949065
64151819
57430401
-72259998
51656989
70707140
25934932
-54443552
-54720179
-95884255
-69484804
89001901
-38923869
-42348781
62927472
-67944966
-93570719
-61462732
80330339
85369072
95490726
43351815
51490631
56394513
-38890059
-58962763
69159860
-83493731
44515975
37501227
-13007620
41388687
-79005738
-97296484
83017185
-5240951
-4021580
-22108181
-90206244
-3745511
-10923696
51900711
-33847226
16081319
28677415
39764208
71746033
-40967818
48363185
-34517098
33315046
-59343069
-13405003
-94125690
96181703
-44687195
79294499
-64528680
-20384168
-85739415
-65281674
65095639
48349044
-34314536
21841323
-60376620
-5467779
43164995
-45485035
-97878570
-1959241
6695455
-94738108
37935908
-30374490
-48270784
16234349
44187635
-37767173
-79935486
30464485
-39478949
-14894044
-33540538
93689113
67881123
40143671
87083838
-46083280
45604049
-61595602
-14100355
-72337078
56491116
-46461730
-44296400
-54989622
-25840442
3569335
-59932862
95409559
-13130961
26105229
-34244028
-92347246
-76698707
52726664
-30076144
1337123
-34766053
58321297
92158608
-53924256
4246848
63899874
72198434
-88508158
1910834
-6393139
-32059509
99659538
32683987
35231523
47131264
33918962
53611679
-55683602
-66675507
-43754093
1240107
59579019
-75838885
754403
-16904136
57518534
-62908282
65197328
-88389368
-69979558
-8802540
-70136802
-41922812
-95731127
-29351191
-94617812
-48285356
29200983
-29824205
51548232
-68220464
-11343146
33690206
-62277648
61297624
23344725
49892228
48355373
-11662724
14041474
-40966234
-83414224
-27317349
80119147
-16641195
-56233506
78134342
-30063543
-80200157
78681500
27495447
34279231
55491754
73018397
23927275
86908490
-62074848
90290762
85980521
-31902406
6173333
-90356726
51713283
-25752669
-30956862
89063899
-50290327
1506120
27399617
38930302
-17840049
-68971038
68253934
-71533404
-10946391
-22425971
25765912
-7173339
-46145559
65276320
8450760
-88400360
53073345
-7990848
-36434149
-89400101
-3609869
-88375248
79573647
-26552709
71997666
-28001014
35410676
-30534455
-32876894