73204093
-94689764
-99187732
99001024
-28146510
-91979077
80643025
19925480
-25319662
14881061
-35110936
5987040
3816633
-93485425
-10994709
-65090803
-63078437
61034248
-38172985
-83987043
-34941385
-42568803
-75913216
-2455968
-99244640
-54363913
-93692715
78402884
-79791727
-69673221
-6779343
20983056
50583015
11902776
2951686
68791739
-24253121
-60774165
-44122771
89265089
-61351480
2638848
-21407091
-5958172
87874162
-78570489
-6782633
21940102
29306496
-87154267
42238941
37267304
-96987581
10705584
-10307427
99645018
-26163044
-40883242
61379829
-55459425
70791672
66106874
53478689
-30383025
35066333
68969030
-58642002
81242609
-74743066
-65550903
-3814674
19937844
-53821995
-17521248
-46893644
-32690786
2232504
41955096
-48553036
32907704
-2841837
26619859
-29803555
-88510995
90780331
49469527
76042688
-42675753
-42327918
-21708197
-4183227
-6117607
60476816
21646168
79351005
-77726559
56336482
-2743120
71428198
-71503684
72912384
-7876895
-17871735
16190759
-91809334
-38313004
-69780389
-18839589
-24781375
76763112
-27379835
-63732712
55256623
-94844485
40958855
-36287126
56914520
86992927
-67589884
23364231
50508861
-56905617
92086381
-7271871
54143856
51977024
-79617055
71728437
78846497
-47532301
65048824
-27492465
-98935213
-39125515
-97595812
-41113985
-97502428
82293243
-97860515
-789415
-73613643
-43871160
32023293
4569942
42531572
33292811
-11885635
-31511017
75851466
-83897648
71201992
38281426
5040153
-76692167
-97656266
28287430
-76085178
44967365
-24670125
-24733356
47179658
35008023
-5002834
-51411601
79872763
96576434
49106618
-33814245
-2090430
43925826
-51490398
-12150181
31143509
-13680326
21191467
63286370
-19788489
-93603219
-36656139
82042245
-21553573
3743891
-67203462
-28134227
-51698423
-96926002
-80425716
50518941
51109158
-24682572
-5957682
-18273819
-26398956
-98146058
74192197
-69006508
-19636512
68993240
-55915934
41373937
81560386
-62524392
-84494270
50451959
-58504590
-38639463
50318381
88312808
28575519
-61955131
-29772603
6825669
53805353
94322966
79833150
-62221379
-8378041
-94134471
42369361
-18234663
79941757
4884563
67173660
20874469
29615820
39181197
-62397138
77435107
-52310665
-10135122
-59988347
99496319
-66550556
-41120768
-76469034
-36934687
3833279
12322282
28780574
-99887806
81777916
2443656
-37562904
-73465414
-45270967
-6660076
60817873
-50367144
8859038
76000545
38462485
-12321955
84683183
27002331
80883488
49059388
68027259
10116303
-394641
37817279
-20473763
-56490398
45534185
-38101304
-97948884
-5095494
51420001
89902911
35938897
40523224
75683489
99064497
11693682
-58297675
-20254116
-11436366
-29462003
-11062269
26033474
-498525
20580026
-42226859
36641397
-92488756
-73858576
7884761
81776002
49269088
-36034481
54801920
68325202
47437767
-37200211
73672321
-78310871
-8523197
-55728186
-69940484
-12756764
38591860
94140528
4212916
-93188786
-64565893
-86324522
-4123614
-67277620
20398213
89666339
58611814
12163100
57715131
33865356
21882717
-56906090
-50795264
-38658783
-52484923
-26931280
50698820
-60878421
-94458538
40518542
-48950572
74771193
-85606233
26906825
-11907673
-77541735
-83533234
-23861351
-48167880
68909976
55368268
-47180496
55930549
-67089320
-64935079
-14457937
17081331
46480496
50984130
-82916923
-23504170
31886466
-46314871
-54990772
-55725306
-91332849
44959183
-53036572
3179241
-8973712
28352793
-35921579
2649424
-70222644
84816038
-69502945
-94594973
88393042
84165663
-67142587
26699940
46551879
28183388
84782761
6899569
81141996
86793628
-95488481
-38836017
37609600
-52714728
-66722245
-13592382
97254632
20062989
26613367
12139707
74730647
26582475
75748167
64404181
-39984719
-85094576
-91476218
30760354
687717
-83327952
-1220647
-73273387
69347265
40724865
-80998534
52792329
-36497863
40957703
-44517227
31731242
-43827607
-4092593
37639325
-34907751
64129723
59890652
23814072
97710959
-92811969
42780281
3970524
-18878752
22366916
-99502835
-71913833
-21258297
-26944152
-92181774
6083720
-31621985
-17804349
-96164811
57401331
-63339089
-90723862
89513201
-45414448
94076893
-59759915
-97278276
22065269
-64544600
3178210
58787460
-12332303
24092716
-34755247
-36970661
92757263
-51406056
42222073
39513913
-42092287
74750576
98534649
33439154
272860
-49885244
88769479
-794082
80506501
29603625
61942294
-867695
-43555376
-34122017
26196141
-38254217
-5516125
-39087218
5342289
70664133
-38305798
-80771128
-458247
-88448417
53452942
-5895878
10257135
-95210168
-13200671
55858797
95272452
44553141
-68551490
-65455106
-36977732
26755200
-2288556
-81274746
72538454
-84003359
-36940698
59037301
-21678048
46437149
5908750
-4548043
13426243
-33985251
-80049840
-88211943
7114441
-81612577
-36035372
-77657524
29152163
90212624
53330875
43679587
-66653093
-882724
-18152124
53919571
83048949
-29642744
-47986225
-67020200
1463350
3581329
-11596741
35370175
66391354
57937114
45975241
89433939
16675393
1471612
86152776
-5346589
98195801
-4484725
20420885
-80921993
54033140
-27074463
94690845
73406664
41056674
84653831
-8697145
-45848595
-80925138
48094119
-17537746
-29004829
-67917991
-91356551
-59848652
27665696
-47905940
45214216
1835123
57815121
-3596553
27307030
12849488
-70029029
7160858
-8084404
-61820224
-85674395
-78703577
51602732
-99301790
73680756
17768494
-6441989
31393036
23557072
86999555
10198818
-63323445
-87568092
-36781105
-4463908
-68816672
-8280401
-98427751
-82494408
43169322
38886519
30183904
-90866097
-83552716
-90493069
-25986958
-7598070
16838688
44892537
-24162145
85314473
-58031973
13633034
-60872079
67116712
27658343
-93459854
-61391656
47896113
96044145
-26705374
-24231841
-76112177
-27871283
15703382
16378391
97352662
43404671
-40970190
44402401
75903040
36353964
-29924962
64805641
85256444
-3064026
37457572
4579992
34610245
75106448
-83750875
65573993
82982848
21721378
99420437
-26063158
-96046713
22053672
-94201066
-19622892
41631737
-53411662
48161735
-12302455
38984896
-53465084
86871925
15888239
-82633204
-73400805
62972365
-35974479
8403390
-68256341
-16837099
-10740341
-68708593
-66617073
-33360035
99691304
71006886
-31330229
42228737
-95291466
33908103
22341551
-97756607
-19708404
-93836513
11835058
-83605167
81215622
-61848926
74791194
84880529
7584213
35219664
-18448310
557228
-13505101
20678011
55326957
10911198
-42799559
70522330
-74894233
-90570961
94177079
50511278
10382302
81336248
92992063
18374724
-88248364
6698916
89143620
-34372836
-44483112
-79854422
-2815513
38702047
12239153
-74645682
79680108
-17003189
36909770
-17772357
55244584
74424175
11711933
-77378499
19599326
-62231107
36973916
1313851
-56382002
-20912963
68051249
73419696
59240742
3839840
-74751824
-10238450
-9054416
83825855
-62485414
-24272236
-90120491
-93573327
90285523
-21429034
-45996458
48232311
66143086
-6935275
16364236
-40284129
-53244337
-18132132
76300847
-62114541
-6327578
-70472662
-16936473
30960158
-81149583
-46753572
41261207
66736158
-13778863
-10899748
-5245358
51026638
73034469
4148231
-53809492
12739055
-74263908
-16205800
-72878579
-37200129
74915370
10185016
60946129
-24321321
2936287
-46855032
58288118
-99855071
-68771041
-94051054
-91234968
-33645792
-93662261
-46663935
-70121049
-21068949
-11285750
99062632
68847345
-83963375
-52323146
-75673939
-86661865
4852190
12827190
12219773
63242148
28422995
-14597599
-25821329
83829335
59065671
-49934519
74582530
-58468034
-13499259
-34115388
-62100108
54186146
-57340374
-45233012
69314037
56339038
17621095
26887990
-7166641
82325750
-46964783
-81755632
-37924232
71071734
10195727
-70971323
-1704966
-2103370
-75149350
-9064207
-96425210
-84159766
-62238847
-71650658
20920754
-33061605
-17864385
16796168
31480078
76559442
42713938
-16964270
50281932
71119564
-24488919
44013030
33849412
96793005
-63039146
-2251242
-54634732
-54019133
54986465
-4353032
-92826754
6620492
25372278
57217603
28947993
-10729705
35725550
-18883767
77684051
42229593
82713385
19121492
-5805926
-21935046
-84826880
76472791
55686591
59622860
-55208180
63391693
49946349
75609636
-9612773
-62516844
-12377359
-79847010
-75882745
32241939
-31369554
-49761758
52587353
-80928978
31526123
39629519
-470404
-4565212
43419452
-1123734
72002909
50155382
69894674
49288307
42591301
49563541
-43901951
90453016
34618866
-1436745
84434431
78163373
62043775
42863685
-15353037
-24362921
-557141
-91438571
-79220137
76377752
48784015
-77792094
-93687030
-45270021
-33963996
40043195
83679058
-54031958
99621760
-67186816
-37034630
-84707738
12782434
-66886701
-88909442
40496669
24632473
-95346549
-50362040
-99857631
96209399
-83195576
84252251
35071243
83329265
-37074989
-2119085
38054175
69003657
23044128
43923150
-94880623
-53868637
95724803
-1054725
-51643369
-537362
-49771638
-3897582
-58571958
31108162
53568188
37065130
77676111
16685659
-21424297
15887066
-89054768
-7448964
-870198
44836261
-29549162
-3780735
74421822
-69004
-28727011
26986191
56085204
-56479577
-84847039
-91293403
94515315
-42033792
75880517
1658077
-46847498
47327910
58375197
85508231
62846119
-31173712
-16401426
-20779784
-1121405
15784865
13846748
-21719359
-66936884
72858888
66544869
37614459
-61964091
82126054
23864073
57372332
-5650825
84171231
-91024338
-66243122
25202338
-24307567
15438936
87119422
65198102
25767314
60967948
4648331
27184849
-60203003
-41190238
-46812639
-23179695
16836510
-43175186
8895402
7315704
49430892
-38039126
-25986664
11964686
71540242
45868450
-26521130
-90054616
-47400418
-5051210
76933905
94931365
58735680