71087974
15374947
85847391
-30223204
59937595
-4253566
-86962804
95066952
37725334
20652156
-9415692
-56453822
-34358478
35169699
679157
-72908631
-14621692
79038226
-54297854
25370424
75505528
-92795476
-57942737
-8201768
2201975
-34690715
61170401
41202315
72146170
-85932284
-1441266
-85362417
31310831
60955075
61069393
48758783
-6378276
-63480247
-48849127
9711744
59453232
39668147
-99992966
-92898406
98040538
-77951050
-4525441
-31673693
-30038768
-5854736
-77150569
98682950
-34670401
-56522161
72063042
86108838
66596401
-60357744
-91744210
81998504
-22017461
43539478
63725969
-78331126
-1693597
48983505
79463794
55135824
16748585
-92978275
-41165110
-68904998
42820392
-58420864
93289667
51362007
-28930933
-24591160
98484245
36188164
30303004
12206368
-94631642
54864944
-98180403
-74694440
46184198
-75308531
44604222
-85369170
-54277048
-72824857
-11674361
-65828428
-75510968
-37444022
41488823
6581925
98432711
86434774
-19866329
-39222912
-52983279
9214889
-2172298
80353103
15688223
-7365489
-82116150
69471464
-15382563
-46210933
92889645
-495838
14219961
39511399
10762471
-51679572
54061780
51763323
-28557933
62725600
61346854
-6455060
96986813
-62428917
-61816695
-6445136
-25333671
-8973547
-39027057
-68199856
68932324
19589924
56224792
-82368754
44403116
-87254053
-37796338
-32861476
8149924
-50764696
76173097
-15359999
71417419
90091069
-64242156
-6649882
73328358
17465742
-6962758
40764497
53561584
-6042896
6895483
-59625609
-42945804
-61575731
39104078
98815391
-4617074
-48773924
55874632
98970455
-49508022
-54403258
-13339642
-4320572
-74083727
99233588
-22897271
-33407250
-65449708
91766623
64860823
-46341830
89797960
70201005
67945644
41498295
-50836085
-32691864
80502441
62914945
73683055
23871497
25575532
-2600875
-44742582
71752691
5531926
53076129
55546582
-59239324
-23038962
21513383
77593907
-80321134
5760694
45020395
-2157711
81141148
-36898484
58409939
-89513303
96620804
79341988
-53200077
-53703496
2510
-98537734
64435473
83597262
63284077
-74197415
39606900
-83595519
-10474569
95127023
-95384477
50846575
-72190292
49801265
33487712
-53055630
27184538
-49779488
-42010002
86265834
27693331
-76231148
64383951
74460910
78412112
-2536114
18028675
-1407777
14654712
18849791
4711466
-72976549
45934406
20668934
72188548
-79714038
-76612287
72779060
-96430801
30747425
92920718
-2549534
-26904100
59972987
-57082528
64906154
-70202914
-59068268
83711073
21653045
-4447663
-5043717
5875069
40554747
8298450
9043284
-64677885
66665454
-59344236
59610698
-44486925
-62286385
23125863
76791475
-68250459
92576400
34614628
-31531556
-34977099
-504279
69248215
-73956597
10210480
-51052223
16865176
-80289040
10342689
-28767737
73752483
68190328
48370023
84926775
-86112583
13718147
-94384627
-95408281
-72916001
-22244618
-7555082
62759414
-4459385
-35609094
-20675909
45745467
63995577
37610238
-39513083
84787387
52158275
-64233681
-20472736
-18206105
12980619
-75105698
58211046
-22492213
68753290
69406876
26123857
44031317
-63589762
42851976
62359207
57145985
-28050756
-48723415
23197548
41824210
-95372872
-65578769
51345383
64313293
-50304369
32941636
29607117
-18653866
-70888590
30270475
8157095
-33781024
53152643
-4173029
57806753
7079129
38654316
24040486
-86720923
34688364
-83695011
75181211
-50547149
28385672
22314918
30365179
47516994
-37323036
-39196330
-78336462
53382708
-41638731
-10274598
12589644
59177204
47862913
-2389623
13666652
-51821715
31509701
-15525664
-48989891
-28584908
4964967
-89261650
28366903
-20429459
16685380
-8168108
60900065
56511775
-95776362
-52119276
-86536502
-64412268
-40714936
-68198146
15835977
-43692956
-80068014
4717145
88162112
-40911518
-71138154
26289506
89844637
-82037576
56691086
22258783
-73233919
74311760
63798488
-74102269
-14081465
-1443199
93583923
91164155
-99446995
64941695
-48549090
-73120196
-81428261
97011584
-73494287
35280411
-61408980
-37898880
-92881784
-82382468
59590281
65383204
-60034967
-25259112
95359798
8981506
-41299530
7187366
29048997
-42842591
-21917561
-13062463
55931812
-99238195
-31146557
85230500
-58526578
24696636
27310132
79586391
46640211
29375474
15832822
-44913032
-68020520
-68673146
-53772099
-88579202
-858264
-17094914
36522894
93683725
-5311587
12061446
98093800
-31280714
96345447
20564242
-15496300
44767767
89293804
36715977
-8480043
-89807861
-91061959
96937842
80855682
77464109
95029854
52853070
67005002
67322420
67851614
32820244
-44527843
-27155064
-91391329
54119162
-96916979
-56529796
-79094759
7416175
27003781
-738644
71268204
83271731
71012002
97383870
8880312
64134541
-78512275
89263916
69581560
91312417
-46756788
-53135316
-1866294
-26187408
59264651
-27079290
-30480548
-62637790
-59506157
40628384
-60716972
-86873103
83636810
7196150
-77184242
1753068
78038244
45605488
-59381967
41595962
-73707223
-6255275
54921837
-85812972
25088298
17617388
1948043
-51524029
53520512
75946461
68616926
46440974
11741971
-83699166
-8342259
87956166
-5492127
49997228
59088161
-58629311
93350174
-93196136
89581705
77097217
49400794
-2165474
-12134287
-25953557
-88065590
-5866244
56741107
-61584041
73668263
57120463
-28447286
75948916
58418907
71872912
-68207968
43544429
8453754
-71769041
93386011
-36981809
10278576
93123413
-58567559
-42497438
76265310
-81807710
23659927
-8874144
-64024773
34141534
33728712
79082936
-14398476
-65376962
-55020014
-69471854
64447176
-21023385
-36904093
-85133310
85781379
52676763
-90314686
-80049831
92290030
-97201211
13206154
6818729
27904726
-70232855
18612813
27876536
92354805
-16672800
5193618
83626483
-38098749
8541642
-48994633
-382559
84084554
88072989
90464634
-10434950
-86253761
-40313159
86132777
-62979903
37936856
-46491254
-70968055
97990402
-99948727
-44774192
-89025056
-30523826
-62117683
-76225127
-67454381
27453882
-19667477
16254710
-20357261
-83506024
76170974
-80197272
22153544
-95272223
-94062945
44120064
-75156788
9271580
53089460
-68408071
-86548415
-21783724
-90859006
92230550
-79267789
-61019649
-37077174
44678161
-58653416
-73616395
-63485704
89052574
-68121329
12504857
40094254
-84725020
-90863999
-53138585
59944146
78355201
73562020
98933789
-98607361
-35972378
22199222
86232866
2286825
-74621251
20347778
27653150
-80760071
59482410
6612615
42905138
-15663816
17373505
-21905985
94789825
30422098
92028267
60947453
-80171282
98610366
8099724
76404559
-72443969
-95380810
-74911186
-1533637
36389557
68762852
26491590
-67936004
-63786009
86403029
-81873379
89891225
-57531300
4654734
70033011
-1117449
-44843869
-64120700
-98135235
-24306184
-77018985
-11474837
69604309
-9133460
30508868
-10621064
79468705
12451125
58770859
98429972
41730235
-6086685
-35910553
-65306600
528997
-37447046
-86556735
11243403
99567883
95019127
-93046583
-71298366
-51544583
-62388263
85955547
24183117
-33745784
-96373171
-33431821
-19394474
-1784907
-68351463
31224411
-65065736
55797111
-76721917
24215255
14593508
15788759
42086613
48229025
-58694626
20949593
16873371
-35182466
-3469866
-53937074
-9740342
66517547
-29779345
16549016
-51577631
-61212493
4290507
-34070618
-44347162
37298344
3270933
19842048
-57638951
78904613
26697960
-53030122
49715599
-35049530
59156967
15754472
73322792
28893947
-48268667
13085097
95747991
18938660
15901065
8579667
17278990
-68612683
-22107826
-68951468
-33923532
-54089343
-16991581
1396314
-46248832
12633060
49071019
-11301648
15610832
86640618
85225630
95592817
-80593210
-10956421
-63400907
71959985
27949844
-28319684
15170925
99746692
-79563275
-31882830
-35412122
-50374648
59749347
21950962
-55680167
-13770103
-44571806
-6666473
92251864
32147162
-52427515
-58704031
-76562460
-6115938
-4374420
17093566
-256563
14952765
48760844
-71776702
-15876399
33851904
-16981372
-75251299
-32297511
56951449
1710984
11886705
-93521555
-99416115
18152986
-88298927
72841039
23513295
-25006008
65820306
-7555337
87628183
26655540
72676921
-39268946
41682394
-60063662
-93668082
94954337
70378460
25193969
-44211944
-18143287
56033696
-85374438
19291858
90074014
83662225
76876829
-82798207
-25754098
73649420
-55886247
3067945
-37496682
48461320
-35330060
-27455935
15927866
-17672824
90902580
-52292108
3631253
24791910
81768149
-1258953
-62710777
-73411216
-29211710
99161717
-73985775
-67813627
92549933
49380272
-32147377
-57614880
61759383
87121713
-58583460
31226528
83695827
77196075
88172556
-30734533
32809914
-27276904
33719351
12830442
-56136011
81415503
-49601771
16489631
32087992
-13748357
-54263683
10442587
4416845
-48170020
-17225674
-3522508
-67576967
95480737
-29237039
96698091
-49178592
3510702
-80515479
-86507180
47487838
60074213
36080738
92530469
62428823
-13220840
95810217
-77364368
44311456
86330711
7436206
8583470
83569686
-33964889
53267782
40837302
10476489
73592297
-20430766
-41999076
-69068526
-65825928
-40963595
97134966
88055770
17213880
-78183997
-14914859
64430034
16442383
31372824
-36036821
-38672519
-95953461
27124231
40089084
95693316
68842815
66470739
-45068764
99535832
-61539118
-48489993
-38055740
-40928415
-3655617
33780538
-78080121
52292847
-97154566
-89838505
13004688
-11381542
3514552
-75182377
77425150
-33152874
-82822913
43231923
8014333
4114189
72908221
33792935
76920772
41814666
-96039682
-85999296
46205967
-23546185
-46366871
-62402440
26817515
86275684
-53686757
53401968
6196836
71553118
60914299
-14476755
-78960205
29776216
4775811
84334267
-63801276
83730820
90502680
14248052
-7543479
-11631222
96918677
79941157
-44844197