70510850
-77979564
-92343604
-36782668
64993259
-40338004
4771068
-49382674
38973634
77875457
-97830512
52743394
16688961
53789580
-1468019
3808045
-87231083
-11922148
51694046
46349024
-65090312
95676207
7081168
93823621
79143383
79456412
9296844
89762254
-66345198
-4024081
-95511737
-28954747
-77889218
62159863
-57154077
-7413559
86918185
73279843
75031578
-37747488
-14988894
27089127
-35467567
-69020164
-75430178
-62601090
23971822
45099840
17377373
2921061
-16121411
-67050603
75881904
56173057
-20834658
90296839
-42259764
-38820671
-25338725
52020612
43357703
-38864459
54465625
-72945827
-5991327
4467124
-51360813
78002193
92471410
90041217
-67064467
46715608
-51397281
95150027
15631719
-23384031
-21455359
81990253
-49368330
-41350492
-19234770
-48903229
92643420
-87097574
42612762
-85092044
99603991
-28998562
-78057516
-71617616
-71292640
62335602
74125022
15693697
81593980
-64472044
97391629
-5177816
33279924
92824257
-57702587
-45772466
-59337086
4271008
-4015672
86328780
-64038156
-22553765
55245821
6572905
-32199683
-73471376
10604572
1924936
41260477
-95542623
-28632143
-64406608
24219720
11282458
82005278
70051433
-22787933
92771371
58327176
31106375
-3135673
46731746
28158054
-83026475
-31089820
6639867
-56375860
-19123250
47292545
38436436
-2809047
61806370
26881079
-33381530
-27260193
-41163386
12957958
25532794
91442947
-10817114
70049619
3775686
-43544023
4908346
-64819205
56723884
62588258
-31562057
-3174272
-96157047
38979059
4190452
20220087
-51806867
36981191
-76274394
-36140717
60076324
76614623
-41327877
50272141
5360721
89602605
87062394
51796366
54013511
-59733030
26824688
14192143
65668382
40263268
-56838183
-38096819
-64195933
9656299
-49382933
-81077469
24016235
-39858032
-99691682
-46033459
18410877
3975258
-40180464
-12132534
-59348561
-6119875
75908164
49513533
-76846868
87616376
-37698832
59221553
80791283
38821130
-62349353
-97155799
99134665
48890776
39606518
-74671037
-73917443
-17225692
41777878
51613183
16198204
4312683
-85581653
69467508
-84667661
31622368
-30328315
72842096
-78788846
-40508858
-89016021
-92722432
-8092952
-71610163
82545382
-92508164
1941550
70991161
24671577
28009095
91553312
49598198
14732255
82404649
-17741889
-63025533
90793523
27351372
-88815055
-31632617
57957000
30248135
54666584
65580496
-11082498
67399045
59414099
-92086042
-37690375
-97698722
88449083
50710950
70932859
77034907
17902954
5032673
63209889
58311738
-84391974
-89708839
88979200
25019736
-31156730
19965444
1151786
49945234
29078220
12161611
79126139
-14505687
52520940
-97974734
-5081497
-81331808
50531989
-15295194
-93499318
-26301614
12475200
-10034469
85696317
-60500934
-61957804
44357123
-29860374
89640687
34866271
17462671
-89651102
73187570
96000351
51580235
36075080
97575706
-6958474
30324278
78601165
95835134
98282775
92420111
2461852
-81632691
97345914
72979808
-58054115
-36225406
51794069
89037756
2578927
-11708804
52721307
73784766
20722571
-36024845
37398008
45040081
-64696246
79889419
-16567277
-27887868
6006410
-29741831
-68162167
-71208653
61900175
-15826512
19960615
22386698
-37887993
-35817791
17663600
-54554632
-80225458
2789567
98642657
-48080706
38101044
40778223
-13306533
-70469833
68527721
11785095
-62855200
-15743847
58002519
4730941
10872996
-62675530
91659313
-54054454
2723967
51234162
-51999468
-65518220
-47604621
-30211334
-81207093
-30898639
-94454438
-43838836
-49783600
63188358
-65157811
-45810037
67771412
-95188364
91021444
-18041892
-75468413
11464285
-76615122
127438
12195978
-6210758
49486304
83364751
953541
-29537738
-2812802
84493946
50504398
-71167281
23063261
2861691
32871861
5302068
31531092
3815030
2086794
58890254
-60610857
-6570406
93153395
-54924404
88948376
7251584
-89851018
-75756310
37204000
-3769789
-65516635
-30363614
-21293695
-80198009
61775583
-29374529
50724816
30906201
29529476
79816964
59761120
56331085
-67248465
-14137430
52224649
85582841
-53360500
4236838
-6887303
-39293992
-20150322
-46230063
-98686253
-31126583
-17485438
96895731
-10702386
86498898
-76846147
-9122510
-37233147
48499148
61902998
-98491227
-65318950
16523202
-69093060
-93245680
12966315
62879096
-37049091
-50082820
13852995
-4852230
21796346
-69840348
-92090463
-32622388
-70140983
-78012599
-38486402
-3031819
31463555
-82236430
32872966
5905504
-83336877
-44717276
91625886
6880718
22648682
89048566
74339225
-6561303
72690926
-5089965
-92584544
-58677488
-3388752
91773581
-72030499
-63076714
-47854301
21797792
-88257144
83247284
91285350
-32378961
-27525994
-21490854
74577308
-23653295
59876849
-96682972
-69549841
-56385469
-42947784
-4929903
44443184
32730065
-21107117
-59855368
20814376
-34593709
69904315
-66137584
-54221865
-87318703
-8831128
-62768467
21153965
-30068689
-45289843
-64236052
-13269590
51448186
89974292
-89272956
-85042796
38477614
42913446
19762968
-13468161
43788709
5683109
1254452
7715883
40678590
-93683782
-7857741
57288469
-38048968
47414209
-32703502
-68858883
16836506
35732476
30891703
-57180230
-91535734
19384139
-63482888
41237931
40217374
2344466
-77021389
-68686526
44137559
99047578
-52629408
5303559
-51677966
96240643
-89169138
94418359
5225608
-70406832
16190061
-94339290
-45692398
43678922
-90466447
81975194
12045533
51391845
91804573
-81721458
-41129329
-63237524
71610748
-31445325
30860002
54291036
-96867154
-48315475
-73126382
-36077227
32699669
91266460
12165828
92370015
58827316
31474632
-85658098
-29240997
-53481023
-66069257
-38504386
62633239
64341139
31605469
70415286
82593719
24507234
89385422
-63907817
23471293
-34049513
61142875
-38574201
93147807
-96546306
-86621816
-49004334
87425128
-3405221
79169369
-77867203
51350303
-66646779
-37310357
-39218927
-11577121
44597477
30650207
21717939
54724079
91914869
-30688522
10300452
85446296
87618453
-96876808
16061299
-1445377
-60351178
-48248006
74929358
-56005173
-14256945
-80477629
-65109315
-51819364
-47850034
-58314834
590701
-16576834
-82116560
18278465
-86178874
95238536
65925943
73264161
27812039
69115991
55966217
-67514002
71686425
-40378711
-30546248
39066801
-51762993
55193727
68311712
-38105392
-79080430
86573337
-56511235
-48917324
189710
35184475
70966650
-52676851
97084675
-97521244
-17743071
-55700827
-96662510
16743474
39729440
-36454199
5742162
-13562569
-70212782
-22290126
77882492
-63427825
-61908623
79470211
42656465
9534227
-80380210
-57685614
-23432172
-86873910
59926361
-22742671
66381094
67801432
13610600
60598449
14151554
67117300
99273487
-51667047
-14862880
-69163862
-85202951
-94279743
-74016765
-90397709
55160135
69658749
65157284
-50882398
-28868205
-76193599
28741772
85468434
57181889
15804835
25757696
-86612304
30965916
-86425821
-83304698
54182692
-15367574
-29669248
-26125926
-93191826
-98404309
-19388269
9454082
67035877
39346837
13110972
26307964
78694301
-62701886
49701078
36490501
-27252277
-32083702
-15545380
45794743
91223055
-19786704
-87646712
38329284
-92216071
-41414674
-93411446
23918444
-27686515
20631173
-26415822
-27389592
17592829
89632859
-78215946
37449291
98104529
-40357920
-36141539
15140619
-47150907
-32481664
91789357
63771797
-49890479
432280
-62074419
-29381081
-39424944
72352884
33351031
-93741736
-31071807
68861694
-71394703
-7016325
-73108525
-71918551
-80651818
31151771
93640765
-46733968
-40048353
-31166751
-87302085
-6914232
1439872
-48604606
57453146
-16395355
20762873
46331512
-41475103
35069804
43789977
23169320
61660122
5623092
-3519846
8175305
-78367955
-80146925
-94265700
68210171
-37201359
-7158165
3520533
-66629760
-24047203
73450457
-85033827
-68422413
-41106028
-83614078
-440552
-47603338
54189868
-24014834
45128419
-80665160
-79390546
-20663243
90361965
59877432
94096504
-61980946
25632532
-86325454
40507272
-13533906
30125207
-90063749
-56759305
-83298720
37597450
-16794463
-16323197
59083425
31504763
23720446
48696933
44509695
-53594802
53402612
-91272352
79104272
61891337
-79827594
-13204435
65916873
-59430097
87114909
-77415877
-67439541
-11893950
78847943
-63778086
-52713739
9809931
63789775
-91366981
37679380
-94819261
-49427368
-56401996
-42915150
-78400544
-41430692
-21013992
34139140
-74856451
93085573
70013039
-8672488
-92255795
-5992155
-46192435
-60957541
37312339
-93403460
96378668
-54807801
41696517
-59450701
7506995
56199321
-37580121
17295376
-3287331
74592613
-30045290
53109916
96307259
-26440251
-72976451
-5631422
-91724672
-56765419
-72701246
10138398
-21942929
61904444
73873153
-4265934
-61945016
25096377
-323908
54654780
-46589299
-57255201
-29030302
-77629181
-15104958
5075869
52077757
-80779769
45931676
-13801751
-77725771
32104820
49924200
-35514172
69775542
-81153189
98616173
61147510
57648882
685825
81548969
59907859
89058247
38506761
649042
24825936
-27459617
-99338988
78362628
-22786667
74811146
-63810205
-6013291
-2816570
84351820
-73679460
-30959458
72255632
2324019
-94536680
93090413
-71586172
99519776
65289072
92649401
45824871
85153097
-2876239
12416286
-57018356
89716181
53155613
73846131
-50265026
-2124
30697563
-72655300
-23214980
25676987
-40629411
10819288
43982148
-4465140
38359998
-12220783
78259191
30607340
78820118
70405878
-61235847
63670237
-29899880
87411398
-53473950
76149067
-44886444
53557157
-18029330
35120839
14312948
3143748
-12700339
71670964
69662829
76496460
-50612295
-54688812
74051936
-86363269
-71619819
84058038
51269016
70228830
12592914
-72868685
58608326
38113470
71339523
3326595
15618208
-38412674
57095112
7536566
74573291
-29480443