63200621
-89164026
-88466589
-40880283
-28415175
17738085
60216829
96654127
-95757484
-45212082
-71595690
17511198
-80223008
78506605
-29378828
-88533579
-47706434
17063314
-81363626
24376465
-94002977
-93098278
89150655
43779154
91245147
74066144
42989314
33742748
-34698772
94899242
51240317
99716961
2301866
92312648
-50183048
51498362
-13040782
-74259641
-20772732
-57772221
41581759
70141906
152923
-27449431
-2779398
76218200
12223719
-94041391
15579816
97032185
70942194
-67509638
56577383
-14665184
88029455
35777389
30417717
49738727
29805596
-52350615
-44723825
-91105036
-38917823
-33001911
28195504
-15794802
-61078373
-87428598
-53746902
-81863621
87776763
3181407
87373824
-14731786
16482843
46865217
62089076
68117957
92484987
-10404864
-32507788
-48499904
-34607448
67130522
1613111
-78001263
-21827834
27006209
41136057
-70692345
13126456
-3945147
31068915
-52203039
-91098240
58162776
71133629
15144731
60056381
-12746711
26898964
-16763587
20026890
-2946462
-92566780
-38359467
-63978103
3402141
29065431
-46614854
6921727
92673613
-20673995
83243993
77132551
-68583382
55826823
-22101871
32393607
80207771
-74049130
93291010
46663122
33922298
54128103
19008578
-39186265
-1261944
-52608363
40349072
14103719
-81994271
31982123
-55778062
-69785452
-45654997
10193071
-48579595
-33643510
-50721336
-44007806
-18999433
-22517009
54097597
-32443672
-35058273
-54966915
-65667896
15856165
-16262927
20930517
-48723695
-94627787
-95499055
-96696707
981675
56903790
63731924
-19331414
79749344
78152883
-10273427
72574547
63670786
-50528015
45183077
-7264429
7153639
98619241
23836596
-20837871
-8613816
-82393848
22172737
66162126
-30073734
88103682
52397127
-82573541
-27229424
43925379
5459412
95508857
18992464
80726963
34173995
-46838294
-64192671
-32781635
19188595
-40086066
50673011
-72128933
-20990832
-46209038
6026818
7772730
86107986
85947365
-49272805
-29228858
-95119592
18402093
-89424400
-71052180
93411246
74222754
70559367
84311182
-39839629
1140127
3524543
89193003
-29259226
-80315946
-24368013
-92246502
-50753484
93547384
2576217
63878172
-2919763
7066385
83463747
-27300934
-14599991
91169023
-97334846
84626577
56354903
-36638176
-35195556
10028789
-12739240
29931623
-42586877
-40692342
-82053037
-57071330
-58285886
75436992
55059050
-73559171
11739839
-6644302
39138288
99732431
-80762732
-74968217
26240287
79983329
-25070310
-94377783
16095698
-32493952
83823255
41706300
4169896
-80931010
-4277947
-91531823
-17470512
10341136
-1497225
-41135693
-60309496
-32545441
-6578924
-27550519
-50598407
35446759
61324693
-91511850
-54006206
95855591
43824458
14479332
-62060054
-20865102
-54872722
-32757074
-22273542
29324327
-42483704
84898477
72339118
97025047
46266531
94926005
-41693609
42899124
-68537439
50645884
-83848241
-35028834
82507024
-63728161
-3803962
-10481936
-58609550
-83292421
86868631
81452190
9193632
54465173
-61787227
-93407292
2411924
-80088339
-82389769
-44141744
-32352629
-11618108
64647488
52316746
38114644
-35648502
-76360400
89325593
77719465
14315003
2611459
75525527
-87527945
-18758745
-61857937
66878393
84426254
6287395
68105591
-26331139
-43631120
52736634
90814227
-61274979
25986020
-61205284
42924309
-58163547
52238029
80046334
-47572055
-96733016
3154285
51422012
33510652
-70368012
-68942521
45168558
-40295582
-20194539
-34503021
-25047740
-6903084
-67215160
-15165073
-64887289
82426968
72182340
4550057
-10540783
-69083164
89813717
21697771
81523742
45441671
59145999
75166699
-96521964
63421600
99501099
-6940756
10092896
16122577
-85972525
-48924519
53066226
47089287
-58958156
47832152
-51747266
4375053
13684863
-55731460
84497100
51067883
-32286736
24655798
-78176900
-8374789
50142729
63562599
71417860
28414698
-11168859
-26582489
16949955
-47101855
15518535
32984596
35866051
84129610
92576669
1885064
24412299
-96928124
952846
-3344737
66686926
-52256648
-10392397
-8032479
-43856885
38211957
-48278229
50721169
-43007386
-19644002
-63990357
-53962680
56451408
-82879161
73955409
8049176
-50379087
-99860742
-27148124
-40615983
-52590346
66061035
28382930
3947003
44262193
-79997672
57633468
72972715
98719436
-11582631
-93612940
87453074
53803941
58265046
-68113667
-39920654
-29432876
-83175357
-66519276
14389817
-78685597
-31905233
17358386
-65500316
-67220464
90015188
-10215368
-2329948
-36197830
-28918484
75321198
67010534
59755215
51465256
-12003652
3879413
-74987291
6978210
48833180
98737297
-5569375
-68601695
-76818371
83830700
69646330
44262755
68064439
-67711833
-27201271
-63220441
-59916648
-67710215
-42490604
83208559
-13503171
96245928
-60239624
-12145229
-62727046
-16741859
80407658
65342292
40461256
78769882
76589907
37089094
24639860
39402191
-14184583
1296645
87217926
-80277108
-39568992
-55277826
85470227
-44509363
-17181971
-47575926
75025860
-68463249
25384823
13572942
51135782
628863
-864065
14952626
-74641963
-5061360
-83034010
-3493635
71826566
25685056
-30916408
-41729619
58427508
-20694851
91138548
-56566801
-50447811
56736423
-91260223
-98080688
45086114
6565379
64398268
-17475483
-42830221
35323322
15119530
13569178
-39965895
64698310
67869814
61683039
-8764207
12537123
95826468
39265726
82399897
45123750
45595431
-92377673
27995106
-13811351
45951651
7537030
-13049367
-96874068
88598253
-61047151
61884553
-29623363
27148860
44923067
-96066733
-7560306
9659372
7714362
51921912
-35774778
-68906584
76302291
-33323400
-94493720
-14731058
6340987
-19121761
-30618881
-59590184
66929254
14395737
50876971
-48709310
-91056193
-86448046
82111716
-83299243
-4916478
-54629208
25881521
-66366936
20524461
-2228308
-65070988
-60099373
-20327169
-40935992
57441418
-13876695
-37382550
63587404
73195351
66402493
7607095
-10660554
-3992036
25923934
67142794
-11379977
-81230176
98247816
73910950
-43412199
-75932890
-44787692
-44998238
-9264100
76256839
-37916596
-61718748
-27042546
-25934611
20358945
69139419
-49607940
97867655
-88994889
-47158948
9715307
1447332
30519415
-9248254
-34950941
-14802820
-62111123
-45456354
83720563
-49104809
-62248581
67719991
-61124183
21882589
43646097
-32613887
-44459336
79174287
-65193389
15216370
-68768296
-41695178
-58395803
-83298827
-73480372
-32449318
96997287
-9102719
-46542944
-42334269
29970234
98465146
-47074635
-60978525
-35682801
37019251
-50767763
-58443053
-22272991
36273403
21744004
4879990
66845579
-32192788
90969413
2501296
-47328587
6942360
38021322
-3026061
8174587
24752347
24379449
-88080809
-33785116
28757377
-89333004
25758190
-45998755
88242271
52294534
44012402
2833271
50270383
-32400926
-20843213
-76346707
35294174
51518361
-44723363
59142390
-92474669
-70734547
-46314739
-83355620
65685814
69611858
-12313432
7986420
91247883
-26627802
40406371
-52938945
-24199754
-59835569
59786536
84048894
-71719076
77927646
-16345174
11646096
-19970062
-91927012
40479801
46823491
-92933312
43883442
-68249186
-9232696
21971108
54684300
-40293643
-89518643
-33053710
19077926
23102259
-67205856
-55316841
94404962
33912446
90550907
-31817994
38739974
80609860
-47020224
47162533
-19164555
-72872921
99155551
9086016
-27959031
57740416
94086329
1803932
62553819
36531016
-95011644
-42693611
4951819
27584739
87237740
-99958466
97029822
-83622950
-69076817
-12556934
81959297
-62433463
-74076295
-79704249
26758977
78994343
-35323744
31817384
69629633
-32979730
-57411465
63231190
-38215664
72431059
-40023418
55602094
-60811203
65114256
20392940
97246843
34571064
-73217361
269108
31016012
-59168035
-84944969
-32974290
-34928545
-18104113
-44185833
-68513382
-47838987
-30434974
-48212326
-47774761
-98932474
48796728
59909888
-32586654
41953295
-96069975
-27005613
-86951685
10884520
7649106
45650832
67534720
-72061344
89952667
31739146
-53892463
41587449
52639406
-75362616
-75655421
9113926
-35653432
30020200
-73485915
76005668
-47491225
-58070785
-78607943
52465779
-20512346
45514449
-24555983
69973132
-81633777
-62913617
-90717968
-89979134
84891010
-7760301
56913973
-27411149
-97792862
71571708
45771891
24865462
-40621624
38783277
73180750
77026022
14390511
-89570949
-89467332
-79347870
97451887
821563
44619713
89052126
-84016342
31023805
-8958920
-10368839
-43495996
-96532124
-23108776
29654338
33174699
34105783
81593695
-43044751
39778772
31299589
-36094309
-93402370
98267847
-51284731
-55766384
28524442
77464866
-52281596
-69142483
-22369983
93280255
-25586147
-23455810
-49656555
-25270630
-9363138
-19198723
94159704
-36398173
44909695
35784556
-39919640
-92103070
75367056
92571494
60325686
-50375678
86634494
76768799
-52290524
52755169
21044170
-97357794
-80703972
90203554
-32202243
-3867872
-17236247
29041597
90971020
57010174
-55579297
-82026251
39649786
-88133990
-84468802
-50744060
74953234
-60311913
-46958153
74008439
-12252007
77059903
-64152415
-92984704
-71700345
-74372435
66291979
77639969
-27125614
93397858
-52556962
28849059
-2315552
-47445080
19967416
80941524
24901358
-97776556
-9561370
-39317250
-28250179
-48673424
-52088257
96658034
-27410241
55184976
-80558948
7035431
-76343556
-61648317
18003040
76826596
5230642
-45362633
66539409
-7463777
-2822166
92672262
96735302
84639492
-13460269
-10722991
-64634525
97221015
54124446
-68518663
44548864
79617294
-76777953
-78953884
81330172
-89320155
-97287579
-98896837
84069099
-99838243
44543391
89468992
-78839978
69167200
60332201
8443676
-32723474
-34388614
-22701069
60544442
62267155
27863937
27629336
45947965
-94196895
-96999412
-14111740
-79466542
61511528
-17070050
-85873380
14026959
12472960
-29277998
-54759362