61854000
-49380382
-87990946
68994125
-57884165
-34510922
39854976
15740155
-33164358
-12491588
80127296
24564888
-75953490
-54323059
2407875
-32021154
-66145026
14175380
-45577199
-85843552
98327938
47818010
-87098342
80225976
95947757
-67816676
652910
90537826
-73162893
-42036419
-18860937
29092583
3591146
1818350
59848905
-44481586
-44668616
96244561
27482936
-43851303
65312107
13094879
-37020756
40952239
42640962
-55732971
74058884
-8817552
-33518671
28645280
58806794
90039241
-48202338
-40584117
69564695
12073406
-8916821
24088903
-42489015
-48615831
97057950
74189930
-23183842
-75871899
-20806062
-60845920
7243724
44443985
-71354761
-30104040
60525540
41255663
-11881984
75586517
-98020533
-73775252
54484314
96198063
70719698
-15488124
-64629905
-44295684
-48801817
-34060428
49092486
30566037
63527318
28472169
-16129993
24032108
88009810
56817273
-53365503
-54824503
-43093251
-72285770
-6663412
92578277
35776912
26954922
32122549
-26164829
-30479848
-75206817
89850207
-901904
-47990279
99655749
25502436
-27672067
-90846895
-82643123
-34262396
-21283959
3641601
-91870416
74610027
24314098
-22071707
-93482925
-53989614
4978125
7804786
72750723
-41531564
48965032
98900373
-27496763
63635981
-40840245
98416939
68243765
84340759
-12125746
27056209
21754650
46136125
-76060254
-48086676
-30344493
97994975
55814865
-99568537
67915288
99894281
-19839473
-21836785
52870118
-24128921
-23324501
-19794609
92492716
10281073
-94718939
-63391695
-17194628
-96666474
-3975053
-44520450
91338947
-33358099
80955918
-34185062
-69494486
83424562
-3101937
-50911144
75447352
-4777262
98142154
-88696200
23899555
-19664225
-90159766
81645996
-90714680
40754220
59079882
-52438637
-37070167
-21277998
-77941505
-95575385
-66997044
-1753744
36776303
85479980
-95119155
-12895559
79956017
-21158336
84260476
47282457
-5759205
80013275
-27935320
-61703766
17456997
-1738329
-12934047
-69923834
17969464
38813059
-54512505
-67917596
-66434847
23271245
69935519
16746326
-46771607
29540418
-61352985
96650669
-76044265
58370022
-22894127
71499231
-82228103
64107479
-71148788
-59375756
51261658
11823352
-66699741
-10455967
-94322610
60469905
79826299
65979157
-73479326
51538375
-34374629
72587724
89992783
74368285
79833601
-75192140
20772320
27093519
-86126042
33580931
-20024522
-94960402
-30057465
5709830
70138282
-45272419
2822895
-714323
57092534
-65524067
-92950836
72388240
-86607253
-64180936
63075994
8858946
32828780
-77903925
35928749
-60976138
93408152
72456479
-90716130
-10496883
26963543
94313422
65193502
-38612100
67852586
-50040770
62960432
-25150491
-77747792
-23069116
-41332857
43655308
33829404
-33821922
-85903723
-30172060
-5813146
47916404
-28397179
-39195466
82687184
-15206071
54727175
-63153115
-38272711
-48067781
62926458
11602043
30425736
51247377
-97628909
93067464
51524613
57812031
-76135391
-80385956
21463345
-88226883
49857442
-9830062
15656883
29724091
-9993216
64933253
22245051
27506284
11960563
3448481
-91070293
-62778270
-93099678
34912013
19867387
-12757644
-82841915
-59242673
16814908
71449150
75957300
-12883359
-5771234
99310873
-11980761
353325
-90023988
60449090
98400964
91648620
-7396838
-72963402
-7626048
-80896664
5719070
-12361438
-60880395
-80204271
-44571420
-76897820
-72409939
-82194959
54842406
83120301
74541737
69557322
31771199
-69986221
-56146193
-11465550
-56061669
95875135
21737307
91075191
-8512332
-26344318
99811516
75701784
93542101
37252762
96537129
44172250
-6269768
-33697059
28805241
58807358
-92062916
31386263
44516722
191430
-96911472
-40216585
-47167761
15007164
-9257801
25699896
91881725
-7161263
93033341
69516223
-81880016
7354709
-52884161
-70531895
-17412278
87825112
92807956
81312143
63146633
-44122596
-89587757
81221442
19054795
-6002129
77653627
82402958
54088178
40016284
-2142851
76711570
-12803266
61450971
-89697146
-60565531
-89701585
54619731
-70593850
73335721
73312578
83682864
24735528
-25151769
35481592
42492291
-29835254
-92684365
74475433
56152099
-81274685
-9036052
-33318544
-72353760
88960600
54485459
-18197321
47770870
-59935306
-28166382
5594057
17294822
69913899
-97431599
98167369
-89421102
1066678
-74219751
86306152
66508096
93962199
18812912
-44836754
31478326
-53727755
-69565088
33404124
-32097794
36341567
-17828326
-28136166
40785098
32104904
-7941638
51677390
51288648
-58122621
-61327853
-38444744
90971928
21340507
-98205022
-96157196
-57017062
-57988665
84272975
-89579450
-1855752
88142473
88277774
5770655
-39867328
51027615
-26592288
-61105799
-27197725
4214333
-70383103
12724070
-26091868
72521480
79399475
-24579012
66393308
65349675
82639660
-24024226
99256841
19944385
-93965767
39793430
-59253278
25623623
-89699099
48324443
5395258
-50415795
-57480255
86262038
-79988718
26018290
-55152019
63414350
60906015
-87482063
3749531
81876685
-50686755
-36284072
89456716
-98816671
-88937915
-42673789
-926463
42653148
22873443
-46273902
-6224799
-47119516
-839428
-8211002
92787628
74740206
-84440937
-95192854
76018267
57968591
11677053
82614362
-20024786
-83604428
-34864214
-66219058
-86114251
69443543
-7019225
40958061
91421205
46156314
-47869836
-46720656
-43340657
-99423208
-24213364
26983015
32437243
-67153164
34186363
89200866
-1294350
-67775602
29690349
-51664146
-70413224
-30202978
-47992095
-29937210
54312280
59886233
-50372453
-41954982
70572391
-65882569
24010607
-28560826
43888063
5584539
-88909311
21108372
21244067
84264398
22562623
70974707
-11047466
30700383
40079330
-7879533
39894845
-27912389
99828419
2254288
6607314
-36724610
25304646
-42137948
-55660499
-2174033
7844896
-2300152
-16847824
-57555740
85259449
29617061
-6397572
56642894
7115657
62591921
85220209
-48532030
-96937120
-97244029
20253666
90343409
22964491
-14856926
19645456
70258055
-46264078
-50111440
-49828473
-41669025
50665471
88936460
-97483444
-35214644
34252676
17176698
-37298225
57396360
29782174
-23003950
-53586969
-13116225
66133814
-51103636
-57335974
14520280
-7949760
52827896
-28806066
-54149482
64369793
-96315251
-84258618
-14049882
-9304592
-25572177
-6314309
-58500899
99802426
-9386717
80145965
-49571006
73443375
-98380294
-6902772
62837224
-79263800
-57400710
-63657298
-91752613
-4221887
-21056608
-74088415
35326946
6765521
-2737867
-23205646
-45042781
-10346876
-86939187
45501884
-75158196
-5305578
-93839371
-89832305
9281884
54759047
-36050819
96031030
28466790
1447879
-33050065
-62526297
-29718997
21270136
-65373832
12224525
-36149883
55589282
-89189317
-75782421
26038357
50060951
1314882
-77548815
-59183390
85938917
-29108978
-4202114
36973627
91742883
40091291
2891886
-2031713
-65260440
-9021350
43998855
17203446
26986616
97401880
37540540
14442047
-92443300
54776571
22135670
68891711
84957962
-12517163
66049162
83147958
-29965292
16705721
-33813258
-8919641
18003733
-24003483
-73677227
38091435
-40159727
-91303772
73418722
4573776
-20336897
39012197
-57637493
13562554
-15604696
-90671961
-75652295
67287171
46111260
93220355
-99154320
91072936
-26343967
68745236
-89680881
15369148
-74335560
41897865
96882789
84396087
82010269
93914271
-11275808
1756059
-66541824
-84638272
-47674803
21406832
79869884
93478333
-1829024
64421594
34886966
-10244639
33316090
27019010
-51311355
78231795
93503752
95975648
9418788
-27454449
-64117391
25361981
16955633
33021534
79669687
-94139041
65377599
-5262349
41597480
-71690329
-84998090
1241541
-54620143
2800429
99809741
-12101195
-46554905
-30525681
-23064854
-90959504
51326522
-86038167
59704128
51710980
56095121
62507237
30411204
-48876478
-56294392
-61254565
97747418
-53887941
73580660
23156955
-86622518
-6453014
80393975
-14297248
-29938233
62967718
-51657795
60009175
95770170
-77142257
-91953762
-68461355
6668145
64644313
-18043052
81018503
-78146001
74252789
-44924703
22775602
-97841268
-5861974
-35608034
25295945
-16634196
-30541065
-80329961
30808359
77317717
-86467603
45847756
-70515193
4467008
-83357350
-79463608
-57405310
-7184115
43875376
62967284
-85435184
99038167
95394132
75543787
-60012501
-90399311
56522853
68670040
49552421
-72517635
-63668092
-9853299
14881010
48410210
-16771261
90437384
32569257
97623359
-54886514
-86645058
-40965175
8793968
-95664241
-98805184
-3097795
-61239993
43317273
-10382402
14935337
85975093
-67622837
-51646094
78671847
20429251
44586578
96545309
-12665582
-67728243
-32581976
49911511
-86666123
31447035
71575123
-94755216
49101182
62050148
11018773
-91895713
96058969
23355386
86375396
14338703
-43478850
15609680
11254907
46085699
79004925
26240772
-16349617
28568498
17292199
-92370363
-58504284
-35841538
-17658621
9476924
96096701
-11245322
-27444720
-72046599
-10441316
95205809
-33632107
7146428
-38829009
76407554
-88529731
-89245428
-12578178
-81441062
-63632900
-77721508
-30657180
74529346
71936518
-22286748
40680104
-45229315
-3413314
-90348414
-80713770
1418938
85052723
-56255818
92754828
3293759
12491961
92183909
-14070074
-65649049
-74644079
-83906313
-3586947
-44989102
58282588
841721
86562177
-1389122
40420040
49166135
-36873891
-24189881
13991725
89926431
-8653215
-63883311
86062914
8188986
-39398027
-21769778
14053355
-3758883
70393770
-13059147
79628669
-76405183
-27824049
79396740
40309661
-86563686
-60868485
58849197
-21401288
48847439
-59961930
55563698
45653697
30169511
-36708808
14702150
50572755
-76583002
37216942
87773045
-79940899
-52473485
22561759
-58637582
1100761
-56124480
-64110274
-6133093
82784252
917041
11083213
-15060788
-39419293
-2705703
-10229979
-10782053
93408468