62431123
17392763
-32788759
2948884
-37030033
95021503
19796911
-70744488
96118093
39977173
69067498
91955273
-80427712
92164474
-17321975
95688452
-63423838
-18731265
74241391
26327862
37357222
44462909
-89588765
98515232
-69853974
14307450
80917386
23298245
-23643276
26510753
-49527572
38291083
73748209
84177724
69835211
40708092
-38509293
88781162
-86637629
82168059
-73700183
72412737
-54406031
94700534
-83997201
15016927
-32529843
-20251560
68627190
-72475562
56205550
-76235244
-3022844
-47435598
73204059
32028254
44625998
-67974108
-24277190
-73672451
-28573401
-20349212
61992790
-94670283
67183769
-87330505
92682387
-7032500
73641450
36910425
33427569
93273727
82080982
-5417547
-84909380
-92781805
78812589
76661395
-19742858
24337806
12912593
90714101
-6463264
88500394
-65225529
-97476256
55877690
-79170079
40513292
84986758
-40951780
-66356029
-55054529
77173323
4029866
-82498860
59077526
-72989979
2934976
55141905
-22837294
50863246
-72454731
37552519
96742843
-75691899
-27792412
30324450
30294023
40512668
23308800
-75442209
-96069398
-53244322
-2669761
15111227
51234949
-73864680
-78777350
67042331
37582314
-88382080
48476427
-23250606
95142348
-88801835
-43773765
59446667
9459160
63890519
-9526565
-28863374
99056433
-31998632
-1964981
-41343279
-59987084
-21650096
-93535202
-60953227
86477089
-93283560
70455739
-50098374
-86821970
-7459246
-74054523
55290291
87772594
-45437666
7629434
19942275
-52265008
-14007266
-90269393
21028064
65539030
73945526
-35440979
87186288
98766322
31028732
88471307
-97192998
76791872
26230208
95896994
13660926
22325334
-23225957
9253581
50768206
-30757002
-92873227
-48476219
-99795472
2581736
66918491
59920322
29563390
-77087710
195865
99601766
-61430624
-41953811
-81520064
77539788
45263372
-93983794
-30323336
42401260
29662368
38610119
66825984
-69815346
-80773220
38590142
-63326307
19900483
-49118055
93482886
-97717701
-47025647
11643727
-22002824
-39469686
94821670
-68475824
-51428490
-32812160
-36187333
63561553
22303407
8399484
45345168
-80404020
-78413599
16546410
40520109
-31736659
90356258
15313658
58761585
-83691490
75705284
-46297618
80551478
-68343575
34034226
54405086
64685133
14089882
-84414277
-22687326
18784187
-20719762
-51604124
-54210577
76252250
-69261907
84803452
-63125194
29601355
-15423496
-72143248
-98722185
59241057
-7481658
-7870940
-62547902
-34819909
-44133802
-92358710
-86733667
-47099221
-23675970
-3003497
-36659845
43878185
-74782194
18117635
16065837
57891060
29420395
6980444
-57555871
67896402
79902860
-74030190
9465784
47674585
-22702561
22711016
18758613
-13522118
65814502
18778036
27945962
-16588431
47993236
-98436015
78955042
-82299819
5577131
46455953
42495560
-67214091
51858627
-67258134
57160348
-79027436
14839933
-76969017
-57266330
71999242
83290690
27653946
97581612
-508399
-27323207
-80094622
48545001
22650491
85247505
8818684
-25108483
12542629
32206780
-5294020
56841247
-91046411
-64415264
-91930863
-70024970
-95980307
10893852
51750948
27220764
-47460898
17487794
-72254002
72182054
-15659997
30140485
-77461161
-81193
93465956
35470516
-14781781
-67771443
-89206762
-70979047
8899326
-71847300
-95102795
-36863994
62493726
33303919
-61707428
79331675
-32669700
-61470150
67661156
62372758
66201224
-19983410
81408376
56760887
-69053260
-2133291
-99363152
35261358
88031523
65160889
-95917844
-31676418
-91998199
53992990
61327943
-65730057
17314796
67561882
-40899014
75398139
45876514
-55282050
-34113158
59201023
-26674953
29762872
11278712
12904540
60447092
20830854
-35343312
-31169925
77663346
12678136
-31986027
80513827
-20226039
98741437
-98066497
-6115467
70638717
-98067574
82996332
-52618800
-69972907
29002103
-5474135
80133612
-61760150
30286242
77497844
75119188
60416087
88932970
79157769
27916444
-11960866
-60564250
12759646
4424967
13984704
67693404
-47837217
28348055
73212373
87079537
-84914102
79675099
9442049
15109438
49503386
51483979
66940892
62939492
40708651
1566198
1457714
48460394
-55687774
5153669
76390356
-33963683
75489295
-67529901
-63987141
-87729363
-10062366
39827121
-35717725
-68075542
45353558
-74955241
59726606
-33390505
-1861462
88862170
31754597
8585741
58064338
76751517
29656554
-12674392
-91997201
66475289
46915472
-45129940
61569519
-7836248
-58322909
-87937853
73436528
89972360
82294780
28309250
2202396
-33264016
-33582956
-98988774
-76198800
-16515288
54795714
-8130933
66151322
5814015
-59463406
54044668
-78237324
42522891
-95075186
57569143
-60871036
-49323229
-65630005
-96401705
76981674
-68048186
28219230
17166171
58524927
35872713
71684950
-10981323
-76684915
63109866
32290463
88594830
6324721
33122042
-39501473
91854893
79856330
-81770665
62844656
-1576030
-19900827
76937229
40347723
-95670437
-49433419
76283771
3349209
28858406
-9648906
62476992
-51069107
62947379
37569668
-66235479
70858747
-5726182
23202844
4087471
26090813
-57758670
-56255486
-94707515
50294314
-57208914
-84239610
45636960
67725899
33941966
-65816391
10190544
-90987669
71757649
-93756418
9479555
72404657
39699010
-4751440
-91474159
-97099991
-84683957
19325649
11760508
-46163725
76496854
-27548154
-27609484
-88007837
85315349
82008544
15397063
92410949
23033541
35689026
-73834419
-15197226
16651638
57186709
-18873557
62590565
54482416
-38258738
80674490
44955274
-82082911
-74054058
37733250
-77014966
-5623469
-1744200
-80651069
45661427
98535677
9538673
80962801
-87333173
-73785497
-91432373
32892372
18892820
-9508528
8321262
-50843034
-18989808
-67324875
75905813
52016256
-20265687
-82000994
-3434456
-30157213
-18465869
9935450
14112831
73566395
61798920
17610077
-87136061
84098787
-85994613
76695757
57166559
-25866554
-52225043
-11095319
-43733961
41354902
-26939076
18551224
-32032048
-49319212
-38977428
81679368
-28036969
-35593493
33861817
-71954795
46643078
69011802
91442217
87922026
-38126688
10575798
-70479426
-17249273
21161692
20885363
-72157896
14952180
15114150
-10792541
-8443817
-45420926
33509109
-5331270
-66710574
59087020
-34224583
-77668938
36903762
51171060
-12770620
-62743005
70706181
31424424
18559932
-1939140
79250085
7709825
37500527
-82781022
-95524294
-72864983
-22736520
-62693947
94028662
-136889
-34623862
6303787
74921578
94383726
-68565436
-14458554
-93670017
70154280
-93807985
-69702448
41197848
96007853
25797217
-55921958
-3710899
-54450901
-33928531
-66719451
-93686147
-99658721
-90150212
-4052073
-77243560
75124407
-86471655
13245617
-93578494
35302191
51108976
-12988462
-54487698
-9944447
-91967535
-99492241
10507789
-28074021
34110731
-64358394
26291620
49909783
22647133
-73526028
-87098758
89872974
-81116304
15006679
22328379
3652746
33599778
-54501457
-47702408
-80861249
-75306849
63773313
14677194
-60929642
-58424656
-89756027
15301536
7005632
-19808280
96535096
-90343788
79199477
-4217047
-91800372
-28897395
37463335
95376721
12779683
-93197403
-11900610
-99900252
-27826939
-94304988
92870927
42762653
-23321535
-89018098
88907678
-15212466
-4810156
60436660
25850210
69569293
-97429402
-9567425
78074167
5040062
84845354
-96215727
-53913258
-35903639
-37306524
87185723
-73414057
-80353501
12863024
34718598
40121388
-6238035
-58996817
-78167957
-53765191
88788796
19420658
-36883564
34341497
987112
-36811783
-9157354
58308314
98310198
67654264
70850695
-76019156
-68467505
40085947
8260065
-82657185
-11799881
57619941
66962589
909141
61166211
54760206
-22102149
-41629158
82613241
10351999
10650594
-20366390
-76517500
-99943833
-72091916
59933929
-42058264
-94145676
77275471
33664899
-60595601
-69103841
-60427452
-13768469
-88134609
73062483
90595988
-31752627
72778661
-68574753
94402362
-14040987
-69536863
-48621361
-35793957
38140842
-4534351
-37820838
-75992186
-63969028
66958527
12152921
-15714102
-36115721
27278822
96197695
89171437
23132219
82506361
96832502
-74910910
-23653918
30709315
-87552804
-32137245
42733581
62297599
11190301
-39924283
-73284513
-98078054
-38548380
-80383926
-85726840
-95783352
47637471
-77099884
-10504926
61623096
-70549786
61174355
-67793885
28038554
-4285605
84006829
58498105
49736858
-15632045
28330191
-84113242
33235326
-89628604
28918139
82455127
-27366523
17415337
-59284176
-70968464
53698237
86718365
-26246496
-1219483
54036014
-4314258
74369857
-778464
5703691
-60434667
-26511484
5224405
-62889100
3524644
87779360
68424321
96440664
-79089062
4876920
-35244510
-88984861
5801435
43394057
39417902
-54245394
857422
-70799820
-88652668
42772468
81396380
14120273
-4385565
39031513
57588487
84070984
-46219617
56889577
-45491279
65389794
-75688054
27854767
-3027170
-42534988
28039286
-56817347
67360005
67166468
73951291
78453586
46532892
-162072
52838249
29743810
-72014812
93383254
9969783
-3865840
79106558
81543078
-95100733
86276068
-42326595
-19675679
88926246
-1192181
-15534778
84342518
16275460
31482509
-82900645
63393535
25642583
92642904
2130709
-9405225
-93952115
-7465764
65740655
28627927
-26680465
47848368
38546974
-82972434
-88940956
85213105
-22692873
-21921344
25138718
57179689
38787590
-28253515
13369855
2240000
59952706
-35635372
-67535866
-13656532
52852455
40996275
77027255
-28281845
-47044791
2836990
-4057888
55918865
-23260758
6013688
-85342450
-11919747
42041867
66658600
-1679221
-6456739
-2489806
48440769
95858596
5464460
-22481036
79170144
-17357743
92372689
47228216
74347950
-1370000
67644097
31496815
83662860
-62011262
-44183436
34653924
-26783061
-24655644
91573615
-12060526
-80806559
11391673
14477599
-42880754