61469251
-41379449
40196688
14701861
44040960
-58759577
-95245134
-4469804
9394517
83446200
75238286
61268549
-54425412
9236809
74007273
25965990
-67425141
-63474488
89129253
39088911
37354139
37297506
-48267682
-53782301
36377381
23987698
-55899426
-49501590
19536334
41307668
45598800
-75362176
-60685683
97750889
-80141967
-62167018
-30957660
-9934198
84988301
73973137
45777137
-54693996
-23220043
60368685
8447178
40736992
-72234261
-30226032
-23997562
1965363
-26668152
-69778613
82521099
30850345
-92326486
-32270779
-7088587
12949250
-77000369
-4194604
-30321692
19395980
-13622765
53365071
69993690
-44455041
55132895
4537052
34266661
-27537355
73973903
75025193
-10467797
80705451
15464149
66755901
-8947730
-43598762
-63412112
-73272037
54637052
-59086475
-19622940
-36740998
18012385
-37852675
-90105636
76224776
-96276553
-5302120
63548031
98740290
84290866
11062013
11191907
-50524178
-26649947
73113695
77060054
25256992
88291297
4560417
-39552298
-64282264
-91774619
56014431
-98938139
19428097
-70445672
-95178286
86971548
-15268038
-33803772
-14931792
77266043
-25366328
-49621699
-52775856
-13183144
67443552
-94412713
-65203501
-64947893
-11638966
89997928
35332431
-23569165
19575510
60935581
-14966116
30382957
-12887072
32810608
48400915
-10613999
-50416795
76990372
47284402
69656665
18946976
-72770430
75667158
65462193
-56029782
-39010622
28070845
-58070605
2483626
6279500
-77572750
-19222670
19110721
51045301
61953966
-40989070
92118767
-57447895
-80999292
99091369
-75163090
71249520
-86794991
-10022177
-12187752
-44946117
-94007496
-23670772
-50358367
8706817
39240136
80798907
-74390767
-62199624
-28525708
-54440547
-64048456
67779310
441935
-74515320
-84258977
7199874
-56058870
-29314009
-23263040
-91959194
-74485044
55302140
-31190414
-25147741
95239845
56706724
-9536010
-60990655
157118
48031652
-11864213
88538989
-97241612
-22327966
87999177
-54895332
-12749075
-14334585
-88394629
64234767
51552296
-31718377
30279334
-90582775
47336056
-82015156
49857465
93506084
-63474486
53226166
-17757779
44677813
-63764524
38496611
-56696048
-65476655
-91108029
80628008
64844877
-37345762
-17134201
-94919929
44815085
-66994438
73884467
75928933
82517121
82205012
-5382845
-25374622
64142231
85949625
59014912
-35384653
45048237
-75628883
-47449761
-81233089
81387963
-57441638
-40428601
14504156
87133522
15405781
-24598265
-38434670
90060030
-37234030
23965059
-63568953
57656911
99966217
93379988
-33702719
42636209
76955022
-31229154
43748599
187836
57453804
-31468726
-88268833
76787245
-31616033
-91471463
-49218459
31280299
37426308
-51040294
89557415
-7917955
93009646
-8397858
69489987
90993436
94188221
30167267
-50649377
48890039
8513117
77806042
-65104687
72011667
88115968
31601888
-56175686
55371832
-21934109
6348152
30193342
66976331
56402866
22118039
5767401
-99411415
-92588985
-47399345
10596330
-5440290
-15993155
46431466
-6198866
-72053424
65833290
43772901
-16930001
-4153527
22958927
-49210296
-63598994
5942703
75019223
75847909
72321832
21453783
-84513651
76691302
-58735478
89905719
42477507
17894673
-64921493
-42132814
-58959095
77565505
48118172
-14309780
59746298
-31009859
1912588
-65373916
26444407
-90363720
-65157811
77348609
71151263
-92693685
-38576166
-71422447
70193529
-57002658
93088815
-13103248
16225100
9830542
-51070632
-31644689
77354181
47735330
-97560751
54681235
12565260
13388857
-84203343
-72577970
-98409583
-10179763
98633840
32330723
-83839433
80330719
91664107
-19307064
35739931
-8121753
-68988224
67479433
-31647029
23371781
-15967485
69923911
11615939
-84186293
-67205232
-18135293
-8034320
32711102
-63116164
-83300586
62244305
-15320932
-33555170
28642196
13971075
92306734
-41896632
-49486917
-47423681
95100857
-37746244
-37607801
-55099504
-61668778
-71495535
30394205
48363771
45577720
-4676927
74814965
39151497
58622330
-10518036
29440804
-7986989
-38268172
33418091
54166285
93177740
-51693274
45242052
-29039012
-63391245
54956749
-25760660
56469093
-40473444
-7512963
53397867
-89879524
14729808
4559642
-41461233
-38183170
-29089880
-57839524
-83631359
3093180
42766186
93097608
-16707091
-44974632
-82056782
52573254
-27044244
-42602711
-22452740
-11535982
-26869333
72137268
-94564014
-69233153
-17117116
64634131
-529784
21125449
-47573167
-64401267
86189600
-56145470
-88828641
-72871686
94627954
36128677
92435188
97932464
-49382171
-19509232
7262650
40675183
-84289670
37962952
1586987
68441089
-24560486
-86140470
-37347213
19043897
-8308687
83459960
65441286
-55010979
-52901002
-19799633
47585008
-30385885
-282045
-17599880
21872855
28608049
93315840
-99891071
80371001
-83762994
-12066996
42738659
91699066
95885788
-82339498
79611358
-36664704
-3127775
-74002971
93672725
-87255407
-56446907
-76297557
98518476
18574945
24975277
-76544850
-22885475
14451528
-28675703
-9595721
18400456
-86211408
47636727
54926836
-33583851
4999242
-54471848
-43509024
-38129986
82279391
26476453
-6557210
-94001090
-70790694
-31078879
24807584
-37929334
-73001270
84019416
-29720489
-10962886
42319804
2859307
19271402
-37338078
-59881104
-9343011
53319162
95168619
57280758
-18304313
-9178270
-95142130
-21411789
79870899
75615527
57086878
-41037120
-29250069
25667413
48982496
-90703336
-56829612
-74313192
-76608673
-98552996
18127722
59202354
-62419638
-57269321
-88924868
44180461
44456163
18326171
-20378534
84045786
-94582286
-19614926
90332696
-40004352
-95970616
-59166667
57431341
73866296
-97999470
-52447137
85066658
92095527
13709215
93057765
-81502438
-56836509
82589098
8094778
-31744283
-993826
43545925
-8408828
-30378795
29944858
62569445
85817804
-29983229
40876598
43361606
38108418
26661439
219202
-79992824
-72195743
13959377
-34695461
58160642
-87791362
24511504
4813083
98138004
-96483159
69561164
45671031
-91419058
40482961
69536156
5118123
29695127
-71305311
-1483484
41480768
85497457
-54775550
-87242499
2677261
-54111725
-73241456
40302126
-11145433
71986508
67319878
-2022977
12093751
-91377774
66325315
-9175395
28574854
-28230595
-5989367
-31771572
-40001620
-98546248
37683079
51916281
-18061590
71189992
-22321084
-9339408
-13620770
28454872
-32007919
43365670
68981362
-11821647
-65400270
43691619
-59918088
-50051450
-53591219
-14401726
-62769213
76610568
15294152
78822504
-20781590
19800201
77392979
80212793
54203009
-47139603
65369714
45589785
8897451
-63277990
-55962071
-22088870
60388024
49337403
-23903596
82376018
-86966719
-19043554
49329675
19469499
2872743
82024718
78210465
-12014446
34103100
-66893632
99860395
-53610940
-79906872
28918729
-47308248
-37930792
39674070
-56187029
-20811689
-26570993
51083369
93228899
-5934293
19035590
-34599731
-29921170
39240503
-74544413
32150786
-48514026
-9897477
-80759829
-37673542
77512545
69597168
36444862
53109158
-42072122
-65720005
85119071
-7218415
-7451329
79789268
45228837
-29098183
-17395515
12634049
43893352
-15487288
-74382674
-94010047
47760549
-41578716
-48690079
-29142112
50662197
21162776
-55426726
65010046
-15866182
34581382
-18894626
63256053
-18676941
56471367
68039977
-6822583
72388187
15516066
67374103
87734857
39105279
-35894238
80423783
-3598836
78559966
-43694724
17270533
-23184319
-50602237
-69488954
3516466
9034420
70284569
35626600
-85889856
59280113
21540669
-83869250
-58341012
-40045856
-73387007
-8563255
-33476232
-85908107
-89325241
-24372058
43837528
-23320168
5748955
-79064622
65858724
-17914494
76864062
11670904
-37356637
88945750
-55620462
12353557
-28606292
-61936944
64432715
-58256283
77581057
-50913580
-42896509
89198293
-11583141
-39674177
-983687
59558161
37858200
-97766824
24303642
-5615151
49104541
-49121688
73922296
81445199
7581272
-81148907
10482191
41673040
-26632051
49183853
-88696621
-71590063
1098696
-22254455
-63435644
9285101
87802996
61362903
52696177
-26273239
-89405879
-29836934
-96238684
74720798
70394488
-80632834
49558433
-81966103
-55460043
-96896284
42090455
-22779603
88812384
-77750875
89281934
41506931
-7044150
47993701
-8621453
17341264
-92893052
-43818693
45282090
65687177
72677746
23528864
67617954
-18008018
98792251
52191553
22934967
268250
-36713759
-9616350
39988813
-41163641
-64021867
-91219673
19435806
-20068991
-95817799
17762040
98884050
-65440363
-2396542
27031409
23046354
-55337304
83304064
57626460
14870731
-80587808
67753720
-45869193
-22893093
-44459644
-66623436
-35409018
53228061
-66725518
5320366
-85749374
79052803
7464714
-14309345
389570
27977099
-2892348
-59368506
-3650154
-67050532
-62022173
51455070
-47020730
35006034
29527065
-10893582
-69167806
-68602127
-55916044
44985322
80567411
6895337
-85265825
46677399
37399125
60963559
-11606342
83727765
-68043064
52795199
-66455358
-9882486
-93388173
7404224
38018575
4871522
72533131
30175673
89663410
29342961
-47744333
-83812662
95355153
29920505
-61805563
4867698
67971409
71645230
-31115647
38812712
48381996
7269628
73667398
-49440545
-7038680
-40512623
82038200
48294371
-90359943
-68446398
-2425176
17772540
53040898
87630384
-88248126
-29506580
-93849500
55998524
-12120015
-25292104
35372607
-97790393
-37095665
-40109614
12187783
89948605
84451582
-69358951
-46808815
-39930678
74047294
45601666
97549161
-90430195
-39638920
-78413039
-70234262
6415645
-27939046
-15869873
-71370885
85351564
68086107
43147453
-49203873
-30508947
71457735
73571398
-49609517
64326095
-12304775
58381641
44118696
-70303714
4477827
18548110
-76797927
-42413362
-55146983
55097855
66691778
-24022206
-94750364
-10359462
58168130
11264271
60040064
-80827905