66278612
-52551116
-72214183
-44063025
38685994
-44491390
56088049
-30619866
61215857
-10743425
56481810
70784290
14702171
68079449
76391494
69877398
-77938063
-89869540
-39758372
-33623288
-80115966
-17777246
37596089
15385272
19701742
-95384280
49746613
52684042
2593286
80796799
-83447051
97642206
-81542706
92904113
-83483503
-75147659
69743920
-16199463
-21390126
-68108616
-32535894
-46576736
23290575
-31666346
-73004796
69685752
-31261259
-85386400
-65906527
40216721
-59610856
2285025
39420633
-62000089
42587045
93528339
-43389446
-44183901
-55835385
-4100201
20870675
-20989410
-47255001
96503664
89124741
18771732
-57184102
97780084
-26676059
36140153
-37995652
-91760183
35066744
58539307
-39054138
-96099573
57969664
47711390
-71088518
-58603636
-1891906
-56640223
89611353
-32835965
-69684216
73041265
27005709
23774938
85464669
279944
-68943606
492380
-5865077
27898065
32053326
-40463497
-99855582
79714283
80131983
-16441802
-99031738
44891650
-96670954
-2517216
-83639227
-61714475
-69239880
-31342194
83861107
-90392686
79415370
-22265789
-373065
79625555
-47916316
-53684924
93160509
-59168244
72549344
-73681966
41558464
68298763
-77345686
-29119375
-96612752
-58427540
41150555
-38858783
63031231
-36315116
-55928507
-88550973
-10385506
-66635396
96218776
58439621
-9793773
-18463744
78137077
58108363
70881476
37585884
96172227
60035137
-84637749
-46913060
-15003761
-78679199
-18629478
-21619848
37026517
36597485
71018672
-57102363
87063725
-53780461
60513703
27495604
-112286
72840176
36689914
-6525301
14687372
98961281
25814639
14540951
-82944363
48960224
-45132529
-59049009
2758133
53838636
21124238
86939643
-43865205
-33260098
48695283
22396521
56527137
-56555789
-788414
-69982514
-69987996
4400977
-37827919
-66732540
89120906
-77011519
-25341601
76117501
41800680
-46064469
31906810
58203268
66547292
-18238421
-58053946
-22292732
-40107829
96833857
70807559
-47105696
-40783645
-41261712
-90432794
78930322
-41316967
-19114238
-75302708
50969567
-3309575
83913583
-94830442
7302824
-43900869
86424036
41662719
-238665
17380547
73070040
26593656
87305118
-96705986
-96095216
47991255
98516245
-99073028
-44851189
-56259339
51705142
-87429422
-8596587
27427908
34798859
77814917
16368816
20097505
16027122
30445606
19659599
4859239
-12042388
93279947
61730175
60917502
85289458
-47152398
-33751726
-21393463
-37047586
9607811
-92921514
-69329907
-75706485
90618758
-74550027
-26323614
-35680454
88321888
55867181
-79956663
25025461
14371916
-80408784
34150879
-12561840
22905999
-47410369
80249159
-78723313
13436082
-48257590
-21671695
-64082477
49120560
-20998505
-26074639
-21888566
66368905
50051990
73557609
29859983
30801468
11748029
54700223
20963512
-58247667
-11509220
47672653
67195518
70629941
-66662134
-79093816
46386046
36118504
-51111575
82087239
712803
70364407
62296597
-91014151
-54652913
7238002
-39435419
-97150168
-68664157
-39178145
-19118886
-80561809
28280274
61743596
24533750
4081903
-92544774
94537789
-56522748
-5800029
-25505557
83214810
-93838514
-62255090
-74075452
1623839
-55475787
46448507
67451174
-66872027
53071323
29684010
-4248916
89554913
-52861288
-8053559
43704175
52632079
78819733
5511441
69835663
21868399
-80373394
-19509168
99577742
87263939
-47953551
-31543284
-2356834
-97413700
50232002
75577219
-70346105
93766516
-92439534
78004249
-22753368
24439152
-31436194
59234931
43873236
-18579146
6778323
-98015685
64988045
-20190604
90757691
66182040
20583071
-87776063
-99002872
-27476593
95785285
86474486
-71507874
-4905510
-68587009
-17018326
-81480784
-33894600
24458624
-75696681
33411908
-47895070
-64068147
72207143
71724727
-91116450
-25606841
-86793339
-11744520
87414266
-57423015
-40902644
93835548
-56949593
82188873
87193174
-5896059
-10885912
-70868396
-33389195
-96273874
10806290
-43928381
78556961
-42343293
-94129627
51845261
39023340
79657912
20042410
45867270
94687144
9498816
-99224776
3203830
-49440428
-20972841
-60950853
-55250690
-10048210
21267061
-75644252
88415464
-44161071
-50837636
39717182
-11007981
-96228160
-98091344
15175215
42804810
-75218625
-29003310
92037183
-2554175
4865331
-98222722
-98956977
39154533
2922402
-93194656
-37986361
77731742
5096508
81477476
39528304
-92375352
-35357028
-50542404
-79361716
37917005
21249107
-63321893
-70717443
-82364794
37670137
-32772321
-19854014
-53605061
-5918367
-90337952
69384491
42214808
67154199
-88924386
52730576
-89896360
75318486
-74057437
79023746
50941726
-6699777
-53062124
12922352
12281554
-62384890
-55432260
-66479813
25125867
23915024
24393999
-63523068
-5510164
-14821916
-54491987
-6895568
-93697847
-22090838
-27667859
-34305462
17301750
13813796
98504516
-30729885
60812453
-69898002
-51146735
-79850624
-82179930
-41856154
38349182
-11752214
-93707383
-27431556
-75165536
-4339417
-58345978
66241287
-2289660
-96477734
72141136
-96930657
-6194288
44737770
48387924
-2402071
92018577
-86334422
54769578
-40540046
-82334399
90960284
72845041
97683905
-22930931
-28175371
95397888
-45551910
-26132888
41897605
93279935
97017008
-20262907
96230271
-34695789
-363866
15846458
-48786874
23114280
-43659566
-6649772
-95818164
84292229
-93233437
-88485531
-63126282
-57606110
64955776
-69096357
-62375908
89119353
80506458
-99425208
91474022
-38271935
39648144
-46073787
-85025921
34217953
8439569
-36987576
15882568
-41250895
-43643277
8549322
-38446366
48763112
72821375
-55082163
-15737239
36860349
97460782
86070350
52049543
65151447
-29520406
6558622
-37470842
73616167
54792860
5464489
-61313725
69815086
-85163775
-97116014
4895219
71837694
-71716121
-77536427
1024901
91251356
4098578
53157091
-25684131
-68322870
24175742
19464559
6677362
50829867
-48432859
-96918960
66872010
-477212
-82222002
50856419
14611499
-33168408
33815992
41101718
-69339674
-82617217
-76974287
98353289
98236201
-42649688
-938272
46502040
-50731251
33878004
17862428
56835866
17551447
95868245
92788356
91409646
59755971
74188792
-76780344
49369205
-62917259
28317403
-86851518
-73755311
73279060
56765170
-81421031
77947597
-23841025
-86953292
-72771965
76886067
-43170239
-61495713
47633841
-22436691
-83638862
14567243
-59086389
39104445
26252884
92873285
8154997
69892228
69383325
-44955013
72939292
18135317
63315110
-43460187
9115315
-12470190
-97940530
-49803514
40879919
78534895
12103721
-77682652
33677036
-72024991
-90499230
-40385718
-55459455
25423157
87453664
30871480
16647421
-12973508
-4162860
-72351046
40098552
70603046
-11867524
36972546
-87643841
77003772
49320876
99229383
-7257634
-40658989
-71783594
-86244700
-67204331
19519633
70487297
73102039
-81723881
-91600409
-63640701
-86181918
13660176
-96077700
-62766506
63055662
94422241
76596500
80268888
29488052
57956783
-40961677
-91650632
16354983
37166472
19605632
78319060
7241334
-92433570
-40542775
72578720
-63219524
-46173441
-31701522
84060045
-93528315
-38027090
70719011
-71593283
63680838
93708497
-75899949
-57952707
82369672
90140057
-22238194
-28805887
80015554
-78039004
-11823275
31969569
48301721
19101321
15652412
-45269642
-32018060
16463508
-33730504
98786675
-67104552
-78311250
-97324114
-18333270
-16462330
47261398
-66448973
-26469969
-97772402
-26089037
85571031
93700372
40019764
7466476
-70580494
-40299158
80750519
-505474
19429378
76655477
73278226
81903747
-82607546
29796000
-1256869
10075175
-34269908
-84695219
-10727786
48762708
-19170736
-28129563
-91052853
88996410
43827188
30294738
-86333583
51418794
11126457
88557606
87968328
42828465
30407553
77575489
52374314
45638378
-23243143
-51868187
-88832654
-89607572
-90717201
60576313
-72800857
-10706656
-13915425
34238223
-64884232
-41156109
-82293126
-66634213
34613551
-79582902
4946354
28086659
38930163
-7380498
14585348
-71505759
61153053
-11029295
36942065
45931613
-7442084
50002899
27730230
-98583408
-48254616
67963350
-7992000
-4866882
-43878777
53769402
-4357462
94553552
97645415
92064574
-5067091
83681290
31812600
6105568
94169099
-85207712
-62741012
18863376
2915861
49666643
48102892
87916323
-12525322
-30194236
-27733940
750654
47611293
43090532
-92211191
24146616
-3395283
-30252267
11702945
-80636168
-64997489
-6077787
-78938748
-91957079
54402770
35626439
-88169238
-95463236
19033017
-80626335
-3437992
-49754817
-58656557
-10858883
-49130316
79328150
50919350
65178037
-94156014
-20915763
-76820435
25984554
-34045425
42519459
91225719
2533514
43567362
68915856
-8722718
-89620723
85181110
8982588
68372864
41024017
13788187
82064466
-92413050
-30186188
61122369
-39833845
74866900
11412884
45573137
11372750
-10541406
-58258999
-88307516
73411084
-9449985
-61916435
-22908243
25676304
53437644
94445072
76054408
-92915360
65011068
61270274
-25211899
-84658226
-32641668
-22153535
38021916
74830098
-98421886
-87842782
-20093241
-23865962
-79799008
19916483
-63771383
50338957
21561702
77102855
-75370288
-34201101
-38283174
92234022
86652370
63467590
1254484
-19482028
33276809
-56729876
-79980439
-84128896
-51834754
-80963178
47354895
-20827664
-38614430
30981375
-51581492
-8796455
61296442
-30056145
2179763
-31982312
69709574
38408738
75238528
-72208149
40515299
51951491
-80308591
-84911560
45826034
-82004223
-97663375
46946772
97933354
41140480
86939904
-83694414
-15453248
-7467179
66071834
-68657226
72755629
78739108
-66013393
-93638512
-16057726
-59207135
-15019573
-88350648
22801333
58566180
-49901847
47781326
21848495
25341897
-2499038
64675783
52637474
18460258
15564350
-93824957
-93497490
14689881
55723236
4338646
-40458786
98393759
16798111