65316740
-58806965
771264
-32310047
-80243013
-26338482
65821413
-54886581
-58645139
29101046
39226560
-15984554
94081749
-38793355
52339475
53612796
-84501596
11933765
84731555
-6750969
37536372
-77345319
55508206
-3895352
-70039197
72174311
-70448750
-18496107
-30753386
-12926195
-20749145
-70433756
-9058132
-80233258
-50666579
-8647830
79894515
-96482688
-40730815
20384221
-51299794
-480358
-54820282
38669664
-18449314
41468721
51685304
-42656981
-53154225
87828967
-82293425
1431359
1895136
-45127404
36739457
38925074
65377646
71638747
6081123
-40528553
87875945
-93694925
54616560
85279298
9634750
16553656
72145137
73203630
4498295
33691213
-68062635
-87388858
-99675750
-92847295
-94513311
-21021949
1111559
71360709
-63113700
99964422
-42311362
80411885
47352795
67116616
-22040474
-32440300
-60027987
81703289
62863835
75507251
-83455630
21292668
-6268271
-19440258
-2686994
-8739427
-62744631
81354333
-56943134
-85188415
-70810887
-56806143
37545831
-4930833
32320555
-55964722
96071436
18894405
-4235003
25658029
-71876095
-18760665
26496890
42395051
44141026
-70339796
-61074126
28696253
92152704
-45210887
15710631
79273013
-91455866
-3164454
31603363
76928489
-52472229
-36816948
-53775384
-68124949
-78102409
-83248443
-53295904
40545454
44642374
48411008
34937026
-9363487
-56645171
51880423
-56838459
54878968
41766869
47561237
-96045024
-12202434
-40986363
38123680
-63479942
-32432435
69306833
-5703372
-47692407
37613477
-75109451
71712358
66192621
83114105
-75338110
4094760
36717280
93418929
-87210560
-38861857
91206960
-18311227
84085934
-91973362
-98368440
-54181183
16214768
-70976862
-98041458
-46748916
-91964348
-37084710
88311232
-542345
-60385803
-53848737
27645159
42812280
14378135
32464633
4414704
-57512769
60283875
-31790994
46609059
46711728
86617129
-6930640
52998789
42365258
41190693
-11976660
-13395940
13347300
-46629607
-17422624
76674699
-67115155
-30225932
96549018
61578111
2922161
-36591793
-81488962
-55893870
79942501
33844253
-40048972
-21156936
27391594
-52484525
67040144
-69710543
19525224
81177943
25441870
85220371
-13853376
40055871
-97619873
29522752
59723843
87222492
41866485
-23568825
80101750
-76977722
59281560
60065943
-39929229
-37830928
19056845
-82612759
4111497
8238341
-80220516
72403448
63282756
-20922738
54599311
8623776
-65484841
-92131288
-35232578
44740666
-9029748
15015281
-62176311
96946656
-55438088
85914646
-74748298
-66080580
27358270
49931471
71024509
-15582062
-21449769
80194872
-22987169
12596364
-48187593
-55513195
15271892
-6000317
-26844173
-98592825
30504988
-40349934
17166516
-2214017
42839861
-11763933
-68193278
-12352521
-55813581
-98008025
-7307214
9899741
-35706513
84051870
-24629573
20975714
-15779354
95099093
-90313209
21117851
-68387713
-21562305
-64595155
19430595
32799997
-90798970
-920756
42512805
5843392
42390991
-5015808
62290385
-8986442
-18428364
-45200475
58367042
6875756
78263661
-70570239
-13627945
45707278
5589828
40329659
89752803
-40197528
44252011
20438202
72242710
-79820199
-80212321
758788
10476440
-28270703
70697103
56358413
-89326897
66367420
-56366953
-29358318
56823195
96127359
85280873
55867412
-62766819
38889482
-31208904
54224308
38557971
-6149303
23902381
-82437425
-80475701
-97307456
-86047172
5842168
9834010
88114913
86807910
68581990
32308520
-47685164
-78170353
-60588224
-28842253
-17492009
86360574
17358092
-68239731
-43672426
61169351
-47218780
-30870448
-59944067
-18497181
89690824
73551682
-28737430
-72120823
-94881576
96158850
23922001
13477063
-7648862
73517463
-73466348
-16779621
69286755
90072101
5039602
20247420
5763090
40284528
-71259551
13266438
-61040157
42481346
-32520281
2998095
63156928
-20102085
51330106
-70330678
-70640351
82592692
76861097
-15067490
-66938236
-39086780
65832637
-44085668
-75382562
-46698932
27941931
43051141
75295526
36528636
84151175
74296856
2641005
79470936
-19497851
16086344
50031100
72627294
46382185
22959385
85807199
82255536
-26699642
61946116
62756094
-84861909
-77448152
-15089812
15006429
89213388
-98424917
75323261
-38373667
-32532673
-79121726
-9301892
-21157965
653783
38108807
-79993132
81834627
-37800256
16182551
92742003
-10392218
-61772988
73761604
-88151636
80327356
-12383398
-17134637
-34071380
-31753938
-80146358
97672351
-56357371
56913913
-18684051
-70822111
93674088
-76973306
82781336
-42468952
-11411629
-15845535
68734981
-13565389
-99657770
-32861293
89692233
-41932803
56256469
-71909465
47258356
-17159462
59184912
-51803213
-49340477
-87603587
-65000444
-87471996
82374991
41504488
1397813
-13535188
-52484996
41935300
64003019
-64842818
81702154
-58717600
-44176804
-62028955
-49496413
84867103
-74985412
68930945
-13561390
10711830
26584209
-76473080
-9839816
-33395685
-71790516
21057833
87349310
-30298648
-59263724
4005630
-3233099
-25185356
-13728948
-2400114
42026208
88766056
1443232
-32335300
66589734
-47796974
-79530777
45799947
23123789
-17052030
95547196
14157545
25581833
-39085473
77144776
20773820
61668331
89016304
39134847
9966271
-74500459
80140813
20195453
96600831
-65868500
30073952
-39956539
48504802
-39144965
3555735
-51388200
38897907
-29664493
-14765364
-87367320
91921239
58502698
-14102484
-51278183
33588197
-4616251
79065264
37278603
58961178
-82431505
25480410
-19730679
28495142
84884710
-44993876
20729176
3280476
-70839522
46451388
-6079732
-80582799
82723559
-81022350
44332602
99747311
-13917211
-77228738
-19867535
-18965741
-95357933
-96415952
-50732746
21836883
-28662232
72873052
8967477
-90570653
-83851253
1802697
4585997
46152209
81535107
-51053842
58336442
5317548
-77989670
76973833
-70029325
-12688948
39284949
80950536
77383611
-76361642
-48162309
-25069595
65596430
56517439
12793892
88117040
90986003
-57732195
87620602
-41511399
55688452
3415322
42807428
-42262917
-33460358
-10709201
19576647
-55340445
-35560796
68687244
-5356893
-72396472
-13541598
-84110494
35466425
-33927451
-96567122
88800764
-75681576
-6352947
28796446
-24184793
12385553
85542061
1799818
-61402099
68397133
-22953792
28719758
-54634193
44877572
-98308195
80266627
99948918
-25476254
-83710569
-9682583
50173450
-36272856
-77656061
87396666
-30379259
-89410628
3995118
20767888
39879672
-38695071
-90013152
37197919
45556158
9642672
10092655
73714975
23980153
71178863
48993836
-96060623
1032323
-47683375
83160085
-42767453
96529815
-59164590
-19899098
91879395
-44477135
60801987
9213002
38899461
-47399563
-99018668
90365667
94910099
-2109964
-98495132
50790803
-62461731
-35095650
-83056385
-21239711
62074198
-29698492
47613056
-28081726
-22705228
18428013
58793182
84109751
96889477
-94484015
-61941820
-25740211
-30419282
-71534966
-50110901
24245764
18711074
-42490125
-15842329
-3154055
-29556742
78266809
-8331746
91247648
44595639
-17247311
84080601
-88048810
-97656811
-97125227
76878612
-90366290
13428392
-83666080
6393679
-9290830
10207786
65633299
81715957
-70468406
98430520
61116319
91786873
-91136930
-46353898
34714411
42615742
-19997117
26128415
-62740893
-48067477
-38001593
-13156706
15114096
-85913226
-86937007
-67604781
79290763
-78813273
-85080015
-4286170
-83563949
-88017901
41942200
-18492807
-16907837
65341113
47325931
-12156261
41490096
73938758
40417949
-11459124
25640435
6406657
-1297788
-71658625
-48621501
-30960448
-57898967
-64662984
44503679
-77249512
-85754000
6543955
-112422
-46428539
84952990
-63200684
64042591
-70536212
-97556996
49050074
-83736209
-4406511
-77596052
-19241454
16120439
-99550954
40321864
-27859162
-80967271
-57560173
-35430693
-20556062
38967819
-44049207
-84708318
32862907
66804302
47631579
-12901370
-25244674
-81951646
84031852
68370825
21664070
51195598
-86215792
1748703
-37004275
27946760
72366283
-73949855
-32003626
65196038
-13052816
-65053924
90235423
5571246
97448588
14885063
-80129341
87072401
71257855
-5794374
94766468
32772549
14812419
719819
-67201575
-85860464
-24564606
60583648
26382081
87598212
34809259
16252963
3034705
-65516806
82956999
59810077
-25738234
-29459821
74650392
-45536421
83765591
-5302096
94359922
35364875
-89255263
26282922
73943072
-34812483
-1857316
37632946
-86195495
35805237
-12962044
-74993097
62628240
57365137
84994756
-74529062
-78592045
66211147
59930871
-72984702
44367619
76340346
68325867
-60774622
34672328
-14652859
-75399954
4790312
64578186
7516536
31561642
37060538
-75726558
-91063843
-98034879
-8566745
73873834
74834279
88375510
-30361481
57353378
55698858
-28833498
67374791
73740308
-33082589
-61033
-48692936
-27758534
-35831602
-96375687
46805478
-83551682
22624949
85881048
-14216986
-30945878
97996466
90733055
-8827570
-67721236
-52556596
94872663
17482578
-47549283
-97087617
91946703
-1282218
-53966824
51656119
-57755554
-88006347
-85579114
25899212
-90301554
36600912
-65352030
35231824
13427105
-71868401
70741433
81346916
-44829049
-76200670
5961620
14260727
-62863997
62457072
1279094
-12479359
24847738
25029541
86220256
37016848
-9154060
9956936
12043451
-72097847
85885832
-70786637
-58695369
-63441753
-89732747
-12845211
18313263
-70644270
-97157820
80665640
73778235
-44781897
13843251
-58435997
-36853284
-31297765
27299064
36645596
-10793920
-48003822
36060704
-4512128
93869316
-89492566
-51079470
97935175
-54074541
9086563
-29365285
90815179
92627322
-20006054
-97548089
36845300
19140584
79397579
20603013
-46111284
-38748422
17552072
-47085219
-37824372
-8792881
-43618960
84135639
-14721011
-30087734
5456333
-61459637
17450736
-14371484
-97594431
29769870
-9535412
65446502
-47089529