57814137
-1694218
-84471705
88859901
-52798163
11238374
29793772
82412917
-57661178
13694517
8013892
43652450
-29139577
-78404679
-39948132
-93946641
52337184
-33498736
98219874
-69019964
-61752554
-32426145
28852801
-79730827
-47798811
-234642
-98616604
-28719656
78133375
58387318
-77747827
-45057377
-17148180
-62571604
-34098980
-33771272
-98369171
99812801
-64235230
99849513
-1693654
-95562890
29232545
-40082391
83934767
95897158
59564378
46853964
85895418
-37191054
39097897
-153257
9719562
15415021
69737969
89237986
57618826
-66655878
11087163
-2199997
83447553
33096104
13265873
15781486
-33002915
-3938124
64726378
-64970996
-71661976
-63679038
7994795
37834229
51574148
10985706
16819708
-73362701
85471107
54373713
32793824
75369427
83547217
75687251
78648132
-38868559
-32600551
-8469388
-96248426
-80407229
-19646314
56749064
38289181
58832492
36394573
-93484390
62268380
-60258107
78171416
11586484
89616214
-49052505
47739017
-62670421
-6840990
-13925684
1710765
-90803911
399809
82890540
76505270
98817352
29331355
-62049445
75177656
-9562777
33686137
22418309
-8104975
15554772
32105289
9783389
9946280
63683996
-72984188
56325768
76214696
-8070256
-3824630
27340193
48985928
15710674
4957846
26977940
-71002565
34894169
94598285
77655430
61011677
-76740500
-75274192
-65608122
-51582557
-79962324
-19341562
49444128
32110764
-2001727
-54251793
-30055544
-97893454
-65354257
4675111
40769102
40544940
71944576
98367879
-74723613
45241858
69950875
-8804874
45722346
-77985572
47574181
91370011
-15931526
21719961
-72626252
-64788130
77813454
27011657
-55401975
28611572
-73226751
-34044572
79219985
-70216198
-70132817
41952184
82102933
28897538
78565727
80163308
91627786
35146205
83698584
-18431101
-57532040
-15871499
34057480
56166699
-14457054
-79841159
55569593
74917041
81407185
-66790360
60541348
25483950
5633525
-7370499
4394558
67423732
8787864
87673225
-77755978
21793815
59881014
64791758
32002525
-50684893
-15212214
57916658
-37046454
90329240
12280932
20416087
62371200
87955573
59925748
56100885
-16534438
13896322
95631928
80097342
-65456951
96709984
-66807550
-61251802
12692187
81143794
79779628
-83471713
60571274
-51491700
51265815
81644642
-55193440
46470259
-65212571
-6982476
-36313525
-81893133
56257072
-54327056
-44232402
20361319
49870439
-71833541
90655068
60042470
56928740
-64193209
64307744
72127123
1215409
45885741
-27522526
83897976
-95811448
-76145774
45795973
40395111
82793195
-44946146
36359936
-36669178
-86563544
85578199
-5944950
19825341
-67060208
-81677467
-50378120
-23260669
24616330
-40269935
-46893160
-29679070
-95581456
-6545642
64256543
47760415
58032586
-52512129
-35693676
-85658581
-53629263
-87112575
-11586188
-51901497
55975712
-81874134
-96381768
74905062
-15315635
10745045
4764115
-1194768
69649185
-76165472
63566310
-56591626
46933631
-14884753
-22031880
54591788
-93510342
36524540
-58864953
42055764
25613144
-23947773
-76113231
-96805981
10569241
-21445992
79790298
29177786
64320955
82461516
88636418
6544863
91470087
67182895
-1696860
-5838897
83624157
54702379
-85138983
-65159437
-16486248
83863950
-51664776
-18261651
97195290
88248004
-22939294
42083932
-82101173
-21329456
17885848
-49349410
-54943343
6904948
-17678723
90230185
-17886461
12686038
-86256757
56221629
-30480454
22430605
-88315058
-91431939
-2295013
95266366
34731884
6166930
11644032
-15032289
828602
87326899
-93213235
11472352
21564019
-61634639
-82543905
-21091013
-12511577
-87847590
-77821627
77333054
-36688390
2889298
7191068
-19694541
-77637331
-55325599
87918299
-85469214
85329248
-16205309
62690998
60993169
-751874
96398109
-84442489
84500980
-68021968
-36895975
-1685171
-23056136
11345253
20867004
89338966
37886350
-52770582
18432161
28901168
25774255
-68886388
47421891
-13503566
53030673
-40023089
44859598
-18595291
54463296
-29959578
-20352897
72527850
-65376914
97621872
82423638
-62772561
-47694448
41836291
-54766107
19769070
-71569824
-5346844
39014606
-16040181
-64618252
20581674
14436970
-47027128
77510347
839735
-181784
-84928997
-16857433
18650289
-97803182
17259849
88203763
-88934765
19887837
-30105159
-5251883
-57611610
-92888290
-71380630
93960403
-84775292
-37143892
267785
-1134187
-39706486
-59509149
63640908
-9850061
96365103
-41083821
-41429543
-63477770
-57344891
46350764
41828235
-91871088
-21870139
98763175
70074093
-79511415
37160739
-23164551
94633934
-85522039
39567871
4802028
38554568
28110056
-73409242
94119483
66184849
53884796
29514125
-9887634
-77418838
-44996474
23638831
-31527
72739614
-27635626
9457537
46177436
-51473789
31569015
29786134
-36783391
86127935
23381139
46923924
68172063
-58396832
-13686083
-9715116
60623965
7123194
99159932
41578983
-8289953
92457837
-51021213
-76293295
-94057645
68924975
-65682762
-50308413
-60637042
-45214794
40053275
-84572367
-42684529
66177054
-88702443
65953133
-81526346
-70762171
-3565915
23385617
19022447
-82004793
17258052
-70560834
-34712036
-10246796
-81377104
-57937877
73948576
-89447328
6030612
34776076
-70255255
33008517
-91447002
37936895
14366535
-92128679
-78766191
34168002
-36355622
25653132
55848791
-15087484
-48206246
93299415
58021992
14527313
55455372
-33134090
-18708147
-54941539
-14414148
-30645826
22771729
-61234247
-39841322
-6927218
93199367
38653955
-64728659
-69325778
41387350
26903525
-56691290
78506495
-53765680
98645382
90948160
70703916
89258601
42689991
8648480
-58146909
59386053
36927774
-79340704
-31443418
20791384
-81980469
58964200
97698195
-40699958
58193377
-49095616
-43649568
95867759
-60856086
27189969
-25211288
-13711228
-41216540
92663924
79869275
82532823
-31681387
82970546
74458961
-76183989
44297669
43455162
54867157
33643658
-31491396
59194076
4291658
39532799
-65382464
-16020782
35389334
86210736
-25934868
-9141396
73053784
55720043
-33923623
-87659265
27207659
4793594
96452014
-35161716
32205747
-35786900
32063528
-67412289
19897547
11131301
-96449497
-99921613
-25984731
-94874594
58794462
1862589
-97889478
25134745
15147983
25862868
82531691
62514022
43580572
-56396698
-27867836
-3067926
77947833
75988367
-18381157
-78313193
-76502146
62729820
-75779637
64048660
-2217515
-89219324
-196806
14869701
95792344
-47831708
75637772
60502030
44290244
82310934
-37374028
28432206
-12466533
76206275
-62823770
-38718266
96776715
53538603
7952858
-36165606
-44944881
-17658252
-55612958
-98858380
87970720
88991550
56593153
-17064817
66497820
31454343
-2596875
-34351742
76418514
-62348407
56491327
72890391
-91374423
55073551
12988602
2817392
46292532
16267628
45200546
31765794
-40986739
-91040534
95398398
-1172005
76269675
-69730360
26157128
52080570
-37973545
-83644774
34654714
-60823969
39724705
-49822807
-35267389
-14256605
-61336953
86682424
-49253682
-90856788
-32588655
-70488473
48712338
98836703
-99411818
52794556
-36474746
-47694758
-28513379
68760163
70124807
-92243257
21461441
-50039074
45782090
75278012
-85281049
44914824
-81867228
-10472256
74106477
74030210
-91635106
-89717321
-21178548
-46234323
43552752
64916827
82251390
-86856447
68048385
25272198
-71165398
-9800663
-10451660
-51516701
-57609816
-45377166
89697327
-54924612
-33238280
-43163110
34017902
-9392807
-8299144
-6011867
-416363
53221383
12148514
-56212656
37262541
2455798
61341954
55820622
-26751290
-92082258
-89940873
69899602
72712510
26310976
-87865215
40921194
-10537627
-82583211
-74553467
-6149769
-81201842
-52181630
71619857
11260007
-22824527
20979118
75805018
39559494
87559363
88922339
77412778
-56705426
91717625
4386682
-76489180
-97631651
98106657
75571579
-33331372
-30765991
-47757570
-41328432
31235472
87304450
-60953864
-49675346
68994152
57742138
35363648
12375933
-4862198
-37279182
49436232
98987325
20651128
45495352
-21200144
-51704300
63266200
-11367425
-51654956
-88137345
11240983
-43451583
-14330530
-75243616
75091414
14550639
18580722
-3351173
-13788067
-93195248
-40897704
-70191866
-46705919
-76446040
92343936
-79968249
-61082836
77263720
10886579
-43621369
-52913007
28413489
98586057
-51092698
-37818718
-84160443
18411544
-34421444
-45485363
-17269225
-87675418
-77992229
-36640229
-60435030
2776775
-25368803
1343314
-6527178
10423309
19705099
25540331
92967624
80251818
58415316
95825392
-99472266
33733692
-15981664
-74491404
-79615699
-88651291
-93478606
-45104602
44112252
49967694
-99189068
-74504903
76854392
-9745842
60609444
39999951
-9053056
-83492766
28256051
-65256348
-65256627
-83007305
66877173
3641056
-7621611
-11183765
45380611
-29879658
34229636
-34812612
46176922
25619704
23855763
-25258417
-81492422
66692999
24422512
-72969536
-55011323
68718326
-58613503
25416740
-64844779
82526842
-23246371
99799568
-8862111
75908859
69759038
-89665184
-81976821
68306397
-52812945
-68873215
82202018
21977601
52760925
47468113
-47537572
-16345593
98819823
-77703672
93904575
-85322621
93344562
92239586
22406617
-16283265
57289182
-68220215
-65704350
-48684051
-70419309
-26146365
-38582752
-40921525
31353832
82788701
40057135
-97366644
-80798261
-46680600
-15131918
-22584548
72196764
73049095
73596445
-75833620
700207
-59261421
-38606788
-85724056
-55738331
58774721
-77403173
-7802195
27833743
-43020978
52940499
-38228800
-32765557
-88225649
-98573630
-3355404
54701690
-47596860
-4476003
95401278
-70557835
43449408
-60103755
-43744424
-36976069
-7356757
57420310
24494821
-76641830
46346377
8139547
33266184
97805413
97155527
42468228
78226055
94487954
63095150
10385605
37178082
89145880
90355839
-27877111
7888186