56659890
-30207783
-47392441
73466746
-3120437
-73027764
-99094680
-42426823
93994763
66492310
55318563
-29446634
89565762
78137148
-17613595
-44980742
-87190604
11881792
-41706212
92485525
88079365
72733658
-84377322
-1771216
-16999255
45887172
10792232
-33937615
-27763051
-37887863
70649436
-82544216
23457433
-45715857
54038094
-14431147
-19517832
-61868992
-80162203
37742622
-6257836
70669072
-40728130
86792738
77450700
70427765
79202709
-93553026
-27430006
-37242828
74796419
77347118
40355034
92294489
76649164
70082401
-98165353
48227357
-28997696
59781370
72525835
62742842
-96620998
92318187
-32550109
58777658
93278826
24117712
-88192348
40562399
70824590
-21139480
-27611008
-27434061
78204112
-92650824
25464387
-75455557
86031947
-88833991
-9016364
18626405
-40646031
13055976
-6021135
-53252535
-74556158
-24259831
-86895541
49716999
37525337
-38374892
27989103
-5514250
66898318
-12836396
46082970
47685442
-29200298
96450610
25562637
-32589221
-25972540
60605355
-85453923
-64732225
-24988217
-79176868
57801652
-80351064
-50038139
460724
44918569
7421514
69641789
-51327083
-51866787
80473203
-5944652
-61374768
-24481828
1805453
-93415884
9115229
19793975
11289209
-1999535
-39270056
54520176
97081030
-22362000
6688552
-92812665
-23756435
49030235
78502565
-29853482
23327304
68431854
308068
-94229450
38782817
68078497
-31804693
95146194
-6875404
-69722099
-5684089
-85558747
84938087
-58459672
-98043137
74490937
92001902
94093262
96412329
-81865853
-88602642
-56892213
-51204861
-47808325
-17529914
43537758
595380
-34585304
6052495
8631180
-90366100
11707465
96525135
-36425002
-90127605
22141808
42567308
-91139151
41736939
68722387
-7885591
-50844078
-79048126
-92098551
-64002354
-20800099
20206460
-73039292
-19442206
-11537756
-17458968
-75896844
43302130
48285349
22406902
79760059
99382519
-53349962
83556275
22606968
83654769
79437717
53754057
106110
-56388651
17260065
33158492
68337616
-55083129
64527711
100134
-21592701
85593680
82404507
42018917
28666865
-56384202
-99411868
31388310
54174634
-52896105
68801948
98393661
-10311896
-16686110
-87374456
-82723674
62739771
-23753582
22676027
21990937
-94061362
29575955
-72875927
-79658976
63024200
-73440689
-51334575
-55687482
-26792812
66288788
-91375139
-32959989
-17411427
-16565616
28366300
40341096
19811021
32169857
49044013
-93489813
-96325979
-33115862
-80295081
-99858532
79026317
-20004460
-92813553
10264156
74253732
94515223
-39041052
35612886
-49045551
76727382
-34770919
-71115418
-24313862
20422344
18741155
-72530553
61640188
-76610934
20808968
68007610
-3312791
65314665
-76765223
-73356926
25732055
-81082082
-96351787
1003394
-82204815
83450939
-90353324
-38363647
-48814597
29144775
77737736
-23980909
-39544207
73393393
95410432
-57702409
74625159
7243356
78092703
59673882
-83895383
50509135
82733866
-58577193
54257449
-50164886
89856817
80813929
39648940
-26575261
54616468
83463898
-88798867
97155159
-97559398
-92620562
45791206
-71329404
96393323
-38565456
18719116
41283727
-44904962
37040554
85931430
-50598929
74223752
55271004
-12478100
-71914260
-31404339
90135371
58910472
43604266
92560709
-86018847
15628256
-18043223
98714177
-29893363
-6360448
-74795497
-97947557
90155057
62933829
-90959904
27510625
52682345
59584256
19854488
-40536010
77752847
88705275
36314693
-2388824
-18742716
45356860
24814991
-47140255
-61807210
-52685285
-40973649
50995769
83878922
67580835
59664309
10804806
65600588
-14994623
-92219270
66929063
-48970489
-46275732
-71775655
-50556733
-84610803
-48555078
-86515395
80313923
-88275782
-6302523
-35115879
-88477968
-41234414
-7040969
68844793
38261557
54165122
-42024241
75480129
-96991462
-17080066
-64329689
12939041
-52469160
37881763
27768433
-6998585
-69806163
-20160143
-58958053
-253967
-40412049
73093555
-45480017
-75394545
-63043320
-65338092
-59193478
-59511792
-50590054
-51460818
-67576839
-27557715
-93290332
-2080893
-66088975
-19996036
-83156058
45756723
95885206
-58955848
763992
-84601192
31400116
-47171779
-19450887
78312264
43527507
-9788802
61413840
-4410871
19851003
18013554
90956975
-99718824
96650596
68885347
43781811
63423624
-27988875
90822570
-15047173
48858334
-39330741
-99692851
-40587871
82109887
87694331
69223507
-775448
49792055
-51422751
-82421479
59973350
94683876
81153612
-99445856
-45159282
-33100096
52346889
-10794147
8771704
39581997
-63332036
40775388
99884213
-636989
-40935952
-15042737
-55537264
-62417651
-5578416
77055692
29400081
-28790843
-5339509
-60325627
-9859021
33301074
-37762319
63740927
-86264198
47295930
30357995
92372886
77095979
66378776
62988863
-6471823
-90631158
-72585710
-46510456
18075333
-35323266
-42995811
-48932017
-70596064
66813456
91806707
8561119
18497627
-77389561
-29919851
-11376034
85923162
-23484196
-87856668
-62142651
-64529402
66659879
25822661
-80178989
-47951382
-10712349
-80020756
-55246966
30556303
-57328423
-93782208
-87009008
-89479186
95193792
-9641244
-51511204
-35905836
41758083
-96213114
-82807947
-64057399
-13042143
-79916556
54093248
-42108309
62409019
95028555
82946696
-13398539
94949048
-7337404
-5109380
-79176474
13743924
57207635
-55431737
38966886
81719611
91430524
-66098523
-84120989
-10921806
98631352
-23231008
-57862095
-15113435
-69323758
74116494
-28829790
49520560
57833083
-94366146
-75898887
-47754807
-91274171
51702047
73117345
-46690953
98969481
-16303951
-49812110
-66645809
94814342
-70042352
-99954821
-15054418
73691900
73995174
-41380427
-93823240
62895269
90703127
-65856277
44496068
-98164755
-62441734
10302663
68751621
82621962
9915502
-94077032
-46246738
52297977
-38296589
-55553823
-95973701
-25238338
-43706792
-15355846
52757899
82074812
-54553859
55466542
88557651
24470052
17639097
26720258
30109502
-23022825
-9131023
-26061781
25574262
16287661
-13566548
8683911
21490957
-15391753
72758713
-66901412
-26063089
-41147517
-16796843
-92961664
97606826
-33142592
-73889413
25287527
-74113765
75802894
-75543902
41240983
-25590398
35477279
72835517
-61347940
-55804281
78147009
-74928490
48425429
-92888350
23801013
77410236
5162209
7195389
56058020
-43760235
-42671089
-18867038
37852419
21565621
27406354
87102562
-15391535
7831488
74949670
63437490
35745320
55908197
19177473
-63349360
44594114
14317798
-48192935
-81809015
28679957
-75601381
-57607236
-71511500
-19011451
87099013
-29300203
42692037
5137753
-65957619
-10993901
-41310677
8067518
-22977057
13100152
-4390310
11588312
55805575
-19166314
3546265
24909035
93217760
-79992872
-26962412
-78645720
25580953
74822020
31679442
-84970626
67278699
74917310
-35337077
37250998
-39620730
-91626803
-34261546
-82850615
91541740
48056418
-72727436
-90293717
14932941
-303644
-45009974
52205007
-66928330
18473902
-93221718
99820839
-17108756
-17653591
92630252
35971260
-13523492
53243309
-85341756
-94491779
81031825
84417196
13309059
90159919
-51382944
-34953504
-12027202
-61585673
-73493655
-15551059
-97198372
30114203
43498100
-52096772
-98131098
96474654
-24399416
-37136644
-19982152
60004135
-85736588
-38057971
62060892
59906880
35431181
62451029
52874337
-29906307
61265463
-87271865
87492061
-42678305
44157876
2481745
-74963535
-11799474
-88906250
-86338170
72560660
61245116
-99521090
-23429490
-90404736
-49957469
93763678
57278723
-89604582
-97899829
20434641
-20720781
18503718
98996084
25601030
-91962975
-63985487
-39553826
52836677
29528742
15312138
-12856116
-75132626
85690262
46754046
-44403112
35520111
88276113
32683320
7720524
68255039
41540833
-29174277
-41172024
-90411252
-99524531
25085989
44990188
34751917
84162055
3463965
85848613
77792261
-12107994
-19339170
36724610
-30310040
29263931
98028375
41631367
34198550
78467063
-91495719
-5768436
44239301
-41517184
58822957
-24743370
95251854
-94996629
-25772272
-13143980
86988949
83669880
62503106
-11581685
-67041309
99921670
59887244
79979352
4950040
36147320
-667428
-45900899
-57601804
-75610880
-59486570
46905245
27619990
19184440
-71541508
95688849
-1045165
47319586
-74111405
62626187
-65422659
51617982
97635643
-47074794
-64001688
72978491
-91652629
-78932000
-97791467
5857710
-80492221
24859507
66958554
61946464
89725178
14716505
-40419522
-57767945
-40009235
79576054
-29592844
40247022
16362943
-26090525
40600345
87954701
56179291
57342265
89035778
57753090
87668891
6002399
80471569
57525294
44686158
-14018205
22837361
-44427909
-28637935
74164065
-19895972
-57083776
-29226911
50912635
-21641197
-12277392
-21088494
-68681893
-84147660
-66903674
-90154088
-33200048
-36425111
-1093365
39443772
-46971587
71910183
-45385447
-97195218
-10768953
92318999
3627375
-85982116
21985163
29535989
8221631
-81035245
-14080808
99466674
-91321184
31896579
-92955656
38037612
77748704
94012342
72088214
56240638
-76974324
39924527
-59839742
-40603562
-33102523
-4797987
53744081
30007923
-77223387
-31575039
4529969
-72113114
-63616432
-25394788
-79399062
5162195
-76811732
44056838
33234001
-76368770
-55929617
-52205246
-91110893
-55303776
-3204245
75085242
97266932
-48995441
-5430445
-18601896
1035641
-1946221
-8011078
-72054282
49211754
93677295
60556337
38090798
-22417552
-11133294
95635186
-78793742
79581681
-43765981
80800902
99072724
-44372220
43702760
39360353
63416586
7555797
-32394353
32620619
11489558
6349930
94196539
-10868386
53334493
-30659368
-33334872
37544077
-16386242
39595257
34244727
30200938
96713019
21625321
4020665
-62734294
7292399
-77573934
-43204955
-75865216
-44201622
-62388146
41176083
-15543164
-11596507
-69495168
87994268
-41177895
64208377
-63099242