56275141
-74723213
-66688445
-33341881
98804688
-44760055
-34194790
1470300
132052
73573612
36589390
36823903
-7459399
-29548986
96394696
74497420
73418737
94912107
83226251
-73607238
28484854
-60522689
-93950302
71774084
-73731275
-5082006
-56783691
-60209260
-66950693
-599584
97835308
-33418026
-22535087
91804117
-32191932
35558495
-84774231
-41789256
-96091155
-91004896
-50789528
-31346632
-40943376
-28082485
-97042362
24887682
37469260
-86702506
-73337537
38987839
15607523
33222969
48668372
15641207
54947436
-55535167
745376
86521768
-10703558
-17880600
-15286859
-60708246
49244592
16152846
-64054931
13016252
-79698238
4652735
57136316
-1792006
-168747
18310307
52251488
-32723086
-62474335
-39915676
-44925657
29918024
-45204474
-86306174
14491589
-12757124
75364045
-47588357
38185896
-47423869
48897580
44275022
43798420
-69216048
-35412719
97784095
-63929583
96344022
71198009
-38637203
-25978834
-32161255
68342465
-8594682
85028416
92081571
82790275
-63291812
-3274663
14293122
-77836941
-39472745
-15393074
-7236521
-81837332
99019251
33676697
57503848
13907907
-32669321
78537857
-79664822
39199393
-40839526
-65627490
-57523878
-77527705
-67613622
30340484
-51065237
77550504
50148281
-31418848
9771189
-51085198
81085624
-69381816
-84214104
-59401213
35601376
41153487
36236802
-77701463
57191649
35388965
-87556578
-90795004
-83666132
-26881081
-90939626
-37463350
-36114817
-19171259
62718034
29206409
58454466
-95882696
-63941723
-99975375
26880826
81920761
-35066829
65873579
98235065
-50948413
-52050483
-88717951
11824089
-63608155
64053573
27222842
30212782
-97672170
-89952459
37081051
-58626385
-47785532
-46148143
92729191
51438488
-84930923
-97021961
-20055696
79557944
39757623
-35209441
-39557891
-73136535
20858895
-18911132
49382057
72071682
-20132888
-78294111
81187502
16303980
13865461
-62174403
70119058
4641650
43723956
-61496390
-63079674
-74150929
62279771
-69200182
-17012851
87802245
-19998511
68522588
-8242358
46056917
46365436
43662899
55871445
-90451190
5740216
-81399909
76716191
-75789426
-11650540
-61626594
-31246217
32695447
-10475976
-23740885
-96404795
55118613
-70623007
-90455543
-37999797
47950687
-65931393
-59482979
25202088
-62636631
-45547755
-66244415
-94148750
-63490914
52145509
-25020845
2198973
-31673559
-64709329
31137714
14286248
23241871
125854
-62381307
-88996336
64839475
-49543503
-55971048
93302887
-24321537
-63299841
-39180331
-95878481
-57724807
-59846057
38554194
-8830374
-41441971
-94776890
-239962
-18741557
34165717
-24963490
31227166
-91471765
-74852920
-74479161
-35016866
-79112409
45617117
70632670
-57921844
-17882091
-38833936
-34855219
90070788
-86800867
4917193
-58672690
20824964
-14537291
17793442
57593512
49813299
61753080
13457276
85417868
-95514985
12929387
-70026336
-92680398
-39388870
76282862
37052593
23359608
-21935229
-77617211
72838812
6925126
-68166429
-47975454
11784441
-32085861
-15800638
37803855
-17178275
78989802
-26201656
-21509908
15469554
-41044387
90725667
-10253623
81854243
70756581
97893247
46208581
-21256269
25683592
-69617871
56128935
42870122
43920489
-17147546
74381766
73850687
21791211
18299932
68935482
27151975
43157037
-63877350
-70769937
70318202
75326488
40453415
-61250160
9731411
-14699006
-23201688
99229757
-95373038
69771371
-18849862
-16283880
-92472184
-19757839
88126130
84215545
-92951393
38303506
-48257104
96048104
-49780508
55837718
97947411
49536458
88794108
13611162
37323437
-18041594
-10215609
-74884663
87204275
43306415
-91261321
-67493056
-8059933
40851620
90003755
-65393682
3921059
30387254
10228623
46505687
55537175
36478733
-40708189
33569842
-43781747
-41294776
-97110094
-94089348
12288021
66397860
-99771855
42743179
66944172
27176700
-35090185
42231990
-35675295
-61215258
-55619446
88732601
-11728365
-75210582
-60854659
9275674
4789027
44526318
-46196313
44068778
38673850
-78362913
-70519100
24404094
-89901629
67930972
31799150
-87854680
-2689784
7414889
-50445407
62547055
10409811
-21465000
97337221
37048645
-92743881
65570707
34777742
68224131
12878226
51366181
92912690
-17322170
82472173
61542494
8260463
-97197609
-28561017
-84296264
-6508638
39904205
34694893
-22352916
-9418001
60332122
43239525
80946592
-79715940
6717040
-15596329
49072585
-41041452
35368411
3921737
-24987237
51208825
-72591315
-84126257
-36418833
-43797838
98054283
-63907960
92423314
-62673821
62126114
74203567
-70529231
-95888390
-20036303
88506103
-60355078
-2747020
31226823
-28982902
3091367
45991890
12576637
83500418
-38133215
38105702
-63128721
-76362316
-11571132
-72286505
98183262
-64348660
11652132
17021841
-57679822
74615132
33346104
-68042584
98662892
-30814328
63423615
72026069
3489440
-67749319
-5823263
-34622882
38247331
-12831713
-15285834
-71327685
28886508
-9887521
-74852263
-2117854
7920239
-69870185
94542851
-20721857
71156177
24077318
-54960473
-20773041
24798974
-11044760
73097672
22285406
7688426
-72792105
-6451746
-13497955
-67287601
50678578
-97330324
-74151142
23181019
-95897327
-9749380
-81188694
-32094290
45812174
67570766
-58232689
-72779131
26215352
-14696962
27612111
-8154471
-79742086
-31609486
-30070646
2123768
-54276211
-4479676
-15127523
53763019
-98184590
35895261
-72636113
-42936374
-57810656
-12827704
66174324
75194000
-42445545
-12560904
-89072916
-81484812
-37681926
-33117843
55562209
5508221
-12593419
-65745265
-97952659
-42369212
-65376941
-59809752
-73524009
2789516
-38695418
-12279533
-53169462
4062759
-46791900
-68644468
-82973028
-79763549
34601357
94224629
15359233
89636265
4901365
78225188
-72883050
-30322844
65027211
12191562
54938885
67639923
6840313
-93397769
49342355
-31679816
7810460
24714900
73612755
-16138825
21756291
13498567
-92716197
-42784630
-59171826
-61270283
67775406
47176592
9068331
87568131
-3928229
26867875
-74270955
-87676861
-45950172
-4906211
21066995
-12871898
-83174361
-62847446
55739613
61021320
-74626
-55646955
-33610344
-95946299
-57933166
-37451314
9298944
-45069304
-41760007
57729445
-57069338
40529655
25700329
11224237
73410988
-35072044
74268389
39824307
35011663
-52427658
-61478690
-7675916
-85377763
-46178324
-86409950
96020375
2961336
4366927
-26197148
-72748794
1010981
-19582820
40811765
82896803
72114429
69335793
27102358
72747592
-25571374
-46020276
-41469529
54916875
-2921355
-82694310
-89151385
84020456
-64846218
-87056029
-39491811
-1274059
46838885
-18177599
27135441
-31052921
63244546
-95859367
-16462145
-75993830
-9678349
33549529
27609365
67952035
70545295
57256014
-81815690
-75578508
-68397547
19941227
6621468
70421738
-23843722
851674
-45076865
-82956580
-78360607
73742282
-20968256
-32204364
86644587
43536291
-4511576
-93796805
-94421982
-69617821
-92611793
92986777
-86972923
54270602
79683889
92809862
8122668
-17350562
-89588260
-86096522
65322678
-5647621
-96662956
-10488195
41220779
13423364
-90787255
-90348496
57231004
57549364
-93110295
-36050390
2184136
-95825736
20096144
-77851403
4503844
-98190082
27417326
-91013683
-13096072
-61847160
51759688
98770511
-34673998
6749112
-84902476
3973385
-4793194
-69535519
68060303
84539165
-88529173
29165003
58088589
12383410
31980879
-75157966
81420678
-54846685
8328898
-22406744
-44842259
51726769
-99132903
51359482
80793182
8832338
-62968477
-75730184
-38144156
-71882243
27116965
76164494
38334505
61835457
-57294924
-33967914
-55185841
-93765548
90300988
74852618
67406810
-4456307
75311769
13846970
33280278
75853252
63228233
-63119438
90232068
72259512
7995337
-98498694
29077861
14549626
-41818312
26366147
55716039
-89030566
83968647
-44589685
-70117318
-47550331
63996134
94367907
68347317
40699224
4606702
10926795
23540756
21050912
-39014077
8937576
-97216184
91587689
-24442797
7266553
85060272
24791053
82020423
54462028
-35105580
88261039
-23427817
90267332
67565264
-48993299
4832249
-56439080
81995537
-53610408
34474907
-60909714
-48375127
28639905
94132845
33566451
-41557577
6299282
91474019
13666767
-67902140
-36128941
-57412057
73749247
-4768725
15260004
-38803692
-60074079
1499246
79580853
69328428
-72910433
39393753
84796398
21430938
33295331
51900570
-96358965
24318551
94378224
64520638
37241295
23305657
66227828
-44285154
-61428502
-17914855
88437563
-54367252
-15256475
-42797620
50803011
87844569
-11992488
-39093001
-11781339
65853478
44947919
-14558445
79095910
-29694860
-12862038
616204
-21476833
-15362041
3465358
-82265234
-67185602
3699208
94863381
47870721
60549898
-53279025
-63299960
-3900346
14845805
32295133
4422329
-22107820
39491465
28030245
-31211349
76725904
-90179330
15402159
-32296592
-95229406
-3265946
15678168
60502828
62471711
-81575184
-17455892
49132586
-34812579
-90224094
-88336817
93547814
-73836874
-47759167
-14473600
-39639453
68107206
-42541288
32506654
4796364
87976781
-2366879
49038009
-4684314
6418178
39067246
-89188437
64416162
61902111
-94933535
82484068
97586088
-66374266
-66262425
-75001756
-7467304
-21594434
-5170244
70183685
86427492
44230480
47341362
-58726966
20013658
63084323
-18068398
-71445471
14402268
-29407116
51957202
-78959849
54423504
73282139
92409966
-53033611
61952878
-47815098
81777634
47600422
16129358
53145549
19929898
37576387
38227254
-77209424
-39685907
-99987672
1913175
-32443042
-8263062
99448248
-88588077
-14419599
20137133
72104538
69554336
62073602
27383596
86783995
29873692
-23769096
-97041563
-93536899
-98370230
47357820
-68016319
-73162568
85567902
-24683433
-34546399
-34622422
62726636
10199458
66860232
-22758579
-88850437
3879963
2976206
55257735