60892128
-55636231
-15005499
80747102
-29329535
-68874377
49588339
-8526560
46974647
27352882
-84611592
97877509
-80837122
66963848
59308094
-83351125
-42342285
-90320422
-54039789
26487606
98268221
-44912581
96191761
18088126
42305792
9460086
70233935
-60707722
-8211949
-22948373
-97728063
-84560675
69157256
67907877
57355365
-33388811
-36929953
-37653596
-73042688
88049639
-53039745
81558329
96498095
31279393
55423623
14155942
55452907
-65707442
-18565869
-81860266
83607627
35101911
-55649264
-31674818
15229110
53941046
-22068508
10335448
72006537
-50364122
-23355156
80916377
-58691564
67555129
81617480
-90363239
48542885
-56734820
11493584
-43215983
39880132
8999712
27251797
98403292
27924154
-87740387
-53735369
93823146
-1279371
21658473
-94907639
85216307
-21428963
-26689808
16923209
65975927
-51568509
71018689
-76437924
-25320998
42726708
21898500
63979315
29667176
60907025
38762808
31031828
45312954
-95534823
46275448
68679345
72603777
43605088
-94458500
45858063
-10889488
63407142
15672469
-40170080
29098661
25502732
38552215
-56612028
14235955
7871691
83823415
57364126
30435659
-41152741
89438301
17582446
77854655
-21854814
66392658
-36510223
-56787132
-27634306
-19311311
68076591
-66324039
-85236207
52168968
-20307462
-13318586
-81417008
-41851815
3884872
-58490313
4421434
79647943
35039728
-13325097
83065640
74342332
-79664309
-45884878
-18313277
-48628384
74712109
-20720687
-64379655
-17236447
9821528
-10112339
82105717
98633507
70777349
18054855
-50062802
-83100292
37936139
-59206777
95033400
97581162
-39524492
-77111620
-18472212
25847619
48335694
77925015
2697956
-3057067
-69712291
-74797206
-89913696
91242707
-74575421
-90615283
97491185
21003079
25707268
-1779248
7683971
-70184668
-57720441
-75345418
-18033807
-99715103
80778343
-86373491
-48806774
-52256100
22897262
31494636
-27459230
-89522449
93812447
13786564
82184753
-89842639
-76822486
-50043548
98800186
-31837391
62207817
90058833
-52992190
-74851925
97003160
98836710
-89370452
78277291
-20708159
-43159101
-48988965
33392337
97294168
55776838
72401281
82259471
-39345075
-16024755
-93503793
-26002180
-79735511
-60589714
17111778
-9746392
-45536852
11846650
-98576323
77882764
29579817
54045060
-1931605
-71054250
-29712486
36822842
-32228663
-66493312
-1163491
17756514
-24820719
-34857256
13044539
-47531554
39511273
-74402919
-25946845
72445126
-34905841
-97545217
57347354
-17014740
-53191465
-46647934
86615543
-65050210
-42597620
21331424
-74735385
-94252033
-73952546
-65127998
76421869
-31373076
77958619
-78436387
-6968414
-58933033
-12735786
1755405
-21783528
90584316
-5581924
-91645541
85104017
-94175334
-34276130
-23419908
-61800843
99992572
-56771967
-63210570
-49224959
-54049047
-22671611
90569762
61192346
-84306099
84615221
-14021126
-17269376
49564209
-53187830
97514144
-88510868
-72228687
-48235708
-51102521
67480727
-23061562
-60950338
82506789
-57603927
85291600
35829794
51462196
-39509995
-96988896
-45305258
23833376
83047802
12978744
33108626
-72061056
38816029
-81484002
-88454642
93836758
-3168413
-32874409
29073231
52326460
-50752065
-67513940
89618546
98526677
-43675367
-4564302
-14344504
42940568
36055832
-3325103
-63209387
-68417633
-66697844
-17889832
-67538093
33989207
94245619
99489662
-80409761
51041251
-26703552
42021047
87600449
-72875638
-47121143
57581756
-59023843
72316957
-40709896
-33228163
-12172562
82052059
38564917
2277927
98658330
-8515419
65623815
69102824
1590982
10658670
26673951
8876473
-38009204
45873622
-5113533
-84166568
-54963989
50143216
87474202
78430786
-1850756
42921952
56177875
-86437534
-53487197
-96469876
-45685505
39237212
56452396
-7467611
-66330952
-92652388
78522542
52381076
13518979
6436235
-34736222
-80546307
90825459
-19362450
87025173
-35549695
-51341844
10661459
-48329687
-75849586
-65460234
13839017
-73260933
-48097767
89368409
99584185
40466706
-12405683
99712292
-79995150
-67320692
-1305000
-79933446
-39443648
-53649236
-26326997
-34298779
-85148811
70560242
74993592
-12640707
88597331
-57496440
30096896
11396519
-46116945
-3023256
89751769
82489672
50851077
28064662
-77353333
-80076795
-49279479
26750810
-95355110
30960896
34627161
8445285
-66137549
-58641898
30384957
14670710
-45249489
-57596934
-80168563
37071283
-36271498
-83039481
-50434441
-34769935
36039611
15956729
-78054921
-43371687
-74418218
-68018817
67259323
76651551
25789118
49975057
81205413
-370593
85931132
-18622253
-84098565
86017288
17713790
52353179
63172376
-32438243
83963358
-85809612
-12859158
22562996
-7431995
72131203
95399348
-72153959
83539710
-64900095
-86919934
70959977
1228764
75799404
-38304854
-26231404
-39235393
-52007147
-78064143
-59837743
70894394
-8634097
181152
-66724347
-82129962
96927932
34243432
21001562
29390198
-35734622
19646797
75314701
40100773
-85562868
-90656197
-7055827
35676551
71766045
-65380694
-24646119
93066359
51853057
-18488437
69762959
-87512289
-43410322
-11646948
-14928729
-25783356
36864767
2142190
-10065788
10873267
50358048
48450384
-97009742
-35408950
-65921966
86465793
16551511
17204593
-35568190
79037239
56932679
-21781035
23693059
-86817818
7351132
-36635940
-62315387
-95144453
-22802680
-6689650
-36577314
-72009306
96219412
65473630
-86219377
-4288558
-91061683
48753832
80568101
-41127590
-30028708
-19163275
2152722
-32299130
-56560062
-22920013
-72686190
37969722
40357889
70119821
-75133119
72802146
-35629330
-65575718
-34658881
-77180046
90166580
-76790155
-2594118
-76575794
-31556968
-18714419
99348649
18398085
-99022285
-97766025
27463230
15963078
-32618128
74744369
36402543
-37462762
61353521
14752378
32914671
-20422178
-37675009
83696570
91211054
2153423
64645979
79730840
69466612
-10220881
-58057273
70630387
-92591775
51704104
22408477
-3096118
-89502797
-16784003
15260359
96555411
59968808
63366729
77998376
20668024
97418410
93448558
87777603
41474852
87974033
43225474
-19368352
-16182290
91516504
-32239305
-55288347
98890794
7166295
80569838
29699443
71849076
94337442
72090982
2958408
-80537529
13704623
-68051362
53769970
24660050
68078531
45732751
-27459792
-45458142
-88021314
69071932
52126853
96586697
22145518
2659042
-62238678
-6615226
-51353304
61629039
43322856
-36464067
54593521
-52595351
18866288
-45667601
89260864
50295302
46171998
36381075
78788107
-20703037
71282644
-22489956
32158301
25633532
-9144549
66994062
-50981527
-96877459
-70294265
-7191924
37066436
26915115
29625492
-29052785
982512
74012606
85612514
-55981382
-40381769
-86680763
-33747845
-87611686
20418947
-92915381
98120182
-62350487
-61270899
79586612
-38424382
-86361142
40919935
-77595874
79851420
-89492804
13094219
-3086466
11158850
77806822
16971409
-15280130
69779274
53160082
-69945085
50193056
-91547093
14375823
29505614
-33773340
-75486852
-49427836
4389801
77730837
56357029
59666945
50188685
57650065
39363181
86741188
-10335078
96203215
80122429
66315059
93817778
29646799
-79204878
-2102103
-90384976
-12567236
64940224
723509
25115959
73384512
-23850034
-60594885
-51399598
-53304556
5751386
-28617744
-32159929
-82657006
-83254688
-81200319
64202331
56595208
93694486
28075205
30678783
-50088775
-23996032
81817077
-53554635
-60058619
12556109
-52377255
-78276180
56623074
-61962706
26906922
98913808
-55872361
-91457990
82774260
-75189194
-61580615
55981406
86843010
829674
56881145
-21613499
-61637386
55899116
18504572
6130553
45750366
-3801339
-36488004
-26932637
62998218
85597390
38304485
18923898
1042062
-84857703
-93239523
80944759
69077628
11926432
-63038730
-31680833
-42040433
-99196671
-90373185
-63891999
28607563
15350618
-42451309
-88938424
-46024748
75575558
80363187
-84122159
65184319
-68820050
8615651
95480043
11092251
-40100054
-45042451
16368485
95507746
-67036407
-84435365
45179817
-65319977
12559368
-22687292
99462896
-3161545
6054383
-38417602
33207743
62056481
-24310887
-2358220
55719306
52285362
77156568
66237936
66112535
-66862886
41989144
81987386
20353686
63257560
-33922153
-41800136
33106902
83812
-77975221
-25000387
-52009470
33096302
-82376183
99335504
-26253594
40429628
-35882018
45453699
-96718288
-81116957
-97059954
-82943205
-19402450
-78953471
87528889
26378328
26573876
-71356162
14163480
-86980545
-79763593
-50382335
2797534
23372134
61994010
52184580
-39242288
-71675689
27631190
45233051
58358125
32617642
6096695
50609346
21469959
-95645483
54973919
-91642100
-23447604
70920151
-6144053
38907989
11584201
-69322878
3637496
56056737
-15406966
15816008
15762274
37340325
-3667230
25390983
83224466
-26481699
-99877716
-16973060
-87342003
46760324
-586744
-87184536
-76734601
-20031289
-9280452
34049100
53289950
-76174345
-12130760
61823687
-4457847
43002633
-50169664
80792425
84373652
15523606
11323137
-1884272
-16157463
66231838
-46059696
36749407
8445534
85070764
-57974357
-83954338
9105774
-32662563
-62733604
56237207
53722322
93077819
-35210910
47721616
27357580
5903180
22807183
-35759155
65334155
-8044194
-53803576
-64467012
-90930098
10504176
-3741284
18067021
-39984931
64836320
-26787160
-70481780
61802781
-57924997
-67172028
85263658
-6615693
59507702
-80228584
33976061
65280303
-63450270
-15200907
-26397354
-70574891
-60029437
3719160
13670528
-25926666
-58293869
-83153970
-68960582
12503830
-54104709
-65429577
-45528674
18839330
-54428479
-86234742
39231774
-93423714
-91818851
7965039
-32072421
-3372238
46467602
28795506
77010042
9229098
-98011207
-71639900
11385150
-96780064
-92703546
1430286
-49783229
-15505501
2577147
82486962
69462393
-51454198
-53981867