59160758
49077061
-85644785
-68600812
-91891929
-46702416
-63394880
74270446
6556565
35838777
-88146685
-62882863
-55039525
-2305948
-37305806
31148444
-62060993
29141776
-83546911
93313932
28664004
17669083
51146669
-36779640
-7772654
-89428653
-65526766
46043747
-61803523
-28589890
99304566
-59639811
-46346657
73346118
27396445
429446
-54846831
26671848
52864348
-17204492
-14717426
38978792
91320233
-13070848
-14001956
80364690
-2270787
-38369875
14434963
-70160351
-19250304
-9587738
-34907116
-14491910
-34805966
49178398
11431276
25571864
89508590
-35466201
-34825091
50219949
3585636
-91445129
-70031384
3156422
93429522
-31617603
-88944179
-30079462
-62909963
-91260517
-74510919
-62539825
-13241575
57391000
50772441
-41134939
-27858058
50535437
-69407560
86828073
-24674191
16074036
-55948764
47700637
34237620
-21112274
93430663
-54488927
45843412
1472418
1891598
-72625740
70241239
-76422061
-54536488
10513566
5503185
23936901
45890634
40810985
-97739431
1606349
-14720609
49819393
-84737300
-60836575
1775234
-62359845
91160084
-94184576
55938605
-995765
89237397
-66957196
-19648137
-1346048
-36026789
-80588022
-28856463
32132413
65940285
11295022
14004
-4423150
69974627
67666127
-57283784
-62471634
39393849
31605886
-89032420
36272021
8819706
23038163
27154819
-37462165
-41309671
-6445750
54137990
-73797355
-42931245
55812082
-10580577
-86842562
92818674
-32694681
22506677
81303883
66917556
-2869768
-9327695
26446965
50551950
80009934
44802774
149389
-31310676
-18882515
-26311256
51390075
-81822274
-21785095
-73892729
63572971
97708689
28451146
22951078
-70705278
-95231125
-62940141
9639720
8820599
87944406
-82050566
50841657
18542845
-78452200
-49184706
1401672
98577007
60779842
44956885
39019413
-11483213
6991607
15939248
-94375015
24470705
31223014
16338137
12313100
5015351
-11525828
-60326793
-49208367
-54072795
89910202
84385869
-9069979
47499071
95536973
52526821
-38428815
-17855815
-18112087
13926832
58735895
78679012
40877118
66710041
-94186670
-5657057
-61946831
94980939
9395466
-98052153
1790375
-88686477
38458847
-74893224
30952457
88184703
43275170
-73440639
-39022705
-88126236
69099560
-84982884
33739691
52619580
-53461335
-74306508
-13493152
96974594
6888196
32132012
-64372413
-86536930
-81278804
63535135
81818579
-80895635
60470393
39135506
-49056097
-19361711
-91963294
89640651
-32699020
89862867
-84845416
97344586
-829589
-20525016
20940225
30210522
-59618636
-57428356
-76758112
-10118146
-72279690
58410929
-98519213
-98924026
-24111123
29646106
-54101335
72470476
-75984302
-49867805
-76786910
12807243
91387662
-73912158
-60340251
11846577
-90287588
12438994
48668636
-96545898
-11978266
-58484425
26766791
93518934
39885580
79772603
-60313133
37882328
2215482
19909440
-10119459
5693179
37769005
-16583999
36406465
-71474136
-36130235
18733529
75560785
-3578510
-78841322
-52817533
61205812
-7028768
-97056674
-46138920
41419632
-28209145
25653766
-40766175
-23564949
-45527711
89971370
-99292487
-16235442
-65883844
93053401
-35614010
89533421
-50702891
30972156
-43495850
423204
-2672128
87962212
-9420316
94115113
45013779
22627870
-38278564
-35796370
35805853
94686092
-77214427
22973818
-47263583
-9771548
40932588
317588
57064543
-36907477
-41691518
-45055554
13946155
-31734756
-53332490
-55858498
74190102
77435704
64014288
77678007
3847504
-34008260
90900772
-38410430
17738741
68330881
64125457
-88350262
-27676523
36226172
-29904819
20874946
34699715
26750988
-80450737
-17619200
42819948
69459928
73972999
6337739
-79997025
59630985
78250522
16834506
5554790
37626545
-71080979
-60046949
-10078645
52314926
74473866
38559773
-75130318
33752188
-92696086
14163740
-60189608
-86797633
-58329198
87990654
83368286
91867657
47458344
56847694
33609495
65825326
-91015397
36495419
75085894
-41597393
-6669017
74622073
-30521190
-75248507
-90562861
-5092076
-60850328
69584801
93238890
-80370090
-58443060
-97184606
23102356
-60056817
-33235125
73904419
-27657835
56439738
76381656
-9243234
86133803
-47866450
-85675993
-32360028
15694222
-86301038
-2391144
-46057591
20681545
-95408833
-39983688
-61042267
16184585
15184183
-20764831
38307630
44411545
26365297
-35433371
-63471330
53395936
-25721287
11052599
66141680
-97313148
66563086
-15771193
80245068
-43597422
31918332
87638523
-25201020
-89383986
92306704
27979269
53493115
-49455839
-73630229
81507012
-61105286
91994727
2454425
83019356
21189989
-23991412
-13653858
-18921069
-3041849
2036711
23465069
60220257
-38726177
31697628
28037364
67045539
-84708426
-41994494
57144827
-44937991
-75702331
-99247058
6688069
-30955365
19693073
865051
36286966
99017841
-12581885
13486195
-6165984
-80668893
72690164
18278777
61873330
64915510
-84168643
8651745
-4901839
69381033
93273697
19129724
-99732683
-67489642
-4392051
-58903935
5296645
-42186934
11073097
-82809292
24654849
-13801286
-42054144
-8551677
24709471
4468987
26992773
86053433
82652792
50082786
-25522775
-60887688
681121
1255067
26452796
-68292837
91568733
-45559425
-11787930
-92172011
19005738
-53492569
-91704320
92635123
-34206500
-36153051
83805921
-69558588
81722040
-21635701
-55111677
3358436
53142430
25041785
-9724343
-18571459
33080834
20113903
-50626609
-4365660
93466020
83770741
-43315026
-50054171
-29023058
95111259
-8534994
-16384087
-68721454
7503440
94334419
-43629280
95876318
44006372
-99180159
-51050633
86721061
98220925
-90779706
-41252054
4192704
-46692846
-40481077
-98010007
-39276982
73426869
-63618016
-11927770
45121366
-89457315
46482250
16278709
12592748
85884008
41424727
46369226
-12776874
-13716140
7718598
-86039568
92436204
-57356213
9484947
-59222209
-14133817
-70830990
-76750909
67830665
-77053436
45546807
-2615941
-70606094
21143634
-6194336
73913081
14278533
-25563758
95515803
54047824
87573604
-35010600
23040975
61779340
-16617141
17793564
-26279000
10647913
45007273
-68528811
98551321
-22312332
-9012578
2452858
-21029173
-8721934
61920522
-85426292
46052603
-11910673
99149645
91318994
-16964954
64300529
-14868555
-44464918
79518293
41248518
-5242196
-11674051
-39025087
-81691691
-42133283
83216749
1116014
60142049
14202071
-54787133
-37482827
11178122
17828051
-75480762
76889710
-19195536
130109
-5230025
63152001
3828199
-33592818
-43169889
66021718
88345850
63958847
78521043
79356013
-66923396
77834739
96047900
-47425797
11790910
-13495283
21692007
9357726
10395760
-62983005
2115698
-37083585
-85399525
-12544338
-33583988
-20841177
-24750915
10218739
-28086801
48684559
-78990358
-2967328
-96596119
9842797
34735322
4535902
-39666247
21838036
-20039949
34298962
-35324626
54505456
-6375005
-12109681
-7836449
53141301
17419348
76232799
-69874145
96581745
-10659003
-34825125
-85193484
-73653730
-12182824
99383449
46618364
41072220
-28756482
86811934
-57426352
-38595579
45608756
-55202161
-29791001
-67962781
61339812
91201435
-1743687
45469849
29630106
15920292
94308613
-29457041
-69372352
41448031
8212202
-36370451
35081263
-13898563
-68283169
-65963380
35044772
46042890
-33826972
48255221
-40251619
47759794
89148656
-63047082
70222802
-72617508
19959971
-90893678
-36223292
57858149
-16832327
79689782
57869497
-61411513
31472405
-30053097
-50710249
-88965369
65134173
26452623
-38241174
-68581584
34807490
5347489
-23306744
-47041929
86210157
-24961069
23232881
11090793
-44617303
1485522
-17503879
-10656960
-83173643
-34936958
46530570
-1245684
11743427
13588251
11584146
-37739142
-37061257
86742796
-59168784
50819626
79275390
48179013
72060428
-79445851
-9812211
82773528
-36284921
-55323935
-31003938
-99091980
40174628
-51079913
28981774
-26577523
50993123
-10648247
9094451
46660036
7060691
19412884
46842769
18883639
-51199012
59016494
65121282
21581958
-4349748
-93665341
85398334
-33656461
-54658831
23831640
-24294915
17177707
35531471
7501103
70747031
-92308022
-96408559
75134131
-60370036
-64272023
-83087473
-88415124
-95027594
71580219
55692630
-94735981
-25450509
64985173
18672402
-23594735
88616368
-36084886
35304240
-12434016
86654563
-27578665
-85484780
-7662743
-12044843
-95862879
-92263269
23231574
-41410018
52046861
40691308
76331138
-75487953
-39091145
62560871
18484671
-15838156
-30590877
91408961
33561400
-31008937
19336897
18949810
-12867045
-53175639
-2108264
28289431
-31356173
-49431602
38448852
71422255
-96177587
53392758
-62830966
2141273
-25699495
-41455920
42166499
88291855
8914872
43612019
-99721031
20977170
-74117285
-41461940
-7445561
-26601398
-29298291
-28977553
17262459
78611478
-96966081
44382061
-92638822
-77736516
-31457782
44177783
-58681297
-60839983
-57801995
84246725
-3305121
-63955113
-29455958
-49890023
7095979
9877768
35316580
-18124170
70114825
-85589577
51965059
-8829515
-65765296
-42923005
92427669
54555027
-51924565
-33499910
4136800
-13606068
-95748634
8145660
83981646
-4929292
-25392314
-96054488
-80183456
-64258042
-74656544
-68544079
-64755405
-30574019
-67938060
-20354562
-28671445
-29559778
-10142597
57871815
26785659
97387222
88515777
41459878
-21286964
-85726753
-85230489
30888245
37911111
97840691
-54070893
-19948764
-21661839
23680449
-52191963
20123291
-29590622
-26115682
-86877102
32190484
-20315315
-29510817
-82765500
-92195663
-91273543
-96379716
23945477
-58235043
-97067585
97859885
-50211723
79224095
-75659644
21919260
75529876
82367738
-37328145
-86557882
82956259
-90028104
93692591
-75628954
-53889671
72986226
-90446602
-32020870
15653133
-9438057
86268462
21368965
-95550569
-65195490
-24210654
-40035317
-2698895
-35117233
-85914102