51273405
-85809261
9816243
-1723128
-71135965
-44894388
94405610
-8742798
-4151670
93585528
81459816
74153160
-67345522
67567843
-23026657
55062875
62247347
-8534709
-82586278
-75264053
-49812582
27781512
-50776324
29095083
-9212038
-60223211
-86472180
16771349
41297487
20448452
8567955
-21093250
-85247106
-94932772
-62139909
-66446347
37774624
-19365219
-98932300
-68332001
-21894450
-34092938
45509990
-72648953
-96257940
-26493098
97129658
20098063
-50162120
-80200877
-95177117
56217331
-45423683
-807328
-23302359
77857695
-13727162
-70964244
-68167248
99767508
-90068014
697211
-65572382
-96953665
-58898416
-93748528
70634336
19083577
-5941050
90051635
-80631211
-16326093
-77150603
38871874
72706976
77303667
90012611
-5586045
-99562965
6881061
46344488
-49326474
97282297
-72180149
-10282246
47016393
-84638658
-42506994
54525065
-31844377
79701776
-27000869
-66335693
3859436
55752680
30567000
64512168
88534126
-15298641
-27717396
-79216196
88279888
1739587
881397
22604795
-85730111
25064203
-40986033
-95183686
-38428369
-96519407
69453208
-53451914
-41747064
-48817449
4252189
4460925
-61842086
83659250
77439511
-79450574
-48457846
11361345
-37925012
-42856376
97270615
55827317
-79660313
90285233
-36145361
-85915166
-98356902
28915487
32336635
95047929
-67496003
-45772004
64426179
-11426499
-96661587
34753313
-8423572
-32856382
89246267
13787408
-85595170
20957822
-45904707
-90592606
86096406
72233441
-88595484
-87953146
-83719463
-54766236
-61661461
-76952443
76029553
43401087
58804385
-52164213
-62809310
26320988
-17117426
72670565
-14162431
94513676
91680449
-11190116
29790081
-79160939
49799828
-31662365
54242510
32624743
70275946
-38950217
-12715431
20045963
48255975
-58347113
-26127009
60030642
82177095
-50601021
-89212132
-23428508
90547263
81181174
63547070
-91693573
21487816
-16277498
35045586
-73843968
76316011
38268628
-97664867
-53538263
-83918316
-31645275
-7356400
-823777
14098497
58015877
19752576
-52611091
-47665777
-58523189
-76556418
-51828698
16002040
5363454
-23112480
-15419435
-34021996
-942824
-88577127
-65475523
-60687828
86728751
5766371
40352897
74009199
-96391793
-88259752
-21485452
-10403265
20000364
-52279275
-50213314
38905201
23501584
-90281520
-39338757
65856172
70033855
26161799
-30973283
-62733141
-33151974
44276952
-98807617
88222833
95581876
-50288892
47093593
16302427
-73259841
-41521878
-15028029
-50363725
-32222660
41845229
21247746
26455579
26174428
-51336393
-56261535
80243084
-24168652
34328019
55606395
54183193
71205820
-72502560
-3863431
-7869141
65824425
52478890
-7282996
39619709
-67705163
67147421
-54761581
17875042
51286467
15923547
45009611
49147805
23353281
-13951861
46084045
-39502576
92835803
-34871317
12109538
-74851311
71124170
-98876537
-20656456
-99728279
-78616022
-61895430
-24703914
9129972
-58043584
36289469
-63690028
49404884
89441918
-47060517
-27319957
76423492
96549491
52816781
17506217
-18242139
-64677624
81303442
97563445
-91163205
-57204431
32607795
-98640576
-1528933
-92873444
96917983
-49278159
-73299262
43775917
-5027053
63493264
93618627
3570791
51588881
-55787957
59968458
91586630
-96683825
95020517
-17668111
20045418
66067437
-89765990
25762291
-18958005
-99135828
1210234
72797583
-86691527
28633832
-86244970
-23247403
-63743244
-28494578
68142404
-38503631
13689654
41313151
-13987004
36095858
29190657
-27096066
93563698
-19602708
77500861
-8939632
-29084476
-91542815
14180902
39822276
27558765
-48414434
-96360349
-25305558
-11797124
76846316
24609593
-55327142
23289548
-62541613
36202981
-27666425
20363799
62528181
-73205606
7253297
-60731465
-97165855
-93856215
24603075
-76010290
-61519942
-51533283
28308296
-29206460
90938813
95653632
32528467
19751398
-18651619
51930015
-77737499
-74253152
2309862
-5386830
-97205734
-24331530
-65702655
-95575979
12014532
35085157
54248355
67125027
-46488390
-81818181
72434426
-63253793
20433277
-2852950
23569294
-7125753
94427358
-4649428
28549134
47704109
46897004
-42831030
83827957
-62376583
96136427
86302998
4755650
57670604
50450277
-57895171
-56796519
11626057
11951732
-71304488
-33627898
36014710
58786198
-75657193
87199169
-97899754
-61248756
-41271493
9491363
25993417
-93706728
6939332
-53365365
26613766
-45987746
-98123292
-60452084
-54262499
68686245
11285370
-2122134
44253815
-583195
9995804
-80342082
89778791
-55233237
55295086
-16969344
-42425766
50451462
40565702
56253531
-95969453
-95824510
-92711709
24496974
-27028824
47113115
-49935529
-1503726
1071949
80749225
-79677097
-15251287
-22279118
-43385632
93349408
-482292
-85595165
-5674675
54685850
-43018815
-5332199
46123503
24525686
25756627
-59086295
-36972931
-85170743
78268070
-69850760
40183161
-49792430
-68809584
89155642
-38422160
82947356
39862165
-69212642
49009667
89891315
78759716
-57430495
85363011
-92284045
-87045061
42342426
13004498
-15366105
11120856
-97146500
-89593969
-41434496
-71155753
47178448
53588457
39595347
5162563
-73503067
-51140787
-65286753
-65589934
-82458415
-69090237
95820113
-39515715
-62254216
-87980531
55662837
-34236857
43773147
65811603
49952973
49273186
42787990
-49534367
59026900
-33505235
3650734
76441797
98629112
-89455563
-43612236
32309762
-77340019
-67365710
85688217
80959990
-27462230
12302467
-64578368
-40731588
66385363
-76346960
99618312
99598093
-61363008
76890087
46134073
-28612090
-69186552
97498046
32268893
82678989
79802719
38188485
43239774
-10550681
-71926187
-95152616
34260612
97266709
-57035265
68856699
74880906
86330545
-87511053
33316149
-95380197
74252825
45713662
19608192
-86135478
66845351
-20039282
46118530
-1328439
73501082
63931603
-38718758
-63643050
14892009
-33204129
8159979
24935244
79968011
38343690
-93947177
50122589
-15187480
87582922
98721379
68679448
26393571
-88672907
14166747
-27910175
22000762
-86274398
-17189631
39115005
357197
93278549
55187996
35145120
-91477447
-50276988
56425694
-48439738
13082660
68001817
41347841
-65069311
-93999860
48506654
-51034488
-57138789
-1905878
48459616
-77251061
70917803
-21895223
-30191047
-28556971
-68588723
-17790744
-52081351
-67617290
44573898
-73824406
-3156591
1373627
-36341091
-38178269
-23750746
-29538115
-41219750
42090716
-8415037
-82382755
-47960368
-13069965
-32474945
-37507752
-7974234
-55185063
-35112131
-63795373
78065825
-54513226
-2364641
-33330466
15073139
95052277
-67789916
4473910
23033515
21660137
-10783526
9574748
44190100
68952756
-514890
-33912638
-10117074
-82185280
60522272
45748145
45099431
74777130
-44792099
-307742
-66428456
-42798901
4439413
-79081782
59037439
-32309299
30060787
-28820855
96495593
47122762
-95832769
-46348199
-69568549
-14833560
-82420535
66035036
-49090915
81428780
-39856941
-78630610
60097896
24615404
-31864993
-29018783
63612067
20569893
-34315528
52028352
-41485861
-57227440
-16222279
-15251357
49557146
65417445
9679460
35516995
34988001
76767373
-24584057
69632812
63886870
-57447593
73390822
94271741
-72312369
35590427
39786244
-67430496
-812808
36300528
-44535136
1659532
78557925
-36282889
16142987
68006067
23185387
1637219
85232669
60612757
4643753
-12873057
-11558529
-94960531
-21522499
-37395534
-74127449
-80286585
78992716
38086983
34253708
-51918595
66980444
-32170394
40837533
6554304
-50107855
92429374
-81865885
-34000746
4317675
-41719602
64093720
2323239
-40019886
-33821973
-92758662
70761531
60728075
-3612258
-63140117
55284310
-36859659
-95572283
-33130737
-47076854
-44672164
-44762609
-78296802
32935251
80439323
13839824
-49399016
-61605998
48433531
-91773013
-62040578
-46637935
49562734
-43244106
-67886504
-66126047
-79997684
73195483
-41631016
4785015
-13897964
97969744
63187878
70029071
60359660
8346442
-89827960
78304574
60907515
46137986
62822085
-31342421
93907895
-88853773
3548242
25098884
74352974
-68917348
-19395638
-18219163
84282567
-80937577
97991856
-68022546
1004064
32939745
27170118
5175128
-28348521
-10603164
23464976
-60157635
-37827853
21951501
74422154
-22292238
-49508023
33829267
63662926
49547275
-68118046
-32482431
-80924639
44171530
-20840681
-7158913
-11125714
-39336726
-61590932
78333063
37551785
77475528
-94602276
14932561
-59810706
84707650
10075947
50084619
40973906
-26109646
-69713376
37154323
-13661091
84963969
79196779
26894085
-52541912
-16464812
66688008
-27919979
-16269736
92496089
-88343731
4209658
65728855
-8985380
-80557630
-3389489
-98473231
-88617812
-93805033
-83518977
-99313799
67366681
-95779951
-87547685
33186130
-79488610
11089972
-31071975
-63798676
63400006
14340457
54188873
73481219
-26710325
79185541
-42861540
22621792
-38736041
39997454
-40975436
-25941511
-27873081
6535639
-20667907
-32490494
-39446471
24665783
15349527
-39021989
-26761763
26816778
-99621526
13952455
37663193
1850639
70690363
-5389566
-74640594
-90591969
25031201
-28287257
24857755
42011791
-39100975
-60285302
-16984713
15254777
-92826791
-18305325
-15669003
30538309
-99041570
-31253583
91778900
54321591
-95236185
29505390
88171802
77349363
-24393770
33640465
69631457
-65331651
23187601
52391141
-41140598
31148535
-81377461
52259810
25241105
-67013292
23884592
-72415216
93152398
-70966610
-91980296
-3309295
-88445072
40391635
-43194694
88870924
-2633309
79914388
-39287521
-93451460
-55283031
85320243
91338997
-18434394
-61042605
-79913934
68787252
37338201
87413296
-50895744
26062143
8521681
43036990
56669744
-48862602
94629704
87051275
-96156619
-44140447
8800718
-63343887
14026010
-6481205
88306114
-80796413
-35741305
-35444979
26049337
-97248933
745728
-61131689
19293615
95638984