68587106
56992376
53627291
-13276714
27135246
-56548551
24237795
90639885
58378973
66146211
95881320
-98688908
-61146418
16177199
35417888
-18809524
-83120517
52249950
67625364
-8430762
-82227107
73746600
46229591
-50551493
-32710865
-22227258
81506965
86213269
-93194252
19664140
-28169105
38241668
49661109
1773474
-37794492
-62904297
-57996171
-35984663
58641735
-51309212
-16685995
-58022535
-51614903
-84131407
-76506409
-89493563
56539242
-87633302
-34936745
51629969
68350687
-45033527
89521282
2744800
48415300
34304561
-80413049
3216608
-33866669
-98959608
-49984869
-25411564
37210188
-38585156
-81785309
89393923
-27651480
13116876
-57369837
16684534
68647144
39232562
-54148344
-10570219
-81037721
-30536384
76910726
50764808
78079898
93880086
-87868640
19452976
52346959
-98363257
-82862700
-85654770
-59754100
-15764802
73658732
55582037
6025523
-30496152
-46179475
3305338
-88284289
-43207746
-67484761
90547569
41941346
-37079906
-35818286
15525331
-7685237
56777496
-625497
-69877945
-61514160
-47422846
96418410
53854121
-69047086
-91158045
-62843370
-36201817
-12344419
-78783578
69593760
42368905
-83995847
36346968
6993094
83542856
57898317
-36482294
65301702
68745053
-97146470
-81990152
84548432
8671266
14978318
20216841
-92012387
38872345
67946643
90631059
20901899
-62434789
31706482
-16530616
53237141
-18533989
-29971506
88005772
-87172847
21992235
75442345
9320765
-11716393
-40588293
71960843
-2711762
15175303
-3359065
-69558482
-84239174
-92491431
46781215
29583351
28993097
41815594
-5723983
-83931430
-72259585
99010
66954248
51220257
-39024018
64455362
-2887619
9522717
-50804295
-92320134
-46275016
18767903
69378968
-68301161
-86249726
-80498259
38761421
-49724713
42717121
-91612633
-94302482
-34061301
32165302
-73310403
68066738
-76546578
-74520207
-60605359
63532911
38868146
-18704451
85972692
82327414
-44602999
-24085180
-22797637
73764780
-77038444
-64514792
-24007138
-94945596
-2114304
16991437
-1738778
90712782
71753890
-34942069
-49284761
13974145
-85018615
54823344
94719414
-35197203
1851837
13927965
55912456
41866110
-54595438
-86847731
-70755757
-72448569
31091720
-29121184
27434382
-53059459
-74679805
18116262
-14577134
94592780
70736043
17213827
30338472
7837019
-93048610
-73859878
77251913
-51800954
-95686467
-42226630
6010316
25179228
9358220
47557960
-33399109
78755026
21973566
75128639
-12021527
-32851705
-58426333
-58713742
-73079729
53981564
-36246467
61198760
904508
7253885
-66306290
-59043588
-27578512
14905212
-85811397
76853413
-99148116
-65816894
-10549903
-44648756
-84477792
-9698306
70429215
1546060
38392961
5831035
-65574315
26163647
-54819377
-67568193
-11573111
-75421905
-64401846
-3602349
52356240
38037833
-47623827
6320259
15480833
-36915449
71159673
-40343747
-24009317
-9377685
-91872243
59286147
62479256
91505209
1520485
-24015311
-3572357
30456347
-87088721
71419753
-63947064
412892
65728666
13741481
-23220707
-3895888
69311082
-94458560
48949270
-7894534
64087870
-91004711
-53185397
-13569716
-47602642
-21953596
-31368022
2005550
-56715537
-31216285
85463827
76295482
-30176139
-57527835
15851985
71044571
64024239
-22644612
54036387
12372866
95909564
4122554
17217699
99643924
71907051
78601207
6473166
-28926388
53376721
-50744391
-94774408
97945829
35992612
-19897715
38699755
-73521169
58449523
33861777
2412361
-2693844
-46834643
-71582419
25680940
94111770
37436526
-60166384
77550426
-90837299
-75080575
-2486731
37990568
68648377
-80915248
91154464
47273153
-11122461
-23263866
-72542189
3329669
38777649
-99022900
-65625224
-71010587
-62533007
65764517
-28021459
27818228
32877487
93094391
94303377
72989413
59638632
-78212258
10615133
61505775
-2411144
22560265
78527107
72483977
-75622527
69595827
73246628
-88192746
74165722
91318029
65651716
-64940977
69460209
-50245021
-79926574
38902864
-12915052
65557193
-98303444
-51930569
-15672809
63331929
18491128
24597396
-94421794
-87611495
21748405
-44432419
87210005
44778530
82754458
-95421665
20659539
-68371414
-2802562
-2817931
67022057
-91895184
99204459
94770765
95497866
-35001109
2785715
-62179867
-23702062
39524398
-74453324
16073582
-13737680
-64940992
-27143160
26063245
-96976919
-99172478
74066453
25368957
47985772
-76348464
49111531
-14717742
37180874
-59255245
-53531393
48202630
35417686
-28835041
-81553225
-97337275
-22873117
99981676
2831874
-92483581
-46374146
19583233
51364068
35276439
31139169
-3362450
75166562
89778115
-29768263
47136317
17946568
-97963157
97461063
-6587831
-64167080
68172768
-67629544
-86252056
34978039
-38285746
-97425472
-20696662
-13196971
91354914
-48188619
44664063
-88316284
8739582
-95792012
-15971063
31470822
-25532622
-85810193
95981280
79986812
-75236983
-37544937
81550681
59834665
-27218052
47340531
66067281
-68593213
-45666199
-17383830
-59181553
-83081480
-407604
-26691983
-14110465
-8023164
9791128
93940774
24082927
-84640135
-17612769
76334741
-34574938
-35212859
25600235
-98430220
50118952
97703124
23997426
-48611657
3042001
-47822851
-35718232
-20767718
-21812093
96682593
57857810
17744421
53591663
-94451218
59786282
-50616632
-92607809
22737671
16298924
-19361811
9214044
21214136
95148917
58894786
-47312634
-75379199
12051094
45864180
55962697
-8778665
-37136945
-5400964
15403952
-44159242
-44979672
49063081
-50155457
-29647926
-36136627
-3953549
70035608
35908347
76600981
35766770
-89418528
-75236829
72125554
68557112
47591920
-54451709
-49332079
34241953
1283291
8677668
-61532272
83795198
-61766701
34650832
91521663
-52722937
-71457236
-67154738
-47146606
-86274093
-965647
72931565
-77582112
-2531279
-1157383
3971589
7215370
-79273029
-3823857
-42979187
-24741855
-16850866
-44019891
-4858327
-49949922
62750936
62723221
-63477925
-32004685
-31735055
-24624569
-58315088
98501255
78054716
350798
32264836
-61901771
38531388
61970758
72209285
-68398876
96492462
-43797491
87392687
-78297115
36557643
-83316071
-60509940
-9355112
4527972
-90298623
-3253444
-59766534
96996790
-20949174
-29398303
-6970476
52338041
-40814714
-51479557
-86614929
-21506383
-61548975
-89001716
74365875
-37614980
-74433374
-77908478
-7895749
14839890
-7868017
79684040
81779368
-99816520
34077600
-11320612
23319039
15528929
85053828
-69564802
-73667690
86181822
77506185
27364588
51875841
61869165
35556810
10193303
-28057370
-80790995
3567447
88437570
-92439658
-44379595
-20921823
-79443169
4263905
-26133078
-11743133
-20451861
50118836
94888781
63982913
31796215
39308312
62351965
-73256931
-91110172
98608747
51455794
74728927
-55232169
35730236
-41350322
9411654
30314061
73542751
-50578610
-75564661
-33209058
47400922
-78303585
-22029990
50324582
-41406387
-43423560
-28194949
73748083
42974915
-27261052
-93415532
-87235968
19658884
57046396
3558387
-74424717
-71705919
-74373820
-92813489
38077566
32457844
17377306
-63619901
61609756
11421059
19508153
-19896648
22197524
-71278354
-16284613
-74060396
-87022514
-9088572
31422228
-61379999
79666711
-99586455
26293842
-67610526
37527310
-23108235
-39058474
-57565703
-57980178
-62332095
-14506004
-71813706
-89584713
70104135
-86996458
-57609434
75813490
-42127678
80663570
17397150
91843941
-74914966
-64202839
33655632
21261617
40293966
-10798651
-55586824
40118380
50775039
26575214
-88243100
10802254
20956708
-1003688
-65554035
-81749170
-26062559
-58332487
-85237542
-19143456
92444477
80445116
-46838738
-21518607
-88379450
-27360152
-81920003
44482173
-42768856
-80797309
-7776674
92201232
36266951
-26253812
-79949065
64151819
57430401
-72259998
51656989
70707140
25934932
-54443552
-54720179
-95884255
-69484804
89001901
-38923869
-42348781
62927472
-67944966
-93570719
-61462732
80330339
85369072
95490726
43351815
51490631
56394513
-38890059
-58962763
69159860
-83493731
44515975
37501227
-13007620
41388687
-79005738
-97296484
83017185
-5240951
-4021580
-22108181
-90206244
-3745511
-10923696
51900711
-33847226
16081319
28677415
39764208
71746033
-40967818
48363185
-34517098
33315046
-59343069
-13405003
-94125690
96181703
-44687195
79294499
-64528680
-20384168
-85739415
-65281674
65095639
48349044
-34314536
21841323
-60376620
-5467779
43164995
-45485035
-97878570
-1959241
6695455
-94738108
37935908
-30374490
-48270784
16234349
44187635
-37767173
-79935486
30464485
-39478949
-14894044
-33540538
93689113
67881123
40143671
87083838
-46083280
45604049
-61595602
-14100355
-72337078
56491116
-46461730
-44296400
-54989622
-25840442
3569335
-59932862
95409559
-13130961
26105229
-34244028
-92347246
-76698707
52726664
-30076144
1337123
-34766053
58321297
92158608
-53924256
4246848
63899874
72198434
-88508158
1910834
-6393139
-32059509
99659538
32683987
35231523
47131264
33918962
53611679
-55683602
-66675507
-43754093
1240107
59579019
-75838885
754403
-16904136
57518534
-62908282
65197328
-88389368
-69979558
-8802540
-70136802
-41922812
-95731127
-29351191
-94617812
-48285356
29200983
-29824205
51548232
-68220464
-11343146
33690206
-62277648
61297624
23344725
49892228
48355373
-11662724
14041474
-40966234
-83414224
-27317349
80119147
-16641195
-56233506
78134342
-30063543
-80200157
78681500
27495447
34279231
55491754
73018397
23927275
86908490
-62074848
90290762
85980521
-31902406
6173333
-90356726
51713283
-25752669
-30956862
89063899
-50290327
1506120
27399617
38930302
-17840049
-68971038
68253934
-71533404
-10946391
-22425971
25765912
-7173339
-46145559
65276320
8450760
-88400360
53073345
-7990848
-36434149
-89400101
-3609869
-88375248
79573647
-26552709
71997666
-28001014
35410676
-30534455
-32876894
23982082
-27788182
87339406
39267016
-43388301
39560176
-65319667
73709937
85380500
-1020979
-55623557
-38741692
98024201
95524229
7574110
-77512399
-89342958
-12258322
23763218
-65666750
45819291
95653293
89882237
-90509585
49381996
48027300
-14674946
85733558
83628620
-86464609
-37137588
27729557
-87084086
-82714910
-15822676
-60619841
-31727120
40447163
27273506
73167252
-51480475
30685428
46713569
51626060
57498737
25968217
-9266686
97633562
-78427330
81872425
80872906
-17653655
46191262
25388413
68517304
66079602
12843466
70942478
84983872
78131279
-26198120
-37226054
-98503801
-44695153
19665311
-80026010
63465693
-68800931
59591618
49414317
24568212
47222121
37386488
65983021
97503530
32549463
-6680366
-990318
-21800935
67367901
1976440
-76197501
-81617599
90246585
93810411
-37781358
-64727015
67177281
-70997440
-36423415
-95100555
-62579491
-17287881
-70505734
97671074
63548711
-4045812
-94940818
-41956286
60604848
-29735257
58368470
-32804612
73761954
-34108429
31889058
36848728
93170665
67753483
79880366
67979033
-10759236
86238650
-82210556
90291184
17530228
66202059
54276664
-61920892
8487288
-62683056
-46699822
10754497
-52545965
-77610507
57031703
93353142
59824450
51881772
-67519755
-73337581
18289895
15117847
70277523
-55423724
-90366567
-24951971
-91871199
-68929075
6935210
49523568
86030992
-79837460
-17862198
-91399461
75176567
-41726765
-38163010
-81852162
-85390131
-17134032
-91781129
-95275065
61236264
-35915612
-48498969
74178054
67728144
8927964
-49372748
16740672
-36415273
44166654
76619363
-94293726
-7837067
-56513042
-78274429
85657644
-62305945
-28423364
-15068856
43797171
-90271719
-57941091
30552106
98797383
-25430423
72893190
-78858899
-26810954
-42872725
56040667
6830678
-54163778
47711117
79625723
47177526
-17738588
-20385066
-40183196
-696284
44665652
-11247775
89010037
83181599
-88942517
-38519788
5857246
-69684915
-15336448
-96995960
-36269046
28166949
24445336
-97027919
-75243426
12908097
-23128127
-94811626
-25475635
51830672
94722508
-33214985
-55768956
-75116186
25044570
-89353062
-94752627
-14481869
-32920917
-2018428
14880991
-89787275
-74197623
60593493
8122412
-33533230
-35203869
6266933
-77236193
-39266438
75870915
-24461644
20895548
29639202
-7321665
-34585764
-75575210
89575003
-15684488
67388610
17258670
36155800
35480124
-30249438
-14931785
-54828101
-76055836
34889034
50988163
60692842
44697902
93835559
70570364
-75492872
-95852479
19460484
-20911989
19967159
61983583
69918669
5926171
18236248
-75743880
-41155393
-88760336
80136962
-5748156
86764905
4967305
5911047
-19929924
41393569
-50841770
76453360
-64377770
35519591
17004036
30642946
56591148
77199019
72339931
47370820
77365738
-93055891
49779635
-52910913
87639011
37924264
-96723034
-7641817
-22502516
-60095501
-46521186
21371179
14353694
-88664916
16158796
57132860
-78911849
-47348627
-66068158
5008423
71000910
-56045617
39951454
56278584
-45835458
36340031
17362777
66872850
-12249495
-46605468
77535866
-34623381
70581701
41354047
-65232196
-31924249
-73196467
-25091655
-40909516
-36695031
-92187417
21587522
-12822931
95924724
-36728453
63633401
-75463565
-8248802
51831586
-43287204
86045568
-13645780
2640865
99394403
-98789671
92546882
17209715
-83640868
86307639
-28149880
48050979
-66246850
4796606
96985991
37856701
-4909434
19641428
-70785364
37744795
-19072637
-42064416
76488678
48550646
47522644
23908083
-28832514
-54388591
-44829635
22232955
-30842929
87401619
35069869
-39243512
-3105532
-65752589
-36244795
-3123718
99376286
34368984
-68283757
-14781286
4428053
23363604
-72027786
53822489
56223610
-55830917
-96557802
-50474768
61880227
34573521
76479372
-22029949
-36180005
45843920
-9095295
46369491
56183689
-93781030
-57259397
56128536
51999828
66338370
-58136823
97440988
60747409
-5955450
83632668
-19108013
-87526562
58297463
26250290
87113287
-89228275
89191853
-74365231
-5923501
-27246285
-98383784
-46245940
27725438
-956774
-80364137
8390463
17329127
6590037
-30542702
52636397
11850546
-41302953
68434534
41604037
-13530021
-14802331
82905583
59307805
34885896
9457967
93207992
-94888571
76424049
-20918702
-76020913
36628385
-93447123
22148184
87267679
-65598171
8755004
-34644353
-66863986
-14354787
-60424143
-78987030
31102596
48780700
33798776
-21172030
94817674
28900684
-58396445
-37753315
13235506
19800875
52677158
36346129
66485938
-73691697
33194327
80582753
23534794
88997368
-51552499
-42438365
36413241
-23426298
29670747
-22301888
-16507212
-49448241
-52162101
59167478
92102585
89501309
-21290962
60366920
-65724333
-45522895
68376088
-70717574
-42336512
37790407
-44325125
-68497190
-68477626
-38668105
38374039
-64337130
94977238
-23904637
-69002725
-64569578
-55448684
-21698421
-31292565
-20678709
84694694
75089074
-85139943
-23798271
-47095895
78516712
-97281103
-35865465
-14450585
-38650662
-44747360
46977544
54552441
53765526
72589700
42184955
-91477223
72323878
-48144280
-6518200
-60466858
15881580
18332121
72066522
-30804014
-13275539
-12535365
75913934
-28803534
52493792
56960175
-53498566
76388024
66852026
-9145907
-6109976
-69138019
-90601699
51781714
-11859933
-62204027
-10198439
-33599127
-57038139
-47017157
-36915274
56981599
-21942971
-16664970
80038397
66069653
57968884
96960337
-86857261
-37383222
-91679746
-63669067
-36941095
-22186189
-33756743
-87034076
-36216387
-40226779
30350228
-84337949
-45738293
11129457
-25364878
-85177607
96548538
89666098
4037625
-93023744
16246187
71159708
49811979
-27156277
92085114
-96940273
97382094
44575452
-46622328
-91310495
-27016232
68031372
12344220
-8068394
15483272
60794301
75103792
67032389
86221556
-75194446
1079238
-82615983
44423753
42572769
-78960515
-87229779
46370507
-43781051
-15656041
-82511211
-73533164
-84654205
-72283311
35430270
58196711
91482478
-8411225
-36283734
95660297
24858455
-25455564
-57297923
65926816
8291862
-32785421
85475155
95212262
15232813
42326303
60056313
-22846198
-12965255
-76010833
-54430868
-9583165
-54979353
26087760
19924344
-49066014
84458435
-26409821
-94412694
72333946
-64888196
35857727
23243861
-16871558
84352190
-73893198
-81266270
99985002
8256207
-9821696
-9082544
69259017
-9014458
27373251
-76550647
51812688
15484252
52399487
68533117
75063806
-35076652
-60547846
-37048057
-81637193
7411501
-62493965
1458347
56630620
-92674648
68448536
-68016584
81133492
-13944439
-74518607
-45522369
-24149977
89023282
-91116700
-30781479
-85467062
-15399166
-55665363
69887249
65509663
30689066
71098191
49230766
75802812
-51316102
-10561586
66010715
98376987
-56986844
11802083
11032048
67341744
87960719
45189283
92373365
93233265
50481145
-15384430
38870307
64507583
77047271
-67114538
49237655
-31952063
-33567890
-8538896
47197615
17937338
28028702
-27805882
-97138780
-41615946
-93876649
23209031
70395482
-91409966
95103173
89515670
-22857026
-6559777
-66911171
-64941455
98378783
56946958
-87683855
-62164096
34745386
54167589
-83435061
84224655
17917666
92118250
-38724953
19789890
37480575
-69287663
-59082738
-9663437
-19628005
-27218676
15592606
78866580
16022092
42024149
25394119
4065585
91279133
88628753
75832389
-52783508
74529309
-41715571
97829979
-34082262
99084811
55818520
61218607
-50578140
-8595423
71364953
-38167658
-10458026
-31138106
-38685242
73118612
-29065118
59554539
64941396
68384268
-50964154
-79798321
-69262727
38062707
-83920918
23165309
-81455910
68762984
79004975
-54689012
52170677
73303997
-15046986
46729281
-21279612
-51058212
39465038
93732497
32821979
63165108
-56898621
-89352710
87497529
75117058
-34007118
-82077002
-4581762
-64556044
-76631219
55941644
-70628020
4040943
56506253
-44686266
27601280
26364680
-27756705
99770061
-33189649
-57272202
-39234396
-6498450
-73930766
-36792055
23810485
96841290
-60018325
93647775
-11108323
56224568
-52944711
-81198229
-4938057
35207870
-60280147
68621766
8825252
-90131
35888828
-18856075
95043283
-25503688
49331589
-77091060
97620459
49885765
-84259604
-87863497
-94565548
98118416
76442224
27163323
70737485
59598724
-87079496
51904136
51040143
-3646915
-53318419
91935266
-7805850
-32925664
64851769
-29223381
82842551
49486383
58953828
-73028824
72084332
35911235
-1673786
63040489
-89598355
56872493
-45607690
-93748204
70294884
64119449
-72763079
-22899776
-53842703
51230352
-63070251
35096571
-98878109
-11209637
-55920288
-86481903
-951097
-87949395
86889063
-72645282
-6674042
76938319
23978894
-53559543
-45749344
32454047
-53723370
-67248458
42684765
-79469428
50704560
90459333
-45467043
-87648528
87333335
-62462873
47296639
-46251954
-82046709
-77799513
-46780821
28972488
93119515
93385670
99827611
-92413641
-94983494
39591299
-64001528
21737317
47259063
-63278677
-57399892
-41795251
-75054763
-37859181
-31892315
79392605
-2310372
-1721102
47408036
-37582910
71446973
27341023
-85054643
-86352862
-12010492
-17207950
37750443
34945321
42635076
-54630753
-38620038
92482460
-95674245
55730644
826011
-61932765
37900720
55687319
-50596478
23458995
50533435
-61068303
74967632
19577884
62726861
-2425718
-45210899
72045220
39209470
95909752
68911668
71558324
-59029579
99755240
56237042
-33629394
18900699
-91845983
72276948
-78705583
60328840
60639788
-1001362
10546036
-88056443
99588428
67043963
62935880
61206831
-64402922
-61885094
-65919427
54167151
40022899
94119322
-25530036
-28418773
98458792
-69781438
-88244515
-82970675
-27638242
60680836
-44707344
27839684
99910893
73958951
15104744
-77961130
9330749
62339756
-15720660
-11894432
47114975
-20095286
-62792651
68885614
-470289
71495390
-25589411
61438418
-45637816
-40499338
46315997
-6537655
-5241922
74638130
-51165776
41688455
-88159972
31332154
64589828
-2918796
-41641736
-5664719
-24323105
-52452495
-92610452
67241546
-12689680
-12962026
-24224482
-1649405
-36374727
24219427
-3140575
-66234647
62018698
35276582
-94492230
-68952239
-78512484
-63268145
-20565814
4728328
40566332
-98575104
42799030
30950727
1758609
952773
4661919
-98606405
-33041298
-72812557
-41961087
-89736873
-50347
-30147699
-32025093
69950269
-18175608
-86410547
-24208890
-46483635
40365886
26881476
-64362250
56329000
340826
73753804
-64545588
6466597
-75201408
-37601803
-84196322
-4969800
-51379520
6069474
12465735
-98326420
-96992880
-40592440
-26330932
-26744613
-67411260
-65763816
-33914783
-81441469
59484620
-39365629
1307470
1945943
82247031
86875367
-2153985
47042897
-36554585
-51685839
57207620
48314959
-47489904
31955426
-77436527
98926885
-5772248
-62397074
24302281
18312135
-74854090
90411706
-71597977
58932395
67713998
81633317
-69886482
-84052043
-28531955
-57689032
69610398
-51510248
54402194
26223624
-8593269
30568658
53277634
39819203
-92388468
-43901163
64893578
-25089434
-24614127
-72604307
79016465
27850917
88482979
57033421
-54967785
24992096
61317445
14383260
-72710787
33734234
-54676619
-30343949
91228932
66616149
-35945510
-80567447
48209360
46895899
28799636
-32747505
55754625
12853051
13746059
-28713943
22457603
-17681331
-97523571
-88680720
-30165156
-53287983
-48750882
33616830
51680409
69953712
80983668
-93024932
37757638
-12848696
-41450018
-70595303
58670759
-42596763
30240176
-19265957
-55988015
-56785687
-69946233
79803378
76281160
-24983478
74115640
-34509186
84957160
-76035894
3752494
-61728324
70102947
96071277
-95591283
-10927194
43591963
63611736
-66264637
-87566997
99179442
-79785157
69318012
-69839360
-78648382
-33652153
1875721
65162152
-90756449
98987566
55254242
40806189
-88684408
-56259086
-59258145
-2446166
48865636
41363
-90203226
66130267
-14524568
-73898738
42721058
30316618
-12820005
97359115
7694365
-59437210
52823030
-96644340
-10745088
32607551
91610601
70210862
-10811004
-47445105
25286614
3557821
8788020
1683398
96302236
40343067
19623111
95547792
53782305
88929560
56581633
-98639529
14869363
-60314656
-67667070
-90005620
12905391
-4100991
-6867421
1349614
-72996685
-35937557
53769587
70357488
-1430198
7103148
-47934838
79734503
-97739045
-69041608
47021090
-83997438
-23491345
58167228
67142382
-41963579
-20462378
-13706385
58264188
-58419103
97845840
60761889
13678116
92249450
60253366
-10865629
-76470745
-44608948
88746213
41289935
94973160
97388207
20791832
-27618066
-51213338
45738923
-41379866
73193359
90409247
-97567747
18544023
62720996
-46216471
-13526196
80436202
1725975
5641508
-37480142
-97461440
38540211
-55605776
-38957431
-41338502
5613373
96167215
-81535910
24584061
-3355186
-81529098
-52012023
-68656007
-11614275
-65581187
-78202461
80326876
-75708074
-97122731
48451874
59094255
73981001
71148933
65033184
90088001
-95258363
54850275
-11679860
-75028891
73279093
14923596
-87416218
13400964
-61495628
-44116159
-75451471
41757430
59566508
91199055
-40239933
84454497
-21580942
37431519
21693077
61575178
32392418
54299582
82454195
-25688862
-37914376
55894636
-50251384
99641304
41687129
87050494
69677262
-82983886
-60658401
-76683094
29353658
-52073603
-13176852
-71135359
50047936
-70871729
-80133252
-62440059
-31426936
-23044957
75837440
-56980701
-64807142
-38346082
20490854
-38199904
95932361
37745426
-79023893
-6460105
-84557381
59673544
-18752403
-88953121
18655868
-40290543
37347642
-84852380
58407838
-31276454
-11287347
-43095319
-33575030
37944467
-91322522
-96407595
4728949
639177
-29076622
55880653
-86122350
16397616
-35289604
-81737645
-89340481
-96059546
-83688050
-61512093
-90367647
-10887144
-13641712
11009942
-45110635
93908280
14059356
22942834
-82007765
-38714243
49840713
79482386
-25491602
-2715174
-46865097
98439916
48202100
12280749
-91454561
-32354591
-14742026
-78800916
-11141094
37105006
26448719
58753109
61880284
-49965555
62215098
-76078496
-34765158
-43406632
-19816176
-88751247
-9611931
-80986621
-18815753
25801062
89644851
20337385
-47838170
16969364
87658122
-69472353
76866158
-49907050
1181030
24273049
49062227
-84328342
-99562248
-99040084
-18468277
-76368554
77345863
57487422
60227764
22639756
-16460037
75954112
10275155
-49790027
-44500365
13075960
54071691
33639211
-26848330
82870753
-83813184
8394095
50620248
-32189664
73383342
34477097
40883104
-24073431
-92951905
84998623
37123955
31594751
76644868
72739217
11750571
-41087259
-85532070
75915079
-14674419
-93878085
-31664496
99910685
63219246
-31000996
-51866026
-10546174
-12684295
-72691917
47453868
16422150
30080958
-25085469
3292312
18183600
57246430
1236900
32469763
44044168
5672393
-93477102
33530667
-45922067
72217768
-46052941
59632273
8323564
-96012330
-73476472
3826816
-91546975
25240869
-888121
-44161308
63831763
-88371368
27419150
93087367
-13796525
62944247
-30927136
-1868111
37111587
65241564
-51858509
6012770
-60875004
-79489864
-39076954
-43011649
8298176
-69567001
50051982
-28790958
-45519894
-76060899
-98778192
-39475890
-44538820
97510998
10128569
-69632791
9699949
38768871
-35276033
-64875554
-93060524
-16303625
15071059
-45026128
-22608535
-8684132
97277363
54358429
-67426429
46598073
-82753723
20233902
55532531
-61062697
-5938979
-22166694
15628192
-41305562
7628303
-20207429
-99370471
34661259
46462054
3208558
-11913521
30145309
74767500
-63886532
28456643
-65041583
-66997554
46764595
-8985
14417836
-66163803
22894364
-15085888
-18687417
22285719
33854170
64626768
49429411
92496598
-16478479
8528370
-67253640
38459219
-90915005
55747015
-96351384
31136018
75168915
-66452735
-17508171
-68534677
39353072
41606100
-75624484
-40200535
-7216517
-77740999
69842488
97252478
75308054
78364430
-27314417
-5263641
-75949518
94896131
-60931090
87626450
55734037
-21876023
34184382
28191222
-84936297
-71112107
81075170
-59723515
-22420758
33978442
99983300
57962248
-41062026
21188528
38328514
74593496
-19314499
69160622
72784225
-74863831
13696310
-26303430
-6195009
8195928
-77388511
27933868
-33201307
-61844841
-27399787
518716
1639042
-47501398
-32303141
33730984
-94534691
64052057
36846555
35650157
16376912
-57865485
-20356246
28538914
57777865
-32183283
-40543174
-33535626
-22902614
-12616386
-44711425
19294626
90753986
-81754757
-56248510
80218121
-68307490
26666952
80475598
-66360093
-4541714
65214974
-81453720
35021376
38448339
93406677
3593453
30903772
-35896835
81569473
-16629491
-53360842
64447295
-65001928
-7433303
21056755
55094002
-91585311
-90592763
-25239085
30850198
56735326
-16133930
90503951
-17533951
60065590
77678776
94909858
58391346
1962713
17880611
-44533793
85792643
-93641608
-11890413
91481833
-43896914
74403062
71963877
-48594703
-4384834
46206937
-95005678
1582656
-84383895
95312734
89141706
73529467
-80607514
-99106729
71266000
-94964450
73837769
-1745171
-79666327
-29005561
-19623381
15713547
57337666
56557109
34382362
-16239418
-7530622
87608603
32956603
1013355
68454084
21896004
-32834609
73125759
66330193
98371796
-21004998
-64481742
60139757
-91109634
-61611426
-85673658
-50961356
-36714919
-63999141
-1216982
-40032250
71959986
12993893
-5427237
90672241
-26741743
-91788648
-39092976
4252695
79661558
-60406457
-89223449
-24938585
-33775098
-27733588
87128963
92176908
13197718
26124901
-64075148
81197091
43017606
-84412231
81063295
34262902
-66609579
86970972
-95461244
-81914838
-51146946
-61353574
-89411614
32901991
-99564063
91440839
-94979930
33332569
42358069
-67478640
-50184615
-54998039
73997061
57514011
-81636663
-56569421
-7640346
37521208
46812439
37972805
76994618
-60063608
-61026024
-5768556
40247302
-32824614
69606922
-89605245
-50494089
-56739471
70303238
53372232
-40669119
-29911668
89338594
82651722
88671678
53720084
-62124142
-9398509
21605978
34498858
-14052940
13410219
90627800
-57085968
50424070
-32989615
-15444178
-56808884
6858843
19558824
-33312563
-22425693
16951854
-57654651
-14343083
29848344
42081272
25019269
51981609
88077921
-36167456
50038946
-12000704
-86518371
83570887
-58771894
13001793
69725096
-79297494
-13624781
65463148
16335944
33790078
78993020
-43648258
-89231145
31540531
-99159438
-31985018
96202614
17043683
-24997376
69274480
-65412504
-19215472
-35812585
-27753475
42333422
-32626477
89135512
26749101
-32555816
-92387249
-47176099
56429955
19414786
-11539644
-36986899
8942297
-98308350
39133205
12219009
-74208285
-22171510
-62044510
8819228
44569969
49383956
-17340491
16566425
-76011424
17953004
76621585
-15464416
-77014776
-60061160
65407621
5267499
-20248323
-2612199
-22022384
-88962323
-99109275
-657010
-85638116
27666203
37942989
31352675
-67223531
-74314888
33659954
-13162807
36815968
-81127552
53939776
-88404345
-92835812
-37974473
-51768481
-56331730
-31508895
-71770624
-1477059
-35866402
-36518075
97736401
33462599
-5831813
85285984
50069802
98765896
91877586
-26196953
-13768302
44702249
41461004
-94962596
82079443
-82135344
74867197
1977492
-71729373
13524750
23809013
66778392
64527694
1757578
79730452
2288363
94686384
21878489
-98412789
5755856
-60459864
63957301
-60832050
45941235
91373255
71826951
97443256
71719356
17241981
28319959
20447753
55247001
68947205
86121440
53767326
27406283
59451945
-10498965
67931488
53197463
-61664446
-26033530
34134338
-89375926
-43504000
48299326
-23880779
-66385068
-87790525
21459531
4957634
2651248
-10508054
50324436
-35792822
-46039683
-15523182
13468470
-56037895
54347280
20880352
-76245531
19224869
57475681
24740177
-91338744
65710577
88109043
-32680996
72365756
-51526585
10855660
-45147164
31180348
60127465
44840836
-23464663
-99536358
-19202430
-72794190
85291619
93837553
-15205055
-97723176
-59947313
82179768
28151397
-99098087
-44206080
-83238545
-29136463
-57128475
-84384454
36551808
-25015920
38492665
-56660077
41834781
-3415952
56935743
-35846902
59013311
-60611698
-32129445
-24993458
-85244905
-72826654
21905485
-48888833
-25476458
-61067306
-74354407
32453213
-59181004
55172732
-23667745
-82845493
99637971
76177275
21140278
83765569
-40692063
56640675
-37828124
-26422292
-35962749
51854413
-94496860
65163654
-18981104
45423987
7271255
-99350075
-10416119
22653440
-79573884
65151392
9482396
79275267
-81884769
190903
-30652809
-75289151
70370226
-26386954
-20614081
30095138
-62339209
36584984
-94829356
-39586789
97293521
-1366870
15673567
-9021040
-93348914
-41943042
55768506
-67513771
-32381561
-57217373
-7316282
-79203566
51087009
47612607
-11715113
-25701578
-19066028
96501439
-59476020
-55370263
-4697434
24332861
-54582253
-4552070
-56227531
-26668579
97282860
46352233
3313145
23886337
-96381959
-5822573
-19692923
9945566
95545618
-1527008
19246961
-87592495
-45149159
65772112
51018918
-29018581
11418491
-44972091
30378227
51473648
-8552278
2445152
52616414
-48668335
90530360
3298343
14482947
24301907
-56607870
-99353773
-43641003
-65506074
4693267
-51717304
-57881155
-70386759
-69559796
-76218022
50326895
-84828445
-39550117
35887230
-41335981
-57761957
57419810
35615397
60801536
7189318
5890488
-4997254
9629694
-11618624
7508605
-80551282
73976902
42412359
-8093326
-74402539
-82179659
-17977314
-60366284
-1976254
-29488550
10878440
82467526
-58890390
24285848
24783871
87697719
70677264
-30486180
-92444866
-45400271
60111531
10924244
69129847
-22332616
38929683
54989446
56114843
-65716636
71745085
-16643876
36240367
4394585
-21139592
-54794355
-54483725
70023175
57257229
92977377
74419481
-30766110
-15624947
69163550
14976905
27809007
-27596680
61102274
-37363838
-78787941
51753240
-35036575
15948355
-20557673
45737421
11457565
-56343346
-11824359
15593696
90091133
-95612138
7043657
-7434464
72673535
-90535900
38932449
-5452903
36066788
-22192277
56090027
-59603530
-70801900
-1812420
-46400743
-64933403
-75684586
25461374
-43749818
14208840
71118659
52015420
13512565
-85858342
-72526
-43452087
-1307216
60288538
49693552
-99899718
23638511
49862138
98921044
-20444290
-24508976
39665036
-27792676
8172263
98286957
48332244
-36782130
21953965
-90404287
48089
1264415
22914670
50758009
83835086
86730012
-66000594
-99004212
18402669
-55494016
-69605756
-68922009
-44514460
-20554680
91989729
-60380202
72498666
75039185
-23378886
-80186346
42238612
-23095751
-1845122
-44665529
-3170116
34733468
-71139876
4164225
30631801
-65790844
-43166122
-77427288
59511712
19140317
46215827
-95662921
-33165839
-27627475
54797300
-57262098
21207383
75225
-84127124
48027469
56014031
89448486
35071331
14409281
50763011
10022942
-13643721
98659953
-75124692
82893621
-43399059
-52156272
-81549181
-95660817
-63399375
-22776542
64596746
-84498480
-2102797
40213905
-87866174
13219189
-94564089
-22223988
22232067
-15314654
37869743
-42333902
51659394
-76893804
-88668925
14788289
-36316597
-44031256
-12275493
-45801713
63966846
1250608
20796220
-94206430
-13737779
-3729191
-74055968
46751301
51903762
17463236
1574958
-66926392
77321087
23714726
-66585992
-59866996
95115071
-56591715
-35255862
23433342
98216657
-48015052
-36313568
7375850
61675613
-42639309
54491495
23515623
-52656594
-33164323
81524459
23457608
-59611281
66823437
-57663024
89137432
87780541
98952601
54605442
91049929
28876496
36713858
-8450318
-60864607
-35390165
-83226296
-16392224
28796657
-77090371
-19352835
-63385491
-92297663
80595319
44526276
-58679598
-49119790
-51240009
-53712160
79648203
-21375860
-12229449
-47636009
63791524
42446303
-51570129
-19646533
53085140
-97164579
11108345
-2788716
17711839
-86921777
88021889
-58045941
62174828
-30050505
-67432606
-79245124
69676389
48122236
-32925258
98388839
-71855606
36143317
92974056
87032145
83763291
27551220
-74163088
-63403324
-73991574
-84816713
69496748
-71436815
-28718346
47514799
-81489028
-63674881
2048593
-88073263
38568680
-36671137
18133052
38587072
59491806
-46229306
82579938
-78289588
-40087963
29445989
42530151
-92921892
-46164245
-75348144
34521077
-35202043
-63997402
3305922
-15684241
-58343479
96380457
-88807028
48369595
-12390143
52332842
47944670
17561377
79857499
69486996
-30136244
76596619
-13312587
58653955
-80240785
36735984
-54497249
-93045103
13887209
-50634679
68228146
37256506
8033381
-55035269
88052088
-24404151
47897049
-44180676
-82676754
-40895013
92760786
-89734574
-28999543
-32043054
80663294
-55782139
-93663698
71323237
-69117554
-70695115
-61220783
93692800
-93858803
-56264385
53908031
-87899822
-18161633
93605964
-81287691
-61913054
52561035
83083640
-45539419
51579171
98432813
88850778
-40673559
4827467
-46264703
3604593
79084462
-55206241
-79461854
-77468833
-39516805
34684249
-32081462
35325287
-76870797
95151122
-78366345
-887721
17820014
-64576814
-46824335
25476691
-17126193
87484110
-76764499
23870957
8977753
-72191888
-96649531
-75388848
14890272
-62717372
-26353473
41726399
-62206410
-48256188
-412685
34917427
-96403408
-52157207
90560248
68074974
52878833
-79880823
-29825170
-7687959
-79249645
-4075939
22675875
-6744729
-80049920
5583235
-42918705
19769266
-80455920
-69706020
-23123136
35776036
26956620
90619961
-36726558
93675023
13835630
69706692
-66309898
-73036576
-40427010
16921416
-45190202
-73479652
-23489077
-76052619
-20844681
91403613
43029905
9423169
84401656
80765099
-27115924
65477946
23922894
38336394
-28213187
-58858922
65177304
-56147937
86327318
23006159
-47954704
-37186107
-85188220
-42343450
-6326275
-66438077
-93489045
-4295408
1586583
2702236
97409192
-82075640
71329958
94470348
89802342
-63516591
23766558
2772056
70931351
7739692
40794606
44776621
23527127
87850420
85832689
-62314516
63521545
-67657979
70589200
67081560
-94717846
5824879
50904743
-44759930
74402744
-46023680
30561795
11422981
-65441147
-84376170
-4658040
-76690392
30805191
54412019
-24058777
84190822
-83472525
-63886720
40559485
-13501434
-47921325
-78289029
87731251
52197327
-61946405
1095819
-8984581
-79070314
-91902455
3528976
-47613135
-49305151
-73547216
52276603
86435679
-18227703
-5681085
-65432581
53438141
-28287905
97410942
-74203422
42678762
91470524
69391814
-27119325
43208138
62173648
17816867
57259971
47628555
53880232
-41153273
80762624
40126128
47608524
-45975916
-26173629
28613527
-83467362
27425379
89492341
-5847386
-77770113
-72108273
-91661919
9578779
83407427
30507636
42027875
93736440
-90452077
4879369
4030724
-77669302
68920119
-10023320
-79558903
-31962135
84023822
62080402
-17205543
34916793
62125118
-45038123
35497688
-89774472
-74007989
-46037406
77996055
-30779363
22021571
-27446144
59877172
-38748929
-36941788
47060005
15995501
75225156
74695225
-62663815
71662785
-45402880
59819781
82521066
-12775008
-50840483
-2338395
-80054112
-69660395
68769635
-99159323
24638799
73729975
89130994
73569523
29215509
-53193389
-90425741
-52844644
30448490
81226846
-88217932
43707969
20623320
65911605
13358825
86385232
-25422895
53554619
99947964
78939119
86578470
-67338607
33295878
-98229589
-66378460
-6815028
-16534219
-27060878
8935019
-53523102
88601434
51699431
-1472406
85848631
33564405
-19390613
-76771102
19494715
-37620596
-54562573
-45663642
-99254149
-60960603
65654260
-42114244
22578423
-28506806
17743236
-11684194
43444728
-44350556
93883233
27702932
-86863020
21898867
-4964156
87080130
73678648
-27664069
74453779
12550752
10444471
17554466
-1728206
68626005
-1747041
4633127
-75675028
-3056519
-34946680
68473968
-4962370
45659358
74343853
97891777
-85830323
44106358
-21311398
-42479405
2659776
54519643
-82302703
94446922
26361363
66786029
-41031121
85365062
-77535405
-96524491
-18844866
-5334994
48721070
40515779
-32727200
59017084
94629687
25523822
-34934786
59370172
12267533
24904375
18921031
-79125934
80744291
2977121
16462316
-931845
43605082
30317801
-7419237
55136280
26240917
-12732959
-16198297
-8860208
71441130
-68507741
-25864306
48896680
17202839
88576678
-34069703
-3239142
-41029482
9018991
-73629455
-34362512
68117941
-54693798
20918055
-87555501
8662449
63051422
30882555
14260688
67666535
-9137991
26392424
41667933
-31791910
52123669
-26460356
-47032464
-40505398
-65233013
-13006975
-22435143
-31914870
-68829037
-64468933
76779666
-14099481
-47779894
-26774531
-44061999
53360871
43937005
-35140020
91066625
-63411130
93849753
77353475
-78567131
8656497
75581658
93386575
-43442859
68599496
-89725960
-93679363
78668639
-98167296
71666337
345848
99220327
-63476199
-45147559
62767477
-31651135
-60300152
-36411936
-3514617
58551008
-93375227
-27881327
-29244349
17070764
-938860
-44002622
-1393840
60414599
74775116
-47745123
3053491
68302064
-99156357
61299138
-87469343
86670045
82295162
-14003111
5232581
9135693
-80310975
-71146338
65452311
85435164
-83810532
67300791
79172509
24947954
-9262645
-24538861
-797134
-83133599
96728597
-22284195
98013230
28075206
18856892
-37581247
48868876
-84742794
15928896
2274459
82030851
-68049455
-10024324
-8814650
-71096905
-77011607
-8917761
-14643458
19203026
-82838462
98053933
-61704490
-19193429
58718237
46393706
82149073
-10545257
-66030507
-35292676
-68746976
6470455
89754134
-34223615
-70271167
-47882319
96920904
21079497
-91193123
-51508959
80855981
60693832
67705369
-56989171
-35851901
-75437060
87732607
84662923
-37503489
26311692
-89489504
-9520314
63084153
-80446005
17705084
84650489
-34666228
95322087
25471706
76689110
34637181
-34312588
-668988
59546209
-91723981
-63172820
-4108892
-50977238
-64019444
-36571155
89427930
23913280
-30679688
-57389318
-28430786
35264871
-68096378
-12941850
46782739
95446939
-29207967
6764573
-4643177
22919552
-39681674
18418152
-96967385
37304868
91049285
-96665238
-49476774
73168372
17196230
-86176330
-89818237
-54065271
-64346107
44351858
7276948
-43378387
-16769715
98996758
-91136390
-27998251
23967617
90192120
-5771692
-1713902
-98404506
58935707
-60472226
-64039075
28148277
17048771
-82038840
-20049341
68385175
34997708
-76996314
35558186
64904589
-48678034
41846113
-86914359
-57447270
64620092
75284403
-63203536
-3087841
-74098018
-77029772
-12858225
-79338196
-95090654
-61598761
69871123
-68048694
66643260
-69886488
-98493662
-29080870
-75973619
-54078730
-13436085
-71404224
-48790612
79818768
-90583560
-3198802
15463597
41583914
18559913
-33491800
-89326830
-34934494
-42305835
72125618
42063152
39960363
-72432798
99026861
56508354
-42489829
60971480
-45117325
29040384
29981941
64990483
38948940
-48731850
-97861183
-47305790
-97732944
80787449
48236809
-16876494
15910679
22990509
-59470823
36042293
-26016209
-2567024
58629048
-41717616
66520860
80856983
53707268
35316061
78892111
19988066
61636526
9921088
15108489
51806803
-93223089
-7793857
81858516
-66571622
19705578
-73010684
93918025
35948351
73952735
-22026009
22288723
-14756455
-10908206
-45294227
98375256
-88201327
-55954580
-41489769
-17430394
43251540
43058029
76938955
53096822
59341781
48268736
10784028
79105340
60311262
62987927
30197871
-29856429
-50814188
8199903
64205664
22471243
-45699599
29570204
57852530
95901478
-3310547
-9668260
12011679
-45544675
-3892403
-5664727
5497763
-72563507
-70753727
-57261476
3335640
1328861
19658795
30545347
-32805189
-1038754
-34977041
-72148799
-47479546
-30883000
-13570741
-95964499
-94113166
-55822490
67119263
-97842537
4152748
28107812
-97431746
-2688133
-36337155
-51241237
57575876
-34545238
51589005
84365672
94824840
-98437171
-96629909
-28298282
31836265
59142779
-23227495
13354266
-54169670
-89494776
-482386
-80395573
-29936179
27062900
39697943
-48635920
-46225045
-79834300
-31638891
-76556787
56445675
-79311414
-68002223
17568474
28081174
-37327886
-15740850
28120198
-6542735
40257711
70812843
-59911468
47880897
-93232395
-71147865
-60704181
-85243146
-55053366
37050568
62593754
-15261374
26859262
94694310
97939468
-64883184
-31090741
71245901
-21088994
62504595
94265396
7430769
3950260
-73284167
39312284
50903267
30164400
6628786
-21050621
-33867244
58080941
85135125
-22402042
-81261531
-12822909
-87116616
-54380687
-6069419
39602890
55390348
-12704027
51081458
9385966
-88857824
-63524857
62435916
-28443082
-37629947
28587553
2468557
-87702977
40486568
-8072268
-63780834
-25408408
9825775
57790533
61578674
-94571193
-55751601
-48710580
-35221604
-86809448
-71363328
-45527173
28710080
74030448
56913088
-913197
39713013
-65914558
83175207
83375415
-46178226
-9101556
44104566
-57470451
-73160417
-60696523
939533
-93521656
-63252378
82979618
14588189
85996641
-92464368
82709356
17274531
71095701
-5916317
16381665
-87033038
28523492
40248600
87116436
8038757
52257827
-49468806
-70741406
-29074793
95884771
52601770
35290034
-53692688
-36110606
10982919
-30276461
-77017381
7864747
-96772696
-95775251
90551060
17268230
16559886
-57073820
48134189
73321724
42195660
16371489
44560690
19326644
21470076
84108012
-42520246
77987675
-10542669
-3004663
73452675
36768406
-43043765
70194888
15060969
30048105
85112407
97007729
-60976041
1549576
77502438
-22563008
-81113866
54522895
37539373
-83534265
43533908
41906861
-6621480
56485287
-91411359
24210417
65593477
62571222
76812199
24689287
16811414
-76833923
68130872
-75242387
-99870188
-9292693
-78151227
-28399394
83053361
-76719419
-61656300
-73048171
-56058621
-11832437
51960623
58288483
88394216
-32523767
77171972
-27769203
97924283
-82010980
-69718786
-24311598
-60832168
39174250
91089595
-78205712
23004197
-50446022
92980744
51879383
-4923211
87014912
73091149
16571936
21915998
-21022046
-87143045
63930045
3151587
26916812
-13652685
15271795
70992546
81218582
82126933
53045365
52465434
-53864290
-64636763
33590620
-69964379
67598212
11903899
-94416605
55899329
58140972
82149781
-67005159
7363824
61438909
-73863715
-97006719
43050611
88308278
72866981
-66405088
32908922
45955443
-18868031
858452
-42715082
-17246061
-42899290
65838946
10536804
-3267916
-23462067
89442131
73577283
42228762
20795545
21183215
-43545348
82697685
43773249
6676409
-771508
-7304287
1199700
-55818765
-21675669
-69140916
-91379461
-9493556
-2832469
68878184
33065205
-39894124
-57793213
12127886
-29471220
-31356468
2459511
40153886
-6161960
50260345
47660114
81576834
-71868619
-28736660
-57443157
-46632220
-81570146
86654113
64184439
-69753542
-17081888
-30994434
-11547558
56082192
-50771907
-64699504
26530042
68497574
-53487304
-44552208
-74837571
26600128
-21931154
-12324491
-96263062
-8300172
22165180
-91262569
-48466547
5428511
-92808832
-47793833
51010979
3026653
1555674
-18884082
54764291
-19235717
90512438
4866290
-48393858
-3728369
93082045
37954928
-97032367
-21381603
-57985065
-19137466
40833354
-28587425
38120892
77563027
-24008649
-25284180
-18895491
13907753
-65234911
2654849
7740459
-38942907
20526094
46071004
-10860902
22468849
-74915936
43228242
37400322
-35450562
8425716
-45961721
-89322106
-18329308
76480269
-67990755
-11419958
46684485
-22097176
41905222
6398963
-63609746
-24804702
-17686711
79369869
42238108
68574382
50861724
-82049451
-99268358
97673035
-25908148
78478223
98642884
15424412
97496597
26529124
-91426314
14385205
2301774
-39990139
-30983002
19570342
-41990582
-4549123
-44331832
94579727
-38101084
93600830
-70199519
61272532
33303056
64231052
19358562
-71916372
-40956768
-85304676
35981642
69888577
-56810785
-94596444
71856038
3077466
-16359878
-29285636
-62059800
87329095
-32219864
-79913695
56139540
-75649805
22128298
33085482
-7936984
15707799
2917802
76894558
57411015
-5977880
13127752
-38797230
-34584581
-14912907
-30360671
46284782
1075602
99828231
25494095
65318936
-85325181
-40054793
-52937483
68107001
69138101
59903923
90458089
96221906
-5598696
63735573
4328087
-62592122
24998928
81824532
25272286
17852075
-91498776
35920235
42988204
-74017918
-85016249
53884791
13485831
-87939433
62415736
13766223
74917442
67142559
37623647
-33023607
-7048545
58361752
25964796
-89494404
-89727002
-46601540
75084785
-69215287
-19012555
-97991359
-15549000
15306940
65877770
-83093132
99843755
-80057670
-79788537
38481667
85873205
78041469
-28230208
-49893305
98719721
46573356
74421018
-41066920
76628877
49994954
-55911144
21976375
-69832709
-24084126
48122013
-67792591
-6161856
-47497141
-25721043
-28440308
74810988
33087856
16389874
-30782876
-31610988
36170036
-40009285
-73564295
85848156
-25069503
-61155482
-2163043
71656293
701647
-57060732
-22834543
-95787608
97940401
28825917
14579664
-60490876
-50946469
-20076730
76593525
74107130
-20113243
18126469
-67125767
29926374
-62847642
296364
-96856220
-42414948
-24272134
15682796
45929978
-21587887
13383677
48131621
-2820383
-76936015
-50536358
99737308
-78107098
-35651472
-71679864
-93726314
-13937826
78328390
52786331
-77751564
8636409
-22671198
-62020138
-66461555
95351895
66016736
-77479926
74310950
-67190734
-59014307
71060656
-62563752
56389072
77721583
63869739
40379285
-25432209
-97184830
3199161
-28459389
1591311
13781439
44230930
-33830500
-84649076
14968585
17907320
78800925
38867488
24804375
64118805
91675347
72920209
-91571051
-79399930
59055931
35459811
49148087
-38121268
40448425
18067693
-96616373
-37029452
-18859645
51233027
-81301720
-28297641
-82690376
-99783943
43814785
14258553
-79410866
-88909022
-19063895
79942314
-33300988
-69877945
-61264055
-86406886
72739502
-78396748
-35794887
87097525
84431009
7288654
-12008805
87555466
-30518819
54396638
-93716495
-62637380
-92972439
11701264
5694308
-30904928
-57680119
-80572167
53495234
52556015
-38469735
23556849
-99134420
-1582871
96273761
-59853995
68996780
76985872
11744316
68666533
-62182821
75076376
22759010
14985235
91846884
64900962
34538078
64047909
90887520
-670506
-25829528
-59102526
18690642
-96839679
-37491734
-68302732
60464828
48740225
18520800
65083581
37617369
-93756483
42145519
8755937
-90767377
2963309
-9738411
57138296
-68557547
-9473173
-56907117
-70533252
-49363040
96372669
81766974
-11635297
83957007
35831248
-1540834
11704665
-28061965
-81338975
-92778182
82766698
68261036
-36817672
-43739772
56208264
45839070
67984137
95674436
-30653109
18868125
74281938
99716856
-41691125
-76851575
69580450
-1800605
3130373
26232494
-5315081
45954285
56607791
-17322437
-9407905
35604434
78540047
-27608057
-6702176
-41000612
-237137
-13013805
86452583
-98852545
-453050
-46037817
24234098
-68263632
-45420133
-6890783
60896005
42156053
79070795
-15893045
-42406846
-62637873
-32640545
-43062932
-62740666
34266645
-26651134
-8901792
99283663
31453198
37688192
-32916033
58166219
-15767234
-52547632
50552497
79150431
-70461693
-86944847
72289563
-73185048
8370139
-67141165
74129455
51189151
-54862936
-63476404
20579459
21203342
-68008994
58847757
68310274
-84331396
-65372580
84448575
-61902062
86665558
-53655989
39577089
75533269
90748830
-71101676
86354996
-79602185
-15661583
-29817965
19549943
-18822091
-69489436
14931107
-23708163
-3413844
39152601
28485968
-59202400
-71509379
24497179
64589006
80905026
62234174
-83525684
71383997
22377623
-87376626
-36226204
-66008729
-46650975
-37106635
42367194
-13111152
7303879
-38380153
18671448
22049188
-92049868
80482344
-15118677
81959610
53114207
70972458
3511118
16317264
51453313
-43701572
-257215
93027685
-15959310
-59042816
17706493
12089122
-72404931
-74706257
-38400845
93165295
13451276
76186235
-40738266
41660424
-22219583
38946874
-69000581
68879771
15922130
60461347
14062124
-31198425
62772029
-75409617
-51222843
17327903
3939931
-25209553
42205174
98741560
10177036
87534523
-99114801
-820342
79964383
-63867279
31886732
-62115163
-39144551
36126297
-11294306
25911110
-82810704
48293158
-52872560
-28988964
15336656
-5675831
-80861132
-91032877
-8020580
-65833713
-73177939
28268998
-95550651
59760484
-87415267
-47757727
61156514
-5213758
-24582181
77721654
-45631067
-97200940
-40570391
13397822
-26811871
-59614430
50259613
12331008
56836662
18582771
-54023566
-82778046
-57979671
-79394889
40588623
62302029
-89815690
54908998
92899316
52162324
99594318
58952268
38277342
-39300504
-60827456
91966685
-51420424
38776607
-41076249
41704160
48380706
13505499
-50238233
58177610
30343933
-83645662
65240447
67185287
28940150
-79497177
-75209584
-81994672
12119439
30353337
88650682
52885449
93996928
45004860
18048520
60306489
-72641416
99205832
17851450
-43508327
11964399
-74134336
-79910517
80304313
96101091
33827628
69917819
73461856
91330011
83145207
75024869
-62881760
-16621462
14041460
-11708945
-56291077
-92513043
-16485404
-10836669
-23415324
31744532
-32891154
28766700
95521356
66534678
-94819563
-99721668
-78235391
-79097361
-66567905
681723
-27855240
10776995
9165481
-50314236
22993427
13042377
5165626
57285801
-19520569
86315337
-85051919
21183158
59949104
-7641364
42547517
-87482431
53615009
61206201
59038956
-97157369
26925150
59678492
-49008127
-87187375
33935551
97505171
-774168
93601768
-31490270
99307392
31656043
-36206054
-54381407
-75268090
-26564944
-52859933
-77179261
-85722601
-56517247
30437573
-68652999
56524000
88186243
-1723362
36775978
-8162278
28147429
82882840
70355665
24640630
64005848
73772233
-97217421
-576946
-48452812
50392809
-76561922
16039706
37736445
51853474
13823846
-22324489
-81439687
-85137794
50587791
-30089903
-10962022
43185976
-3361488
-62385457
-89036066
-32587324
-46740829
-56590653
-2240422
6779769
-72231322
-24943895
-95512857
24280325
-10293079
-94916437
-41554331
-58692630
-23757797
55304914
68473598
50754531
75991586
27001612
-25669469
81907439
25499684
-91673878
18690369
-43383647
-34884198
1322713
-44655710
-895805
73969835
60105595
-17938055
5465006
-73275350
-43369900
-69701785
-64077448
-21655841
-48305776
-79535540
-42280581
-82632494
88715233
-22414849
70559648
-24522109
-7415802
53256044
-66826574
-70054998
-69055834
-41940211
31401500
70341789
50052934
-40000515
-60447856
84530242
-53634132
-6070690
26838810
42247169
-80304595
-57605396
57652921
-93857418
87825675
84907623
47273169
57931084
4847316
-80864114
33614347
81386670
-34309280
-87140074
87067880
22458591
-41638786
23377853
67169849
173598
13991775
13920872
43644920
-97487693
71977841
90881810
-61672417
-69522605
29186529
-17935536
26020126
-24241307
61298204
786095
-44253376
-49331073
-80190858
51116604
-50704618
61805568
78880757
-78770466
-22127434
-97771442
11431203
31687504
50432624
48307890
15963946
65014843
-52721017
74977171
77114609
83989369
67102774
3471807
-85043645
-45952145
-82188356
80126932
-28705970
-77695614
88160667
58688188
-5753816
89554071
83411652
-54481299
75778644
-43807476
22483004
46459826
62081181
92995153
-89509998
79556606
29504758
-6762983
24416383
45136513
-2848154
-60536020
-90455573
94195053
-44247215
-55439348
9847205
95152661
-1691259
48096448
-54817874
26007924
91493110
27246127
18676129
-7388303
-71643389
-18091767
41503130
57797791
27090192
-91488758
5235168
15789934
-84969079
-88942412
89063322
16959408
-49187430
83960016
-77163430
94049489
-5054783
-75495272
-35947225
-82642833
-66712548
84544167
21390613
-83801314
-75084699
-12163998
80026755
18126101
-74857557
94779790
79138052
8829621
-41696271
-14915145
-87293811
-19784891
72315283
62544805
-56019360
-40381331
-55056863
-41007322
-33930561
89883087
-81011596
-42285880
33144358
36871557
2767831
12493413
67384559
-79781226
-70817677
55004370
14411417
5279008
-26573620
-16776197
67878711
-39369769
13242474
82929410
-33943575
79557770
-62333537
-97717492
-60489340
-33436179
49993605
52581982
78863878
-87505593
-9772522
87413950
49528289
12398610
-36112462
-79126554
-79276007
-5958069
89260251
14875458
78431831
9455863
91164968
-77269391
-51773864
76556898
-38984054
-61269158
18325071
-92817
-19579297
9361007
58552265
-52606701
-2341980
90572904
73092882
-29964229
3717275
13469595
-99157268
-5617961
9381637
-86896476
-2844807
4434689
-39535595
-71134461
13464097
51115841
36425426
-97408720
-11310445
-77937395
49075302
-85461416
29542154
42372129
-93734230
-72652360
-59627095
-59536768
-94167876
61928816
-1891651
-73961265
-87348239
8632167
-53826938
46946741
-55211724
35641313
28084089
-52866548
-62110148
28325876
-87146376
76488266
84897046
-9218233
36474957
-89746779
-84581258
-65846860
91222333
54949471
-63928267
68986297
-6987588
46259697
50953410
16987206
35382981
-24103225
50556064
31215837
34582218
72076159
54418409
-84717269
-80722783
85200169
-41809418
70922856
41247538
-7010727
67709822
-13326904
-60310464
95827233
-63993160
-65082806
60300368
87719719
-1176021
-70637244
69076825
86903067
-77807711
61069003
15833423
-98824513
89255297
-63087873
-51804091
59678493
-40428756
56003016
-90245984
-86559808
-93318997
17111489
-96382934
72924129
62291582
-30099426
-73462911
49044488
94051522
75872839
-85565534
-1627303
26146962
-26732867
98083639
-91347195
80490996
-67394996
-44948576
92787118
-38899063
-16182053
94836786
69395907
86165573
-91254387
88668142
-80058011
66196554
5063361
-303214
-39560868
35675740
-38332137
-22695045
-97859016
-2670624
24657582
-14751815
-12403065
8155948
-48783077
-19992740
-22427520
98276454
53423271
-76112116
45543979
17595090
-80710347
-45803730
66373901
40382699
45277963
-30387041
-48148454
43986422
18165587
4280924
-71882407
-39668090
-44999089
-40490439
63257019
15044442
63771441
34684595
-96820821
24160195
-71443483
-70808351
-64910203
61284117
-55691985
72961759
79870845
-50940118
-8555853
-21014845
-1538445
-2164808
98538189
-1099830
90041332
-97508110
94742725
23235100
99113149
-39568805
53246643
5225623
-95799569
-55863740
99575940
85939958
-98263825
-98387291
-63439531
48317360
62935004
-20564173
-92181132
83180179
17068465
-49140167
-59361024
30319839
-54966542
38785297
34954064
-17381408
-67974132
-83628262
10294987
-69803124
97270881
-86688626
-96650386
-88319143
44693166
-22793264
99992065
8670975
91166600
-63181854
-75214077
49697219
-81165480
24874171
-81749943
-13792691
-94760791
-11945126
-54535642
71121019
-84186554
95409526
85960585
89759863
-69486967
63107690
19426236
-79468865
57374733
92456639
-30146016
27472004
-53819336
-36736445
37132936
-84332838
-43812243
89713615
15831619
29374655
-57193213
-9895420
42819433
-39242834
84434775
-7010102
-87714432
33067253
-18659112
33515474
74132178
84276534
-69953852
-21675268
-18440066
32117924
66625112
-34567159
-59471657
61285553
87849665
-18057599
97673322
36772652
30822256
-48346810
-53399555
62100186
-56696274
-98273853
83559564
-93659851
-98177793
25102554
-55210368
86768833
36087898
64838033
-53827249
83629848
-83687953
22735101
-45035916
-45925931
-80151427
-68513585
-43298792
-89009505
63111613
65698625
-16657358
53495395
-58864622
-97992713
19951974
-87125375
4861209
-81975802
65295884
57995051
26373148
2296954
56078736
-24144724
-49905087
-4008231
39873739
-31505609
-32046166
30745196
45591280
-78498398
59128330
-54229660
-12475618
61498345
-94585012
19968397
99488040
74144166
87936645
3160365
21581124
23248494
-2715571
-15116206
-31188415
-26908431
53953681
-38203935
-64423255
-21915974
-63721564
-1216462
-50057265
79293497
-86554646
-63453909
19081189
88506639
-9575930
-93680388
-55822593
76041490
-8330994
-74219445
86824909
52074592
20346856
-28562449
62301844
68775364
16223809
-67449509
49918461
92572923
5441592
-14152278
-53674652
-81708529
-42117843
-52371163
-7218326
42574455
9278230
67895742
-9134470
45462750
39921190
-22425452
52746503
27860307
36510006
57653219
-79855103
-52175941
-25917801
-75599458
34611699
93475608
53936022
72737062
6678713
66212300
-61122491
91101530
-89861617
47159944
74823174
-9603399
-49755374
-84072628
36475617
43619369
38251653
-37194617
49099831
56198394
-99808739
-75839849
7531800
6891190
4346541
53984698
-14249985
-35495073
9773593
-36667038
82415103
-77658108
-82334193
62201555
-881631
-46539567
-20843472
99905217
-91937142
46431970
-79048336
47023588
-4457798
74963127
-20993817
-40396195
-22735389
47562450
-45661597
-27446915
-95824353
-191997
-72441830
21923239
27285357
64799917
5133250
-28071859
-85785685
40804490
60003820
28848923
56176692
-55954713
-8520742
-94705236
65124941
89382916
-14645284
-65357098
-28946210
-80758007
71974101
-64923516
-39647566
55326769
14845402
-50540558
-31219235
-99718116
46562690
57465753
-92345726
-16268423
87492192
-86168093
15148120
5373019
33084609
-80727195
-87837723
36232229
32117182
-41264619
-93073935
55932603
31831774
-9521851
15564317
45131726
4726478
75591735
-21779188
-59974429
-92849169
-89911496
71107202
62959451
84715257
13243740
-21312735
6495103
-15855080
-52637900
-29336599
21700541
-31829190
12170368
30236373
-62101284
-57025136
-52518423
-37656940
-96152787
-16975041
-34765819
-11872973
26058402
-79579782
-59080911
82590693
-76860442
63644825
27959365
-96449576
5474640
47654045
-30592589
-48729723
-60146149
7865463
79051856
-25517384
-68057581
-3505475
56644799
-43531985
-67205682
82019702
88817902
-52514224
-77671602
41945668
28716733
-57325598
-33527428
64526942
61940362
-84588517
38384711
5659373
-66869599
-93821137
-11387055
30330924
97565379
40747174
44106195
8594989
3234503
13479400
-56481251
4187746
-52125803
38717711
96108619
69597900
-38792074
54367990
36671709
-29794539
97095278
68053045
45590511
-78832513
92293921
-21946410
-26922732
-59129790
-74549745
7219582
-86547402
35640152
-38037019
-84620958
-12770060
-90763450
93443715
69994526
26505450
-53318986
-15520821
88667258
-1973780
77145060
-23900020
60862830
-99507567
-99676355
79828547
-17399472
56508344
97326927
-47691772
51594013
-17208160
-15152970
48801297
-2288780
-65960526
-74321152
-68541128
-92120369
5940665
71846220
-21973706
-86279021
-76475810
-42781823
50819983
-49888564
18167892
38182271
39483618
-14661392
-14921709
43877955
70002814
31719833
-25320124
-39651819
-84775495
-91152129
47575004
25704186
-15699417
-11144108
-58793029
95649899
20382692
94608940
44900577
-34312079
-67588005
96244973
-86376152
50845290
-3424114
51234534
-35851673
8164143
-29355135
47557784
-81586082
76478134
-54470185
-43481420
33912080
-27610265
-77134790
61278549
-12453035
14590695
53013589
90079443
-24442431
-63166945
72687613
-31543638
-46434970
5380418
-60768136
-50612031
-94838227
-55465765
12436990
-69491028
-71912499
-12048108
-66939049
250475
-81288851
72941845
32050449
53017810
-1744569
-17629327
-27597170
-28611645
31289477
-54193703
41203068
11352785
81809496
74892995
-27975851
79332285
74926199
-57053354
-91624713
65197463
-3234128
-55821887
-78666114
-61382439
-2745325
-68599424
42138527
-92248017
-79251590
-35365306
64938261
93137249
42300351
63286312
-17201560
-4582399
78849202
-14679289
-21591513
52340252
-82400596
33668254
-21568978
93255698
57362964
-83782878
-70530044
95127189
38366328
72410975
90679228
10998199
13378671
57177264
-25543622
-10093795
-17567525
-66370549
62263265
91356730
-39436021
-8248333
2908622
75823603
54058396
-49433497
58694746
27474064
54229477
31646340
50454190
41129174
-1085688
99298991
-962803
-99998497
55359797
-17509816
-70251176
42477640
69642540
-50593549
-43140431
20675031
-55156261
22889349
27482453
55995548
7962943
71879859
-98091831
31824509
-23701610
36609598
-35726365
-2106106
398553
-85469497
-42706249
94164162
-15738814
48561823
-80554840
864585
-43915516
-83509704
50593532
69764209
38621538
96943148
21596284
-65670316
-45151928
-19115343
96166523
49671412
-20280925
76566886
-20232689
-90014107
-81638723
7736248
9458291
-8697210
78071874
72002471
72440345
15266358
99537332
-62539685
47302498
-66080889
-47525659
11267488
-2113345
-48801914
-93267655
-53746577
64279562
95926627
-33007037
95833077
-20798239
65986287
-71124655
38034330
78052001
5841248
59557919
-37936806
93523189
74100686
98583271
5119220
-42277156
5159967
-44651074
-43928598
38336769
-67414608
-12593851
12231950
-21185340
-20307360
-70370542
4095436
-27584462
-50802735
-18787813
-19174590
-51585468
-26255475
96531189
9358525
-23294837
-47802085
-37375254
-72879144
6670158
-77458200
88842512
-92885324
-69216271
26387206
-62251878
-74234582
-62566399
33096852
97924025
76186839
-78246264
-46834581
-4189425
45515016
-62995595
20756456
-88977427
6641009
-95833905
914330
-18069137
-3840751
41278501
44690892
84366505
44512750
-46387198
77160914
-66709320
87567024
67198657
75444587
-93515512
-32925894
-92347357
46662504
65044677
66494011
76917966
-19768266
-28642298
-37107393
81861194
-85011189
-71124970
97670978
89712837
-85448907
-47010608
-21606001
-33467031
53413633
-79687422
-67277903
-63151487
2563429
-47173826
-95805806
47110147
54081045
-98999755
-77168896
-47477280
73304504
-97724573
63155376
-36957410
37128952
2902250
-22219428
-54648237
93376511
-96006774
-81878669
32041188
47394673
-26210338
-13438972
-31460234
-50151993
14403562
-18404254
83681658
-73005141
-22213856
62272899
-92881185
-95274343
76120141
-30711142
3778258
-93886897
86935522
12927964
75462361
-28982297
-16267688
-60331827
-67598962
-56012099
-918051
-56113394
-47926370
-3660456
5458998
73988561
-43575129
14539257
74490930
68653455
81931523
8410885
-39345068
-34645328
-70265105
-4766285
25444889
-13583798
7882568
93618133
-41031390
-35686107
91507735
89646180
-77759321
82241241
98652633
-14750745
10739394
19039710
-93194051
54129733
-59277172
-68638505
85470987
-93701863
-90209216
53845306
-36563429
28775169
-35186887
16684521
-51700666
93322404
-89629857
50691369
44301046
91236563
-85538586
-5458414
-4428022
-83444645
7394439
65083588
36740578
-27572720
-42292405
30413526
56919750
21441642
-42650262
-10246478
56814665
89695844
71410690
61705117
-44462218
51651908
-3981592
-11688097
-83079242
-32529046
-26491849
-37537855
-57792509
-99696306
66492051
40715557
-2038619
-30719874
32696015
-19358081
84237709
52261578
51605932
-55719882
-99377776
8912752
67954357
-76837833
51568080
-90114432
-46499538
1477904
67246146
-89502608
84309561
88835714
25529461
39708595
-49729269
-5499235
-30552807
-60581257
-98006958
30672541
16364098
-91412842
-6454405
-40853396
39278641
86265770
63971729
23007882
93157511
-94334431
89620238
-42075999
9012965
-16048072
-46730636
3747863
25460292
24268631
55656503
-24782341
-41314481
-66912732
-20791616
-89960243
-5211095
17544579
89597720
86279972
64854855
82604861
-815001
35187874
-57651097
-40071013
99217892
-94470080
-91567042
83255537
-4237981
-32572536
-19463292
24996378
-24233904
42361307
30796750
22161900
-14662958
87761782
82780228
37856604
74161456
-82834607
-76733922
32417309
-20016712
74690252
41975843
67870884
-17067455
94552543
75803937
-67120795
23336515
13597033
21018132
-33920878
42201214
92363010
32938698
16921057
38526679
44172185
64978880
-77310001
11670815
59403655
49804343
-2293307
-3967416
-30831304
-76178121
-73507243
-14742071
35522730
40756451
23489253
-98217513
86900749
-38583601
29688411
5388841
-97534840
27480735
42758577
-70728957
46631629
-8956290
10860255
42302732
-38799711
72320611
-32529956
91537565
-41349637
-23302169
97603660
85627196
316826
-60638791
32624084
-61871870
24424847
56596936
-24289561
-6257594
-55190778
-31472976
23113351
-75108531
27444246
15268473
16350247
-46171038
-91296074
75580419
83618985
31714711
-51372569
-60048426
-51430119
-56688812
92170272
-41686199
-31480170
37780215
28658571
36429634
40787638
17511297
-12428060
88213312
41057249
-34590300
-77905583
-88531197
-51679529
71121556
34837025
7541578
82455831
-45003569
-64206414
-69178346
-21851310
37843878
89517199
-70301425
10747661
-70556969
53689074
-25260412
28009338
21642640
55079160
-21502558
14536932
-58405415
-68419352
-38956472
-69441348
-97903653
-64211140
-84813914
-10198926
-26853754
91198226
-98367191
9612480
70256187
28486554
-27516622
49250538
57198177
46689045
-83688126
-26115119
-21086620
24869428
-63785501
31477315
-40128625
89406479
70112018
-43534016
29065247
52278496
-24067431
15177590
-51374724
-78185124
-85091196
-42231620
-18807923
-83882906
26703323
29930801
-16135916
-948919
24217473
-59810462
-24726095
57841684
89053413
70778215
38965171
-19996398
89087746
5528815
48533860
8893356
-366603
21469563
-53267656
-52151437
-32843720
40698292
31214407
-81611864
-26580905
78523323
49079761
69583505
-21336836
23142842
-56715509
30163820
-53756229
32824845
-16498110
31145848
-58512830
-24573796
20383003
-77113475
2458202
-87053957
-68544712
-56996223
84707421
8311377
89598482
38426738
59418969
-5275431
-35794781
98228484
-5027864
-99432922
33337969
20179294
40874035
59469953
-6670913
81474667
37667451
-71439925
36214401
71947639
53391194
-47928171
-37673130
-36584032
-87554948
82704738
15265639
22035902
87666923
-99842744
-27755998
60185356
-3368626
-54682098
-49485647
-15540686
-76231737
60848208
-66426044
-26899581
95698496
76937035
-66002321
96317439
72733000
-49497070
50979254
20841048
24833908
12970713
98247768
92003195
-98643409
35033730
-68369888
29810912
-50501935
54336125
60641644
-78102852
-55424301
-60577018
19586197
-76857845
-66511651
-48988555
-41689277
-1279086
-95691477
-76523342
-84307361
21282144
-90440246
21287115
-23515747
-71511441
99125505
55229980
62277772
-73732888
-47010102
16250831
83916944
-88841427
-55240959
-4917148
-4922472
14085614
40891514
56436801
30177578
-67746767
20126296
26119799
21391540
18038989
3113822
18552289
-8517793
-20541902
53210535
16656368
-81328451
-59029593
-93894191
-78726338
-99834782
11024805
48207079
44067600
-20828353
-9216396
93919814
-76380683
64023199
-38892627
33324498
5621355
-74215906
37159483
-12219320
-17990967
-67167077
-77745910
-30685318
95943990
21253242
57793616
9532164
-53905717
91004692
-12881036
-38360392
77907179
18986332
-59401555
10635123
93372099
92497897
-2837666
-85379167
-10961996
-13772748
13554175
-87287836
66489909
-57221614
-7853541
20183767
-72120245
-81373510
5756525
-99404883
98914240
57445417
82221985
86494968
-71729554
79017618
3382497
62389592
40423733
-40304115
-77795439
93408460
-98433139
66149944
-61203197
64261407
71075735
40166988
-21114430
83462106
88525058
92798217
27424326
-81584397
-20934562
-54104900
26752173
-30686937
-52586055
-51977927
51821279
82030726
-1514871
-45221098
-13026592
82535577
-90325382
87763641
-7369928
74288168
-29330327
48451668
-28616803
-72028288
-56277173
66279246
22513911
-34836641
54607653
32705171
91768749
-79812384
83128352
-46938543
13526995
-89495606
-16447103
79931796
13901740
-14809311
-23403712
-8858442
51877268
-5783381
-74876711
46013196
-95433667
-66756321
-67646755
-38172253
29501692
-49455491
-42054967
-89655630
78167901
51611523
4322461
91399284
59840840
-29626974
-14823388
-81654050
29607342
22621920
37100477
45597849
80246829
84305669
-36141914
11742941
-1559840
84234910
-38050895
52880156
-51872574
76143691
-93178311
-57795881
-68985129
-85477900
-50993224
-14149021
-55631152
-88092454
92095304
5611299
-55321663
82520082
17511704
-10004863
-43089690
-34347529
-53183825
-10610145
-36880595
72250702
-90887714
50357412
32315817
79043799
-21845148
-65683873
49576281
15039732
-61451074
-52677859
5928927
97380368
8473226
-10297058
-46897126
27820617
-62947691
99991270
-12465992
-68782994
-92215236
85103629
93293787
-50950044
36589086
-84917012
-6472950
67200428
-53896009
-58579113
32564768
8758537
72221415
-29651028
-23085753
93496939
95452517
12957568
-87885678
-87769919
57153326
90880295
84293800
82174415
-96042760
-42469642
87581174
-22268905
-73593378
19600797
73293820
64641468
-77116348
72612510
57127488
-17111402
27614979
92228109
69842953
87000671
-34808258
95386092
14145362
79879550
-45704489
85755948
16411108
-57473719
-44619530
35558550
10747499
-6133856
-558789
22719501
-79557986
-7207631
17578884
2920422
36322626
-32673237
-39001422
-71900039
12694150
42662362
59307086
73789625
-76853162
-15814196
-87353841
-99125449
-58249415
44754236
94384358
41023223
-9109587
5783067
73158019
-40561850
53989908
13741548
-60461404
-17865485
68349503
-93980656
51613692
-65240775
59895252
-53853182
-37598536
8571026
89531840
-40534848
67851887
27255489
4846852
-1436573
66988097
-66615127
-82305911
28864685
33675215
-26726377
-16835582
-2290531
60812834
20104758
-83454701
-38680200
-10006788
11507630
36988194
44248013
-58897098
12514192
42636535
-56016014
-3767167
-22534951
25617527
-43576221
66535114
-34124547
-22867802
47148713
-13984845
-45666956
79897238
-69580419
89280176
-4058931
-18085095
67520821
74955810
62965540
92496159
-27219193
32809914
-86649799
25495625
84828384
62831608
23248474
65789413
-15231341
-57695051
4511495
-95015863
24749313
-85382529
-49431692
70120844
80051326
-70080734
99445366
54495674
69878162
66330361
10052989
-84310863
-42593074
89128402
26422177
87422871
-52885083
80911256
-67527440
5875200
-96726369
40731721
78025703
-80642405
21845610
-70239752
56539333
-32077434
50575426
15689709
-34998666
-99629190
-81423325
-94143292
27043844
8751047
-6528682
-45877998
-76228835
-20263110
69128179
30776221
-20240923
-48008472
43268469
-95251716
-69983747
25918182
-51551141
69562708
82244480
-86217995
-86761300
27866920
-13393645
99147910
72223604
5015224
60954040
-65125020
43814705
-11097390
-29894252
-89471687
-4498640
-2128594
54366809
-9916807
85127556
-59666379
-23018982
-75943937
-29934614
6558565
-58871081
89044278
-92410834
-67201960
-31906546
-33628253
57265700
51734505
55252643
46787938
73091482
35961634
-6637898
84131330
42067432
28876740
69230854
3082023
63604371
70555056
86159920
-76553792
90834385
-77688567
56684375
-24759813
19358602
97289664
14942363
-5444344
-30792867
37635112
-98824264
10514045
-51853314
-57038182
17560872
-49291930
80702599
36123343
-48646855
-31209731
18714108
-12424740
67487677
-79323756
40681820
-43325510
-19137072
-62302958
20987420
-68945029
83945663
-83037990
83211947
72820486
57127063
78027582
-11063525
34579734
-8521060
5805974
56268233
-52868075
40082357
-47155815
8916173
24520685
-64537235
-11248058
21377713
-65462475
14587028
34548758
-38763658
-29030599
2804301
-42513629
35806286
66015744
-85484097
36250371
49362923
59003632
86747586
-21931971
3050300
69158958
6899148
34086487
24311467
-92939469
-99404498
-7698141
-79503832
84590255
-26177209
7098932
-60543566
-24782291
-76313528
-45232354
-3225239
41557850
89187990
40182668
30078931
62089274
56176877
-64517638
-64475962
20184886
30021176
8111989
65435066
68928164
-33543912
-45201049
77707372
21647884
-20807867
-25263969
63059167
94117179
-5251348
64373118
36896492
57794034
-8338699
82972130
52692943
-80891786
51575775
-99638963
-47008574
55491525
-59241987
-1757755
54971576
-91035073
64609480
-51279083
14069208
2063029
-15659671
31466404
-20435576
28057339
70653237
59781602
-61830129
77241834
-20622579
50426019
45902452
-12936792
47826208
-90859169
-33468021
-98050014
8635478
-7183461
12005893
-62095455
85890339
98129710
-90047246
48488383
54110793
-3014154
-17964312
8991760
10340094
65536139
-88299069
-91705026
10966005
-99919068
15228481
39624945
-55795002
-6368909
-51338405
-56672328
-17169156
-3199245
90038605
-14560425
-38023572
18971029
-64150865
50569552
-53179396
-56240625
14716742
40242904
-25728495
-20822931
-71074376
-59149515
41003422
-96928800
61385656
30565053
71303785
-44034308
46762361
-1347250
-93999738
54249155
45720939
11925746
-47121742
-53027756
69673552
-68721756
-31383427
-175004
-72193046
-80121169
-55320206
-58210515
-22277235
-95265889
-69168457
68615362
-36076348
72648395
-74625133
40862341
51253866
-42615356
62550033
73054383
-19940477
-25689878
89352430
-6457252
-11413722
-30381984
-34231575
-4893213
-58475813
-98772898
-43540729
84956426
46589601
-24973396
24514968
-47799235
-71353421
3486763
49587252
67247855
-15655459
-73696669
73511251
78606738
-92110551
6981638
-26305936
22986056
64316154
67207088
83923613
-79044108
93032676
-57060459
55555133
-97466251
-28584114
72778663
-29151005
60802752
-39624327
69979264
-41282589
70609995
83814303
36212190
72154293
-75806715
27897540
92611703
-91003347
26368157
-38082481
-33344787
34307695
44482322
71788265
-13080760
-19551372
-20292315
67583015
14214177
52488750
92181092
-27417848
-54207616
-4709738
-16927848
-14505062
-39712808
35887853
65469325
-81560808
-57080282
38337688
72061210
58150081
90761136
41699890
93119554
21202406
41832362
-25262137
8526218
-31948903
22883275
-50229160
66822668
-2900316
-74291877
42730417
-17686382
-47793043
49030995
90397965
-36994084
68282482
-54483956
6323981
59984197
39351509
-92381495
-32550853
37105382
57049506
-79215390
80856496
-13171814
-92410186
21825232
65632791
-42555117
5488088
-65828922
41520169
-81073972
-73767879
-80246321
-74482441
-75914810
12427127
-78450379
8788598
-62053508
96080072
5063136
-25952138
-38464211
-34624947
-80909167
37427368
-14707381
-75227574
-49043078
-4934198
-35985925
60121807
-97752924
26833414
-78400043
-48735764
-93001609
-32715903
-16474056
34670976
80281049
-66973917
46124778
13336264
-90617148
36377757
26931725
53894234
76324740
-54819841
-66032669
-93623435
-45123346
-29926986
22280379
33476831
3360143
89163199
-22126085
50957913
59846692
-15662019
47909583
36044328
-85595962
-1280984
21976963
18553180
-8960848
-2388505
-47047591
-78983378
-66087071
-88576879
-40763567
-57101883
-82632869
-307806
86705458
-45784264
-13732244
-15544221
24784841
-2235579
-92738910
44186085
-95110702
-86194968
75061445
62014863
-43886178
-65085647
-88612805
97319032
-4832035
-42642783
-35094225
58435211
99383905
-11778536
-40505033
-32171434
-60692717
-64525607
-37565061
60737278
56309359
30619152
78399772
-68525808
-67289753
71065913
-35728974
-85263945
-84033416
-85569942
-2104251
70925801
-85376292
29409723
-93307416
57135428
98150570
40422004
-37808458
-71161189
20275604
91298143
-87291108
67578378
96667373
-77723372
-46698117
-32796074
-57870731
-28660244
20747108
-29917348
6593288
-29466357
50804908
-19192771
54484087
31194415
37223590
91496856
33409303
-649107
55245279
65238639
-71575037
-58267327
-33964387
-45460066
80488765
-86505964
-23272530
-25455763
71504223
-63706225
-87270937
-76536492
-2769047
25536924
-21178672
-62851101
45986860
23143194
-58691499
38208844
-96353813
29444705
72797537
99180801
-64161613
-30499260
30394687
39206230
-70899200
89620690
71889088
-54203465
35197305
-51051538
23090313
57852499
72121372
-28716651
-21751620
92012004
-15227175
73946841
-94778925
-651190
27945693
-89418507
-64712534
-65193135
-6444485
-51155170
31855770
17516324
88122955
75277776
-84138912
-87671954
-94941534
-34338016
-56499373
-59493392
77752090
-96113073
6297422
20312744
47914362
48254468
-10267244
-50090651
-95843107
-9994207
61860545
16396126
81756839
59126237
-13625395
-44717134
30194309
-21495340
-49357989
98472327
-36508033
68784659
10586401
-44383694
-73297478
-89948956
-68625229
33441296
68109284
-20958349
-9621572
-19466847
-58202860
-75140532
79726314
-41427583
-52535413
34297970
-19015006
1545480
8230839
17021901
68741127
21989331
-96647259
95500954
-41690089
65145663
-66705776
-95062469
-30498855
26597016
64035632
-99014097
79323309
-38502486
-36592044
30254321
-97632837
-43600787
95897594
-89021022
78421966
-65898781
41087026
33537537
51002178
-32882131
-47375213
61774679
-4115483
-72818324
83233572
-78001193
-27665091
22480445
-63861150
-81816412
89540811
-8644555
65052291
-7672939
-90000346
-96027355
-59565245
94957274
34803397
-10648818
3565274
-66743462
-79150594
-40438261
-52652358
15322927
56073402
36005009
34946043
-22708272
-80965714
-11167928
-96896485
15410918
-58468949
-87993603
29793702
-72641802
85579295
-8724976
-28106998
61797781
-19794403
-43452054
-81498662
-23726048
-91396326
60046564
60964941
89646980
1765419
35801741
71614137
-89861308
-2961153
-2729611
-28067403
71487701
99279530
-2959713
40603313
-98842590
-54080264
7973621
-42720512
27984134
-72910930
44689481
32846960
75236653
-65760378
48718244
-24458019
14626151
73110796
-22513511
69072515
4138576
-10477296
26975301
-38846521
-38876650
42228305
-3551383
4460498
81905849
-3189511
-6522082
17814840
-80798200
93744094
-81709407
-77224078
75037047
69155548
26188562
10246846
-4913200
-19814538
54175270
-34407705
-37980625
37206243
-53272455
27144173
-80838673
-86394943
-48644939
-63166863
-7114801
-1114399
-83612303
-39305821
-45176638
-50114677
61507426
-96554817
74705286
80782713
-77859385
-38605166
63947173
-14538530
85841465
26489009
-86061448
99710048
-48728297
45007149
-73135234
-47473275
23050297
-13006027
44427511
62913449
96473016
-53466172
-19319394
96802886
98223979
83696055
62375928
-18581136
20406152
-51082637
-18632796
57766658
55527954
-69388198
42219098
-90442861
-47068352
65668478
11377375
28299971
71178933
-90494180
-11062982
-51759037
-24974827
-73602128
71794980
-50102353
-87984327
-70618829
44765923
14634926
47029081
15004612
-95388646
28337216
-98857086
-787584
-54569168
532147
95843950
-12927689
-31999374
-67316171
45994064
-19835634
-12799203
72011282
-43916820
33325291
6258300
21110209
-94204039
66261081
-26748496
51941652
59302300
-75711987
-5848583
-28242409
-16103998
-82655770
423505
17270132
7050201
71654306
-72242745
-39441535
-15663908
74378839
93043463
53653805
-51175986
88836654
-49094495
25499442
-80017039
-78730288
63542571
24944683
58400248
931463
-90445085
65826018
-22113359
51908140
92251231
-66033619
-32200857
-32636697
24508239
-47189535
-45721814
-48577338
-54498479
20513840
25275526
37640335
23515599
57556791
-45852017
-76265372
-50191457
-35820910
-14679163
-76125264
52650862
82077092
98812706
-47671945
-31812457
-41710034
-57954846
-98826092
86113087
95309923
-37470921
-91624272
-16330509
18939110
31111352
6636930
-92960577
62672035
-6917965
15247714
71177050
-18081776
37942897
45913683
-84470430
-97898024
-23042544
-95623465
-97085605
-31673693
49378522
32538406
-51337452
33410062
77373047
79695478
82248888
62182073
97334389
17451615
-5229166
-41535104
84994691
-17751483
-49862032
-95070798
-53945950
34363167
-74068287
77120324
49220869
17734211
85999764
-92950544
-1643187
-27648493
-4735681
-45163103
35885671
87922602
-74861548
-18667165
5816163
51523390
76729714
-16959637
-34498
-8780530
-60858976
8636359
70329010
13327411
-64669969
66887840
-32716289
-54875964
-17112778
-29526364
91599642
21615878
30170584
45715014
-7095181
-62768414
-69859677
36299371
-46309702
-89741154
54706187
35400697
42390201
-7497249
63230738
50305766
36423706
42261558
25262169
78314934
-39689309
430817
11695599
42530787
-71335395
12240927
-71390451
92864802
-95932315
-37857774
39656178
-61031811
-27160971
-95323771
-15360414
78833949
32242142
-22802709
94103577
2777191
-80030564
-35847067
-40880410
42611033
93294459
-76236286
-96280269
-51730273
-71186473
-88670551
-35446507
47833976
-20815460
31474012
-46929907
74941320
19749116
122584
98577222
83236054
31827188
1203694
-74045673
69816494
50054932
-10678415
757936
-348830
50805936
12665638
85532888
64317056
7501021
-56380827
-61538310
54559960
20764877
1247777
92324767
75575591
86442487
13157016
-20250770
-43305644
10578452
-77002951
-52597465
32700622
24863032
71169980
75153520
-90077064
16694832
21394969
-51624970
-87413431
94895987
-63228207
85736114
-26592297
20473976
62668704
-74044905
-90038140
-13182587
7016613
-44831634
-32811034
-35186250
95719017
-40791260
19731460
-20670072
-22678830
61594839
51164314
83164839
-42280637
-75572336
68073761
13203043
11706683
-20096296
-56280785
-81881619
-1717807
-24080859
-6908434
-80774959
-65609635
-99858923
-68731906
59608891
-46024809
-62223994
45851572
-808643
37718712
-54878017
-89700346
-8533759
36350712
-58810736
-53084259
10256639
-54009214
-91252433
-10872219
14050744
38147174
-47539342
-7832249
76293122
-48385456
-80422525
-33521501
-14661028
-54558359
93732692
-79876731
26918567
-7090127
-517403
29425132
99970665
36694418
-81810235
-38414577
64679028
34670902
-15943314
22642253
-80622412
5369147
-54164959
-85190914
61991961
65693241
11927037
-23005359
32444006
5676780
-62950137
-46826728
-33025154
-83344356
-71274413
-7470955
49287004
19095503
91645553
-936963
-57989775
-62678444
-66019105
-76848171
-87925407
-24476075
-97306962
-74707358
-30726705
-28095612
36539150
9709082
28035044
45686021
-19632995
45343028
34501888
-22712693
52787699
74716204
-50766327
67941737
7556700
39965836
-54118884
3285791
11687949
71103821
58656792
-59446490
52892276
-23263845
38718435
37264604
-96273599
34201127
4741896
-1852078
-5978765
-73326837
86103540
-56522788
6852370
58537193
37119145
-51580401
-8316473
-10719426
-20201798
-26708664
31510892
-93424534
-89707943
50322839
-18385035
1255863
38215907
-32013227
-59936361
-98570341
51444979
-48728796
-3880775
-16808939
-87155759
-18791249
71795522
93674433
55737232
85256826
-8460329
68159629
-65468616
-34767251
-94994157
97038233
-9932120
-39367859
-46294084
8973475
43158021
57025912
45022864
-50170882
-77084459
27056722
72246083
87631151
59402898
76266012
-91452845
-51826584
-70733498
-82836160
-60087629
60445231
47653087
-71564899
39435054
-96030788
75971629
-9444641
47632599
9961827
-43160870
-38615244
86229550
23991607
-68803742
73027543
-15115759
22589488
46519275
-93567504
-23130323
27228544
92209756
-75498373
36258092
60486953
-19732578
-92333951
-90104703
-5578272
-13837026
-94602327
88750570
-14267393
26791727
-29082293
46378168
-21505981
8587057
-83227699
-5018055
89359827
-49619107
-60771935
11379858
-85332561
-34587505
70613797
28521819
-79499534
-52424297
-68386207
-86437187
-32542101
2557799
-98236555
-99234046
43004443
-96726133
89192679
12744746
-16639943
14088765
-50800005
-99886039
-16113222
-47182874
78572123
-58907799
-14049057
-26457303
46642105
-98774911
-2193803
-54336268
49393322
40381586
-20751133
-59626030
49950501
-52374414
81600322
-45156579
52022505
10503231
64914195
-18222171
-38716194
35308466
-50096767
-96824494
5465865
87539469
51914115
-37572461
93886814
-5212073
-71244310
80709819
7871273
-44784491
13915727
4834579
-30378987
89952236
-86982779
-33186574
-17302425
29240710
85049851
55798325
-23230355
18102568
20437317
36691281
-35136873
-57941043
57646883
40322268
-96376769
49369210
30042651
52092507
-48476083
31711525
-49647339
88294013
-50449825
44674509
-94001969
50288481
-34729063
1243089
-56514785
-81449742
-12519962
13419564
76787043
-13787893
50434280
68371315
-35076672
-27097302
-23706196
99552626
99315403
-77532847
67890757
97642139
-85722316
-92099067
-41760684
-16248486
-46700561
79641411
27264418
-60015628
-85254110
34110641
99276402
-42236141
76279274
-74603568
37521180
-27737965
-6464714
-55977137
23943800
-42288574
-42247338
45197958
-52268491
76803297
-20782574
-62241237
84815904
-97941367
-55361169
-62865950
32985971
-62279580
-46978388
17900455
-82081298
61641417
41453388
-42563902
94640885
-90178560
47473688
88007497
-41877983
-64385626
46956321
19023731
-2055398
-43310285
-20006786
28063129
-61576819
65957930
93813944
36739725
34626525
37483907
97065268
37471512
-92149357
-62600247
76965686
29200813
14755133
86515888
-95233748
-30861298
90146863
-15057660
16981333
-84242549
-47529710
68127486
21736400
-11463620
-30811917
-67311817
78583907
-84641767
-42218382
85503208
-24187500
65799901
86737785
-33508275
76246612
97112647
-58611316
-8385682
37503641
50708645
-82973357
-38271045
24821134
-39094827
-2769
95624466
25398613
-55281187
-92256558
-12236235
28687282
79987619
-69858806
40550088
-21438560
74042939
76763003
-68717058
63862346
85927252
-66331115
70292265
44392109
-80939942
-54150446
-19063507
-43356526
47650275
-96825696
-58690818
22443703
-44659935
-86684264
-74408797
-29480546
-57533731
-43427411
36117950
15285511
-58900373
41335639
-82220646
45242989
-86708389
22260331
85488577
-12866893
-59919380
-19739997
44163589
-19906300
-38209124
45923219
-81979250
26191554
29740717
-80644859
16723397
-98578199
54310972
-37110804
-14876606
-38579804
-57033029
53835551
-88465796
-48821248
-5654758
-10544060
16803245
65215275
-28040383
39341198
6589911
-6677203
-84752454
-37753163
5638155
-55193048
-61230185
94974347
-43577449
95434165
75961485
85988173
76489131
19669810
22267017
-74762618
-76165918
7246444
-17218218
43008902
-76341523
-65295282
-47744930
32393086
59522158
-63236000
-85412588
7550545
-97420220
-1459102
64411219
-65417496
-54364110
-29420421
-39484932
63888516
27266873
-12548921
-65976911
25882107
50517681
-68881625
60554054
-33125440
19652753
84980830
7201330
72520353
75574128
-57477491
8289645
1627145
56609656
-7651524
-11269574
-57857876
76335708
91073769
-81300821
-92276025
-54512045
16997343
59510135
41268494
68682290
42064548
87453019
-75408073
67507897
-81199290
-70474626
-53262728
97668670
-33032274
40417188
-94717496
3032234
-55866065
-83706239
1091610
-10500948
10239487
11545058
81129430
54271742
-25046250
98038673
-98778417
46061616
12259541
-44111483
79436376
56530820
-68186338
12508288
79115878
72639008
-17189214
75870680
-34648492
78828065
-61707662
99491021
80534795
-63797204
-24769273
28191476
-62128054
-830383
51467605
1811044
-58453031
84552780
-9001794
-65876053
-8953099
-42512793
80607155
-80895595
95606064
-7057126
-45521302
-93786830
-82304836
5075655
8919620
-10954756
-32537826
75441484
-78306162
76341817
-57057643
50279180
26333059
52872375
-40550654
71527074
87610341
-28574558
17817654
-25041821
11386784
60311824
-85315736
-12151507
-13664580
-52921852
-2739333
-43427367
-68324577
-96781379
48336681
48444942
56779346
-85024
53328894
25823632
92039645
-34734679
-27354640
-88649129
-82544270
-81084844
-5518108
29905201
95893809
45730452
-9400702
1716011
5270630
81849342
-69022284
-45504669
-55567342
46597391
81889138
-99092652
-83091225
79016053
-91667227
-21507294
43234711
12739255
32976964
-36398052
-47129080
-36892170
-94376088
58461468
-40211966
-56997736
-61373534
-80652125
85808749
44352572
-42387178
-61412274
96139784
17329715
-15529220
96737495
-51951090
-35921513
-92659930
-30948089
-48155010
13043096
-86613471
40471084
72587738
33852
-14161514
25918329
80226606
26900605
-32930043
36690187
33470245
-35274186
-14376903
18859443
71435354
-48902480
-61868141
-6737872
-86540819
-40335151
85338000
-47832799
-10906958
35513253
-26810825
83513514
25665328
-21009659
75997712
29596306
32800825
59507404
36488726
79506422
-10230843
-9335682
51247581
-30553016
-60015058
-52165903
90418384
-89552398
31913963
-9312928
-86697332
49448591
-60304214
65549658
-3563053
33297545
-71892420
-1214424
-20610202
97266352
87713012
-72147309
-91129654
-16377860
-3788858
-68833681
-52983113
25085705
-17782980
-36039911
82624311
-59439676
-79009097
31394889
30042864
-99996865
-19603430
-32779339
-33160078
-61356892
2011915
43626440
19726098
31175953
52324637
-90104925
95652960
86275433
35046420
11408598
-73049759
53341575
39480184
20399804
56907368
-66649009
-33760089
-44138700
-88894523
-9617334
-70094934
60733339
33485963
-2524983
26176561
-76923500
41601017
-13429726
-61018867
-1751559
-59278536
-70429444
-85500885
-10973773
1750962
21122029
3272443
-46944181
40688113
72561909
54776414
-68608723
-2881267
1257318
28430888
-96411010
-27062998
2670507
81782946
-23133586
38129636
66564939
-20913898
-5693861
86585338
27521321
83905705
-63547485
-70174897
79028679
-21311762
-51559681
-55259542
74853367
54788594
-86440728
-13883672
-92671059
-95066051
-69805814
17490330
-83899114
-32958089
48692570
-17852794
-15988249
80296276
-13278750
3008028
-4822150
-12728046
55439900
-81482064
19190540
86170760
57747652
-33123192
78216574
-49154904
68284517
27068910
-90966210
55010347
71465483
73471805
19501470
-50237463
97759566
21232470
-34586982
59040962
82762224
-48110183
57101462
90857814
-81996351
-95412699
-31569133
98675027
-55221554
52685364
-82507459
60070003
7653389
-10878644
-34210789
12565272
-5171819
-75819761
-16821674
78368889
-25121325
-74391451
-54360749
23411452
-78096564
-71658857
-22258576
-49066593
-42082131
38446413
67387747
-19350910
16369564
85630262
70525319
-95706125
84342677
20889641
-64421734
25795192
-63431444
-97932002
-83653459
90085619
69270997
2506138
44769031
-79888943
13990349
98534059
68353567
-22894419
86877416
-16870413
84123392
-38840151
61847897
-83971697
-79363746
-96423620
-71690990
-14781307
-18954813
17824632
-18928623
-56271994
-59150400
18223449
11704564
1389414
-61711983
74680403
73548668
-20153380
-23615488
84577843
-69937736
-4345952
-64111098
-79783537
-89939243
47115423
85061643
47331290
48930759
1492025
63133540
-13801194
98226911
94951490
-42543911
-11037869
-16962300
63641339
92034534
42546256
87509136
-92097086
79327106
-50062719
58858949
-42851224
-12506789
-4958999
-92843964
-80139786
-71186308
95832446
35108898
-11188278
76875066
-43963110
21123367
-42481126
-81872727
40431534
-38101946
53582498
16104095
33641792
18859380
15215687
-36375194
17764147
-66107093
90671371
38785066
22374612
68922980
76984550
-24950094
-80243768
9878260
34351691
-33520184
-51026375
55098818
11566484
-39721902
-84503541
-91367573
-96077408
39317418
59688081
-78531732
-12212177
-21027856
-91370001
-7079973
-91840267
-85824757
-90037054
-83357057
4873756
7782733
-86006579
45427530
-65144702
-94806031
71886514
13834430
75309527
-405626
36309074
75951662
-38059654
-87574441
26324803
-59596515
29126052
-27172666
-98300665
16027482
80315695
68617712
-92690556
60534709
-10652892
43607789
42864808
-57878439
3933583
-16309040
61155028
26752597
-43909997
67176840
50395487
65271584
97454203
50348906
-84141611
3541946
-1273391
-42039596
-46754104
-65677492
34782358
12219545
91512505
-57751772
-21216661
-74284167
32232116
98851382
-98243642
-14176085
83507371
21777234
67590645
-5133802
62681278
3505989
-25808838
-82424619
62670250
-62262682
35903006
8255528
48931623
-28487262
55966024
44584838
-45142421
-6089363
-46426199
-70142107
-95300166
46421556
-44469511
813110
39676776
-92661476
-6135273
-72019814
15976007
-61524916
-56057241
81783693
-26360790
16348328
-46645134
-84046976
46065047
-37264076
34822525
-91427499
-48271617
-79532100
-47217335
35331787
-30087839
-90873911
-87393984
84627782
-76453318
-86196772
-18812749
16289005
32189964
-94784401
-76098838
53375313
-29704348
-46823793
-63745293
79181323
-63752706
-79062395
-37373350
17166149
-64305494
-68658967
-91002902
74612705
-71920257
65578303
51023047
-70477972
-72409767
46861550
-98922342
-40179789
74081350
-73258368
805459
44311906
35092290
33204587
-64109977
66604191
67578412
33169291
67773900
65541980
62963565
66499701
-17293955
-41158691
7705524
-92204192
5185895
-51860059
-92548900
-26632102
-65739992
-431906
-39157933
26992259
-51598393
14284022
24029569
-74789439
88306506
-74289099
-73607134
-50488035
-34637055
-21653326
-97104945
68182844
-33072806
233442
-33162247
-640535
39346103
23089572
95089058
29363372
89205794
73344913
-89635366
67424674
-69504430
58884605
-97663930
83270419
76306794
6411492
-35156395
96290395
-23547575
-15419840
-69230591
-89858181
50221836
65378828
-91696047
-99642045
65471424
-68021539
72471794
-24859196
37043117
29454399
-60516177
94919054
-68759180
-62553539
-2269872
7562717
-11035909
21160454
-2959965
-79882390
-13012478
93705500
-30461528
-40233242
29692473
-71202443
-68098390
-6793446
-28181445
86434878
-56739368
-78954838
-19053607
96605940
-11204962
21949269
13919048
91870075
26708327
49996028
17459629
87468145
32186954
-37288879
5395652
5769377
58699493
69398871
-66360167
-23747500
-78837468
40893754
11066142
61810347
11538906
-28673979
28730420
-26148413
-28515570
56182850
17045727
13242140
21587513
36348232
-67860476
11780766
-81778499
52256717
39332847
26377947
172374
-22883216
-20461221
83146493
37402905
-66724251
96724362
81982056
12726795
32246026
99963680
56791469
-5511169
89993166
44125450
-13611181
-33254540
-39400565
-76462121
99899433
-76858360
-18870533
-88561551
67561707
-4282443
65720108
44584605
-22487272
-86880483
-42220076
-76322599
2895524
-15116800
-54555486
-27366366
-93210623
-31596863
93211446
95044335
55647580
39493991
-11631440
19662175
-9112676
-67215815
8296440
-96495702
-25377174
-54494371
-66703626
-64791841
-48783143
29356510
-88350291
-75604702
23400342
77047449
-12640369
-46809679
-32341893
21271978
3403173
10326110
-91035409
-48833532
-75846392
59530718
-35705532
43921961
13060648
2339411
-61300445
88500969
-10540644
74454380
-53981851
-11916077
-88458854
-12875363
-21975452
43069675
86925478
-51088624
60195501
-83217532
-34989807
-21092745
65047550
68173903
-76024190
-67318577
-32647872
-56393348
-13800906
-44549278
38037126
-21494846
-17440263
94546011
-93386620
45828303
62164531
35920029
62832384
2597873
7758354
76600749
-71842081
-52563745
55180150
-4310255
54162798
-29875114
-52166801
-28156280
9787658
29146435
-2989688
48302232
47680605
96959771
-66279263
-16996008
78687474
-80834693
82391064
-66735848
22325251
-88692694
-99715037
-64782547
81564845
-41793823
-41363572
-99495061
56335037
-53540540
32999819
36065755
16004859
45586535
-68347537
-21257464
-66433894
-20114605
10405169
-69419546
-95020071
92002954
-92284219
-33622187
-16440049
36359421
84204201
87581886
65587162
-73287711
-77087231
-74074423
-59773204
62030953
12284456
-35558234
-23293165
-85728976
65774005
-66218739
44473763
-95619733
84154636
97061256
-70283462
21399061
3280464
-74378386
50359568
-5577282
49309621
-30950565
-88654454
43015092
40471229
44740997
-38858256
11713872
3123182
71591935
37304983
-54256922
39178427
-35046758
-73372571
73218866
-36075123
56948961
35851978
12447310
-12058020
81642377
12627251
94635526
50149190
12076210
87797789
29609053
24590862
7874305
92417484
57429428
76886315
-58486531
96375303
28062300
-21768878
35207779
-64645966
14607002
-62674122
-6542199
-59226479
-45158636
-54217350
-82749079
-59766925
-31817000
17358801
-9444507
87801291
-99752195
-82250128
37876205
-84078372
46151199
44926404
46855439
39933146
78596735
-31841886
-21901665
-80777852
94309012
-9970939
8252230
38901028
3859300
-40327191
95888154
-96332808
-23415520
-88247171
-77412718
-47029916
17173127
89405463
52626416
-63736334
3648984
-25657777
-38535803
10004081
59159342
-21039643
19322814
-4992251
-40631642
-62682360
-71781500
64322223
3665070
-9611746
49771173
27745611
43589047
5719873
-91524396
55481603
-96879125
88444703
93814942
60543767
4638170
-77872097
81141920
13109232
39519233
-78958824
-67894575
-76328723
-54024813
-57817365
99289212
88772437
50106074
-47153633
-70853461
12764573
79277270
40178088
-45328826
-37232387
-11405769
28363703
1822412
35425505
-13150303
15457351
-87994230
-33965331
-59679264
-56705764
-85631642
-94786684
-57018294
-8938610