68394731
34734661
17721107
-40422847
51839627
-42414697
-43312260
54276724
-94083409
-85884896
-6563186
86476889
33722783
42384205
-61167645
62934991
11449689
58676719
59674103
-19760876
16958400
-84285626
48889299
83947156
55848445
-28214883
-7828106
41024849
45046822
3157602
15648504
-27561993
43780876
23481562
92210073
97527227
-11806511
-67235971
76327433
-52493977
31579707
77892659
97711391
72022000
64860742
97127787
-46931174
-56965471
70454712
-44944772
71655103
-6918193
86185016
6940907
-24361768
23453697
-43221832
-47328028
-15074035
-43059730
75484644
34347639
-93609798
-52616671
-76790365
370163
-67102325
-36909316
47469941
77477713
65576551
-96897153
88288791
40258199
-81742848
91109003
39771577
50022937
89436662
47228274
-82614433
-33708588
-93467404
-77388130
86322628
-74738246
-23175395
76078662
-11846131
-26099865
63460664
-366773
67301362
38573259
62644847
39695937
70150033
-29773844
-75633961
16970908
-63344370
93914604
51602546
20437989
-31429269
-33277686
-4107090
85803298
-27570785
-50719782
47593215
-1472888
-8063626
48292853
41351983
-48077363
87901996
55347789
59021912
56402176
-33935577
36332419
-41160274
58434849
-26738842
-16077794
-44758680
50153392
-21359140
21953991
-68253105
-36967393
74942732
19660905
97585488
61549927
-13729136
81473017
70186435
-54452483
-84437604
7420392
13384385
-16889077
58163593
35909115
-21002357
-13653301
-10977657
95721209
-26590953
-56815696
-29779781
5762294
37604562
7817043
17628429
-82141454
74233270
81873499
66458250
35563705
97681019
-99386164
6221575
52161001
-16033197
24543491
-15573998
51486867
47567221
-16112161
-65266681
56951935
15050730
32760807
-48728015
29175791
86506794
13983015
83730224
-20323223
41421084
41989273
33498114
-88594074
-43184512
-53456502
-61505815
-94438222
-15730738
-97728987
40425331
-91264913
-5482228
-76637830
58712411
-26330713
-63450464
-33466084
-70486583
-27137684
-44792962
12853452
16391275
70756299
49414361
78888709
47564263
-18502142
21393874
97082400
83150954
26792634
89005827
31536955
-1295992
728325
95834192
-53372989
-95934108
-32957254
60884406
-9453638
38000175
-98479234
84940534
-13185526
43239808
-75227477
41098468
-72610360
46733721
96832969
-62837093
25172820
-64653148
-51986950
4288551
-90129040
23685856
-99403048
-14238282
25890712
-6204632
-79351658
-91520389
24769698
-53748159
13755383
56055580
70681810
91302627
-96886608
-8387614
-71618327
99348061
-26404929
-86581660
82735667
-57527300
66102475
-47924200
-66885
86056079
68088073
64920150
-98439191
32476983
87630504
93567234
-91633014
-15853082
37065101
-31948368
-41478155
9141242
-99616289
-48253386
42459131
-61375441
-2596855
96833365
42467799
-98391532
-63728127
-11086294
16775062
-5901092
-24981921
-77776710
73495493
-28889410
-59057543
20654268
-40459944
-16144840
41380021
99207687
-45439159
3257854
-48940651
-21027439
-13928299
-30828038
-83198790
-77130340
-49240396
-60882444
-69034121
-49180827
-78620510
-86528216
-62803194
-56744445
-55389390
34791372
-96783551
93912362
-7101336
-17757586
8159421
-85218410
48655092
-64632539
87564690
84020995
19914058
-1179198
71552731
97811735
-28375257
58702609
-76855169
-45477254
-50558899
-17020134
72633229
-95353124
89664857
33378362
19955385
70945658
-7552888
72500339
-9857626
47279305
15199814
45357849
-12066627
-62945316
-66043771
-2955182
-3953576
70810257
28087139
-33620272
42310517
-9110433
-75929927
-53700852
88102293
-87808997
86403463
-35876046
-56699039
-55914129
20700047
90449648
-93084970
-14005440
-95279258
97460444
48476603
89041372
18299438
-6781875
519931
-52606007
-74745084
-37630756
-26960739
23036956
38653908
13312220
81456193
74219353
-39534066
37809234
-83568535
-1089831
-26034171
-15289407
-39326987
71584480
13984909
-74659018
-96481750
-28464326
-75903327
-5560312
39094364
-43189578
88764838
-81384104
-8600495
51732487
-86489766
-72888798
90505199
94533200
27650292
58563182
42844324
-51765108
-8467756
-35271647
-41179423
34132571
54804434
-74761944
-95704701
85753291
19344954
-75421125
56721151
57829433
-33118229
14125984
3228271
23219118
69773191
59150241
-85333733
-96101329
-73939576
7639822
82936656
-71638738
-54207632
-73619680
25378729
-544175
18892151
62534437
-1009531
-93789616
-8618648
-6918674
54114875
-82300612
-64728449
-39691590
-51595446
-49161169
-57146241
-67986799
-53983414
39373506
-2995107
52257156
62710751
26248657
-8633029
-62182503
97615835
-8630064
49541788
43618253
-11729613
-15826984
-66118715
-70163792
52997097
13133050
-83943062
49246166
370352
98176891
48903433
-42185878
40136435
-31640519
57935367
86489630
-91612338
-75644502
-23020786
33401264
67338204
65358384
31982208
-52684300
90157156
54494472
3493392
-47168633
30501387
27908015
-44217563
23554385
15814157
-85257653
56333772
44741759
-13222322
72991395
80526159
15966422
-29478579
-72964484
-573810
-50132770
50913903
-19457102
-24198894
-62393996
-39161548
52713839
-39870376
-41251618
-45894907
-79411251
-5046446
68832102
2379407
92358688
-99127900
58200574
-41872897
68721630
3271071
46184935
-75630476
-23221204
73046446
70512243
31866561
-32630789
46198903
25776215
18539713
27544299
-69864263
-47129442
-94054752
-58193556
-54553690
76907077
-2609969
17407030
-27873143
21851629
64893824
-54480006
49123574
90368130
70286131
46342841
91053405
92218622
-5195446
-44158916
-17122739
87818365
18372074
-84933066
50771270
-5084602
-1292986
-31979731
-4482362
68668930
-85083006
-71734114
3773455
8144237
104730
26917939
-75547904
-7374244
18997034
-59040592
54353377
57045753
-70722122
-87751904
28600921
52097344
82762189
38884782
22527657
61327523
33331467
-26690574
23712323
24910582
-8874796
-5497597
-74563455
25565610
33031213
13954467
30153255
-94285466
32233099
57668010
-81049616
-95351174
19910415
-19414949
-8158752
22484383
77350642
31281669
-46435992
-29283033
53831129
28145500
77423278
28060923
61920937
-50037115
22024441
-3789021
16547406
-69826665
55064160
36247294
-16373677
-22319397
71069265
4193509
-42169273
-245575
-23196269
89198762
-38985589
31474979
-2335482
62592181
-41105444
9405600
47346168
78791566
96849007
-42027224
19849475
-60872127
-32256593
-86256527
-25398117
-31164621
13221297
-35971120
-86697358
82349508
-74165987
-42094592
85011984
-65951145
-77213981
24161312
-17515416
-29105545
-69387038
-50430778
-29054530
82037945
-67726408
23796074
-6715935
93598505
-82521309
3536727
-13407067
-3392376
27881750
78711324
53239823
69202239
871538
22527316
-36746143
72060536
48039000
-76218832
15197925
-54911426
-78493272
-90262222
29389453
-37176285
-43117136
-4612157
59955042
13507512
-54978254
49564305
54293914
49531466
15566331
70664861
3904969
-46218792
-76820286
99349859
71835375
39340061
-91129404
-68221546
-36793097
89957376
-17572557
44089081
-98269887
1908176
96586698
-83037094
55184005
-7417007
49635512
38440624
27346574
24319039
-84201432
-88794422
-83364826
31291484
-72495147
34303726
-1602013
20157923
-59726839
-78875542
27944006
10307603
-6391935
-5381705
-36329617
-7212615
26790002
-55973225
-5623836
-10758193
-59334585
33267174
-1596326
68193382
-9071133
24276501
-67340307
-43258484
-64247939
43001656
-10445205
5319341
-42237416
886195
70267755
-42046822
70403718
-23627795
-40610868
-45051760
78734417
15451308
-25727888
-38281618
-97737237
75507459
-84287607
-70869651
64783483
-40391731
1794144
25585443
-10730239
14661791
-53724104
-7894261
27314563
50018835
39448496
98770845
63552239
-63606711
507964
42518880
27124484
25501885
1520962
-396233
12371876
49428158
-77516486
25746409
56956481
-4931661
-77094612
25317789
31371901
-49474626
82907906
73263052
-39030129
5459851
35051768
93777828
9030940
-6280055
99968931
79769809
85978130
52181364
9428103
-32208214
87480560
-64217928
-46883769
45255085
80839981
65770900
-95417364
-20656159
-45645360
16365284
43405199
-46378837
89287339
-65575252
70380754
-80278698
15043244
42607606
31158427
-31263877
-95711601
17482347
62027277
16131943
-54515300
42132595
-30379954
-94749778
59069734
-12209636
85556017
-74442999
68486284
97448778
36103765
-67458811
-56031805
-47381132
-96286444
84700024
20224964
-30954247
-57498073
65331233
-58920630
-67255780
81048042
-53273231
-58901662
56059295
94693352
-32313422
28994694
-32324356
97732523
58320245
-47500236
-45479830
99259912
-89609624
-68135568
-9512407
-41130323
37929046
-43834402
17711013
-61436937
6761036
-38987114
-29949548
-58030487
51357420
68003069
5112540
-51608509
-95230435
-95318391
-14879144
-99806377
-68099904
11035299
-99371793
-70168344
30474132
10652078
68309162
-75543928
6293411
-65663877
80759857
56485374
-19006601
-84623914
-73500481
6832652
60993042
-40618443
99346477
91772252
-70295358
-17367013
-60336101
78434364
-87018684
-65783342
-81222180
88409932
-25383201
-1931762
95956784
-69965769
-61124052
-99013995
-4572177
31568372
-53702092
-65276323
-45526424
26086874
-76121222
-37407481
-41185686
44530052
-44609533
10210439
86938603
-49849074
-81358483
-34749425
-93146210
41926473
-46439344
-19430017
-56333571
82570725
-32678889
82477355
90473732
57180715
-99156768
-66413539
-848817
86585368
-70583567
-28163618
-95404575
28883030
-55300431
-7920512
-98808074
-96409027
-40095197
9137824
-4638274
-27554025
874326
79501710
71204673
-74214818
-3113557
-34765838
-91529035
-56211190
-17396746
-71355817
46843510
-65949199
57305319
-87503879
6320779
-39155856
-59088876
38308785
97936143
82476028
-74256884
-22974223
-81887273
58421803
-7382405
95541445
74831387
30404445
93834578
-60074660
-44862721
-24357810
43183534
-88873883
-47886819
-51888362
-21643787
12385391
61375836
28700719
55477565
-38743287
-50551875
-93765511
27662602
-52569587
2757944
4180833
-18728000
83579344
-17273344
-2939683
-18230292
64861507
84086401
-12815137
-36497034
17239789
4562694
-80985591
48493956
-67986018
-60624360
72644541
-12945793
53071622
-68887116
59875372
-54863364
-28962187
-38273523
4113185
-56041673
-84477011
36638407
82792694
49497156
40781071
13445634
78847113
-68234027
-8799272
11321235
-85587581
82958653
-896126
8336789
28124399
-29677955
79499126
52813255
53935931
-16350619
-62735085
-65832058
-58479864
93813166
-63658671
-89129584
25756367
-55139725
-59351690
9531245
17796590
-73082103
-76553337
-20876565
53323684
8961239
56512515
-24190902
57662273
-3420951
98515662
88972416
11570085
-1447887
66075137
-44761001
59408508
-85632683
24746481
12798356
71949769
-80689315
55331848
-63283232
-5974908
-74641485
-51007693
31557273
48440855
84717415
92089460
-18803977
5451568
-72281581
41784089
-53824247
-58983059
42218880
51775677
22931143
64012061
19821735
55851153
89530233
-98909165
-59075633
-14250772
80332009
-83021144
-1838163
-91635963
-65970240
-35327526
-13841122
-13758592
56238884
61080070
33380173
16123277
60198592
23369399
28492404
75619772
54772252
-53915380
-93084220
10889201
43175716
-40781982
18759317
-3165766
72905373
-89390272
-52993868
-67094964
83698236
-56172354
-21739834
68365082
-79497104
-56324036
2346978
4580423
70200729
-42762206
-16338637
33022249
-69413060
-68565247
-64115014
49185085
67900009
-79267482
-93575111
-82536206
38875155
-25355682
-45392556
33435290
-18291008
34779463
-55284840
51578288
-86447025
17333498
-32468507
-27149814
72497856
77491649
25035547
-4625633
-61441092
43190188
-31287331
21970735
86719247
18072428
93868722
-53288461
88684391
-6750079
95456322
-82503947
47584193
-50675365
-9820738
14641706
23567462
-16060976
-91915960
-37687950
36659304
-27543550
-62276843
-38781295
71010727
-8689654
-39955705
-33420773
-43894547
42698558
-22278224
-27693785
81383448
92190539
36157680
75657037
-91784671
-1496746
65610302
18172743
64305384
-76845239
63102543
-2112782
14360270
16893624
74202606
-82824870
-29567535
22767973
-13258599
74929460
-89793598
96782606
38750919
7855581
95522559
19958951
90182809
16126797
34625191
-69015558
71575511
-83914056
19946074
-3470120
89263300
67228783
-8530080
12503709
21301440
-7023069
54166709
-63101626
-95668795
-22417173
-81512569
-43062676
62233699
-81722735
12552478
-69662908
32426379
98699019
-63377850
-82212504
-48443611
-18229731
-7813243
89675670
-74014983
-87121153
98458479
20101109
37305432
89095997
-93223118
-75537243
-1796796
63013894
68010244
-93586650
31403160
-13161989
-15180998
-83127184
204185
-14379065
-26013454
91610882
22121778
99394487
-65696725
-54911029
-51139144
-21836365
-6149916
39955921
99270019
-15291121
49140411
-22288919
77902778
2843010
-39542197
-88083304
63039990
-32541867
74030642
-63849052
54767047
39348877
85604179
-482838
-76559703
-4862897
58912817
-97760981
25640164
33373373
-83245857
32159839
-79819499
-81213046
-66123649
21130012
-78079453
21816980
21096770
-5526069
32206912
-39858051
-47433784
96476745
8803918
77686258
-60681969
58281688
47676231
50424745
96067963
-60265069
-29539276
-85395202
-65424290
21738175
-5038929
33613741
-92516323
43730537
88645718
-66794700
6153033
-98532258
61108336
39036487
-80660151
-55794333
2970676
79246528
-1663617
87142848
-21760011
-30823533
65805191
65995687
-2326656
-26500520
30838656
-52112110
1027588
41281985
-59042174
-42249593
56944325
72657758
-19874954
93727052
29435643
67852831
78200068
30876558
-29915088
1184355
3539626
-7008021
85270176
-19457617
46874351
-2892333
64239537
-37858762
32252082
50559327
-1325951
-82016902
2320779
91867637
-29502759
87283278
44618224
-4204126
31269346
-52567727
55228259
74782431
84196445
-48618845
6667897
-28430105
28152534
49295726
-47152340
-29421971
76463353
-42778589
92305894
-56110166
5707150
20607722
-28085594
79417515
57393865
82663007
74447058
-23094955
-64182357
36844832
12878075
75952370
63413936
38166551
-53462376
-32898687
70772593
87278874
-36721591
-75170697
27763054
-78441360
-22793791
-95303344
39848984
-56393705
16308106
-35432506
-13676460
18599049
-13365753
49730804
-90185020
-317227
79500654
-8053875
85615348
-78346970
-65958100
43078267
-95467950
-95648848
-52291302
54787499
54480634
83906627
43016406
7211458
-90126155
-66851736
17523340
97728550
-99354864
-78357254
-20515625
-7811136
-88268396
-50573405
47040442
-14755433
32125721
-15684258
-54913004
68449558
-13685284
96760128
-20249781
-43811784
30756149
-18319359
17012959
-34989328
52793851
-62697405
73277607
-10754493
85298502
18086508
79955515
-35548106
3443820
-69708228
-46243319
36579984
48508734
9622774
-74849204
-68472686
-9815499
7160199
66140565
-46717603
58803762
74673883
-74447180
-48558356
-27316441
-62555238
10487930
4961626
-12176619
92641866
33807930
-32863487
-22820712
-24335246
295832
2988661
25392964
-87003481
54771006
-50189855
56194649
-93349751
-88468774
-60753490
25997333
68137252
41928058
31389356
-24957736
41467380
7326826
-12569898
47782964
58251750
491104
-54731045
-38344858
16694600
-40032955
-78173891
24107793
92148907
95228997
-46449837
71236599
30400081
20163073
97616796
-56966406
-66712530
-88629055
-8335369
-9031080
-67321213
-90231618
99644762
86012301
55555425
15537367
-72143086
30781651
19762244
-23719961
-99981908
75324265
19792001
-11642302
-54107622
75893923
59886112
5315578
-6870195
54640389
-13115854
90286069
5380877
-27849089
76138888
94615062
12563355
16030071
-71512968
6189702
77301416
-41757738
-87378464
94359549
-50139172
-43114966
-20255393
42848213
-1098027
-23306636
-29767534
-74646681
-6197456
21277375
-2651246
-60122497
15795199
27588850
-63426828
73025617
80854213
-80502197
40650686
-50868744
37806874
7107412
-69364097
-99818472
-47387494
-52660242
-34336623
-85552074
94740457
14580474
-77185537
88822512
10647124
9243107
27017354
6993130
72860315
-77283169
-6809967
51165621
95728224
31125821
2029397
-33683343
-56978431
63338643
53980597
-65972228
15701728
-45944073
1514271
19867865
-46499051
94590836
-81996081
-18522882
2469662
-97767292
18702205
20135238
-50250792
1663796
-72936120
-10783603
44483881
40201054
-93539265
35311291
47134402
-4059847
1360809
-3927146
59383259
-89541435
59144642
42274981
50045439
24406439
-53186227
-87586460
89754697
99635230
9773878
43139219
-58577484
82307805
76177116
37426496
58670168
66375716
-65421433
-37699855
-93875599
48762678
38286377
42594701
49773882
-21437151
-85086186
-65483171
41232706
-87160256
25394265
-35444184
55138352
17288401
54273192
-47430525
-6260376
-32507182
-95602702
-55544521
82178853
36761375
-60809575
77310059
-79322510
-15219059
47853370
90675563
69323627
53817856
-81379143
59690016
64455538
-43183150
42068672
97702096
-14209913
30784333
-21839725
71426144
16493543
75748419
-31444664
-63826743
-59873125
-95774444
72497589
4255202
-13153265
52208073
13625236
4990625
-79342092
70552543
16742669
-73814684
68644325
42000378
87772756
-93504021
-74099137
-14229200
-19037766
4979187
-69369186
-24555309
39638347
75101259
-70211162
34825605
-77247209
-62279147
52381963
12496735
-4819184
70743931
32647360
98057417
30173729
-86373046
-26892825
39685318
-65230127
-84060551
96313335
-41509799
60554052
-57097306
67149894
-75142007
65932494
-86144618
24888822
61347333
29064975
-29416734
90025747
-76279483
-15203571
-75555616
67164613
-32013658
13787003
57761163
-92065190
-76596542
-17135920
-24477545
-54839778
-24085865
96679725
-73056384
-93194661
-10140084
-65622126
84826909
11852430
-21927494
34747097
-46823961
6328533
-68580081
50130548
30194069
33990396
20802523
-28262462
40450151
-94862835
27386224
-60793616
-11874246
-33297930
-6757456
80217248
-36861283
-32146211
-20146932
30118721
-49818522
-41752190
82891934
-15633751
-59158155
46606060
-51052960
-6725678
-21997572
92506106
-71372378
-45488445
-98480652
-51161647
-97644691
-87425947
-93919154
69533588
63930627
33510533
-83062785
63023939
-44726898
18274305
20002858
-76678784
-8423932
19962592
71669905
-29717786
-16025648
59806960
-44073710
23698450
56626732
-93636572
-51178735
-60147994
-17625070
-31532736
99828854
-59130195
-5176699
-20568990
89173959
80072838
-56402746
-69350629
75132439
52222306
-17385946
-5253555
-9108208
13744283
90800504
51595824
57679413
96915818
-68265794
53685042
-46337395
-51631671
51731086
40711674
-71723407
-75503304
14764280
-12020726
77512298
-17238347
-88813007
-19324782
51375576
-60948155
99205840
81629446
-71676555
-56970727
38475538
98580460
16159304
98444275
38434121
36463960
-43164922
61397813
71448915
59790141
-20928964
-90314891
7261676
69682227
83957745
-77853466
-60988348
4060104
-67670175
-24063482
-13857589
-54248725
-39038060
-74463974
72019942
51438166
-8451847
85071723
59848594
-70270796
-84501442
91130145
-63638395
83071493
-93850744
65419347
12623257
27511355
-11939818
-40293238
-42155827
33252216
77226307
-5190970
21367037
-9394280
39831047
48991732
5684645
43560
30485632
-62552703
-98099097
9903434
70071807
-59479229
-27571285
-14416827
-33953752
-84398236
-6169749
-66649197
15505813
-61774036
38861008
2750190
-24284498
53261527
19999215
-60644974
-64584867
-82687322
-87174473
47778972
-73508058
72686386
-47689700
725938
-95214005
33155777
58423151
-38667070
-16403071
47556538
-39307196
48250605
13364046
-5738155
26236261
81016778
35504209
-70964408
35475861
49403582
73005276
81055459
-25268080
-38022887
63473730
-79226013
-6791138
-4730063
53554435
94459764
87161726
-59710166
24889359
2442703
-80755986
-55286479
-17699120
75384262
-16788662
-73464571
68343769
-12079571
25141933
637870
-58208247
-72680456
-41743680
52686124
52982175
-48062070
-30224119
-24615544
55395532
-91017807
-14818699
-6908827
9200034
93283901
24844087
-20028877
58860185
-11740671
52577146
-81324118
-42578104
-68180716
2059182
-47224741
56765101
79689460
-45000653
49702619
-16101665
32447971
-70115494
87614723
-41232774
-31487616
47746338
-78882422
63824822
-36046760
-35970225
10793288
10871212
-88703171
7849026
-32365379
65395408
-17221074
-57147162
-46505257
62692507
-26541496
-49066724
57085104
64910430
-95242947
-85799945
-93749514
-67964094
98250263
-5932038
-77199573
39631991
-88872637
69457731
-11242111
-81094048
3623149
10653982
51535299
-17134536
-12959339
-8771158
-41147734
-15771509
-4099650
-39355604
-92990339
-70297953
55574837
-7842471
50282635
47026852
-82904257
-21390307
42130468
-76223341
40933837
-53790030
-80434541
12620029
-10153777
16266080
11087898
63302551
-42050893
35793288
79248317
-80914733
5282179
52775542
-37659295
-63932935
10030731
91449053
3032295
-13196160
-73858310
94623863
36325307
-25856748
25328936
-54246816
-26354755
33251532
38038307
-50530408
-85510740
90689730
274589
-18576132
40676308
59367511
89131207
54697281
-17734038
-84840896
-80670236
1808018
73171718
-86020192
-2950569
-22482845
46350700
-77803332
-16545503
65657227
-68078824
-83949252
9638019
-85858966
-72186586
-71269109
-18290381
16607933
-84465932
70390842
77986138
68740655
-59200420
23750008
-49025905
74420118
68564350
-46788103
21388807
18342643
93511257
-37583280
-80474177
92918229
13191088
84798641
44190254
-77848448
7734284
-5205519
41096842
-75116620
-72385586
-76657134
-20998256
-20675044
-81333404
-41217698
12498749
-95431639
48670406
13238603
-94091543
-93461515
-73906012
81000472
-47915005
-78047430
42805081
9400694
83464064
81207671
87420774
92079098
44546608
95543658
-90528860
76826180
-90161330
29910249
92757159
42232244
3255086
39726399
74377456
-71238700
59622132
79058666
48021092
-39518098
-64654257
-12907130
27989832
72103867
-82068832
21949108
18537961
-80278667
82116121
-15405972
-71393352
84254103
-45951623
-83724724
-68908794
63505088
-38597903
-52648239
-17240986
3429095
81787385
80547789
55273937
70256473
-35028157
-50292228
-16578511
-8657859
47081750
-33551179
19926643
39734604
-43346435
-90621253
85972197
-47490207
-82011465
34388573
-78625400
33239153
74127936
-47269462
-53184119
-9131100
79138931
75730780
16230363
-21518449
25193382
-15768289
23597254
-52597025
21479992
34469063
-67471477
63144193
67767131
67391706
45713668
-48000340
-92956230
31855126
-54966565
-28140266
-90399303
-43118012
28180295
16973473
-86117531
30292412
66084733
-74155591
54926011
-37299022
-13790066
37412318
-16335060
-24590895
-3599541
-89582624
-69945368
-30755395
60380370
37705995
-14068963
6893095
51144120
92396490
74748861
-60794031
23700622
53897079
82210289
21421517
-25648818
-1316105
-70259161
90517973
-7150209
-92472366
88091900
-16387315
90891679
-21206715
-9260521
-53400398
-17849612
73340635
24196681
-81616169
-6060234
43427375
75312345
-52838942
-99364363
72479241
-1964831
94616556
-87863032
-63031617
-63885981
11847113
20194023
-42579817
79247102
-15596385
69350931
72495727
-33689436
61159048
26067385
3830412
-5342499
-52895368
-39927632
1439782
-38502656
88597303
-60078313
40525490
-46184996
51696802
-5639515
52256600
68837420
-52013550
71117721
-63847787
-76268439
-1748302
27600941
-74270683
21045905
3140887
-56935690
-23933274
-14652630
65565429
72014186
-44335168
-90194341
-21964294
-7769743
89371743
-59623888
-33342553
-72192158
-16148319
91628242
55294586
-98009909
71692969
39907396
8565278
-2168447
-23951695
-61712991
9157307
65181129
-77887469
17371195
62019414
-19856211
-68800593
-88484329
-49894539
67025238
86532130
-14129717
-68951896
78835522
-2707398
-63419367
36470724
90876452
72661612
10266630
-78102235
21006191
78719045
86979392
-278503
78078021
-90714266
-99269956
25749821
-19480405
87789528
62091993
-72152266
43401488
30951984
-79195376
87972478
6747189
63776514
-59618736
8790831
-57126675
80967223
-78472482
-76235197
-26048037
-69974285
-33032573
-1448068
71865982
-84936475
74605815
-42247578
54866293
10025492
-88237233
-14733386
-16942962
5089583
1605458
57276315
37181768
51258734
41802410
-58424265
46136839
19421578
27671195
95676527
88386363
-20552764
-17070721
-19382292
-502108
-94468032
-48688435
-88657274
35615056
-94532580
73032329
-20681791
34354561
22746216
-43073157
87352974
-44039894
74288403
7469643
-75175125
-11581460
-4503904
72804234
-11311939
-13692364
-71010910
-61347608
-62515765
1953746
86123881
27584440
-57695678
6709714
-74092259
-79869766
57128017
2129535
61012132
-63544096
-9988641
69445024
-16754386
70238516
-90110856
37805195
-97600015
92213771
-3469653
-10204982
99275332
-92636672
-20367257
-81861602
8798257
30584228
-52629285
58145160
-73916109
-39234382
74823445
-51208379
48740314
-3016940
14300302
-98098924
-48354382
-12399487
-21625608
-3234822
10385379
-64965206
-13305983
85909283
-88885737
-84945039
-36927500
-75152902
-70958075
-50356619
49796484
23228787
70042115
64855611
-72550097
83962439
-74967107
279336
2425213
-82338730
86926781
27627046
90732139
-46768785
-46865989
-54220697
78283378
-81258307
-94689476
41809299
94542172
44918239
-17111268
54086613
-7765784
82656922
34073991
8991264
29310136
-38111204
-68490585
76235421
1996320
-94208247
-27583495
-41189123
-13764725
-85394193
45120531
34291567
-94564000
-52432233
-29388448
57254151
916630
78980017
-56791772
-21010201
-37822181
69533565
-28973207
-36241115
-84023967
-37590379
67893557
-86110249
3896375
61586928
-84747828
73620597
21977491
38741217
20611119
86139213
-42583190
85818455
-30974597
59280565
17915426
20871975
53267419
38924555
-98845097
94089601
68254209
53061703
25547948
-288365
44428101
36292044
14157015
94448394
62038186
-18327406
-34960736
57846806
-37797405
53843785
-55507904
88418135
80393676
-84015980
-9337145
-85610821
-74322776
-69277515
87442455
76851727
44732869
-11257869
23029434
78957103
-57440145
57501082
49318590
651180
-3168621
-50123947
97428519
-21102588
-30800600
-79360146
41458517
-49614677
-20309395
3749595
28981217
57134865
2202746
-67901013
-96804902
-36721590
-37413226
36225234
35830104
26950929
72331033
-36405743
91940442
89225910
69709578
-96886585
-40287088
46475302
-70491298
62352058
56424521
-75818362
36457770
26360047
-40581717
-57901018
-3028814
90954003
-7951967
12662732
-18322678
26212331
-70316185
-2121508
-181173
49271161
-35478529
72096744
42389994
-10105700
-21347828
-23726552
51442015
87584933
-85511847
10078502
98853020
-94274579
51736890
57013129
-66415895
-75502052
-24621046
64810475
-74326037
61416010
85075283
46270502
14801767
12423085
-15116178
-58081111
-2122966
-11960663
-12287028
93083163
25067384
-78193054
-90144022
-98908133
-5766673
21546949
69378193
2611387
29194155
19570160
-55446553
-8609240
-38640264
83819933
41062864
-64144765
32292672
12198827
10884376
-50198634
-87300271
80749264
11540814
-19865451
-35398532
-11580296
-80137461
91337303
-51946737
38852083
53404144
59116495
80261519
25674886
-96872697
2671581
-51831045
8517572
-61544142
89732518
1539142
81894203
10423046
1144535
-93512485
-30155032
91712099
51336416
32011603
-12403336
-60378369
-77837108
70724280
91997771
-83276388
51571090
31626966
-40133277
-29242617
-87345856
33031360
93408856
-12445240
68881041
80988540
3398783
22254470
-66914788
17487646
23546278
25448712
82144968
64103066
-66177311
-74357538
42134999
-66411370
-54520258
11102892
12024989
-60413958
-7148370
-81104602
93262225
-90996188
33304198
-62210996
76501975
-73734478
-93873991
83936942
61070087
66472749
21246692
-34093132
-16630914
-6192722
49665780
31324370
-59373893
-71915508
16471314
-44529805
42135624
48612232
-75918990
-85556869
40884551
97781097
-78706321
-45015497
-28880933
-37637932
32142842
-66328670
92078831
-32640590
40565454
55970154
-86319328
-22604544
41850317
40164514
-84369507
-86039690
23888125
24973380
20849390
52896749
-17348472
-87394264
-37069767
-8991691
31317240
63815331
90306098
-28192988
-42212976
-96882995
-99288152
-70626460
-34975578
-12464210
-90898603
-68316241
18883158
-65433986
41363520
-24808346
-82193730
42643609
-98002242
90806963
84623982
20807904
-81110350
-18838686
-94970110
66509806
-10658826
-7850047
33774441
-39874168
-32921603
28808922
-53150272
34134222
57215225
89929520
63450616
11548010
93945270
83603585
-85865367
-99038269
15248791
-62525928
-97865755
-52519387
-64799429
-94643058
11835893
-2130948
3607874
-29506070
-60791390
-28588058
-22152408
36847331
-99642202
-67676483
-78420336
79001527
78247556
-51034875
36526973
20499297
-19862499
-53637708
-58223033
-42148440
90256839
70820723
29693274
3813391
71142361
7333241
73475367
74313991
-30346960
-26051980
38231301
73007641
752383
-48182403
-71299121
-58901264
-50397536
41521704
3406794
95162028
-38796179
-8590401
-577285
-57490212
79698361
58418825
73841173
56566724
-18546326
37007750
48617395
84709847
-74507940
-55224110
-96107733
52792433
7689973
-62951662
-24036062
-49085656
5438503
99159607
-76086181
24725135
-4667250
-10806624
20973228
18576415
30478061
-94908759
8080775
-10536100
-61177739
-27685867
61120309
-31878889
10785455
-80502936
-860907
-60670932
47231072
88101332
15594919
52819929
-76573081
-86298123
87521765
-52508429
-58239654
65737697
73982238
-26954447
9963380
38847467
-67278887
-16123772
-36763136
-36015991
71305562
26802507
42710283
50608289
62396415
-99088100
-29286434
-90491759
-66338509
88170252
87293162
-42631160
21657764
-38957242
-96184807
-5652045
8731
-91125600
-69564859
23221021
44023921
90338051
-55859232
-11923275
33492171
-10340040
89510011
-96732328
71669252
76759178
31169124
3647785
23609155
-49619038
52731458
-9187854
91688010
-41785054
91696301
63787725
-95016717
-10332029
74446216
39118305
34615285
-63425971
38100657
-16972263
98805927
-56527642
-19730350
-4557255
38237822
3720538
34253256
59838540
-94753388
-36492696
98019864
94498229
-25407472
-94516416
29746701
-42710542
14109442
-96821043
92363197
-61435640
-21400154
1338765
-41617419
45873856
91112050
78269608
52223003
-4137294
-8190114
82168263
-5832446
-30384996
-96698151
2412521
-43344061
92774743
-96233204
43890654
24821109
-78307489
-16105959
-25170847
83570158
78310829
1347489
-36534904
-91530328
80754514
-88599382
-12759538
-12866232
-49241109
-81190813
-65273441
40496509
-34699915
78306895
-89058139
-96041703
-13970517
-3054765
28064328
58943673
-79593094
-70106334
36903146
85800117
-80527957
48711379
-72739158
68732120
6603040
54107876
30770690
-46949901
87597489
47065893
-9025499
31266058
-17558949
50243290
2881860
-23982748
-23795457
92264955
-34036842
-3142892
-25792846
8005908
-91910504
-91834114
83280459
18835293
5847456
24491912
71372529
-17238101
18736554
-93849455
57018684
-81338196
-30589479
35005293
63618391
19889394
67751779
-68987356
91905458
50678165
25897887
-70791826
-38262198
61928591
-52157701
74466356
-60424055
33000312
-19849134
70690761
-44279781
-27148481
38562235
-93841739
-4643439
31664769
43358285
-93100377
-85701349
26343385
-74690935
92244624
-96838837
52170059
92092636
88324009
-87247032
18171532
2449796
47259449
-62715310
41607534
-53282957
91610861
-61588875
60931804
42410398
39856928
18331827
9329792
26988814
-70394544
77031256
70901345
-7974943
-99379989
-87620297
47522945
-39227344
-60286271
-8615004
22446226
688648
30889910
-75239731
15749895
85607272
-60508076
80425953
-57276977
79317299
-83978844
80155293
-65125788
20199153
-92586084
-35718010
-71246206
-32905131
-88307317
-65470978
87685751
-19410162
78873243
-84036701
65852427
4940024
25587302
64582158
-82762277
-19262230
61442291
-7491855
-77433291
-42191444
8213503
-92496370
73080601
78387316
89663005
-72124536
88663012
90250170
-90631441
75541462
10589493
-47396964
-50575085
-4987503
-79243847
-46994373
-33144948
59785572
-53174347
-35510150
66868848
-61049081
34389835
-16849077
2764105
95909695
-58187066
-36367196
96545104
-21367267
-42767196
-26237357
32177503
-11307497
-49781344
84038434
44777775
7897285
34760979
-57365956
-85243612
93591470
49929709
96675186
-20069177
-21255492
-36337890
-53570279
-87188954
40452095
-49627009
-80476306
-1221232
58314751
-19952673
-40819353
-3788607
-12963218
-14563524
56054419
9870145
-16662236
70781073
-84643938
35259312
-61723947
33756409
-5843928
81490765
-91815294
43168109
-16831360
-41284315
-49666850
-40036893
45802865
99869132
-33515355
-75870600
-15363887
36471409
-36690532
-52380075
-49189544
27943387
66083233
-80536314
-58320216
17387605
-70592905
27274168
-87280561
68122589
-27330252
-82494553
-92759709
6403753
74640945
-32400354
-66343997
-60381499
-84981069
-2479326
74880678
68534487
-2372409
45871434
-20518475
73525145
28893456
81295924
51074987
4659143
11031123
-44995431
-41788982
-24360492
52535384
-62614496
53085682
-35887063
-29581711
58539542
91710260
64080113
59627210
-37940862
-21910088
-81359522
95514667
-51944201
-15379498
26949370
-53673026
-11216371
16252312
-48718936
12021942
46666947
-47619238
38344096
-15725930
86722014
14239810
96682255
35169996
12903777
-50328395
91069670
-57555975
-21795917
-3008169
10172516
-24528663
-18241783
-44393346
68725246
26432421
-58193413
73294848
-23696597
-65384597
87068641
46219462
-33130930
-40450025
-77458147
-37331859
56048919
-42695476
-60715276
-3821589
-88378542
-83550680
-77413981
-1984452
40273756
-67442328
-44175627
-59254411
-54951977
70470584
-5809761
-45199922
-32286157
-63771813
72928809
-13013471
91265551
96974510
-12604855
-40919703
24777631
-48305886
-81300517
72915074
88977054
73769353
91647126
-45643554
18443163
92153580
-80173562
15496027
-25084829
38377094
-61764765
-7908233
31977488
52777636
-95451077
84933823
60551383
-70413524
-74423361
-35146939
-14759594
-34312056
-40875838
50350160
-54360205
-40421758
47287852
-83410412
-89016005
14072369
-15719004
12669139
-49448142
-38657015
1094597
81775758
-21000069
-76877725
-47620134
47240890
65412468
22511117
762282
-90020814
-8821602
11170858
36703578
76533463
3025071
38450628
-94798858
-99082982
-30199611
-58429196
26741169
-73325094
-28330732
-99485491
-91229349
-98709673
-280060
-62066020
-20749264
68264523
39731213
-63648224
-79870825
-25355242
-87238281
77068103
-62756766
-8319313
-68094838
64902474
34204524
-74265781
21657854
22060185
34704162
33206974
-14967798
62446185
8546582
-65507884
13269346
31600834
-39785582
-43566013
8078024
-86030712
4202175
-67969413
78822308
-18008214
62523347
43269548
65616049
11496976
84290064
90053426
-86810377
51138898
66810902
-28376668
51814405
6161380
87065405
-85040223
-40830766
-9979275
23154450
55500842
-30087587
-29643050
37179647
43801205
-90623239
-53759028
-20020001
99605232
-18058498
-6098814
88695800
28787264
-73316424
-37556982
-69426529
-73227260
60230193
-87210674
18889864
87491975
17022307
67651163
55405563
3499572
-88723333
-98419817
75852768
71144134
12313812
78739399
53637116
60670820
-58996102
78216460
-64918686
6769255
20924104
34882719
8880588
94427962
-93141379
-24158363
-55267560
39063900
-6071896
75484090
-84073477
62354825
14251831
-76448659
89784562
-16770578
-60621603
42266074
39897220
84436778
-41386976
45948089
24658770
-58218686
13650558
75983302
-49989933
34442464
-14814894
-82002347
51952518
-95630272
-19835745
-99384653
59134898
-50523545
94813492
17014342
97946067
-41686960
-72872267
-70300281
-26515943
14093633
-27429358
-19899476
54364225
-25876194
-92805852
-19563189
-58612156
-17535021
50658577
-2454450
45374489
-46700125
34809790
51068866
71606142
-32815847
92119430
-74723259
-65837181
57303728
-22005870
3476780
-94394838
92189666
15130089
-11105581
86991966
-68058832
3505924
28409732
87084649
-39049291
-65694313
90891101
8823651
-72735258
-58064680
23333926
-45322105
-82065287
-74643424
-85591213
60479670
53435380
-96386400
20454747
21891293
-85228848
45430090
479546
-25124780
-69547284
96782630
10992491
56443858
46642702
-83120372
70148005
-54398228
-77951608
69150392
-38099344
-51041768
86008998
-5984895
-95101518
24636428
-82569781
95611811
-9940890
-65984670
-39682309
48904512
28953933
-46705799
-50730299
-66701572
-313265
65127269
34226923
-76175316
-37217956
53084107
64249237
54500545
-27270629
7364692
27276967
23658715
-40050774
-62222457
85193393
51225880
-99769962
45373649
-5985597
-95678726
-21198722
-28637378
39086183
4507771
50861973
23924151
-18529105
86367280
-1621135
-74305797
-31260583
-15780304
50711729
92695744
65842416
67265927
57016884
-68004818
-78749595
6330974
-41672981
64725113
-91461711
-15493407
-15188351
72625304
-30065819
22342709
84532071
48690586
-62750830
2034295
-79254387
-85530598
43829275
32437893
98034655
-55815577
12104445
-27781546
-29114097
-77939175
-98901389
-13010155
-66957906
-87224322
25247713
-82987696
20679178
-68792830
-37749870
-93237473
21445609
9272747
25821597
-26635211
74323033
-48620324
41624885
-50077468
40635412
74070658
60697822
46620465
-7374869
-82937023
58442768
-85281157
44563569
-47887434
-62440864
32296905
34659696
-41769745
-20016988
-53966198
94160499
-24772464
-85946494
33982828
-51206389
82546143
27227557
5657341
-78822676
57230954
71805751
-37476547
-20758847
47356790
-91691015
-49126378
45555376
-30218690
37890403
14537258
18967238
-88356997
-10808320
-43371103
-77743397
7039520
63571759
-62240932
97044671
73258760
58869122
42882499
27862896
56810516
76522973
-94636981
64921696
13555744
31098627
59735766
11214882
50764362
3138556
18320130
76226233
-4213711
-90893082
-92978189
-96196702
43061113
35956892
84188713
-11658383
72403510
-67038524
-99964641
-99598105
6921949
-38890330
87769478
40738824
-68356890
93562003
-67480483
95793875
-26104329
-29773789
-64182998
-60174038
-72060932
-14883017
-31291112
27499730
-39497010
-65815620
-96179659
53302156
-55324477
-8517053
-3552311
84103899
-77809967
36108891
98767797
-27157512
81251323
-87320020
-4866978
-3950930
13748074
50129510
-56376763
-16052876
-99532034
56444324
-36040431
82820301
-4507957
25999736
-38711932
-95354692
40229460
56988348
39250211
53306387
-28064171
-35180433
-47919462
67057946
29363810
-22454143
-1687029
44638461
91026062
-20485243
3756761
-71834788
31975154
-11439528
-75013704
-71319462
-7231128
81974562
-94431777
-83172283
-10887150
90129173
76376407
-42156488
4392798
-35049550
49045581
23762373
41970370
-15290250
76759086
-33574105
-92928019
-24598843
3921842
-78748701
95695593
69382693
-28626030
38945075
-56172246
80295578
95528561
-47333987
-36999514
-58948044
-44793924
-36415315
-72222841
78388609
-92903735
-39683952
-11844310
-72186235
-23102916
29369593
-89759694
-13748089
81260360
-13977071
-12090951
47265346
18047287
85208258
7568824
51799749
-68872423
-85071739
6284849
-79469281
87727999
-56691381
38228008
49950318
68174932
91432558
40583420
90261666
10688756
-41618938
88942651
-34007170
-30772919
26481858
-27961263
-34035832
-61711889
57051488
86744445
59456098
-65456656
19473324
78351049
-16123060
-71467523
28602919
-61825619
4285677
-61460575
75982834
-13035012
-8310918
45822000
779720
-96154852
-98280601
55573365
-16442322
-50499867
-65810113
71393991
-27703695
-73608556
47442351
67596354
51406846
-29706558
-97541796
-62148224
39488246
72138629
-66185595
4200997
58245902
-10459387
61245090
92681881
64927101
90761424
-32845261
6268169
-89448672
3593722
-35108642
-41363312
-83613709
77443265
53216362
60202047
-58610129
56016746
70935789
-18316116
63604437
-83513644
-68679794
-18130693
-77194807
-44514624
83393436
-61141019
85290198
-28835136
-56734784
95743557
92731589
-56566263
91105077
-90173871
86725694
-71612337
25316694
15912939
-26938906
40621489
-96161908
73869965
90915919
79438457
43377929
-3418963
5834834
-44553265
-45250090
-2531150
6299054
82792976
82377767
-19362220
-26376739
-3887334
-5856259
-46205607
74151396
86217914
13467672
17948162
-84284970
-91775402
-13927709
24834102
32605214
27495561
-70266819
-59754081
18193601
47760277
42241019
64794604
42688327
-58286254
-5826093
-22452992
-45188670
32656848
-25174540
33194698
-60227309
-97865062
94749582
-70463931
67049162
91838265
15725380
37484234
-41285288
-43458054
6861221
7031870
3110528
-48129541
97816816
-66225361
94152018
-72095332
-35985562
-69804397
-91542960
-39880038
-51191864
26532635
-20325793
10570043
77327968
44282650
-51869220
11546543
54831013
32540551
-98665429
-85920061
-43864964
99805524
-20918226
410765
-51286923
85411646
46493477
87704560
34154677
83808707
-63699748
-26387773
4022049
81939567
72639492
-46002125
-64145930
32208756
39607522
20150964
-97665394
-61983234
-86891423
90672257
31443901
22823325
762989
-63945451
-37416326
-96593428
-6439124
-75314437
-37258652
64039768
-22320301
-62755779
55652994
-65436704
-58074658
64022077
-29067485
1511672
84681540
-92016062
89534552
39435549
29172969
-4274241
-16713785
-4064566
-72581810
912278
32962017
-23735781
4514746
13945840
98167878
29014197
-39526710
95533175
15172025
90903777
6328733
-92821712
90734988
-87111045
-79849725
22943894
-20370374
-74452097
-34377798
-88436915
36660040
47574868
39074397
76337838
-22019615
-77778378
79854999
-80161901
-82922727
-74285288
-15923652
15206452
40953558
-51579761
-79641088
23377906
90683350
39466376
-98206464
96992171
-46439697
89899673
-86816754
-25198305
7042259
78802044
-7183480
57357317
-49481135
-39217514
-2129030
-24077467
-7281444
-78846713
68421705
29424066
-69964528
-76144224
-37417435
-94052588
-17901452
-6125326
-15929593
49685208
-67001177
23203108
64805416
48097773
64916242
28625936
9208342
74903519
-90366330
47758722
-94433753
71111727
-35778334
5781157
16530248
57311512
-6582951
30903149
-8400406
19100946
91139175
18638136
53847531
12198607
41517087
-90350026
31831573
94092355
48892743
15765393
-77566505
-5861727
-3582530
5506672
-82050601
-83507644
-67735577
-58163618
-18693762
-5850195
-64924898
46538647
-99187701
-63616985
25749636
-27160258
51078125
-31905585
15989583
-39833487
76218388
-21496769
-2091930
93495211
59318246
-95799451
-27422974
51204147
-15575040
-17499403
-82068547
1876955
54334308
44668635
60307497
70371881
-56326088
-78447337
-5043461
72583925
-86683613
76505423
-50966216
-60686318
37870693
31032805
45464740
83244396
26522647
-59064740
9687016
-92633653
85207271
58665486
91069389
96371717
-87025248
27284254
-79091491
66555331
4480298
3454072
33722392
55718894
-35288938
50766462
-4168102
-15374843
90407124
38065062
-33404126
34739349
77959494
-56764602
-40513681
-55455551
-28346100
-54141388
-13362751
-82217203
-72933726
-18349516
-656366
48479503
-98470221
-26978484
-81591174
6561236
-37047219
-8694204
14377753
-88219013
-63499741
-76146496
-31726052
55425821
-36099797
-68293789
-20434893
96867883
91350562
-75959395
-9225359
25069846
21971819
-41401936
52227086
-15500466
30134713
29645174
-43762310
36887895
-7699409
-58457059
-2972974
83120434
17340722
27164913
58978036
51463810
10863246
63165056
4982018
-45885716
-90873588
1899176
62938
65454244
-64165405
41528348
-28433930
95910168
-62153292
4360849
-6590011
80934296
90926343
32837809
5589806
12045904
-86165828
-8885663
-58045694
-54567112
12534717
12083952
-42528852
-67823297
56819806
-9657930
-24983050
42000784
8227786
90209030
-75299603
-61298589
64076882
-52387003
-85107099
21805673
87071014
8885160
-67991884
-63366600
32904112
-29853339
-90260152
99177371
-13518241
1399105
-90630753
-1061443
92020527
-15000493
-65900156
-18247001
-54961549
-45234274
60842249
20006872
-45970077
-77076983
-25273455
99939507
-50417572
8923165
49935889
-91661849
-46737558
-87682679
-56068538
46867806
-93558552
21776715
-88497983
-28000719
-98946681
-10199811
72671916
95338876
-24131350
-22506484
92077029
-49343379
-50350132
21262635
-31811199
-75679272
-99458727
80619082
33705014
-47178927
22959994
8849513
45846547
90342785
-17229876
-80571217
-9260789
-6547403
-83527291
-17109169
-34925551
97268880
62116181
40141630
91543121
-90826285
53540355
50200182
-69323534
90467083
16128027
3241474
-68250395
35615664
9468509
68607978
-83022632
83721686
-1721056
72301015
-79223835
-22589986
-84381118
80458836
5000179
39797721
74463406
-58009411
-23325127
33635432
-47932216
73845295
-65826934
-81574964
35046616
8397427
-28207463
-97129278
-97598104
-38582897
49515596
21537319
90101701
18298216
30265391
61567217
-75415031
97575492
67623325
-28368452
55090262
-69555125
-41078259
97344785
-25067972
41730882
-93410080
-22857976
71870048
31830588
5087598
12471184
29373927
25296016
-96096717
13236260
58054355
-1971378
17562070
43593462
31490570
-2838399
82481071
-36793846
-69073124
75605714
-34722807
41118891
97856827
50192406
-22393680
73357570
-3578025
-59851582
-73795760
-7564924
77430648
-14177373
-24412124
-42614303
-26233553
-33391464
88070833
9279798
-38893669
-78362953
-39646023
34822151
79404711
-69416660
35718278
53235179
-19215026
-80510427
-60305620
60405039
96535044
75196204
-7911534
36452136
98631266
13015074
-42330664
73770764
98199619
-90545592
-70406608
29106374
-75416347
-41853760
-31933731
88507151
-24493775
19017520
-39115995
56335547
73231392
59683806
-34497303
-90641247
28191073
-61554238
-2444302
46261575
1325410
-17530847
-48193002
14367519
-68862705
-40973864
-7017960
89245562
4359377
56792752
79129373
63177907
64099253
35084748
-5148452
16771755
-67877676
-4542290
5120128
-64075619
85084282
-7996706
64365422
16652419
12447959
94455018
-11463248
50821940
-38210478
13031932
41633429
-1106906
-74647897
-29478063
71919116
-13980952
75200887
-37416933
-89660651
-39758184
79126166
-71467569
97372785
-27598422
34686981
59820976
-35445141
-49085574
66540961
-13404342
-5080893
-9355700
-38082999
60535308
10265939
75136185
11776600
98127204
36977866
91888969
-21835398
36701214
11348439
3498947
-99302819
-69983106
59984852
34964677
90637347
54942512
-61796019
21966994
42296470
-64683430
-28028910
-62864561
-50293819
-47137871
-66730231
-12293012
83576113
-77917357
-98248578
-90186391
-72810652
37967556
-55171102
8993198
-28509536
-62261172
43721557
-39272058
93003734
88151000
-94100295
67843062
50571814
-10023754
-76898697
89617982
43573607
42710227
-81855546
72402953
58994906
19591832
-36481337
-88076099
-55614249
-87093772
-440753
15239401
-93213492
-66509976
18549437
2124856
64767966
-47101191
-57918697
65955681
60351224
82722039
2813576
-96427715
-84938397
56013929
-59501145
-89588292
69750460
-37570218
-43676586
85451761
43795631
92013861
30428133
-78160663
-17376250
-3666624
-65787530
-17959821
-88211607
-13257108
-4600520
-48799268
1956703
38215619
-90401763
42545229
-92799376
-11199576
1763786
1383066
-71791046
71548917
-95321332
-18642518
7220730
-63430463
-23698330
-43258659
-31669629
70997767
-53334407
-86983670
43519914
-97792476
-56439903
-93334330
-59911534
-89784738
-47864004
87316924
16029887
-54176697
48833072
47061172
-80508556
-53493147
-30320440
-25740636
-96622969
-64294680
-34880867
-17296862
-84416375
45622968
58160513
16822100
-72856311
-12575220
-83270179
47109271
-77775202
-86333066
12434260
-81428926
81547897
49651092
19709302
-30769715
-69433843
-12609722
-70254978
-94518611
58098855
97584235
19535965
45961845
-67622826
29581057
25037430
-3314090
31724274
-1726298
-92955710
48056766
-76366384
68324703
-85717772
60484851
64949559
50187591
-21534209
43930234
-42815040
-52708816
-76746330
-1633949
-94424511
79152350
55688406
22108136
-46480411
28638158
-84377628
85507319
30135343
3819958
-27124706
77729333
-51942573
75461032
14109976
-43823457
9207949
-22917432
-80152874
-32297498
-63623514
19750789
48463111
-91299257
36960393
-48516379
-98953968
47682091
-5317945
50761210
-33966801
-53165996
-83197845
-50559874
17122354
-26152016
99765532
-91638014
-70901837
-48175207
46424470
32929047
-58094740
-52708217
-35335026
30515626
-82865755
48016162
-95499941
69064449
-66524969
42322176
72535015
-7509014
7358259
-16096122
-98571009
-73865122
-37356193
-76020689
-42711307
30421881
-95226257
-39669627
-18467967
-98118422
46239706
-27685282
77863026
-85375319
-56080172
19049942
23195154
77502593
-25957480
933225
28842903
64278812
76864517
78781064
85658846
-3998574
-38943082
-65165356
33277197
85921828
66510395
-82937004
-27977982
-84524087
29039053
-35623375
25147801
-86502661
23635293
98058574
42531304
4019627
83542793
-55649108
-89356232
71003947
-5628907
-3912058
-27709421
-45165921
-63921435
6364165
2778531
79849435
-50027769
64284161
21113349
-50719485
55722266
-96134860
90294211
-21360961
96861147
-47523127
69638706
-15163484
-21609337
44027414
-93169794
-25656180
83828962
75768172
-67212013
-71776660
73803615
63075477
-7691306
58457623
40674635
-6817502
12655434
22832944
63339775
41572489
-97692718
60805302
-6982189
70095274
-15090045
-44680051
-80044412
77239516
-65582133
-2679538
39590813
30215574
-54203832
-29210158
-2767478
44573944
37477373
1125511
-86676379
99211370
418495
-13793769
96688912
37052615
-98628277
25696540
-29194525
54224838
80416242
63574228
27582443
72281484
-73363191
92023671
-93533743
44471493
50716116
-72941240
99853581
-70127679
-56805642
-7348088
73632886
87494611
47704756
69459695
-49151190
-98077165
67751573
-38506133
10992023
-41281474
65027571
87473867
71507519
-76180866
43000965
-75065225
2218906
-99316768
98787724
-65274718
-78819468
-60012125
36478232
78325215
82820833
-73567765
-71519825
-30456852
97757411
-22240643
90129140
71278891
-41013090
38654015
-91183989
3487679
17097395
47753742
-12146201
10510464
75820462
-26262195
63459289
-49463349
-90897901
-46354557
-22169719
60578028
-10636598
13579638
-69258064
9846861
15104509
-59504824
98683294
-73415442
-5289310
14582725
-22478651
-5765884
79094429
16391831
-20929509
2155424
74922044
-96836165
62793104
-41006472
-51085846
-94556032
34993959
77993005
-80846800
94038929
53082046
-68801794
-1046782
-26007352
67599658
74788982
82813750
49989388
-39920226
25722177
-56875708
14878421
-22811744
-43192993
85972111
6007123
9250315
24705089
-16920307
93250105
-73878967
-24046023
90618241
48579478
19891383
-89139138
66218617
-95698560
-2159283
-5814709
6367179
83687712
-65445017
-9181141
37408284
41669627
81853341
-67851087
29894953
-22063164
16223814
36451620
99114489
42580596
-89749352
1483797
-43730373
55580641
-52725832
-95176420
-7797029
-35409454
92173746
-127594
67813317
-66668532
-34611020
-92562549
-48198005
92030308
-69345158
27791958
-78529020
34150362
-476399
-53242782
12005506
35492928
67073375
-76434716
-56752687
70722078
-25018086
-32598152
-21256943
82926715
-11381933
16029906
37494681
-94093312
-60238278
51989930
-46704678
42306226
-6569080
64617069
67844157
-36011575
-69794717
-21091675
-33967709
99042254
36981294
20032671
83557766
-26255838
-41637774
6631612
-20715792
-928088
93632886
19358872
-54836448
-43536780
-30987998
-36700910
-65156770
68545924
65998820
-32916911
-86705123
-32207126
-65708621
-10692014
-5479918
10936031
-17671028
-69572847
5482638
-3314441
99800178
60219730
-39682588
53689001
-93029061
-63208643
62070491
-51849328
-64457214
5971763
-99754347
-36546455
59699155
49279152
55900922
-56379027
57435662
-32897139
39716161
-71542525
-65334888
-30608579
52483947
-95211257
-50479200
-49519194
-95634151
-90865234
96074610
51930527
-30415088
61038408
89387684
-24067968
60656796
-51717865
-82086465
85285018
-93594334
14929759
-31895641
35295461
7056640
-75141087
7720379
-50034025
85222207
-86415003
35427052
-55337841
-93654939
5934566
-46124318
-65046455
-56567324
11800744
18024956
87634511
-81168374
13109503
-22598097
-35079902
52944897
63456977
-87497838
64076073
34909170
31650582
30105535
17309543
-81753031
17158558
68069826
31545912
-66250412
-3780464
-93792683
-38771157
41211147
68478983
18214441
32571090
1041132
90554778
28618954
-9961216
91157422
-96613116
-96380417
60524086
-44720029
-69156650
-7156651
463791
-90265291
47541477
85384415
-42735266
38621408
-43233223
-42131343
69248637
-51697923
-23394320
-61570978
-27808150
83149373
86509866
97141157
58221188
-2875611
30025383
58465969
-66052745
-76769176
25110838
-2334386
-22274915
76001831
-6920510
31304635
55626753
-77410933
-60527151
-10777089
-71191231
61657719
-60494062
18832075
43923226
12822602
-44199244
-62102882
6725314
7728777
84034577
-50955913
9086008
-4410300
-1058124
8368092
65088458
18458919
-80401805
-6667931
93473349
34552460
3387494
3457012
-49108366
74346032
-53972428
25494579
87221658
48713636
-27499187
44381926
-22752126
18373528
-40145392
-46600771
-44193306
-84035546
-46309819
-46021625
-34769568
-50115347
56718194
-31798807
27660268
17439280
13671193
-48715008
63774369
87575400
-44552570
-32097212
-37641262
-85942286
-27995739
-80499974
81731285
-59260521
-72360368
2859870
-20053256
-29494161
-87642032
78033723
97244350
-27275230
95979861
48293262
96646943
76765252
54283684
-69697305
39535106
97554555
-78801488
-56824660
31041450
16182577
50615538
84082985
53764694
-43213285
97705747
-9496025
30208176
-30138058
-97255525
-16222402
-27672091
794155
53692145
-93447968
-78748737
-85380413
-94256326
40158291
82404020
-21721906
51028992
-28699678
-39026466
-69687145
90099178
-78853649
-65605385
-95920558
39396793
-36365587
40663553
22695735
57506432
89895620
44633116
95222053
59155450
-47976227
-7335399
59820528
-14856688
-9251188
91316677
67399769
55187766
-78906285
-85746720
26640530
-76478036
86289958
-44668563
33208004
-51949936
-96442428
-26077243
-20455192
63478633
-84249543
-81705907
-69957198
30530970
40536180
64625552
-82686786
-6363536
-64489496
-45300938
-57254247
28628154
25087045
-93792349
9557101
56143215
1656710
60512742
39429929
59282706
-37783855
-62330981
-71980458
7788781
-40483387
-67834578
-70393200
5541032
-83563846
16223769
-28381257
73503002
-76794043
91942562
-99454799
54669053
-91241089
-68450757
-19897840
43399499
-2075682
-72017910
-87784522
-97575023
-57023891
49357403
-92412597
-76457069
-37158256
25370427
-9188645
36001150
16485531
-2952502
-7331054
93165854
19360546
24802414
-53315629
-41940181
-6779171
90358039
-38933500
13398118
-38832273
-28327427
-96070364
-92119174
67726948
56761302
22253629
40912429
6017328
-11041692
90446390
-6831842
-61381150
50093942
-44865525
25861907
-50055750
32290430
87586798
-91985113
37940795
50551284
90683591
-48017113
8601813
48911003
-92913867
2544222
67919927
19825597
84442679
23257126
93802666
-99063097
73228830
23783202
-97573224
-40760584
676864
95492169
87483512
16265836
62424445
71513009
58326932
264338
-43512614
-52232539
-17056360
59368508
-62582751
-38893328
22228976
-72020726
-25502810
33149027
70502847
45879252
91808474
25892237
-45265313
-74648307
-82816550
-91617288
28435932
99638585
-74942480
-81155209
-8759122
83593680
-94074240
28664714
43854962
61356703
-79223842
13396368
11982750
-87266487
-24979118
-56439993
-73503373
-79970501
-67661098
58891513
20802171
66460308
71863459
-5715650
-6275919
-35738332
-60252513
89137331
-37344427
-26924464
-26240730
-41408093
50251800
85782275
80918999
22834565
-90232836
53549667
46417287
15358997
93699400
-70461127
94042707
-19368747
-33961495
-29840687
-73597195
-92786155
26225224
-52028350
95399413
-50223290
6652397
6876247
-33817783
-25183160
-71961354
97345018
63112762
-28824890
-27545331
-46062841
98428990
-24425561
46518777
-32652993
57689286
34466353
369711
81204514
45931632
95077951
87148643
33852532
-60181445
60915509
-79901853
-80189939
-8730041
-66954088
-57131985
34853729
-87858160
22720702
76075062
76720132
55835248
-89994264
-36630785
-2794657
73218283
39899061
76318334
-19171577
97226123
-63781242
-77028425
57047787
-22524551
95088269
-28939779
-71806543
63111108
-49036604
-10915848
68703803
-45468885
68072512
-75338825
-74436954
82291572
59189340
1867124
14177507
-65568278
-77689102
-89449305
-9245628
-32956089
84379117
15397774
-59699878
19213227
80155737
49258105
-48238546
49349325
94676480
-96511747
-19656415
4662486
-46442349
-68086954
-4791173
50178869
-11622039
-22328262
81482675
-7065006
-14210672
38258419
-18432016
-11524166
-17424468
-70529500
-72777834
-95264621
-93910974
-84142447
37437551
-75407410
-76972483
-1067877
83922718
-99626223
75298568
-81023261
-80700790
-59748933
26770583
42277937
-40724864
563378
-69830042
-78999546
9506872
-27027831
74068911
26902460
82364910
-91474508
-40431611
65942167
10061804
62449519
4492220
-90236767
97849741
72575133
38343021
-48562974
-73399665
-99869382
-86829974
-35738506
54554300
47796105
-89279022
12511163
90543798
-38627786
92715258
41864256
91880368
92097674
-48667241
-1645472
56774374
32691043
76066828
-38258693
61909815
6120838
11279688
67294814
-99138672
-57537710
75161235
-13009909
90453496
-33859115
56101037
-27226796
-25818410
36847181
33835474
85950753
96241857
-67322805
13101342
28440644
12357297
82350508
80448024
-64397982
-15252444
-54065710
-20451312
39653989
-50955561
-82440389
20181874
-43697773
-15153682
11413366
-20835483
-69923043
31340382
-88371155
65398454
-59530731
-17663685
38590207
-51451150
787860
-15844751
45792122
68394295
-60882059
1000266
7591802
-55873442
8741506
-60494757
48153045
-797822
-94372775
-62944054
-93989445
49490511
56052868
37631361
41121404
28026838
-97360493
99013565
21871663
31712036
56780221
40867499
93695686
-55733164
93666577
74423283
91876332
-79880881
-54249660
-80066155
-93354638
-6969549
78369088
-62964979
15144494
22952299
66638897
-5224179
-23701526
98954529
84286541
56067825
16341360
-2415951
-77601004
84581649
76465545
36439387
-310941
36705789
41820331
98842368
38316290
34126678
86669527
19482114
493530
27673404
87469236
-39684272
-18057496
-2208938
1199806
-18445721
99554956
29002402
48354664
22781898
113357
-80752
12141007
-69877454
18389259
13663055
20667625
99617320
-4524752
-26165006
38058888
27840735
-76691972
-29804318
61432280
-32913929
-72452896
31037846
80826105
-12696873
72893666
-20959805
-66796460
43420691
-19621467
-76840680
95270009
-78227419
32907334
-1404902
27720536
8686702
29265281
-73163336
-78368309
-9412142
-23925078
48931235
-34630892
-61528234
96468530
16909098
-19482536
32143829
-76526872
-83814210
81689740
12283837
-8439594
97579584
-40152503
22144588
-91814755
-41296500
97921989
-59002783
-1914232
-39106518
70323451
87325419
-84008871
4060458
-85717011
-66917608
-82141094
13794783
28014880
82738192
82857412
-74077415
70305761
-85289426
-44967992
83486491
-12489444
59251733
64956450
218182
-59210227
88032093
34206390
51810289
-4845280
-77409129
-26898879
65057408
-93211907
-20083367
56849
3775404
45178271
19523492
-45551872
-63817830
-82118266
-21881616
57062315
-20872591
-97078973
-44459766
64371551
-42937170
-99027908
-49286987
-40136155
83434370
55934852
66395345
-4668067
19937579
48046068
4519433
-72288789
-27136118
-2025104
98755234
-74191307
-35248292
29139968
-53462736
-32420201
-84184996
64515057
64095711
-36844637
-15049623
98991636
13817411
-21086751
33742989
16464926
38040080
82377440
92404812
-69743653
-56570282
-98555681
40307846
-78177198
34156899
-24176143
-35651326
61614646
88329166
-78721942
5474755
-98610944
2951901
-69036091
-75214761
-86010035
-79317414
-30595813
95442025
-45381234
-95869008
14198443
-12865918
-12446421
-92108242
41329988
-56630173
-99265326
-990698
64881156
-90454779
61218264
-40579038
-59417091
93302841
67254535
-34406000
-68658645
97746377
-42031865
78588781
-60267946
-53929357
-2241039
33407997
-80815246
-52241768
43568683
-73330884
22952133
-96422353
20899754
22544098
-13897996
85328740
47928739
15231991
-10323855
44567902
93417679
17812145
73502648
-90027154
-95283172
-26151486
-86966882
11952766
13824168
64195801
61189946
-75192379
-10107929
-49727931
6364189
-36756762
85344587
-15807998
-61725884
66297708
90092390
-34809065
-57134873
77060151
70664126
61685074
55689841
2965131
-41342296
-23088396
93530388
78957090
34875932
-43337407
-3865609
-30773568
-22853106
902159
-34994092
11434733
26231314
33565027
-16285815
-84104720
-23112730
-45179110
-4245118
-89148412
-63530440
90041998
-93435174
25946509
30039426
20894680
-20103705
6874485
17232220
-12394598
-19871894
40810856
35996561
66072925
-77279490
70824687
53498036
-49060039
91707441
-81167880
-67048906
50275404
329338
-6761435
93877352
-31555863
-56120962
-63011911
-66515160
-56039900
82570507
82773160
98290488
-84277688
70108082
21142222
31544467
50612471
9680429
-53901290
43179381
-47882390
-44433350
98505150
74776221
34743475
-76407916
32679671
-2565340
-87845021
-17586817
54796928
-41289113
-91864854
-83093889
32098079
-31673395
-95337187
38732192
95153578
-24567731
-25830204
-91323915
27954571
-43248208
21915695
-75193041
57303645
1902562
46771682
42338070
-45019271
-87328351
-25208125
86110335
-38021766
-1466783
52361931
20330183
75254634
27797574
-83247948
58855712
42128039
-32792098
-13474784
75748903
56177602
-41230342
18515697
47678564
4123554
83910309
-9704644
-66229026
-40874086
-32753949
-76269970
69788052
29089527
64089261
-75564146
-9086432
88675488
43728087
-51709032
-41531176
2015213
-6466522
-36996004
70054097
-84025687
-45370074
37262511
2060338
-86428195
29117002
-23273146
-62193729
-14996679
14552044
-16215819
-40070761
-74115978
-91650135
87140112
-54607874
-52314680
-26527769
14697612
70456874
-45266674
-7115518
-13816792
-3629865
-32939777
-45460093
-55541090
38725894
32945677
89016174
61177905
-69540132
-81981839
93822714
-6155688
-53648920
-9874608
17052101
-85803829
93058147
91814947
88311837
-92817537
-1523587
72034283
-3972149
-92915941
-82701624
97624098
-26738928
7401039
-42718118
89814426
-99261135
-93028143
-95213656
-24802307
88274660
-48927092
32279292
30675127
89919810
95951824
48674207
47353522
-89328763
83896535
-77245963
94886056
-54787298
14909907
33823621
-44706658
-36388711
89706393
-53927339
46736983
65790460
33295662
-86747917
74795129
-59877208
-96767004
-15122698
53350088
61089402
22602989
-30835097
-8184615
-92263120
-25919844
-41311670
33975230
-41369505
82445192
58462176
43201251
-10690627
26912687
50871344
98372807
17367507
-43488237
65931524
15391538
-17355268
-11424576
-69545072
-18322553
-93502961
-9699555
25303653
-20041485
68139408
81728434
16607567
-45728942
88872836
30707911
-66525743
-96615428
-40265051
-13337953
-10145535
917924
6501356
-14181741
-47178286
-33801317
27299320
26615663
58122156
83783570
47561888
2751683
-86693398
50451487
34912817
4222246
-70099555
-51109239
-10300384
1643498
67142521
17683669
37069110
24251834
32113873
-29842976
45211220
-28333450
-18470309
-41073877
-1935990
-31346954
-98228912
-91989483
15211368
-68450854
69134688
81593697
-49647008
982632
31310341
4091427
-3394854
-73849161
-47766638
5932937
77453427
-89207195
53041384
47440378
-90089235
31553032
-20013800
1339859
-44686729
-94113041
17054070
75688275
55091952
-18845262
-30295352
56792243
69901634
-43263407
-16264092
92626172
83066560
86607357
-59589664
78362917
19676116
-72562742
74759906
66372123
40827549
52630565
-10589108
47432110
88923173
14820582
95869201
-97632049
3212205
21178367
27379723
4508224
-93936019
-7612243
65671198
-57229725
-37755922
-83498389
-94141020
-21219792
-43956635
-21492385
-44841666
85398491
22139571
65781091
64277760
-63355497
41465313
-48978598
5535731
35221169
-61930354
-68550475
-23161799
-11309138
-41328805
76635448
-72281140
28674867
-62481241
-77307934
-33410858
-48048307
-38882184
55688878
2880390
-92951018
-82056542
-53556171
-12152722
76387229
96346829
-89568074
-55010604
-82715994
-19442584
25752119
91935980
-26204943
20096192
-78701503
-40223789
-78115578
-58201402
80519447
81751369
-69819146
69872346
-60257618
71122031
-53385725
-1428171
-73096049
4020427
-63271450
57865193
-38114752
72086361
34986109
11677601
64153156
10742737
28023498
11324898
70184410
-96685066
-90899548
72572438
-57867988
-50572490
28878879
-97158136
-50448313
56129580
-19988600
-22121693
39527596
33658001
-24155417
451375
43100028
-34343719
-85777308
12869620
8619539
-76134784
82058243
23314443
-28821564
-61431308
-26950631
10094272
-14819427
5021927
78254448
26954061
-65374417
35469521
-96087784
22516949
36067294
-83192326
92185783
-88617373
78219020
93454081
32075882
-41585081
40158154
-96147610
3069852
-87760329
96171494
73031128
24114648
-77273323
33492932
-84056202
8639543
-73218614
20528991
-59634486
-3560236
-24728827
-60738739
-19378212
-6962840
8377807
-35670733
35528101
50030145
-77315813
-18816004
-11592238
99024880
39741896
35425827
-50700257
-25946705
-38943301
46901957
38874189
84461606
64198815
-21770994
-11161597
88903051
41147824
-74693356
-58937215
-89169583
-1847560
-19321136
-20979316
-40945260
-48289482
87987339
-62244248
-20637271
-84229273
50222074
91989396
-89358086
-28203115
-58070873
-78276735
-56270988
4423069
-32082512
-31670907
78793396
3296866
39096811
-54454210
22556673
-76544985
-45174945
-83555634
44539380
-9653662
71254023
83570169
64072954
-69174
-34561898
-977651
99086629
-18852609
-30803718
96403460
-23811722
-507751
-86918518
-84590888
-47301225
-1534866
-65537602
11682325
-12839914
-90214574
74570558
70469245
75291933
-5090975
-65036572
83858418
30228450
-68287979
43208521
93721780
-9964046
42567166
-66534025
-17724537
9231372
-64145616
-55845971
-88731788
25016203
-76186862
27898569
61637762
-42876236
86709159
-52321233
-86726274
-2120805
-16367428
-49459556
48029397
-63085588
-98526510
-31305117
-91839207
-32343019
-25089322
-35888389
-62680160
41783465
-25392181
54337799
-70956623
16206686
-28474740
2209581
65949388
84571574
97765957
89692502
-45377663
-5727797
82836957
-42642341
-93735617
96250791
50907727
30855996
-89274292
37473371
74080668
1077040
51291698
-3785388
-73573515
23064249
61262095
-69963683
-78534179
71505275
27917262
-85592600
43705131
8347468
59831474
-76876947
-42009179
1835610
-4167519
-21983252
-14873811
-99235678
-22005979
49441441
-47937056
-7070152
53098177
37630891
36891876
-50600181
-19608478
-9704174
-92941145
-99023628
17800076
-26259313
89501612
-54035491
60721639
-8049505
-40161251
-30620552
14275769
41373120
-67470656
-45054944
81240558
-86170004
-67939199
-75027364
-11732563
7573011
-30294583
-92888949
69481619
-45477748
63509111
87363575
-57085419
-88349859
-20257022
21465892
5034226
14128545
86170398
-59825183
40717227
51372000
-53239428
58093152
-75959543
-48056706
14660284
78123708
98754871
-29902679
34819044
-86532007
-63268472
76749574
19686903
-81294924
-10177923
-58037567
-24869087
40004111
-38309711
17406040
-1388400
-46510048
-36997622
28971301
51758451
-28193731
32489119
-83307914
68016622
87444487
1973999
70972035
58714357
-6271720
55272404
-90933368
47216987
-59758693
-41327499
-62294067
15962424
12963518
-97775688
32916785
83691823
16739402
93468368
-21126763
53384883
-47164503
-93314763
-3027431
-45402753
-12605985
43229690
60765879
98759595
41849750
33980965
51085444
17823575
-43706775
-92030384
-1481444
-69807298
-1598667
-22934406
-99748151
14870506
14573726
22357830
34028981
-62647841
-98526267
-94074152
72166531
-64666659
-61596437
92613061
1046488
-44993987
42538108
-24897276
32431880
82526877
-24899116
-77392935
-82964883
-86824287
18177833
-29312100
-74214981
70522373
-20392145
83671309
72158706
63171417
18718638
-20693506
-8590146
8155467
36562434
-26044126
20122294
-4684679
26215203
-3709263
9723899
-78976248
60091937
-1680340
34689987
-91877744
-85999361
-4544841
-72051411
84300830
65506915
-47979861
4955613
79239563
23732996
-79066827
-12375654
6140765
67733461
95429086
-91125215
51632841
94636865
-30737098
-31662981
-31439053
12026685
97363764
91709931
21468799
72905641
-50697658
-27288405
-93697641
46062051
-54141312
70436615
-19160625
59129213
-51479218
83420935
10671264
-90434000
-9534506
12245415
26515617
-357521
-13046487
-60920287
-54053134
67493165
75276402
74216294
14892101
-37203741
36083689
1917184
97425880
19556025
4437178
23509684
52100145
-68057632
-54262582
-79493729
-56817525
-28495051
39586497
5986096
67552760
87978211
77730863
-34013829
-85298917
-60429788
-54313607
-5521071
48230436
-99252749
77622966
71919323
75123005
98321101
-24052169
-27588720
76593617
-9562059
-91531955
69171503
-70399973
-80571401
-38714529
35111045
64473079
29154483
91569390
-49295159
4177731
-11892268
-19571950
-50111715
32275959
-73822642
-8318667
-87999155
-38683439
-91151188
91994317
-25486323
54047648
-93480861
-83163799
81582006
26345704
-38886995
39864696
-41284832
9067910
20941172
-4117466
28513061
13718166
-54343065
-65170603
-43216993
-74047661
47141964
-45332107
20105884
-97813726
65882060
80236145
29311723
31618317
97060215
-9938308
-23550368
30175944
-7379935
-56939649
-68664739
9726135
-21658646
91393518
-2159531
79610257
-2004138
-32140344
62313276
-17126635
-40438934
63314374
-20216224
-62395277
30705367
-99537675
6700432
86825575
-80471852
-29459939
89291073
57722151
35555967
81414966
45861093
-70668141
59171485
94986256
80041338
-52097193
-86489399
-17332517
-93771796
20188406
-1200634
89245893
-68690759
81683415
-45300867
58791956
-18759794
-35271257
-84191963
-89922840
-67662261
48703775
-57449687
-9407576
-44009764
45652629
-83298472
-69352561
99656085
62556022
-56570788
-48103645
87148174
6773499
23423792
9967521
-88450937
-19604489
93592830
-75435901
61780670
48113661
-18000085
-6560281
-3832837
-62171148
81483340
29738942
-5052559
-46451643
43295048
1749133
9240028
-16409890
-43820870
80997371
-44027045
-32189481
-58771780
-21273958
-87699503
32155717
-94205126
22151738
-91073883
29099465
-52913933
34094382
-37521842
46188903
75768510
73487999
-54092955
-38992842
-43942096
-60188451
1630196
54697511
54972482
-48755180
54493477
6849720
-21850711
-89423193
-88407943
-55848648
68736195
21939482
55783759
-74780223
81811459
-18636260
-42766192
37456682
-86920153
-42620803
-96643941
13149500
23599091
33883453
-8379821
15709962
70667067
-63359916
-51040525
18140032
83535034
87221211
20867221
11430526
51426635
89247737
42853891
-51797874
-47741844
-98829758
-42427716
85335043
-91719667
-65002234
27333126
65737511
47329946
26696429
767640
-44852716
89818223
81435249
-3595575
-22428676
93849058
-33034358
12780963
-73007514
22724346
-10811522
94664050
50355984
67558750
586080
-35292727
15237833
-88631525
46095929
75234658
82480622
-20719624
21081483
-72820393
-14906499
461624
-97182152
-21378526
60180888
-34117551
49472230
-57161678
2627387
-12931106
-36015844
16216631
-44349244
-18364151
-30536766
26379003
-99042673
4977885
-85974518
68706977
94797495
-39357008
-98794710
35220635
-82979096
-23928759
72139881
-79767105
-35651210
-62356203
31253508
-68712419
11776690
35398564
60573167
91187200
-24346745
72178715
86946903
-22154078
-7380649
36202018
48064642
56353017
-34705823
99334313
-61726652
-98969113
-25084655
-11794945
-14991318
-83278805
8524593
39167978
11040833
66365452
-46332029
-19471623
-68251230
-9688645
35627525
89034512
16979423
91534781
84544647
-54611226
-98875623
-25270178
-43003803
79023179
-41558143
-70013002
-24225849
78882581
19905107
65668025
-49344437
-62977704
1242223
-37644346
95286229
54304311
-80263219
-80525562
-68927796
77360641
-25752911
-74635868
-43204988
55951476
-24320246
-82330124
-62403271
-25743357
-86760715
-25443652
-22613356
-13915295
-91534881
60024577
-38452344
45947637
-81174818
78356849
-92073244
-21695593
16196158
11116640
37541836
89768330
2717420
7616019
52655402
65100224
46111190
-59709200
-7550106
34767912
2232485
-67580358
-67312961
-48781469
97397750
-63651657
39487187
80810051
57838985
28365824
4484042
76409033
64808335
-96704504
-13715744
-79655432
-25026012
-5716787
-86990910
-80955194
-74143956
-86328048
-17439446
-31970203
-29583243
55453982
61498512
-85241158
94609297
-31297758
-81020197
62346784
-54549544
-7246860
1706988
-24479959
31892007
51058445
54348753
-51277486
73081767
-47052261
70477559
82276272
56099832
19453968
37541432
99340939
50616941
99342616
-56899985
49066659
-7515987
48788237
125650
-99906877
-36351811
-6523056
23479346
42463480
-7162086
84599049
-24165128
80819354
66525743
1542185
872009
15946663
-10152233
64901665
29841674
-78264249
860313
70428767
-33794725
7685083
76085813
-11675693
-35217828
40371948
27515342
-35603485
1118149
96755496
-69876567
-80969906
28368679
53956458
3971712
80385628
32962818
21959977
45565668
-22101278
66632778
23896056
26167535
-71051250
-56816278
-67388152
-11203011
-82703669
77721096
18724705
-26939304
-66245189
-22361266
64194434
-69018482
51196947
-29872201
-63628387
-76348864
64687016
43402646
-69806370
95402038
-53699254
87849075
-18369417
12957444
-21834698
77594031
-97934450
-31933623
-69242963
58444928
-10270929
66875418
72302605
-47164897
-17476901
87014422
-21034372
-72249698
51550986
3322921
81062105
69609806
11189214
-35374922
-47368269
-89281742
-86232881
72192297
98412462
-52792228
-93488
72983592
97032869
-26039629
40614280
-36030783
-47485444
18645950
89782613
-23721240
-72818531
40445253
-76962788
43288975
15762653
-27285832
78244496
-41394904
63743643
-25633666
-58443345
-3204425
-73608562
-89789655
-16379603
31157134
-88481358
-92689060
62115874
-32619937
96832185
69501599
-59476417
89816988
-78279029
87040505
-79938986
-42925790
68393849
-14103427
-47490861
1835147
-66523115
-48046473
-89620406
52881465
70886171
-82086749
49926935
14553422
-15173788
83052231
32108283
6140592
6348788
2966416
-33120966
-55129572
48626405
-47662696
-47107067
19448582
19099505
-58093922
75078575
-32098896
47693823
96938134
-25641389
54319232
-7369462
66362704
71434351
50335948
-55951768
34220756
-50917501
85610185
-30523029
-57510519
-69589962
82235573
-12414607
-41712470
54394852
-75297573
21047145
-50202431
-18104268
-44313844
-59230364
65953327
-18700857
31874829
-61147791
48682532
48387878
-14040575
-92442472
25468086
36117864
56361207
32370346
87806098
26779382
-30349797
-43303265
-84131851
-37950833
-11526485
63457914
-24894244
-9639193
-56122624
17509198
30887142
24082808
-4893885
46611871
-28208591
55875303
40389906
4693363
5485282
-52053377
85851496
57448384
89294751
80159347
-17787316
88302067
-58525884
-74195832
-66923790
55817325
84049374
27307926
61355460
-83043524
-69091756
4397953
33675469
-56825394
-46076941
13561325
92067451
28757906
-54359653
72503683
26954264
-33675624
73257499
-32998168
86983876
93870042
68593812
-5495466
37854366
82677759
12222658
19298991
39429225
-86414869
-88050965
33239696
-23779524
-23349096
-67135646
69807671
-8129992
9278258
53381564
-52945548
78145545
-6553393
65226125
-20918070
32774040
38470469
-29734950
-23079893
44813622
89881025
79486535
1588541
4754326
60459204
-96450359
65172660
19944629
-13708697
94835978
-21841848
67834182
-99965258
29543127
-19849722
-54987089
-54874009
78111206
-68201328
-28732059
48629843
59228177
66437642
4739470
30263244
41193152
-99288465
64063256
41898114
-99423784
24637898
-54498748
23032198
-98710370
8515387
-83118709
18828338
10653752
-89445762
80443160
-61153175
37525102
-36850525
-39916229
-30848199
-44407155
88941459
51935374
23861676
-24949530
17254522
-27954492
50812295
-60396531
57083111
-16740589
77410439
16509814
-27813051
-11740913
-49544122
-40321248
-77110224
-50699307
22744947
17854239
58338407
-82865259
68318276
25144821
26413529
-81786518
-6791700
-27255826
12387171
-90723152
-91858544
46564246
-93051357
82979957
-42768590
30283185
-73871812
-98448348
-78985801
475570
58593294
84211101
15761883
-78787400
4975152
-89220045
5392763
2558034
87762927
-33230544
-21623282
-91666987
73820815
34949881
46191831
39968576
-63229193
-40149075
-11322153
-81164592
68781090
-13567308
-66292703
-52556219
-95143508
-72072861
27276883
-79384486
-56634367
-45381693
-32373018
89762920
18839642
24106539
78515838
6226056
65513011
-97409056
27894360
-81021879
64036600
5922092
24266088
90715701
-98768242
61357743
60470070
65193277
-48090396
15048532
-47407738
883697
-82884824
-83542667
93071567
91011916
-25924779
54325652
28904796
30635404
-76702407
10329332
6316236
-87532792
42420861
-31225810
44120947
97481258
-48626887
2713591
32239990
14541345
71331023
54031956
8606240
-76788873
-79196907
85725500
-24082338
40393458
-33227827
18592773
-3835904
47529170
53222277
-61032015
57864504
84472888
-91121027
-83265591
-6596881
-82956153
-40461089
-91153661
-39007815
-93630667
-40573751
-22910345
-91457213
-29670014
36920310
-19589536
-44400077
12460770
-67411032
-90991347
-68218426
75896739
75057361
4267325
74228853
64430702
-39866392
73320322
38110866
-57770625
56701679
-42068468
-6211410
-40856986
-6342206
71928317
65402744
45775717
31839229
-66685518
-3922278
59431858
-3313180
72312524
-56759099
-71992868
-82447821
-96887582
-53054507
-38165493
-89314932
-72233703
50988030
68376421
-75899557
33372742
-53832186
-91206908
28577068
69788386
-25573470
94412367
88246302
89307698
17107697
90704960
99213422
61407277
55458819
74051766
-12937115
-22627556
48597878
86855945
-21650221
-97711954
82562035
3033646
-6033061
83279074
-70266620
37789824
-36324511
-46853429
22702728
-20917284
-53958003
-59256862
-22450875
-23977064
88984320
89367700
45711149
58601683
-33697933
96020299
-29805394
64168669
6346193
-42570172
-99394122
21560752
27400046
80104988
28841315
80885228
-36827440
17287960
84581298
-33988261
-17908916
-83520432
-716946
-61418923
-39973384
75059492
42034539
86222727
-76391593
44174870
62614927
-75339628
-82012641
-69508547
23993036
48973925
40198089
79079142
52144994
-6588247
74329673
82964858
7087708
89477211
-69330658
16723651
32949595
-91424974
51194617
-49258883
22133122
32978474
68003875
77889761
70050384
37891736
3764402
14750754
-17016970
21406162
41303132
-31572840
-57226815
6358218
-83804995
-63456142
96064965
53550985
23675861
22339781
-22055793
-99197383
39409285
-64929357
-6937296
-27942077
-99459399
-51071085
-49853132
-62417591
-97769643
30490949
-39837274
-96061269
-86682377
-55549591
69259409
-9357721
-62439879
96090584
-45925875
-59872478
30828734
-83653114
86023180
-12500144
-38403698
-26454032
-88784418
50838816
89040018
93674918
-90873375
-94535087
34379052
-60553886
-18713793
-49455161
-26132374
-10478801
-73984589
-20949295
-52089765
94627971
-72059511
59938968
-35595435
-45577620
27982511
75147859
55128743
3608512
-80232230
-62643094
98892765
-74465902
-72159498
57930183
59859719
35083263
43653671
69999334
-10660278
49531338
-10782760
7441503
17706287
-44502275
-76956073
50020390
22838351
10018624
-6866936
-89043178
69653069
25651801
-17549452
38030689
-72520809
37973754
3731994
-4765137
41617994
95680063
-2404970
-59466070
75690576
65108599
-43450272
11869687
-32061479
67699827
53145506
85669389
-80596518
82684762
70055146
29742614
98775866
-38082049
95156107
-43540744
-28424017
45497331
80698311
-55056276
-90824703
18566441
48712354
5103211
40004458
61971136
-63850771
-95514454
9314244
72028658
80615592
4987556
41187
-34340631
-20002246
20168710
-37986559
-71856821
-32254703
-93187290
4028231
31558877
-44487138
52703125
-95685590
80645035
18550873
-8822952
33205023
3118051
94218101
94030711
-98177141
4963799
-47100519
-73787500
5592885
11586183
-88198859
-33013126
83715920
-84197231
71830929
-18051435
-89765736
84609080
57939742
99932398
-38312675
30443815
61053034
-53856668
31523655
-96790399
-10435406
68183573
-63879614
1215448
-35053892
-18521603
91764077
10180593
25514698
-79063775
72531045
70000866
-34022373
-14767630
-2490216
-26361999
11717734
14816129
-25338642
51371912
-58473254
-80941515
-66854809
9150186
68394754
-24954025
63813198
-47419736
-17955721
-60469722
-24287668
2985641
-917527
85041567
8188515
93930308
26645824
-718605
-52994815
47576699
-63373461
-84298842
-30729777
37431899
-19772717
70941757
99032147
-83550064
-83544181
-32997645
-98970963
-1707969
74612426
-68929923
-68302624
84473827
84869202
70416594
-91068453
16333253
30266946
24223036
-24595686
99656849
27068762
-83958279
-26127020
98574368
-60848073
-27432608
-30217846
85769624
47593284
-72748602
65553135
-68665730
58222976
-77021863
23050356
48053800
-55684348
4364811
-81892635
27837718
76549352
-98650707
33534410
-91721914
59274455
93717785
67385721
80140303
72671670
-37140193
47710324
-928479
54516342
11980301
-18925462
-88314219
98008030
93195471
6624034
-74309608
58205900
-1298271
-71248210
-23155890
-34423000
58710654
-94701195
-38963435
-45553815
-78623446
-63317539
36465233
-33099092
70785748
-98292906
-27832422
79409456
-12580501
41179558
-48309310
68496796
50089996
-93371396
-73500752
67047257
46379484
47871309
-15668343
85349880
95741886
31503379
-74077601
-71129651
-27964880
-33203792
53968383
51598435
85924085
-76240749
10958539
-25339983
-33411755
-23038339
-71668917
-78698652
16116441
11369359
45296410
-22311658
-79462126
56067108
-43785155
65334318
75591843
27800215
90846381
-29439611
-48650527
76777126
-28358586
-77807253
44366262
39552513
-90348381
93241022
30607627
14425357
-4770809
-29821171
-92602681
97564845
-71858140
24104379
-9861107
81490198
5742492
18076208
-11167653
-1437849
57154667
58838988
-68195839
27483707
-2631410
-45219681
-65104075
-27588626
-14536758
-63322304
18733423
-25003848
37812416
-41243845
18299415
32122020
-37591742
46002853
-46297554
-20125806
90719459
46324964
-87325119
25387980
-33983021
-49234185
-23803213
-67154889
14551936
-88113557
44576781
-41283172
61320113
-68189325
39062866
-75029747
60958401
81105628
85864546
81269215
64800572
88259319
29237873
-2850886
-61837568
45456429
32292616
42721321
18624957
19055340
96828862
-7138036
-77584852
-94105527
-7342537
-60166961
57043584
-13481005
97160379
-49972618
-28283002
-8666320
-81566303
-42858245
-35804200
-7974123
39540722
-51931681
65420325
94405541
-62055107
-97426619
99230033
93673560
8228262
-15242906
-45645320
71639615
-81218628
-74473774
-96673968
62960827
-46370305
60570639
-61139405
35201400
-78251668
83955023
26791424
-1889485
-95460918
-60074369
84647416
53183857
2557172
42785321
-83463802
-25597356
82846876
-6490680
-54019507
19322418
62368451
30496413
32040763
4004225
-61502700
42098045
32536107
-4332881
-39791207
-64877586
-48157439
59234016
-24217046
10086862
-36156361
-74342245
6904728
-99455839
29855933
35231800
99055672
99061653
-48054961
59645577
-46764131
-72135452
-78913166
-1715672
94609827
42971729
-54839830
-20589224
-1465615
-9518016
19024206
-22188123
57031681
37915553
-14724578
61261938
-98997652
-17405234
37260637
-98167962
-78143236
60029803
48148764
30468000
-84036968
25301861
-40609743
-2823317
67277160
25600109
-24821666
-8990282
20772115
20209339
32205329
79709259
-14984769
-70315477
-29809112
-47472211
-34810526
17068937
52923618
-40805135
83583854
-87284085
-60464296
81319535
-86787436
-43626018
-63349340
70780279
22974516
10731762
-9774675
19829998
34452442
77378321
4966328
90185721
-57502749
40876087
-20291002
-70780163
-92233234
-64633189
-74333880
-69139509
2499978
-45344355
57799820
37835781
75027190
-48308141
44250486
95106132
-42352630
-22593608
10671498
-69258699
49954606
-44598604
-27370424
10046592
32871801
2223677
72784845
-52190437
67303062
-30872363
-49706640
43755609
93773733
8924119
69849193
-27169379
87602668
-31105659
-53736723
98961834
49294836
-18232820
96927879
-9406393
-44448912
-83275418
-18844603
89074988
-47031146
-82748520
24317154
31842280
62414757
1879566
-16923000
47327483
-33046595
-31434748
89273660
26806529
9328619
17462121
-34359155
-1565089
-9249388
-84618559
-51999357
-78332852
51341121
-94730643
-54267086
9973134
-89986751
6542654
-88136090
-34827896
65225389
-37385592
-29837799
-277498
-42843099
-67620860
-42460285
-40490552
-84361390
-94332559
17132752
-90593443
44309443
7508356
38468471
-19341147
-82576196
-80424155
-31546341
-77128272
-72543174
-9125738
74032349
28041971
-45366465
13254281
-55615995
9253099
-52563630
-97218628
-92683525
63596235
-88889847
-62137607
16068434
45213083
-96403432
19083691
-5490927
50588296
4800358
-66162195
9094951
82969595
-72284855
39321794
-90950894
-73702314
-80219169
-2677840
86208844
37710002
7043201
29252920
27522892
68655467
-79925006
-61131849
-81816195
38102674
81488729
-95392912
24768378
-27018560
68900317
-76899345
88035508
-10623678
94952095
91456033
-77345156
23962530
26676570
2906351
24845144
9250917
76480085
91388075
16995380
-11315211
-94104907
88798432
25126746
77713153
75117237
-55053004
-48056312
45181868
30237052
31610684
49862860
-82058241
13785910
-16691239
-58556790
-40101027
-77813691
75103501
-152980
38757744
29300917
82477310
18529804
74740324
-38775898
81595853
31999444
-1818328
-75412113
-46300428
-1692927
-47780868
39142024
-81540387
75852102
-37843001
25530215
55386528
-46911964
20945251
87626102
45184299
-44556904
-40970908
-46825465
1214737
-64555501
2365043
92040098
-28347042
-8925629
88767742
-38488729
27839649
90574725
-21744986
-40834322
-54430316
-12525614
-99441563
-20143073
72372962
50641143
-71871279
-14745670
-29975166
29906972
-45292743
42696028
-65870472
26525521
-34947369
96016188
93260528
-25132196
-77590777
-74951457
29145967
-1659308
-61610955
-35571787
10876189
35947066
19507605
38908918
-15045042
-159472
63803860
-13735444
70169673
89373845
54789727
-65117088
39903157
11847925
-32785487
-92684925
15578694
1797939
82937178
-19619876
27511358
-25840452
90030140
14833969
-9997812
22677238
-3773601
-18435564
-57396841
-22317116
15553421
-12887696
-58229782
74112154
-72190140
89771270
12852364
-46655991
-15849702
98274539
11507164
76722351
36147436
28709493
-82903255
2953608
63706826
-78653500
-36425644
88486809
-88776749
-71472706
-71642705
74231971
-63278920
-985493
-44313951
-2851489
38968482
-56561126
93760368
16560315
-84721249
30747597
-66058468
-62856645
-46837890
-9570743
-92142090
-53432459
-1101481
-29685796
-71604094
59903635
62323793
-85389037
78118359
90255052
8176079
-8754356
47389267
-58827258
-86951031
-26342984
-8476567
13064971
-59396959
-98885310
54850351
-7948801
24412657
-60854970
92529491
68327744
95932944
61438441
-78049628
-38529354
-52735933
-37018873
33471209
60631365
-97641135
28699695
14932775
-72396907
-72721042
31852464
-76288012
-89048241
80980416
21195551
79587
-67018806
-18606350
86510485
71647120
-69969921
-52169839
-42775798
97598813
-80949005
91586408
-72903734
44074913
39057557
-16288654
-99795955
95028803
76679503
67706708
81762746
95765571
-95475870
87280737
12180224
-76810112
207423
42603415
76757528
-77026241
81783416
79392197
43317342
-91613564
69210796
-8134305
-22196896
59879474
25319710
77095940
-53808759
70386422
77530639
-69947790
8990693
-7964005
95660426
76456196
39512774
67201101
74319713
-63522080
10023084
-26276
20388297
69313457
-28037193
-55282378
-79664410
19248132
30839223
44079161
-53951719
85337033
25224812
-5785724
52305625
61021275
63810631
85010886
-68211357
-43763112
-26897319
-47914213
-74233651
-6486059
18957155
-24364503
65685076
58767898
74437695
-34803895
-5561420
28464783
5867703
13673148
-62855684
89474908
-25800526
34528020
-37623701
77806948
-60527944
35380897
33175038
-91014789
-84840690
75782240
-31265706
-14657448
17115426
64572341
-56629576
-84321870
77882396
-1069152
-18650063
3204280
98110341
-49625466
34472349
-91563143
62696217
66532329
60378483
6275239
53451886
-90474937
-43687630
25005850
89933700
58814700
68133700
38025139
-31853071
-34093625
29005836
37352504
-54020652
-91126440
43920102
-48627848
-72513778
-28629508
49201262
97052876
-4465197
26076464
54179720
74627007
-48900797
78399145
-14044612
-7955763
7064103
99440320
-92869418
-75460501
-31462920
-6837543
78490375
62406381
-7695976
24703775
-82247341
29690574
38497987
74733064
60527687
-53441553
-1155306
3597686
59397256
-59339529
-97718378
51781575
-6874660
53608476
24853613
59111256
71657140
86298886
96817482
-99569777
-89206963
-40473363
9651478
-92075445
-8605051
11865743
37946514
-3021130
-34751870
-58541675
-54799411
96238759
-97444563
-96484856
-89686319
-67340893
28858313
538995
33825910
-59515275
99266746
4400867
-37400984
41038109
92707621
-46379402
-66225307
-41723700
-33101557
-8782991
-98598078
-95605727
75722549
-13999055
-49386592
5953684
10695746
47794368
-55499744
-90616734
-95732398
65955620
233223
3819237
-35103598
-50355857
91866333
-34050517
-27826491
59633753
-44016303
-38969108
-29482551
-59240005
-76449739
-87108421
-42168541
-20210558
99817849
97122005
-25361592
28098688
-32544865
8214002
12539722
-27123812
-59227797
-64125901
26999387
-12212300
-10224
-25844583
1827688
-70074214
86573138
53620145
52099686
28778766
-49961514
19673463
7628575
-38649174
-21763267
-16274707
-14769363
47214057
-78896880
-26965404
75466217
50712950
43561882
88101548
20054354
-88635074
-52319694
47600651
-85716500
-68067586
-16094879
14755844
48347614
-3939926
-66616327
99999950
-77318279
-59144602
19374685
-11811831
8934009
26191599
54635529
21614319
13473409
-48769471
50005816
61052562
-98776491
-14936483
33961652
-3899602
87027869
-98385342
45358999
-41258067
91055480
85473121
94202937
11924804
-33026445
-88286176
18246375
-91596605
-28824947
85722270
-18157633
-9150489
-31818512
48752251
-22287796
29386164
29746342
-94821414
-30319719
-56790075
81915565
-35503061
62466386
14008390
-99114770
24964109
-13992382
-46679318
-40119251
86563491
91778
-23742588
92104417
-38728625
93920284
47375660
-51562263
42456514
9592427
43144262
80088180
-53085866
65093507
4881693
60144470
-15470202
-48878672
-56018821
-32696509
-15804439
-72425164
-83075233
-22312129
-83389826
33008586
-19609924
-15254429
-37943785
34427081
-28834582
-69377259
-55059237
-98201318
40515003
34828972
-86758346
18387782
-97750929
57462698
-91868027
28244549
-37845181
77047381
-79647684
-33688601
9849370
-30871949
45780042
-14960311
-96883977
-19575375
-8806283
66370950
43223121
-21395062
11526749
36065350
78718045
-91468832
42828058
-49778698
36349267
-2926518
43240154
90816007
86947454
-65653188
-7057907
-22831872
17396303
-36928438
-22207688
-36388920
-96521205
-86485877
-46170681
-4771799
-66311500
-19575916
-1876488
-11879535
12535137
-22010600
75716056
57375761
30506431
-34059467
21129841
-86428976
-43403770
3892391
95184287
6863912
27243527
2615673
48677081
-89729175
74978344
-50514076
66164248
-51192707
-80186946
54007577
98255139
27770320
29364261
56796445
-80968901
-69081956
-92101759
-71021348
50021161
-19211822
5170402
-83302730
-81719397
-9796079
-22407922
-89619424
-95144299
-14640401
69680598
96928310
-55214182
95301367
-80120819
68743368
18872558
81969174
-54959824
-45040890
-28102040
28710504
33502936
-82255334
-37525537
20171781
-71515207
17377903
39131694
-75896138
86372599
-64947498
24370276
-5783526
-56079127
-24758984
98210517
-94258977
70393222
39581916
39144314
6013211
-44790494
72725963
40930118
-42488304
-15033558
-73383719
-17117499
-89000087
-95051176
-31917849
-70284904
-11050628
-23406183
-69983465
-69309835
-27654356
-10432266
55689516
24155049
19202006
56219851
-87945595
28501308
-73154757
-97682644
-15948740
77401475
-53863655
50650511
403203
-68813041
-74430049
85989323
51359158
42687981
-79211531
25219003
74886858
59176226
41501948
-83246716
-96826831
95364256
-75139900
51878215
-49242566
-27984084
-88619227
-38729727
64389881
12491426
-76749221
60995432
-31454595
34707977
11940113
2736892
39837474
69002811
37875761
-27490198
11441461
-72045032
-91563992
-13708147
-67875177
-55997081
50414548
80866342
-22630531
73429370
-97595055
-21146817
35833713
-82876410
70493177
-60271601
-4971205
41822290
17831513
-29664100
40194863
-94206944
-58418752
-54328403
-48043425
25231638
76100391
73359118
-75927034
89663511
76387357
38309921
-75344209
87697657
-20027781
48342032
33237724
77554417
-55558950
71743566
-72033598
88851884
-62818167
61346406
-19363225
-25243824
8976498
-55375639
41713052
-89054433
49457089
-43781634
41419693
-18689249
41468300
-81255453
96914211
7791423
37980200
-17862952
-78568134
26487976
72037529
-62117159
31196417
-60999406
52365107
50079545
46582244
-21412068
-59048442
59405485
-66663702
-69670820
-55148852
71490631
85518728
73994854
43174685
10083435
68067080
41915900
-87145569
44788652
-15083104
-1728439
39020532
32542873
70272986
-13628508
-65789962
-81233415
-7585327
-60029968
-49890202
96204819
-49536418
43193909
-12063791
-76196176
-53396206
-47106902
-69282763
76853819
-45148348
54821983
-10033902
-78323489
5840308
-89091980
-32898604
69405960
70145753
-19259521
96142802
-31822153
-10675705
11942895
-77206360
25306057
28956606
96831752
60872479
54841272
63483843
-64954965
76027182
-51535531
-90562686
-28658198
42462434
-78794035
-29404088
32991602
82128841
58452449
-94561682
6940033
94758428
-74492074
-50283957
31341192
51752994
-18684432
92421946
32870403
-34892391
37730789
22773331
-54996537
45781535
71372413
50848977
18127961
-20425197
-24246888
65541208
11563372
12840621
-2852509
17907829
-38306601
-174040
22500424
-16281740
59983386
1227892
-70740506
66184606
19165260
89111043
13219511
94893973
908549
36008324
-16233567
-3580883
-50693111
-37929361
-18325821
-83146289
42592622
-94180065
87236785
-88441737
72775090
58660085
41294575
-8927943
40302342
11930556
79712976
81574481
98812452
-94540984
-11591547
9722125
-8163851
-73251870
-89005011
99230029
-33607032
79506773
16009510
-1606500
-68234085
-28080286
30954197
-216847
4123286
51547596
-44194055
-46998115
46414636
48853744
-12514386
17328314
37168195
-9531050
-54385874
-38267658
-48046292
80160563
-6892949
-89773369
12360691
-44784688
-69023071
-30263774
61361244
-22855852
86891795
-59990135
-15481561
43299140
36626828
-89618673
-98251555
-75225759
12466092
69667437
-70742943
37029131
55566306
85205856
47350329
-50362437
1458389
-52430460
6171866
-62078955
13266715
43901708
81404032
77378183
-48862489
41251167
-26029400
-84238934
86498242
-95775515
-33810328
-58879224
-72712680
-32248501
-30539925
14521783
-54668829
10656397
97633211
-12947861
-27565055
-23750766
-95397787
39727685
87112323
46684889
86892561
23052058
56705536
79170890
79034648
49218424
83205528
70728270
-3178758
-38031975
56133689
4620773
-26077014
96820470
8078574
13704458
13680284
60692357
-92418748
93126308
97632230
-57944402
58370250
-2986683
49905843
-28597791
47886485
42008288
7108242
51862265
56936327
-93383205
18018751
71183944
-98545933
-18310895
21992612
55415121
12022315
-58118671
13434362
88022084
-35083154
-35719981
74397475
9448534
-78844100
-53998311
4417953
94349160
86090946
-24444296
80240721
-52036924
-60377447
46385726
-52205958
69429313
87967471
97100461
11835485
-55551600
-3967337
90217972
-79400663
-10909116
-76734113
-40714546
15247477
53011570
-76820491
-56305571
41345462
27898054
-38527207
-3820684
-36717835
95536141
-36124513
2038664
-57397759
-80434395
80406091
-81968304
80172125
30871862
-36082091
87749021
22751667
-87409077
-74729175
-3797933
-59735309
51549047
73751537
33508445
40769241
-50531708
81678320
-44091616
-50033949
-75659196
-43797608
-75502197
3964821
-74895295
50069532
-72096870
97262912
-9507231
-80445322
-78694446
-20313433
93995428
20502249
11964366
-30855854
-72499283
-15112056
-72896488
-21639985
-94805150
84963324
-76006371
17856602
19858763
2961787
88073358
-60533748
-27476186
40250910
12807039
77192500
-62355398
92409242
77722985
89167172
-14363529
-54097056
74839611
75247108
-23257768
-33312878
-83955103
-34317359
-30597360
23088988
68405894
22294000
-92745529
50886215
13083183
-61706163
-96070593
97216038
88195127
66292803
11183446
-49311492
94167517
-52115447
48735662
-5045516
86053880
-63537275
18200073
-71039844
55498678
32696249
-28722559
-24025079
6233167
-69923774
42012157
-94340871
-54737549
-93587715
37821229
-24303471
-47682496
9668906
52082655
51541758
77073703
69018896
-1328922
-96283603
-47911854
2092454
-72812779
17407425
5289900
80652162
-32923989
5530634
-70271368
14063185
20857523
-26441571
-35310486
-80771576
-25759503
43212974
-37254970
93430642
-7037863
-56859601
6520020
-83584068
40156773
11620440
-28448492
10398829
45087514
-70720204
17881235
-35523375
23809970
-62938899
-60604123
41399632
26863710
-21215777
14919565
-480495
-37973630
-52650521