67432859
28478812
90706554
-28669869
-67089381
-24261789
30010009
-13944404
-23818436
12305872
3036058
68386506
55904691
99275756
-6787471
-45067976
13933496
52714794
92570283
27984677
-84345342
-43841292
67237257
-58805769
65626789
69448655
-89394127
93801274
68108545
34736550
-47908701
58784749
-90653016
-57767105
-5347883
-4254878
34048670
47953361
86794739
-48942974
3302290
-71102622
37690151
-42694880
-77152148
-14423579
-76769914
-55104364
78111734
78625749
-35529043
70372356
70163395
70971820
21715739
37701526
47432430
81016566
60955534
64512861
-36333282
66856926
-988389
-5248607
89846729
35064302
94185686
31718871
-58416073
-26263810
-83282619
-76015457
39954071
36682022
-32559805
-51115698
89838146
-90261869
27745569
-45467836
83497316
36044587
-50015276
93693248
93092478
12234495
30263250
-39370446
70523353
3152733
-49719879
77156453
-27538051
69806888
71670619
-83670172
-1508883
-12914005
47784220
47611775
31988616
-81396794
-19946729
98428644
72230820
-72576693
13589265
-88744037
81148829
-48014378
58462806
-91714000
70766197
67383077
420988
37096904
-31916191
4582331
-86486963
-21327737
-69822696
-56913990
18091164
12324332
-77787005
5838383
35851249
-84410218
-17855833
-90281680
86118475
82082709
74535340
-68187756
-66707448
-84178552
-55092578
-72824570
-80846669
-61180882
-58710003
-24574170
67677572
48911697
-28343482
-97851748
-6149541
12655062
-28253585
22253186
-65846545
81709876
-75138668
71430238
-4522390
-28371785
-46301858
59810696
-66863368
-88766103
28251483
46618649
70941605
-28859317
-41422676
-15784583
-23214318
-49036514
33606747
25475509
-10934704
-55674145
58165513
86490625
-66268407
-27854075
67854807
28597243
-20077153
-1498567
58128532
-45355026
-50182770
9021543
45740671
53787984
-22423108
69894738
-72338270
49701934
-17372949
-60292338
85650726
87126271
-47292282
7786746
-86040628
30017341
-42355414
62632520
97746780
13329542
41088956
-52888252
16521853
-94390681
-61591991
-10426508
35103547
61390090
-72057601
10638484
-29376310
68191067
56023885
-39394109
58387447
87964566
50616542
-59603789
-93833199
71186864
95702222
33297802
-84061654
-64353954
41398431
41724697
-90581103
-12815776
-93682292
47965590
895841
-71902407
-23150995
44694895
-82401145
-2102684
93935149
-30915293
-83255749
2322386
62010822
-81433392
-5934179
-16775166
3576405
-51364508
-98475730
56296162
-22118690
-29587660
-13781549
-25921253
-55106456
-16447825
90621049
12964985
-89187100
-99615719
61295465
-20070176
45163787
-66610883
-69221946
99065051
57143983
-30779061
-42368980
45634384
-13280674
8371709
-28836910
-31600940
99540844
82233467
17845509
-91128242
18955838
-73801396
-97044160
-8652207
-8364596
58054766
61493091
85687850
36641179
-99905030
-74200332
55986489
2881637
53926347
23177545
201275
-78165876
-12348552
-68575302
9925364
-91077275
-88579474
7429351
-21567099
-43241503
-87646042
72358153
-31277486
-62249172
-26266478
-95397042
30228907
-24363132
-60340539
-12263716
30902154
13695091
-3135348
78047860
51463717
7132889
-40220872
-97265660
-69876612
8449712
-80477951
80365078
64584001
90721962
50579979
-26008197
-57156176
46456485
-8174577
8891997
-35275254
70650163
8467839
58441321
74624679
86160181
74937963
316
4127551
-49880159
75420734
6726775
39888110
-32505706
87450672
95120817
-25666955
32038945
41286495
-46050158
-67386077
94181228
-66299797
14815957
21961524
-2700190
-50609813
-41613654
97554449
78721786
98939
13154051
76763095
-74129586
-71833792
63989291
-3538200
28306165
-53446500
95435855
36025004
-74052777
-37595304
24471638
99591269
29848429
-66649938
-38684872
-65539980
-59978011
12430937
-67092956
-81328261
-12036053
-38616550
17006457
-66453323
-1881822
99324847
96131550
14058290
41562598
-26584290
91760933
14277798
-24790965
-86373733
15816682
-18173742
66793144
65170684
72654814
77550717
-68594442
-77778939
57267356
-49540979
17671905
-65619489
-47613755
63548296
-12053649
77782438
4221459
22932228
14966978
401985
-84948152
-62794589
-56856544
93263149
3243496
44175559
-12783302
-39010594
57831198
97129258
-51674859
49818048
51914369
-37770849
-35650757
47481581
-57565808
-72407725
46902662
-78062405
-17989940
79934391
-48599260
23610550
5384799
-69835178
89197045
80391538
85218017
28462458
-65812811
-27310045
-78857869
-27460133
20274725
54072610
-88833357
70359430
76356126
9819104
39075180
-83270509
16324800
35262480
36910625
14288331
89038523
78521770
-56275942
13696612
47096298
-4147972
-24266622
63581355
-90289437
60688043
35161265
-90103255
5073120
32516089
29627979
87783054
34008204
-49915046
-62546666
46240757
2052390
-47415645
-1100233
33225270
86248085
43162609
-74169025
74645447
66305613
-97472325
-57885468
-6860285
48665731
17386583
38605632
-99255657
-80488383
48783617
-92176193
42846027
-9020116
-25930243
-59733231
66519927
82653223
-1404837
32663297
-76626794
58367360
-44067843
-70581744
-46125683
13267504
97505248
-5435934
3331392
-9975837
11460265
-53991722
21749711
-13234602
-60695463
49636136
58740680
-91782868
-2460630
64700517
59898437
92411811
31224230
-50550495
55725878
16837798
80821197
67126070
76586322
-38483960
-62915091
-97682930
-45517635
72001258
20903359
28821811
-69945238
68669101
8845381
-19260094
-98744401
-25737376
65189016
95029356
-44528233
6037753
56605375
64550590
-39889952
-97702114
42052803
42335730
74711178
73680299
80811760
-20902048
-39696673
82629865
84272125
-21386729
-1614445
-88808453
57993445
37498918
-38437949
3178944
-74919476
-7022827
98664430
-69435430
11400302
-42624596
18884673
-42008311
-62999948
-13420757
-32175641
89437375
-56162417
-98573248
12167406
-45706023
-34572226
51268753
77751449
30201655
-99546752
64939399
67303426
-48323166
-99094347
-95316669
79276061
-70466152
-11795998
-50706501
-78934245
68579979
-57483287
11530257
10739017
-82502488
-8556586
83527118
78885739
15527557
-72945455
-93723914
89881027
41027267
-94116211
94431555
16460517
23057881
-35083715
36398915
-80158528
83910423
85895289
-10933269
34233410
33549706
-30591848
51068115
-74251133
-44074997
-72944864
19635544
-50287932
58293638
84862682
-41424402
65600515
3349613
84040644
-56252816
69643963
56423423
40776337
15737018
77218577
42740093
25893983
25900388
96668829
-34305981
-69504422
50957669
-57450041
80194895
-67330545
-1128050
7835584
5377459
-3123130
68055889
66611929
-30653771
-11414650
56918475
-64177645
-75644039
-55169155
-54637040
-39724630
52040733
-48800370
-86279606
75920437
-54192205
-7053200
-99777008
75342589
-40006172
-49348086
-89766063
-25257232
-41332019
89084656
-60050525
-62789480
99580577
-39893064
16417465
51575121
-19390498
-58579886
-59053845
-59466842
47913554
-63925768
59371828
-98569528
61621901
27371682
56012445
-62254056
10442508
-79637571
46332276
3306571
66433757
-18881711
72509215
-21223537
-22921109
45103329
88695936
73998734
-37010081
-2703688
24688847
-74522154
-45177637
-76301888
-90175950
-55203050
40221180
30637768
-85619972
-45027561
35803830
-20587121
-72824765
86593837
30688849
4621624
-45490372
5094298
-53800868
-23262032
-27675099
-35399427
-89296415
22949496
-67960342
62986507
96027708
5842439
58587456
-61044335
19012380
3783297
-61062182
78946586
30640690
59310428
-47942991
-39565551
-1123399
-13001147
-22126474
92517564
-29354552
-74827955
55275373
25919210
74023416
-13659714
-71052132
-24128656
-86011907
-76984263
-63456034
-2125051
44958557
-86377950
72483089
-27744857
-60228247
77707208
82764379
-95900450
-81974744
-38752015
1224866
-87417509
-34411304
29772328
72994003
81595984
-52757273
-49442654
25497029
-1034619
12256935
61018340
-33545499
33899728
-5804369
72884169
37084403
16167000
-73889592
70333752
-63173482
69200261
48364663
80340619
-11641199
69310272
14663987
-43230034
84561948
27786830
28304704
75315076
86505108
-76931042
-85760276
9721119
47630716
66510042
-88755361
-41440067
-99879917
-3330597
-22840941
21951985
72598764
52835056
80897656
55317435
63161415
65914391
-40402348
-52385083
13829711
45841510
17413015
76951825
95308468
71918958
-50451219
76231543
63698696
-88306179
-91144399
-88939577
-57966826
32923147
47980169
30646179
-8926753
-4431531
6456364
83108955
10742631
66521635
-73432985
13161573
-61727679
24953264
-68220011
60385557
-85454936
58313261
64096653
-49067753
-86618282
-15077246
-13491369
-66857945
-29794270
92758660
-89350012
-44063705
23719840
-53191251
-50494713
96123813
-94623262
-52204112
97423309
98965027
39916618
1362770
-40177196
-10227920
-5141390
-10814059
85012057
-58218706
-45506543
20050423
34867091
-57392310
-95017572
227313
-99578948
80711537
52097469
22488606
65845213
-56939185
64838297
87851018
-55756381
33053192
-23464845
-45943703
9535659
84299220
44970924
-45166666
64050432
-57663011
84837877
46923864
89647631
-98773357
-83640742
-10180555
-35572318
47639261
35590544
83353369
-78282915
-95053274
69100301
97623563
94955670
7104089
11757762
-97716126
45423962
82881666
72002129
-20054769
30698185
-30896949
-61014327
75573832
-11989354
-12718825
2531468
-2219083
-40200071
43908766
453718
59210274
65383622
30508667
-62060618
-22958232
248615
68058398
84014184
43046686
-45745021
17996962
77530133
-53573119
-91878663
45276459
-23205055
-18828926
-84539296
40166266
-49922378
85092887
80656905
70518902
4523400
30465330
-49648520
-73554138
-57833955
27076065
43562408
-56845490
-45449699
32616383
-77676687
-82728765
89340307
25024406
9063631
-79126418
38168156
-34229900
-33097783
-81579958
-64901059
32424656
-37907458
4992127
-15421946
81972233
18278279
61300325
45871400
-3354237
9250965
-29089234
-51744940
15504443
-26898709
-63492638
70248117
-67629953
24968933
-82276873
-11674999
-7301154
-4130342
-88948089
67442818
-95418759
53940583
82935561
-2034615
-42488954
-71633018
65857199
89126675
46277470
2023245
52021921
-76286360
-60646956
47643475
68591524
25791928
-44621647
-42983582
-75613162
-44642108
80277602
-76231665
-64785154
-59959635
89885844
-85601287
-56683633
-43481385
-63368468
-61217194
-17043716
79422013
64565183
-87285517
-65879456
-80377275
-42954574
67219886
94709
56245316
-50864647
75337797
9719759
-92407896
30145670
-40480289
60628934
38477063
51678067
-48452615
-82942655
58466986
73593230
24879830
-63374990
645970
-35490341
-46656070
-36248249
81872973
-40215322
-6124643
-16674269
-45938371
-71758632
-25441720
17708559
55426275
-93496240
-6111069
-86448931
-20562547
51617723
34918289
81835168
-14205842
-70810200
-2475672
26855179
93669822
86319396
39321415
-25988775
-81633629
45702462
6865222
53652108
54817872
1395087
96415763
47846393
-80082263
-73898090
49530256
85600171
-25837118
24099830
39555615
-89744304
-19980782
-38070420
15091614
74245667
-44284535
28245602
97006107
32847084
-31539708
-82856481
81637688
92265568
5752128
-61593992
-86261827
29723924
-91267605
68115695
22487152
-44564200
20394758
66315058
-93056115
73790219
-32167222
-69288816
79761822
36490072
47235664
62262713
-32714274
-4213138
-75732548
-89416662
-63863908
34354199
-7354668
78824784
79755287
-62070561
63530321
57778207
81966041
29629454
76922926
91241988
17212197
55485200
513271
-89502010
38724951
-20782066
57815050
-54086117
3513122
-40879039
61951656
16011110
-14576352
91325968
-47157210
-21364736
44304798
17765463
46115848
55441598
-36605146
-25390683
36664249
-58847100
-65085875
44347429
-65508459
-30445299
-2356355
-88899674
75047167
-86447845
30687830
25614184
92955734
94742940
-45106774
57478262
25635401
45405365
70659768
19575876
24348345
87872419
3666374
-13303589
-15436581
25471918
-27643458
65796672
-2023791
-69716773
58241643
-43344946
1537072
9243024
-58707593
14698821
-11671167
-37847339
-76766704
93581414
-94726829
-42498042
-73153953
76096677
-13083434
-86930701
75511415
3970205
-42772685
40166159
-81027103
-61310055
-98520028
-56840282
-62984374
86381079
1778659
94955328
75994807
96646395
3055090
-16583582
-24907832
22958764
-92469550
-96502177
-34838497
44690493
47250273
-31630023
-71383864
-80743741
70446351
-85444449
44964928
25145070
76035300
7709909
-59425901
-51085055
80988722
34372058
-34709254
-41469771
9442711
95770131
-58239006
33693449
-93981885
48721170
16140800
-9580044
-34507803
-62218262
-42020422
-64967028
-95236552
-53633147
69403737
84446009
-80735818
-99232888
39736148
-84279041
-88834394
-98367371
-68625777
-71021972
-25364563
19825088
47093531
89001172
-9316593
27923420
-60698543
-56042646
52273333
-39240326
66129818
32223049
-12321789
29444659
-35367941
37143909
-39762173
-68075085
-89710911
58793900
-20446271
64560578
-6054909
-86354710
36451458
-46392035
91221525
-47723290
-75140665
64207718
76599108
78811291
-32485199
-60677399
71159371
30958239
61101491
-34805982
-62348031
20104477
-12413713
-89286922
-24531886
72853062
58092819
-76841182
34191835
1580213
-7304975
-51366614
-51706314
-15117246
4647170
98650195
65440368
-33181790
-4881671
85869989
-26524402
-64370624
32347848
28146136
-55386518
93035775
-95185844
-19788860
-93294994
66774093
-22328618
22358929
-14853926
95507479
43740268
83332548
86360376
-43758110
22749024
-43402143
36385210
-61998976
12999913
-24009311
-79042306
75615676
32960960
89622817
99442790
-1790051
-80671393
-85188876
45491273
69379794
-20830912
76051135
-66993765
-74856313
14313157
56065319
-93848563
-63982504
-29507918
90345687
-9077952
-21985117
718728
-54080261
-58093532
-9551579
-14852610
7691560
-26707214
82541635
-21910091
25462332
-99867769
7774285
23021688
37535504
-58696967
35874859
-45072763
-85634871
13732164
-48276126
-38183740
31266850
-86458449
-80052932
-50834228
-46762604
93112691
23063808
44211036
-15103013
-64547779
-64011551
16709597
81117012
-67226550
9133017
-89709223
-8544801
39624076
-75883179
29086484
-47280755
66529838
23514095
-10676961
-8298605
3275261
64456337
-51222144
53797462
66176323
-88176610
-39652099
-74260679
28019724
46985820
-48185779
30772667
-84349623
37262230
-93422300
-30182493
-39258127
-77808333
25226711
-45170215
-67133541
74426353
54199557
55629984
-19331520
13784119
47660088
81115252
-8115771
69920254
68004001
-73817562
74657928
-87044337
-5344523
38475338
83216523
83215779
60129420
17333578
-65047474
-22559904
-4314677
88292010
-24644660
87693760
36752231
24164591
44062003
-38512920
-52570473
44225732
-97857199
-18191752
2750265
-73730971
-91141785
92050021
41874930
-47246702
-75139163
-31289715
31247310
63549945
-35042221
40213231
75249557
-55683930
-49322920
-26520167
77569017
-66008550
-4905494
85514661
44676609
-17718793
69420014
-1993396
97142982
84783081
59283586
-35250646
81868010
46437926
30532327
-59393200
71381603
-4707912
41615751
-54013823
65230048
66864157
-37782810
22826510
-82752337
95200591
55955119
-29745752
39295970
-41328631
-41721899
3985017
29837449
-12020775
-96566015
-16123379
-62865556
-81758303
25819182
2836152
-31642854
-16576012
-68242272
13290505
88021555
-30474611
-41335184
48262918
1812580
-85475723
-92655411
-24162707
-27776281
31620783
79369981
-24953389
37619010
58880120
45576393
51001497
97644308
7033047
34500840
-68701195
67151710
81290848
54306056
12574104
-30077143
92296745
-91508232
57765626
90156878
83281703
-63399886
-77099251
61699552
-75446426
-70693194
42210810
28678733
-46368097
47359865
33061507
73240099
41726947
-60743927
52585112
-36186855
57272716
-99378815
-16883147
20540063
-65411508
8908361
46541831
-60164530
-4628526
89891516
24063144
-54740694
-98025946
-29182100
48470436
-29471837
21895272
45228251
-67630158
-34860204
-34141803
-90712633
-265133
-13094513
-33144718
-96326598
-45495473
-73579397
-11156374
59942273
49266107
7521939
779100
88353607
69630046
-77212270
18461078
-84066917
48324564
-14669089
-21431843
-97425387
-73964748
-64396010
-83952041
-21219662
-17455670
85454829
60230693
92792171
46292490
80379699
-53984430
-13084552
80045154
47869491
-7367202
-13448472
16589583
-5979998
92075304
-3974899
-30854609
-31886271
-73875372
-36076433
-64677172
-89709976
16160826
53475672
-97906913
-88205575
-35050018
-38989504
61902445
54958853
68665773
-23490560
36963870
32671821
-28043672
97325326
41914999
-67050194
33043491
-86437990
33782408
10967797
20481902
-98274369
-86139596
-48059264
-41132081
17658091
-96391584
37982401
-68765974
78424382
-19347447
-26261468
-49571975
29717757
45562324
85228247
-68474085
-44120158
94121755
97394733
34378256
-31457860
-66968317
-27185886
-37801450
95390454
-45654381
-44612282
-73675939
-64859406
-8328763
-39781041
42760005
-89297029
-13068571
50361172
26677772
27903996
-50557209
-22249312
-6281980
-76525405
-4083727
-6376168
47731135
-72977330
-36693849
-32778465
-38217377
-53135095
81414790
-75606138
71632441
-96371240
-54278361
-66097080
-99879721
46526075
-23661231
80950951
-670401
19312291
-55719552
86688144
99590213
64069319
-64186830
35510100
-75270930
-31220503
-47600422
49252794
18867725
-56628550
12475497
77354286
-66171455
31519737
14331577
81535496
-15731871
-73494615
-62006543
40962291
27590951
-68733051
-73564304
-8174486
-9571135
47732343
-54812204
-66659948
-60781512
-67798960
-2354029
-89264559
-99558443
32662690
25706245
99952398
91526527
-44583713
-56904439
28521998
78959384
-54929659
87461552
26841892
19141330
-92302344
-66901731
-76213525
-53460244
86182528
-50812237
39348021
96144025
-31685196
60702934
57112107
65935974
-7008258
41846191
-15908709
-43867214
64667639
13005689
42748943
28754772
-33317778
68570054
-19718457
23846024
15626156
72729804
-96971706
-49531397
-50469076
69144424
26344978
-97434494
-98057756
-59457178
-834375
-29863657
14811306
27303856
-48199468
-24621342
-57944977
57444191
17219397
-8290387
-9678313
-38448267
13960585
-37012522
-38136914
-62705706
82983911
54103122
7930986
-67077020
-63293393
76966349
-99229634
98350832
-8346575
-97096271
90535951
54302655
-27988842
18954455
81495404
56883117
21067170
26699054
80984960
71918204
94416359
74889536
19841307
18181610
4542573
99533765
34591215
-3273730
-47085849
66532895
95874094
2808807
-71857287
4002510
-50804674
49612145
22055353
-99654885
-33044381
60018502
-95671551
-38754145
27865833
-23324552
82403311
50216210
-54016779
60477014
-16006314
66287401
62255087
-47863523
5672079
29725394
46637897
7592613
67355411
-69991969
2290981
31314688
10708999
81747045
-79821141
13454799
-84895857
23754107
-80840107
-12290850
91043860
-40437360
-84505620
46078179
37479332
52865468
-36942155
-90125017
10147988
88818685
80905902
-10453997
-34585751
43442849
25160538
44431635
-78993261
34470962
-99796586
-90558159
4974117
-36087806
95828275
77952624
78409167
-79031084
-71366825
-82285909
81903219
81688142
33957059
88255305
92296534
-33967633
40753580
85075795
-35853603
-83202897
8245660
52746501
24127281
-76544105
3434208
-54691293
29536407
-65610149
40348657
-40141835
-79967060
-73291161
-72738217
-88948562
-50284491
26270589
-3286636
25985112
69135818
61520215
40384146
-8106578
17513459
2627438
83262188
42773822
-96374331
79735621
-82754584
73277115
53808391
-72676764
-67088649
69953853
-90549014
-80041792
-58715857
-13221709
-78952325
-61210130
23164385
25473817
90005305
-44744352
33315132
-16299932
-81585946
-44297744
99875360
17007660
-42012860
-56288178
-18051056
40080756
-73396943
-58516758
-75386869
-62281843
-36202361
-74855411
46572716
54063038
-34459562
42854141
11972338
-57572450
-21262073
26863964
28113967
-40978557
11122911
-78376296
-52822633
-53999783
23681327
8612592
-38641714
53465508
-81042776
68978695
-20344906
-61558207
55201526
-25394697
92196155
-59731354
-81915522
-19552961
-67376049
62456998
96012056
27232005
96888887
-62244228
-76403423
33575480
56320670
72225560
-82087572
73152337
12926206
-60207510
-22550143
81806415
-26462128
11717450
25678610
83507716
44408929
28577561
37058393
14516714
-74679880
69896067
-54817761
-37890611
54056684
-1937187
-75907865
2823848
57670920
-49222546
7014138
-89508316
-9745144
47206309
13557266
-95120029
-82183050
96424252
-50921149
843892
-30274390
5187711
11447713
28579756
-67379194
-49755341
34190023
50008738
70007707
84460757
80633650
-14572070
-62872250
40414671
-80123661
-93052556
-78722550
-48410867
22470730
-64431098
-40066398
-52973700
86118479
20454941
-32869063
4788921
56133969
86013187
30050575
-15080289
-11909644
-26638583
41464611
60752175
9616792
-83561839
65886270
19333649
-96234571
41745576
-9300518
86833725
-7141421
41581243
-96901786
-19806354
-33515744
-47231621
-17794308
-30251637
-84961079
-40323728
49016125
-50711374
75336711
8757445
49620136
37170638
55739567
62822749
-73287802
54508559
-176220
-9249948
-24782169
-45751431
54895929
80941429
-55350427
-91301600
92396095
50231857
-34984995
46079224
-78851363
-87386303
21115283
29716364
-63391995
-69280083
-13126895
3681977
31755800
-15518654
-57590199
-88499512
-25669410
-70520799
79332064
-31682374
74960474
-81231583
23009547
32978373
50114322
-35678616
-13928581
-30249997
-39857472
-83331414
47624647
60086767
-55808060
98580122
77537418
-13552296
-68882253
76895435
11666049
62420753
-14946014
21271101
-14011110
-77641266
62695918
-72900506
65395394
-45805679
-58524455
12733822
-16188699
-99354933
88952530
-25472177
-90627350
27136782
-14569588
60756921
95284586
23173379
-77314026
90667939
-50202773
41916467
-64611643
-13846480
70812152
-21005627
-67975836
-84786566
-10881880
-29842231
-31491953
-11008955
-81138462
-31343108
43109316
11328410
24899381
-27626841
-73364833
45206821
97800966
-14617109
46783761
52519698
31831553
-34735697
48822525
70093470
-81274349
98592871
-9686878
24841267
-42742524
28822526
-946063
53307452
36001982
31139617
11794878
-8055145
-10423996
70611766
-76410183
-53064037
-24499467
27026658
-44857436
79524639
-2840682
-42854200
83551273
70233315
-7709696
68581265
-80780640
-23929474
-91538180
-87265118
-32335463
-20009000
90075377
-48573749
-41541699
75055713
33179478
-14446101
15466090
-33673892
-80416380
-28275420
68920459
14643277
35254752
-84439618
-75408353
40332587
73901511
47886614
-23168659
-95248133
-90550574
68621993
81708723
-26999729
7279910
9269525
43882378
-95547621
-17348399
35360176
13286623
-46347661
-1971571
50470567
33698494
-95901790
43280314
31862873
61620506
46827721
-55097395
58911796
31175922
-34362303
-43637064
-56360389
-91799323
57927868
-1795542
98908248
-54795224
-3767942
93750992
34781425
-77002677
21717329
59862990
92408256
-15645503
66447185
16953071
11538163
-80869603
-85592558
-68728356
-19789802
-1564669
94034929
15701052
12652503
-44213782
-90706331
-46849242
-57215961
89398005
59078398
46958584
-6064521
-54391418
-83895172
-49993912
-18318124
-42340830
23311848
-73938248
-87066806
27020080
72583877
-3888260
-56076374
-17958387
92862991
-49417474
-8213129
-17453900
-97474202
38475723
-63823814
15520538
19013135
14205376
-30495021
-89458938
-1951997
-34240030
91864694
4052286
1013178
-15001307
-53368785
-74103010
-96081912
-26986830
-48326578
31845747
-64135634
22202549
11251218
-35749360
-3830221
63318455
-4992860
668145
-18160027
87475271
-42339369
39925024
-21777003
73473956
91750463
12059525
-16697926
69416736
-8974954
-92312730
-29440527
-79476290
-40557358
21676607
-16775175
-19527134
-57231305
95117636
-4204365
51570387
-76408802
29050759
92301118
-75666422
-86393194
-72051703
-42035727
8137184
33370890
-37839652
-51716445
46681308
33400207
67566877
-75954368
12029826
38588249
-35109397
31459815
99417251
37080171
-77922669
55095138
69278109
97758018
-20989687
-73092989
-2009179
34735202
74690211
60388644
41369157
-6980315
20101792
-67296073
-881976
69393602
96611169
36128897
86941489
56144936
63891229
34212745
-71372866
71896662
-4097764
71177703
2377749
-42135685
52347678
23359506
95178049
-45068146
-25555336
92851055
-1154858
32022428
-37289523
-19111210
-86255249
-72339271
49380008
31868502
42164184
-80163956
31053092
-3512588
-54930970
66370014
8524776
-6999544
-72637933
-80712192
77703523
54859301
88088429
-55622310
55592713
-84826760
821024
-95368036
12352544
-69667909
-92444293
-23717430
22106434
-72865968
-63177025
37739691
-51262043
-44137345
-42702595
-57780876
81670700
54126622
-61015386
-98475627
50090470
30461667
79236005
59933842
13965437
-27204540
19199819
23134438
-26671163
85207081
-69599087
-32811680
-98979972
-46812682
33614647
37187649
-54852038
14190242
63372137
-25783639
-93990870
95193020
82838055
-57481223
581004
-52802064
48490473
-4941908
-31363972
-6847897
159470
18664103
9352524
-37308200
35476127
-43688308
15376960
-99614410
-79977905
-75605569
-81270418
73802473
17544224
-20274216
70959280
-62752764
-70424994
-30490513
82480951
9856898
-57736474
-96613571
37203491
-33607402
-74782030
-27986905
45589477
-54092823
-40871713
-57747442
42056354
7732756
-26299590
-55862660
-91418269
41139791
28140680
77542140
35132352
63112590
-3723856
-79168687
-63005772
51895986
59933096
-63683788
-39085155
32707220
-2444405
-20337792
-29562483
-88643362
-18861600
-46422923
-61933355
17002973
-77774863
92349407
75296720
60761042
-17112987
-48981861
-99900033
-38506868
47850144
-41858265
-57279986
53624272
30754097
1477362
-47246410
74900293
-97840323
58984148
70051848
-10330953
-783746
60500577
-79997286
34092414
-73666461
-64053372
-83026142
50033296
62868412
-86640275
-45651168
-1363873
-48644583
-79571040
93833353
-53645544
-84652575
-32795006
21430888
3529802
-99594884
30651585
51500310
-55086521
74240295
96004245
-5753822
86870643
82084995
51003707
-73512833
-41969325
-23924309
-18381442
-59711660
40544254
55069531
-43625194
16661150
-54731913
-34145562
-5162224
-34400950
-69898667
94375821
47650932
26494793
71767646
-23530907
-18756309
-88888720
-74111908
84378261
-48779118
14643261
40371140
72750985
-43465889
-25962586
99124554
31907719
-98493878
35408325
-92686989
98342834
-97709406
52126258
64905533
67955649
-34625548
-6194691
74974955
49203054
33321958
-92958819
-77634829
-10476371
84672712
17303710
-37622272
-1292225
24397174
7515669
-78170537
-63923484
24042652
89935870
69775644
-28041941
-6140923
-55384451
-23477031
24428717
22952246
-66758279
-11938306
-86636419
-68710876
80298569
58740945
1083520
-49362212
1971530
58115845
20383770
17093014
-16040467
31344365
-72572996
-94069860
-15952740
-74271647
-84148798
-68689684
19532597
-64349561
89668238
87627235
-34471586
4392776
-23702833
9532977
-99486118
-36221676
22459648
-30695000
-65112391
-99738832
-94779828
82135477
52558872
9917462
48400823
91977366
-48590944
88909380
-39344815
96666054
-39642640
-77683969
67487048
-63893315
20750345
68265822
-95280503
63161619
71795266
-42800157
12859465
11998358
-3685896
-26823126
-7129908
-40807397
-63112447
-57937562
-68526965
63794377
-11178578
-62315573
58443304
36543057
81171705
81162255
92472779
-84102507
-48152568
-18761110
-71607440
-43153350
1836016
27826018
32784672
22054305
73682358
91104668
-11333774
-65680933
-91386991
-42926950
-76071463
-37083027
86424286
-39254565
-64338639
21838503
56640405
-73299247
-72220542
98305176
-4893990
-15599251
-12407432
-74736210
5468734
-27582143
58762134
-52769550
80749257
56513361
-3351801
-71866658
-62221159
30043270
41699269
22352079
-67423071
45203182
12438080
-50790197
49930745
32358723
95707437
17912245
3270318
59307817
82154562
-25633079
-6129150
93600835
-66877308
82481003
-99598703
37745052
50382867
-60922028
-82665422
84639249
-40562602
-43743106
23377905
11306337
-90577662
79677558
-82299318
98478194
-80209255
47277401
-81789060
-61307889
-91220326
-44621488
-89319994
-61645854
1469388
96559332
43014934
78247025
-62866662
-88177018
-43472862
-23368620
-97466583
-3982856
-55953529
-35903818
-80987562
52566635
-83115675
-54844099
72117471
-17277864
-57099439
86264401
41322612
66678963
25069474
30478325
-89057112
67962849
11753306
-59954290
72409156
-3564782
66211626
-88366970
-43549439
91315004
75070694
-30568990
-61488721
95815031
23186292
-39690479
-97405354
-21501950
52431047
38612325
-51380401
-45977481
43767095
-18461842
-90519158
14964291
92208935
16492743
24773846
-24732951
-81536913
-85582897
51866433
-10968695
-91632010
40431407
61818786
-50441873
78723501
-90417203
-3461598
65105945
-45765572
-24277612
-91975155
59375387
-83349983
65632125
-35328714
-1409524
-42922871
-1831891
-27215623
-97606169
-39769704
54251048
16964366
53611941
33764640
32674185
-32616949
18462526
83827921
-14153200
42617849
56095761
26078045
28372539
78395742
-96081680
24661286
47987346
-46572383
28072591
-26205887
41383644
-81558716
57950982
-93376139
-79273272
83491493
-50257386
-22644076
7142389
-85956089
82312131
83999718
84606145
-63322051
-29204549
17738336
56590697
-42066040
-84892866
-30459680
86248088
7589941
-70650589
80653022
8821484
-44721152
-11272034
18043786
73836289
-87814832
-12845307
72691150
-75859643
-25686374
-3286547
-4067807
-73116718
1795703
-80604858
79202722
38945710
-77087410
36717655
52351029
84252312
-89479902
-26110795
8430486
5248747
88198391
-18923851
125688
31374130
-85332352
8562549
-41504346
32210517
12809266
59392951
-55715189
-72749503
98140934
76574950
34697036
41835416
92132572
95905152
86709228
-27501717
-99087231
86374222
-59543005
-66954512
-58824865
99259042
91103270
-69349011
80408134
20879124
51951342
53099153
60768098
85987586
95469454
12187089
92870259
76903997
77977989
-43675423
-97351701
54112803
78530800
70076520
55449238
-25074560
-23727799
-95957091
41096866
-23547711
62848192
-72783261
95706430
62747441
-21842296
-10409903
-77867765
-32657233
-96162908
-7209125
-27834141
-64264664
-27796340
94459738
3588315
55562417
-58268389
-35370448
-64139587
-18642397
66983809
-13591638
13806461
78656883
26061094
-62310362
-51867275
20184166
-6975208
-23727701
54076619
16356157
91530342
-97009546
-56394807
-27989157
-18722546
78033392
52626485
8047491
41961166
-73719974
-82040490
-46426843
-77184077
-52942740
-59855935
-69805697
-48680150
-57082451
-54930428
-73179809
-390909
21130272
80082011
96413571
-7967119
-6355739
95403963
-29171791
47436840
36432866
11529205
-26719738
91099277
19638003
-60928579
70711007
-55183443
-25880882
-78072411
-39699663
46171910
-20479321
-52474466
62154895
-14528810
4146270
74114644
1537548
57937821
-18310531
-41169619
-7596335
-29182454
42377300
-49192789
87934833
-63969724
99081277
30335162
92384273
76693652
66549083
-86203048
-22778092
-17317160
25948555
-50957985
36911085
-76363963
-76431592
-33280328
-70184812
34572371
-25626398
-63689186
-87314431
24875724
-82155493
67632099
-29406815
2638221
-42308272
-29964660
46748827
57533348
13279261
-57566641
-77780330
-42082104
9216873
94110461
-4111384
-45913729
-73215241
-80472407
63829590
24882839
41641815
28810942
8685846
-833134
55453019
64925993
7522781
96565817
-44801716
86094241
54903817
60550282
-18316139
-68726368
-10479451
-84383064
-37182047
41708579
85096782
67792827
25944748
29129300
-30223389
80212533
-53149137
37626208
-5586094
-24132038
34514425
-7813810
5656185
-54884045
-3554206
-99048197
-78993817
14985855
-19780762
4490106
55582564
-91732827
-13421212
79592762
70965907
39703797
-86383061
-40989437
55248514
96032582
94191561
38607268
92865224
-93362854
-55495225
-35329640
-6692595
95547542
1192738
11011611
-63395936
-98514124
-51351049
21081627
-16174178
80835034
47757812
38918431
1745349
27929099
46768706
7058974
-16703975
31487932
-59051404
41527340
85733166
-41627468
27212846
66565944
35333720
-95586030
-94650240
-49070850
56749936
42938491
-76802641
-50584545
97782566
-56225092
-75226952
21422578
12614481
50270129
65313056
-87761871
82272565
-73341767
-26547596
80167924
-67084870
-11303131
16557767
-60048243
11614511
97464892
-3917207
-34289383
-46189800
-94423437
88570636
-52345449
-11103343
-85308837
91863336
-55392574
67557201
-15769944
34128170
89978805
-57410188
-90711647
21395951
-76613278
47427203
88584692
-77489619
11455168
-49338806
-37450997
25240535
-99524221
76930098
-81814189
-91188970
59099247
-55484465
-34930961
-99202188
-19329738
-10145088
-79059378
-10053360
7488803
-11926530
57608097
-71543123
30850471
-48378622
-40137387
-46693858
-61336277
19972649
38584199
-51879033
-22469155
-41667804
-3142991
77423885
-13326632
-71308134
-55259740
-62329491
-46070507
9213905
14837867
-11292971
-69050167
-97036386
-18266552
34380946
43163859
50717007
59181809
-7899260
39699479
21000928
-5949720
99306723
-80519849
21150980
99781363
-89333276
-47852886
40909491
-49206632
-92738649
542632
85672060
53094895
-21034903
88500045
-73797831
-6663089
90871928
92732428
-81970598
-86704482
-45091796
72587181
-48962819
-55037292
-32098290
-2635391
81892953
-21572900
90867703
91044905
-8055047
-51362675
-69705414
25548021
86137047
28228683
-96947946
-81390694
-52446237
5123800
27889538
-80386403
45614967
29183935
96348422
-66237796
-84217330
36061135
50433877
32687989
-61324177
-69117936
82290064
-77406800
46246684
-86461796
-11219068
67881730
-6245926
82182867
-74391596
30697285
-6764172
31406925
59943083
-40093685
-26516358
75752896
-49554807
-54572758
-58546654
-52318282
-64096819
-7777378
-54496573
47970272
68255142
56559696
-7062658
90095845
92751498
70361124
-85778937
-70414339
-27237119
75482364
-85941926
-8772871
86120084
-8080169
-87373980
27619048
-3197727
36073199
48924917
-64923103
13920654
73044052
61568492
96313002
-70963348
83727010
4205243
62012069
-49532638
49428438
66511297
75837320
-69032426
-86543048
-28726728
53134362
-76484859
-68118794
-98620490
-72590366
-7085380
23731208
-37623526
-47742908
11679842
50634968
8591776
-6509417
87995956
-15515204
-91760133
-47904572
73857865
15552456
-32477459
4482150
13168741
49515414
65416924
-967852
80168905
68636546
-68363236
82389972
-35570116
11672268
-50943442
-82431322
-98493001
-49258845
7839332
98099588
-88854457
19177604
51967882
-97058682
39193801
12625612
4985087
99434054
-12685020
28739447
82648116
-45593950
-65697127
-65563776
21139536
-6745291
56986208
66277454
56462001
42593497
-71837328
-40209980
90226926
-53240997
-53747903
1577299
-90046554
-94493065
-2679425
25622174
93126460
-16605567
80938395
-82266153
-85017912
24052172
45656544
-74580128
50151393
-93639043
-88911051
-62638637
5852123
11717619
79424866
83480736
-22088825
95591095
-51875988
-15842317
-57758075
-65302732
51053005
31960919
74298104
-20668657
-44316859
-68405556
89004706
-6496130
-47235200
-88455629
-79486850
81045692
-26821535
75946294
-7183470
46290646
-83526984
64358513
16497520
-77370617
81254089
-64985811
63454889
39206959
-79634922
-57066888
18128864
-58709303
26036750
59874082
637771
-27324308
41238835
-56412358
-7824090
67979990
6520013
496642
75532471
38245551
-75049092
91171033
59754384
18168221
306572
-61766606
-15398560
-75698268
67458659
29132893
-3593546
12209322
-40270229
33869688
-70832554
-6565197
32438351
46644495
49266479
-89595919
34107401
58270388
-61526644
83979915
20840826
71818952
21354386
-83390309
-9581045
-74687998
29449583
-89389889
51581545
82845059
81278696
69421864
-4348500
10564419
12363398
34061600
58287698
41761006
40510733
1003889
27271228
-78845995
-13738233
86664513
92687191
88046631
81586788
-72095844
65236237
-60605218
-94130776
-11241548
34179314
-36732568
30543947
10779484
47013380
24758373
15159004
76972765
-34635792
17388320
-96180662
-3964174
-15573599
-45709260
96194017
8060514
-30234246
52596213
-42827416
-16174781
69128714
89523161
90846082
-73106523
-53799328
68755959
-85354526
10517113
-77037584
-85998166
97121884
-68087765
68013049
-86881381
80470379
-84385130
93015145
-20115837
-93104907
2780701
-95136498
-64612801
87112445
-25137356
-51385059
-98380153
-18803667
18157424
-72758779
-20899545
52079031
-54334584
96518428
70185545
-83784985
-53342344
-62285571
-72249469
74912374
-21966249
13319628
75637556
66828636
53331699
-85018692
-3919234
-93120568
55599147
79564082
-6843769
20296471
-26559686
-40951681
-53879201
-68654218
38631297
81527961
-21040650
-35354656
97497635
76260455
28321259
-79310766
12498204
-67817965
-58878120
1819367
62000401
39561917
56830391
46239866
69665827
10985008
50018898
67452324
-67239969
40259475
71379902
-26057802
66792593
-63164989
-18935081
26133756
27877399
-76871162
30881313
-4259891
-99918762
56290097
15474186
-31959231
-66247143
-1050121
-21192579
-70591789
-30236693
-67936092
-46918382
-10790480
-28680822
81896509
31762097
-65992802
-55304369
61534693
58429050
-34240239
34270168
-67784612
65951430
-49830556
57934852
40453962
55806990
96944659
-43256437
-23409023
-5556701
59722781
19059454
87737091
-13152536
-8000053
70607257
-45396643
-51187489
51309015
-46043055
-29541247
22707475
81698013
-57438297
85146638
-20489127
3916091
9141151
-22270790
-8859427
-60509906
61724120
-69389906
13787091
-73033004
24175470
-61217921
85876327
1455257
4400849
-70903370
-11996572
8662052
-18645127
-57675363
-90690705
-94445962
14872495
68955709
43924546
-10912889
-74611678
69801443
-45364115
74928985
38496615
-33112557
-74070319
-9512730
-1808333
74614442
80391309
-53047149
39151793
-54590020
-99681688
54380249
50048738
88223583
-63597015
-30208964
-62639391
94006805
-67168948
-45583927
58231351
-93019558
-55148639
-64796840
-42388285
19049722
53517276
-87465406
86582445
31815833
-39953887
43891705
18385464
-25555329
45087893
-51022623
42223322
75398379
41610207
46167791
53408105
69160837
19313655
-54440125
-37740873
-50119385
63246123
-97379279
-95012333
31008161
-19861233
31441719
-25120852
81191220
-12123797
-19175603
42844226
-95618754
-12834182
63861540
-79681504
63526527
-77199810
-36635191
94080902
70685547
71744671
-42470044
-84617543
-41533662
-4481384
-87842637
-85911374
28764915
-50217913
21507865
2925316
-83366913
-95408339
-49581036
22042768
-7858141
36709943
-63504256
51391082
-23425179
-48049229
48520379
91927864
-75900847
65010035
-37002800
26514583
-19980277
-17699797
-845542
-43541757
-7906755
42779768
-34187503
-918800
-20341303
34500587
55601670
86031232
14027802
-13571661
54336118
-31261322
5902846
38460342
84406584
-71396652
47204768
-74789429
-17519004
27806020
54552399
11546185
-17461427
32955592
15583402
-55442596
62460634
-14348665
-40424970
47637977
16830221
15478485
61717754
43860902
18470730
7562005
-22700739
29625178
-74703663
-23935792
-16308755
-57066622
60990167
-54145087
50397016
-2894191
-96564756
-85554801
-95885908
16295248
-96263463
16206319
-2769147
-27850159
-59603865
-64654901
46101633
59307195
58570772
-51348547
52087396
-42400126
-45927647
-67813939
-28462750
4822969
-46439243
79974436
34499466
-58957339
36856505
-26510032
-7021865
-27306465
-41188149
32139084
-72383155
-70637387
64359586
-89848165
4106401
-93562270
49688560
-30055387
71280717
-5332202
12006658
-97107690
75145130
-94563706
-81240368
48306365
-76542905
-22332370
-14669306
13410131
-76335046
-96338642
-67224779
-832194
38369435
84234634
5967401
12236534
58837057
-91981547
-20895660
1242692
67584116
1378755
50664832
-16847329
29333277
-17001440
79154839
59158618
17840324
-65310979
5756403
73767078
59809403
-19685445
51842229
-53968404
1322015
-14429072
22104563
-19415860
91652989
-92284882
28577405
10368081
1894583
64289261
48326045
26675628
54290430
-70774869
-36011407
43295331
-89432816
15882867
-27662020
55262566
-22782300
-93965871
61914866
-43470036
7025427
16680452
7078740
-31873620
-41842752
-99964585
-70152539
35501546
65938519
-24519585
-21106813
70995668
-14246022
17966279
18947542
-60865657
21008400
-59640148
35746534
-28541435
-71394765
64943522
-35954053
90396579
91853311
-82206615
79640005
9645327
65896840
9277789
10099861
-97936530
82269600
8576398
87594125
-40491560
-13745662
1148981
97376393
-95622008
8633169
57664035
21167528
-68835481
-29438402
-5308078
-98766176
59389138
-2976388
50041389
15646811
-40472777
-75713355
-19530537
99179027
-59605187
-36844640
-53989015
51094421
-98114932
41858379
-93757911
49765813
27673499
398922
54508483
-16496581
69347019
96941392
-8617043
10839509
82265290
8548462
-73554772
9034584
67401610
29046027
-26476178
77113028
3055391
-51420053
-45481645
55843788
69395185
21385950
-79025831
91673610
14474933
28724600
-77912838
-43111922
9328287
-92840584
-69828185
-52181101
16518875
-99726065
84162292
69400807
-43048755
67102796
77645652
5857249
69176100
11433358
-7744890
43699432
-99805229
-97718574
42778705
53040476
95507773
-44483748
96664317
90664769
-91323627
-94051351
-45410261
-59765140
-29916206
-34124021
70419463
-40178416
-70905309
-86271967
-36336583
-70694324
-87975889
-11167542
-43794721
87552120
-9468005
-86214499
66489588
-28883152
67200952
-38908812
-88501935
22886435
66503023
-47800428
-74877350
14665924
-84089293
22648539
-76317933
-99401925
52687864
26556763
-15725833
62250840
-71027947
-60916105
16503377
-83129912
35102715
-57133440
70650709
-52278945
29395431
15894770
8897989
81349207
-62984699
6755772
3691338
11565553
87548805
-34340024
-41083328
-4724219
62678439
-16820154
-62955184
73139033
-81589251
13444503
83109396
-16525955
-73788721
41764711
43370001
86658575
98248696
-68386025
-4466647
14163011
-94664206
-81970255
-79915500
16540639
-5625353
21144993
-24382416
-99296127
-25901476
75354959
-94662612
-3609186
-16225244
9972314
53084653
-14824455
69026814
-45673963
-45552144
76327352
68637713
-48840548
11721855
30419072
-89434478
-12160185
-83195830
-70156596
51562965
-45896572
27812909
62063979
-25327517
53477694
93593382
-4442612
56910559
23853287
13826268
-84740055
55027438
-97782948
72863591
19822757
-29167839
8867940
38590935
-17507979
84347616
24363514
64954833
63824974
52402819
-64756095
67455100
19317590
20209585
86873404
9334530
87829010
-78265638
40761950
57058658
34971279
57772917
66232213
86844248
-73301660
-50916564
50638217
88277112
-72320374
-51484985
-74097414
-16527448
89783288
19363736
29305201
11269007
-56449253
-27810469
54437810
-17662449
50079196
99851530
55294838
-46587434
-9659548
-19559603
21709077
-67774983
98292840
-62657707
14849074
-70916091
-445414
-69342659
55993271
12609102
49110209
74100743
-15460295
-80397379
-10166577
-39728784
82129094
51460542
88843179
17214574
38042703
62880348
73457894
-95185376
2543733
31388995
48967800
67415146
19913296
76812245
22080487
-68920266
-93974032
39617444
41435330
82255951
-40611263
-80237353
-23273542
-36503959
25143718
27310713
74377735
37002292
10307829
-71708109
-25820122
-48883579
3179342
2614845
-29057961
-51977636
-93097046
-48539596
23239587
-74782141
4250581
-3800719
-60854901
-65509037
-68325032
84049393
-60132377
88118159
52615489
-30969078
-87602707
-55212434
-6717580
-57509793
-4219548
-96502452
-77803583
24763149
-77584475
-40546026
71155776
81510327
1553423
-44633457
49467650
80043236
23637023
-13597210
86279044
29201705
-75777153
-20044790
91659689
-87308960
33704591
95735993
-94576267
55905238
2954041
-86787385
37499113
47446082
-58502968
4731122
91805314
-86746265
83437858
-13849125
61075343
-74971465
-43404927
-20660364
48096281
-57647219
-28942710
-64785869
-51982645
34279674
32364617
-45896911
-89079215
61650958
35965168
28321873
-59750492
-96527037
-89931433
-94021493
79422232
-66032198
74911623
-41603711
66447438
-25605228
40039017
-14192180
-90745779
-7079815
62555365
-23041729
7197946
-60684964
44707318
-45923479
-94631324
9579437
-300202
91719578
33611190
-16475095
48367958
19939377
-83848789
-61686091
94207047
31997037
-61927936
-35124199
21239743
-85542355
73902200
-60815859
-74130569
-36327389
90594108
94748660
-7477221
-37291654
-6887507
27182296
58838832
-83371920
721862
-47159636
35976649
84297013
-89278179
39252410
-44469639
37583057
-44219800
78853575
-37801687
4624490
76989802
9903156
-81036607
29305328
-44473306
-77392670
23037871
-15528175
45317476
-42727446
52366104
-60321528
6194137
21829118
-57630956
-18666851
-18871301
49465754
-71544765
-9952980
29072995
46453366
84630746
73770112
-67209173
-82317251
89924073
65819148
-88293600
25255163
71110950
48148252
-46351758
-33680029
44639130
-48060024
94430898
34228867
-30759728
-16366077
-38655226
-68509801
12649611
53161443
13929863
-72061700
-29202393
73985184
-72793841
43853951
-76537400
-7471469
19762819
58200905
97481709
97725849
-11555409
40359424
-44103489
34877283
39986679
-95373839
15866295
-13490846
-6837895
-10274729
23040396
7782558
-7023153
12921829
-67471719
-10523738
57149847
24435057
-13176704
-69006407
-44564006
-26197505
65791620
-86436127
-72344882
-33875374
-5858421
-46341344
-18327831
-78577557
68603260
34280841
3872164
-28401732
45786976
59828556
-91685579
-86517919
19527291
-5894241
59388902
-76551357
-68976307
68745721
36957378
-93564030
81641070
-60213942
39532197
99334493
25112007
7667968
-92260300
-74002868
14054429
-14817758
-67808607
-91406451
-3158032
-35276715
-53918228
19332380
50194646
-79311291
7688160
37406266
41160178
-22872995
44575219
9793701
-68828966
29189265
-27012278
42266180
34635387
32045085
-55531582
-73702965
69755462
-15486146
-39608015
17504373
82241631
73222084
-61805665
56720066
-31609668
-35101195
-28606447
57475967
66382105
85998245
61941659
3892530
-64045658
85280891
-78902417
40186674
37602747
-82020700
20377
-168908
-80853182
85469695
86786517
-74613386
-82124589
-54257031
99950501
28116642
39303992
-83077667
75727997
-41719479
-99724751
-81788609
50955676
-68717593
47626592
88474758
70758504
21247100
-26048214
80884589
39273323
52050877
82491961
-69777724
-89355114
20831579
-47226600
97225093
-33129310
30058284
49687081
7057041
-51444960
-68151227
-17024056
-72659221
58069860
30700026
-73689292
-98743599
-81473456
-576992
-83339516
-17839604
99927364
-42011419
53368587
70044187
667621
96986712
22611175
-35075367
-21732174
74962343
-45027137
-15374173
-36659999
65681271
33920519
62497071
29034796
89555918
97123756
-95374814
-57253010
-27307083
-45112719
-11364391
-58340614
2920438
-10650324
33739234
58543541
-73468874
66154834
-69496112
-84970035
-77089066
-79873786
37406328
-93466393
-89025845
56757723
-18949450
-84602905
92349134
54431853
-36569135
61953106
-43808988
5425506
90237029
5329143
-93930922
20167296
98500010
-77994884
-81692360
65896692
24486268
-11688539
-4474894
-89597171
39746226
16285198
-75304675
-55806187
-21558203
-79608634
15361074
-58088884
12378152
19203578
28112596
89431556
78590304
-8336859
-90543056
-35214458
48175583
85638607
-43068486
-65449553
-15775946
-43247665
69355745
-41918373
-76991901
-70050195
43912601
-39023930
-47989655
-90943576
36220955
34607708
78813836
35953994
91559799
-80417167
-30679923
-88296319
-32405660
51897325
-93121550
-80345474
-66745264
5763461
14312442
-54277607
74537992
-49757163
31464846
78596901
88830132
-87529350
93185152
17352384
60949849
1528342
-20659120
15925540
-58105835
27222446
39751504
81446637
29622981
-80501026
58038812
27349452
44156585
94464235
-63794978
-1669295
75571844
40217772
-69852386
-56917912
-2191485
60306624
-29709062
-86899914
-48886355
-51462733
-89952841
30850938
27911392
-48995178
24032897
-20156050
59846228
51492441
12288797
-40359187
35306253
45394742
46654033
78600198
82590882
30727288
54653395
58749987
-86867238
82628629
86097881
64711367
95430623
-15540624
24836404
62281449
36668333
-437687
-37970643
32853243
43681057
-42333406
37819619
44238792
-77148159
-96336665
39670219
15288444
63822037
17451056
17722550
-34120290
12080584
63323600
32398397
-10621417
15636574
8417809
83514350
-62868934
859113
16470119
-29468282
93352064
-26143279
32670742
-90901852
51047302
54750218
-96956520
-26470232
-11474998
-71440475
-50251900
-21902812
25517555
-57841902
-27845898
-14556234
18235015
-66737615
-56909361
87214012
-16921292
52479528
-18158163
6087502
66851768
2443220
-23878072
3415080
-24077388
95788222
-97285831
43502497
-55522071
-48012940
19071756
37931087
-27797574
-42410809
95054926
78720130
74830154
-33378389
4342680
79810133
-1336726
60977151
44271148
34891663
-75047491
51446218
56506951
-51944138
-61525750
-88188980
90475638
51153517
48318595
-966871
-68855373
-36395970
87100078
-21151752
71098930
-12232356
-66474114
-84903368
6470746
4234513
-1463400
93329938
-26018721
82309215
26890770
-27525810
83808039
-29616124
31580984
-74827888
-29617146
-36787373
-88284823
94394090
84222881
58087725
15914927
-76822158
36935672
34007987
25589663
13947254
-10620281
99046888
68200400
89905979
94498648
67965891
-97542453
86598616
-92286938
96866864
16870241
86372128
-31295350
96554719
9236160
64300177
-92088481
-91482406
-14474122
-21641200
24620562
-78401457
14305092
67016364
-85786519
98855624
-65523199
-43151335
-62270759
54822635
4614389
-57560182
11529933
-52875697
400755
30890716
-64358505
1588808
-21594173
-47578690
99372852
-80661039
-88385252
-44819059
-71477456
25288910
-30983558
-50863011
76635083
-6057179
-43854509
48215038
-52392117
64724163
30893454
-79516829
81125229
-90172730
-39685592
20935912
-44143114
-21958769
68751960
-22086595
17765961
-33674320
54997391
-34128434
-7431579
67360446
-3449575
88553560
8407632
-57894378
-94785771
51780398
-15955099
71755891
-39447737
7557148
-46213370
-74296831
-76163921
89065737
-34841371
38886967
2572388
-6725585
27823267
47269329
-95475631
89853526
-77069026
-54582228
-74082718
-92995579
59818825
87663653
-14396985
64591382
50547552
-34382405
67140172
57268516
28461715
-97910301
73905428
53907289
31638067
-99760114
14376564
29185313
29464497
62458245
-90151496
-79038932
41943198
7474757
83039210
-63905931
41149037
-59388042
37423696
46201782
9477053
-56114318
-70256309
-34610015
92864078
96742958
-83396878
-66045049
39612226
46488189
23761712
-14774603
92850626
-73599014
-11799810
81415040
-74377824
-38442080
67036362
96544446
12167774
10281266
25016476
79568630
39759379
31560566
54234906
-50229896
84237142
22033359
-84349616
94209329
12185371
-58909283
23583040
-6230033
-62739343
74075832
-25283673
37201725
13595814
76375839
33837497
42857274
66907005
50013607
-364944
99837506
-98541428
43931870
-18711490
-87389054
54942079
-61241253
79422656
-18439463
49627614
14008450
20953941
56161137
-40565450
64068846
74029796
36181743
-6433091
-83789471
-58093127
86669233
50734085
-78811004
-63547118
70070477
-39883570
-24324760
70861986
-69547384
-29478721
-71811340
40186114
-77538094
-41991254
84609345
79988114
-84198663
26721471
-93172621
-60750698
-6473085
62465838
51473532
11177783
-99683498
22390853
-77581364
6444758
86355078
-72029033
-25381523
1905066
44185845
53334354
-66154007
45771463
92468028
23510446
62689803
38679633
46845424
-42472835
-5622324
-99105080
73582365
-22100561
62204742
73547372
-60476559
46076672
-85488303
93352080
-89606626
-82718657
-95088497
-11055263
-67229944
-9846531
-67035104
8868626
26070200
-50486411
64103066
55838052
91119211
-42921238
-64912913
-80806499
-63731692
95188532
18357900
20579956
49068967
-90320805
-46656259
-28994464
-95156329
-73600361
83343633
62743799
-87421167
6858825
67976837
36477234
-32441009
-28054683
75996415
6538650
-54974497
-53912387
76536788
37298114
79370818
58765728
75335674
-49399332
-32411423
92400743
-81930210
22815930
9085463
-29275890
8720581
64412645
-39617367
18933266
-31247161
-86471355
-83372946
17967583
34860546
-87852941
87945034
-9782124
-22480487
25377097
-86315130
44785498
3060973
59165771
-86757425
88651620
-76977877
25139850
85873882
-93176429
-47220241
55827142
3016157
23155003
-21299206
29733879
-44812817
-85872586
-62035035
31455966
-81327741
-11139447
63824774
-76973834
-64079317
66080528
57429292
-66083893
70186868
-1187564
61520208
-63317663
10385971
-77918893
82932434
68671687
62178320
-26828289
83455377
-10199188
-13662744
1808664
-43113695
5858277
74488906
84850224
91667975
-54210525
59107177
13789090
-25925747
-15181768
-35678421
-87500956
-32950115
96283066
6004507
59941777
64120225
-98306076
12758252
-24863116
-21167228
16484895
43660457
70783569
-38454765
96469347
-83274419
-76160347
-99451092
57162267
-90748053
-99554497
-79193313
-7597906
-9960995
28255422
32693422
-45057368
30355692
-34486628
30386835
53504625
39052638
-48490437
7881667
-61850511
-48448421
-1470000
-29456005
-37849428
33349063
-47539088
64325255
-78020512
-53974871
34415434
62019333
-47901026
-47261096
-32513766
-72552693
-96440545
66383769
-8156782
-38211385
12033776
-47050237
-14441203
-67427361
67399116
-82125034
3510456
93750345
-31439035
25219419
51040430
7604379
89624183
4713635
-82072557
-84364730
-49958592
-72757092
-74226763
-13285034
-52396947
-97447927
84305000
-66111043
-10044687
-47242539
-21434966
13875275
-47799695
-24864637
-52548523
-84977333
48095947
83706199
-17570365
-42363689
45318377
61837430
67655292
-57522104
-81660706
-98391687
-59617049
-58511298
-10676430
-35909744
-65617708
27806158
-1476932
-39220580
60034570
-57635575
-10286858
-49647338
30967596
11527232
-97656408
52419795
-33117113
22049133
7119121
4968822
-6233170
68164570
-78562331
-71341539
-98145362
82512976
5244581
57828505
26601598
73929320
96992213
7864871
17993201
-6619020
-35949518
96554831
16176344
-28676284
13269997
-77197590
41434858
-73736286
-53203867
5134416
-77188264
97570237
-61011837
20512833
22754461
-64339900
37954300
-99959107
6349464
-64154111
-78829085
-27130895
-65100113
95615557
8840146
-27755091
-44786346
-41725647
49763285
-94374554
-48068676
37888728
-46522407
-95232555
68539622
-12973742
-64344946
-3629693
50064744
60561601
35142301
60762400
14884514
33523973
40489946
96911578
-96230318
97178435
16392932
-26281642
54037895
97726982
90090236
-39161241
42030706
70586293
-69921070
87843377
-60146056
-9508290
93427813
28796211
88457845
-50295609
2158009
95992241
23273500
-77968066
62911850
13012288
4378846
92214407
-69796945
79946659
-79512138
55475771
-77042547
14487644
1795854
-45187661
-93247607
82323451
14593118
6204964
-80662433
-28333435
69222728
36472856
79883226
94458072
-68067341
79982775
-15414469
-26757026
-29990877
-78945944
-55819565
82243118
-91314839
28528521
21281058
27525768
80082527
-26068984
-84728554
35309455
22547210
11956176
-878163
36527325
-76404013
23636055
-32996357
16682507
17211682
251684
-84729518
-26495648
-44098618
-10238487
-41231454
46369792
-38808427
89754204
74321019
-74946333
63446003
-38591754
87839469
23452771
-55251902
24776724
-89100553
-7685152
98589746
90388700
301028
-59555973
-51558831
57468452
-93416290
50707576
-32387457
929640
-97080452
-6336904
-15317994
-56708154
34393260
64633063
17164957
-86535490
36517669
-87586048
-29708306
27252
88935635
-5900543
-7469048
-73561771
64701478
97272409
-29109333
-64842734
-43882008
11011147
-15888395
18912571
-52950302
3753563
-2220949
27301285
-97574307
-30634288
331800
-70526950
-52085716
-90057851
-61687677
29020603
-63168979
98406363
-15035852
-95144934
88083103
35923815
36699469
-68568564
-52861096
86034403
-62468496
-11012192
-16042716
56521167
-99093502
42642363
48120069
-1505969
-18252727
-93056896
59765277
-34987463
-13977198
-8006740
51453223
47887184
34969132
-91036810
50720582
58195988
-88234844
51632725
72842508
69955415
64361242
-85469913
98435647
71293339
21076819
-65244616
-2372768
78572846
43177067
-23931193
-65844883
-49770605
-42208983
-13667052
42732995
-5121307
-95359483
19401037
33268779
-61916005
-43042924
36892403
22165728
-47665138
-15250724
72706252
2921742
78835329
63990796
62994850
-27580706
97071334
32048903
-64823917
54111812
83607360
-6650784
-95397414
-23923857
-1610842
84576787
-98659463
-26942039
38173347
-6235920
69023333
45194292
-52196922
-95662773
-7496393
-29286093
13339946
28453101
-42257511
24705775
-53958183
33374573
5294331
-75012228
94443668
78320717
-90485836
2990613
27443638
-50461799
-29319297
-56613515
61126489
71098793
-4218117
-97436232
-51017025
33881624
29490901
38861046
2938749
99679802
-9069083
-96373078
71540378
-93042327
60828552
-63887540
-51107608
-56736363
74227561
21195842
-44463886
-62153549
-14908273
11397046
85963317
-28090850
-17307351
13660587
-7191091
98928925
-52546992
70895476
5390743
-29215486
-82061222
-80009233
53826246
50905243
52809627
66094125
-36407339
-60228869
72191875
41491573
-60075511
-32152611
92667993
-59893544
-9033838
50592514
-91783017
-98838263
-21188870
-35405004
50309227
88756376
-29740049
78705001
21447524
-35465784
-39104666
99594398
-47416562
-33943950
47179011
78792332
28697386
-16665292
-20531666
14333489
40862561
96373464
55036224
-66602136
-33330837
-49858930
-7126891
-76492082
10993137
97790104
54339029
-16842191
95403589
-30657869
1577094
-19618715
61788488
-21844186
33595083
-8727167
-682629
14467365
81735683
69629318
-10772379
-19633665
88028635
81375853
10848023
-69494509
-43815356
-77213310
-19248631
-10884382
-54293385
-65229739
-22178338
75413510
94685943
64095425
-88617936
60007152
-56938466
-51050593
-76304975
-65338724
-50047455
80976338
69863673
42483558
-95487675
85954032
-60794501
31199723
-68335988
28918012
55343972
17139188
-18970225
40611616
-92058353
62732308
-80335128
2516288
-37222126
33921048
28677096
-61361833
-65136060
46059395
-7229078
23634667
-89515502
36965789
70594928
21804478
2237830
48370554
-37211726
41508391
90199054
-40108336
1159469
-72271824
-92524912
-27127839
-18230081
72682888
32230944
-41841717
77737311
-28716699
-11915350
45874076
96089672
-7185930
-32674180
64998465
-59037377
31204548
80735876
13323349
-71158749
-55665101
-10552835
-51366878
-65062053
68144732
54687366
-78013712
65471274
9723299
73964879
89532129
91717321
38937189
-39458319
3610895
-92157602
-64568351
-11746359
-62048909
42441810
-20204538
-13202045
-8832095
-19860810
-45162898
99742259
28263795
-36232602
22752962
-56627361
78221858
-45896415
-62385758
-47191273
-2983389
-32735007
76148093
-72244531
69623319
48703504
91421601
-5675580
63800851
71497677
-8617944
4437699
54875387
77557911
32242475
34908500
-99149133
30886963
-47842636
31076701
-34001830
-96571535
-1237272
5550589
34006975
71965674
-80874424
80229358
-43221734
1828372
46432477
-27891502
-72142644
62529608
57241022
97798961
-41113949
13178241
99578523
-51745306
-56107398
-16072808
-52110669
10404602
35544701
-18562793
-76308978
-17196934
-93764228
-72345403
-57523054
-95927486
-29651032
-99800490
41422748
97685756
-34203465
31324306
-54147638
78733484
90685331
8787512
-79290503
80232807
-69391511
34515506
-83539299
-17029248
29597191
69294927
-30168811
84831895
-23085336
96888190
-19947587
97847928
-53383550
86706498
52404867
68069118
94791578
32462382
23467889
22470185
33827568
-48961221
15784736
-99538676
65411305
39571010
-31977066
17938973
59313864
84673115
44083182
-91891030
43969957
-70902847
95128444
-30314057
-24649005
31217619
-21016635
-51333927
-93986317
-1698480
57712673
-5113591
90048906
-15071173
53665690
-90202120
82921453
-15215396
-48230538
59138797
-66516002
-83624075
-23145146
-75279972
23308606
1260476
21968336
-2729906
79447912
256593
-49712854
-80654651
47610337
87287355
74298505
8768332
-35183931
266260
-1168337
99891508
62062605
35220069
84257957
71598360
98076332
-93976849
18690836
32594393
14974076
50244581
31767119
-53034493
-5812801
41598654
-58623931
49694087
-93590523
27235738
-5877879
-66352531
-74946685
-86737313
-39559526
72451825
33499135
86587389
95439209
-39054847
45508150
41495304
-76411207
-69712735
-35842368
95008863
-31579848
-95084951
-97292684
-7759011
-72110708
-42457070
52475686
-12461497
-1095616
-52692822
-84353449
87712911
26016320
-43999957
-55952762
-92872998
-85518166
51871031
61721624
-61781956
37454325
-58403899
37512575
-46233680
74782509
58848821
65481156
-38766593
4146449
5044040
-58075936
-65157694
-71820916
-80131102
14216223
-59910984
86592915
38316615
-8171767
3121309
22730562
96847820
74214106
-49540548
62383951
-90992946
-16623770
85898636
-30212205
-31871950
-15104317
29895378
-36802738
-46110311
35317992
56703846
32059682
47830939
28228933
-40574858
-73404700
20689452
-89423809
9518286
-18842965
632280
-82655704
-43379823
-27069620
86831029
74854743
89102379
-26185821
45306171
-82286189
-98775729
-97005623
33452842
79048985
-17523743
7963986
-79355157
53738944
-42755619
-76078519
-99653877
-31722835
77503100
2848707
42167854
-40430499
-86465761
55515747
1244662
73276676
-27852636
50918792
-44001760
42722351
34739024
731640
-24700934
-81566593
-43048592
-13744146
-19339828
-3018202
-46765359
41756066
88738517
93043438
-61522512
-65587730
77741970
45257699
-12147489
-13317245
18522696
-35071305
-4039874
50219782
-25118286
67647711
44258311
-87676075
71015352
50553319
-96398714
32720615
3609181
-45840399
-42083668
10911106
97388195
-88446636
-23872297
-21113694
-66481189
47744596
47323381
-71613810
-22081338
46562294
67544186
-39397392
63388398
14757117
68431725
-65025987
60981850
-75557360
-87208174
80723072
39553766
321508
85215988
-46311849
87425178
53595089
-90365658
7691760
-3346117
52180255
-29878086
-47349674
-95912495
-488170
58429292
24364709
-13694854
23172322
2508997
99118864
2631205
-31051979
-94427643
-14288771
-17729350
72769716
97604426
38402842
27481655
-49060011
41079338
44351290
-81259231
1207607
-66167767
-51204081
20269436
-73219573
-19046824
-76539278
90193470
-86229246
-32808848
83880469
-58658326
26430877
-10097265
43363005
-96156070
-28704446
-8857624
-39913223
-83353143
-50629232
32304199
99631991
37681752
10522056
-60256198
5649443
18238122
-69698106
-65205230
-44252734
96338343
-84120907
-5024489
26430930
-33720719
-81848241
-62768979
-24476163
-63505538
86256391
-96206170
15705992
-36332908
67557335
-46145967
57992760
-69994017
45584418
70735523
64134784
27022660
-63783841
68912306
81023450
-25292441
69175833
43993659
14326640
53097555
-81483726
-10950321
-59502808
-38162328
13429081
52578006
56906621
96341847
-41950785
-41158684
-82334393
53771448
61268437
81625547
50575913
2103722
56511964
78787686
12973281
-29504799
38921920
85449504
72229331
-79631351
4063977
21832869
33835454
98959185
-76499620
7148384
61265654
-99322130
93591533
48288616
26918967
65484024
-12081403
92479510
-66144173
8992550
-91733018
73031493
4760408
-63754782
-31503783
31591057
25586225
-49755816
53559484
-23481723
-52869273
29867329
-5189434
-15420893
52574852
-89844692
70006151
-20199516
51140022
-90687374
23454111
-30010232
-13824606
63769064
-97927439
85239038
-25766847
80644420
-51648767
45016234
-16571553
-64406598
-18708753
-90840554
7130708
-21534461
-73894947
-17527071
-74218675
71815285
-64877759
-45193235
37686844
38661027
-15826822
-95846830
54251083
-44756814
-22228995
-14133662
48310364
37385417
79463958
-80529379
-61186374
40785692
-61972947
71357356
-17634426
52920820
20745476
92761011
30545984
-39439930
46916186
-28509212
49487901
-87966519
-34344172
-16050571
-50850629
-20346787
20977296
-73430054
-39680344
19105292
-50887831
15810551
15026196
-15774324
-36476300
-75701878
-61482555
20530632
-76784084
89040800
-94095585
48763079
99176956
78659933
63178366
-74349186
69036169
10362287
-60651619
68937944
36227446
68101898
63845985
1125125
-82931324
-31448930
66378022
81126315
-71822395
15361069
-37950791
62723958
25481406
-7113813
55301611
-21664600
90470661
-41835717
-33320735
-84083816
22210836
-45287965
10490141
-97191513
204736
-87882807
47433087
14522469
55984213
-95652818
-17976724
-48991279
-92788027
-31110892
14959575
37270508
-31985027
40511554
-70505413
-63068002
93923043
36528720
-8860885
-81208736
95670340
-54995656
-82795317
57072778
23129708
67670172
86623947
-44813204
-28879116
68666155
17859166
79705709
-94938448
56660789
-69766586
91058195
91049343
76481411
8710466
16341889
79385107
-32005563
-76449001
73006767
-82788804
-54393042
-37574301
-79595132
45536825
40137371
59290391
62137220
41718383
70330567
48760648
61599814
-62904540
-19014156
49169152
75853795
-42518286
99043838
-11455241
7424785
-83667256
-52363853
-30275913
16799741
7667534
37588260
-65369985
14287793
-32683614
20570078
-93337577
18223195
33392556
-81722439
-68581323
-56966227
-51470183
-3735475
29706684
6721203
31387700
-541059
-83587975
21524610
-97523101
75175061
-49623802
81867408
-83692285
65004479
44660829
-97726252
-68047752
59730980
80478814
-29935465
74985760
-12367975
-41850414
-42755835
12287226
-81765357
-98498794
-98089179
45066324
-49769913
-76236072
-85528411
-91187117
-78371375
-29082339
67325955
63375835
-31475197
75224048
-17682955
80356357
-48349120
-16688739
31398588
-48640776
-53825707
-50052102
2608333
22875313
-47544554
-18636839
-6741626
79364367
-31133287
-94319663
69644466
43043584
-62398124
-30213393
49295913
-80345744
-13630173
-29311030
27237774
-37089062
49502975
-75965420
-29360867
-44354863
90002181
59765398
-78574156
-84095019
-51545171
67863240
3485628
42959021
77393192
78981699
38496466
7645712
41543275
-46244239
-47376246
45605552
-49694789
7075289
33894464
-19670978
69768652
34172552
-26392329
-4859415
-28144933
16480886
-97684958
-10410061
18106047
82407454
24518024
65242276
21759300
-3641193
79026540
-74477974
-39096506
-47244844
-75838566
73179418
59154332
15238523
66178972
-80203248
78347533
40158434
59026108
-11270525
58194946
-48061709
11030448
-34525827
41719557
78612212
-34753899
-71114923
-82078207
-56920741
-19454360
-91925191
-99606978
-12635207
89667448
28285409
-28592534
11809835
95802359
-31120441
78763641
-34406662
20757710
-32906637
51438022
-21080838
-73092058
-52092238
53120999
305091
-10283944
65398799
-98824499
-84256217
-74797158
85785722
65089951
61655249
76054742
19404163
-78152385
-89259997
19963897
-47707836
36288824
-18199166
-20337833
63015826
-92997974
-51233297
67009717
85834131
52668489
66470403
-18042125
-56537108
75988664
-64478340
11248411
-40399026
-96314208
-27570220
-37778424
-56176729
-9104217
61752865
22513937
71701315
-97979701
34834984
-34240286
1839112
-7357531
20805693
-6634189
40621764
13656320
89543313
-4177642
-3368238
29948504
-85918327
-98850330
-74325080
52887309
88279242
66634913
90742778
-78005438
70355675
54729924
82337036
-39378892
-88364559
61300135
-97822070
95197203
72827374
-42916011
40938915
15214965
-94819170
33125252
-95605109
-47220410
-38687107
-42541898
11967488
-81404912
92093115
86658324
58277717
93293087
-77988332
28251232
-30735073
37417856
-14955725
-54978749
43975474
57091893
74072103
-54130666
-54795577
-88175401
81406755
87593284
2052035
-78049917
40751511
-19376915
85032331
-73876877
41385111
-87191840
38685464
-3776605
28577649
-47293836
-31843165
-32672514
-82755273
-80830295
-69086617
-18287167
-41184183
-46768544
-19152669
31645884
-61159431
-19007638
10871979
-73474262
-15613326
-99025008
-4681465
-27709434
59725529
39826659
19620894
-66571733
-64370759
18812935
3125196
35192033
72925491
-93416031
10594827
57396051
-34006134
87285261
-65673689
-20684216
-57763848
-81146850
49126210
-12373816
-43477748
74092969
-37638706
-66589369
17136648
-46379513
-29417389
-26868885
-99585689
-27799647
88821550
-91746198
89671266
-46056044
3817369
89340461
49515517
9005266
48867263
-18028324
-17135436
-13366322
-44188348
93895354
50877821
37889125
-17172558
94879284
27149883
-52748804
12054910
77516876
10306175
-2306689
19923755
-40203132
23089129
-16402083
50293856
13756036
-32142528
-86415872
60281728
-91019612
27235415
17183363
89860969
24441858
-79288708
30758525
-71392925
13925164
-81155363
-53888678
56673600
42081360
-64691052
-15735575
-64106038
-37345849
-41678104
29765085
-43172507
-88163940
-46414165
-15131207
76086586
-91920515
97612990
7801812
27161411
31116421
65030607
-14277920
-52809075
-5375945
-72005271
26505180
-13709055
-24941559
79044982
32388359
-91314970
67858322
92327891
68343542
15707040
-34533447
45161448
31521263
98904988
42866115
35293934
33231140
-24749614
-84852850
-3360898
-51705337
-57782225
-46163992
70805804
33646922
-97556233
62256927
-31250826
49412149
-83155878
12976202
-20735154
35922864
77488014
-2323208
15456183
-65814306
63561351
59227208
-19049132
-18122351
-14453172
35233207
-33459464
-46714439
81865917
-91343839
-86522114
-31764401
66167323
-6213647
19637059
-69629939
-82422507
5449383
-90301386
-4810140
-63217818
-36125032
-18379593
55870815
-68246621
10031314
22978694
57212524
40931896
-22213163
-44410194
-24494988
87423087
-30280455
-76996515
-91741595
-60028990
81831367
-22099363
-4569013
3627041
86385773
-31788246
36927798
-41773012
70763026
-31342270
2609795
26873962
38866175
54516896
19274958
-57986529
28404044
-75179572
67289625
94821233
27633926
86921999
34431535
-41007168
24898384
41745641
39900751
6431076
-72020687
76645888
-57602382
56636637
-35256804
99427571
47964190
-87983030
-79145210
-89559949
74415620
-61812006
17421638
-57428486
-80855469
43369311
-44894890
55560889
-74959862
-10291442
57046857
17722765
-60546606
62941329
48986832
-58591251
37636123
76623602
53547960
-63521028
21602845
3262318
54251416
25869180
-23445999
36082736
-2007197
-18370349
-68146842
78183994
89594858
-50715819
-27052980
33018617
33202410
72140527
56562166
-42902258
-35525203
79791963
-36935856
-82059727
4099464
33877756
73598325
83697743
-92444569
88498570
19476395
67215451
97670753
72361596
-5041427
91193065
86460269
-70937300
-78717146
83803751
-19716066
-28064601
-8589773
41489637
-28495510
48903693
77509886
2335108
67023274
-74513184
6475364
89061920
47883414
95220953
6967679
-57100424
-14062342
16384301
-47238931
67496103
-73610474
-43400448
53969896
-40533701
-90428248
-62865259
61410216
95057187
-12888958
-55712439
96595185
-81706373
91621704
-62876335
-30029419
-96759135
14564794
-39500414
47715710
30319444
54010935
44758576
-35692296
67406100
-67603890
-34509031
-46622952
-87984563
-21942913
88688784
-47159625
56823183
7493280
94722390
62372879
9089426
64847225
-5681090
-28451509
88991900
10415072
-55861355
36164637
71548133
-33803065
-844332
-82323532
-25326901
39341335
52589323
61426166
14838837
-24025480
-12966211
90850081
-28760615
-92414406
-92178126
99554906
39789246
-44830782
11454890
92031037
-99070965
-34785711
59480554
59639466
28643964
-74887511
93330629
81217226
2402968
-90927498
28442575
3202555
58020970
17839654
-81299693
94349782
96465525
-63139721
76076745
-57253042
-58213917
-6402673
13297746
-65039735
9476255
42090336
-84708571
5029998
91212083
92414221
23646927
5084223
-98690980
-11023949
-65085643
39440052
21824738
-38488686
7315806
92868465
67277444
4222778
14658353
-23276900
-88461735
-87405952
-987894
-14080521
91433945
49621
-8086321
-71998719
6801055
44233626
-86408536
-83510820
-37768050
36188098
-92272834
-62125040
-8405319
-32063679
84660721
82740517
-77523961
-27623373
26475926
20084932
43741370
14151919
26909748
72580657
3864771
34814779
69093676
-19324095
-18956690
63524625
-7736050
79201076
-69102829
3563137
-57401735
28098081
-53891442
-51778046
36073367
24405057
-18992975
75571087
-66839224
89577357
-69392599
38231810
79115371
-53190983
-30556437
-88987232
58245935
-40192650
33521635
-37835403
-93932968
-9388885
-36418579
-29709431
66596672
10720822
-66014079
-48476409
3713246
-98913255
-6018813
59706024
21016905
-84778671
9390505
-21377241
-9374901
14338043
-22448123
22088761
95563212
-90197132
-8544173
-49914920
22635473
80131636
48876712
42218511
36291411
4060221
40724154
-22669462
12395272
-72680761
-3986206
-32266603
23460173
-58344439
-10902862
-48124257
14621196
-97138942
88965474
-84970183
50250844
-25761372
-26893107
-62957247
-40902708
-85491622
-41044583
-14784147
-74713736
36477513
59543965
30399730
31208700
33562397
81239698
-5296377
81427084
-50886307
-56272924
-48676900
-33201420
-24182748
-86017228
-58998075
-76088566
-57629073
77986551
25415416
-24983340
-32916984
5396201
-30809940
-2234908
73584259
99252381
-80147551
-56070578
-90052922
-87969935
-60201385
-66786745
-60198697
13007404
67453122
-94041566
57836628
68031493
-89726651
69822681
51179293
43149696
-17518720
-78337357
50846453
10137357
-53273567
84047084
-96471705
49657659
-55049239
-59457946
-32725102
17598947
-71290498
-52443885
68456148
-23603949
18615946
63735750
35457627
-7731309
-31945455
31400696
-24735715
-68946184
64699758
73349502
64918666
32811577
52129355
-96927063
-54068012
97035672
11167660
-83944951
-46336277
-10128695
8898294
-28870125
-61803766
74329165
35205773
13184449
74350855
3013284
73596248
99355783
45578158
98598941
-47447590
51016032
42073294
-14502685
7984260
43430829
-80351893
-29948851
-13719206
-77180735
-1932737
95326692
-91988287
58836390
43670244
32348240
73745906
-40575049
98907463
-69377560
63399553
-42506730
79984956
30800693
26177449
-58559026
-73599148
5870989
35584308
26028990
-7775699
-13823168
57402584
57594141
-39421470
-87923240
77813181
-28864616
-20833781
48231463
84236009
-69027608
19213109
59110113
33164342
52863402
98255333
5596425
-12345813
-79451858
36905826
-89880353
59515391
93922438
-13635059
-88213407
-82986288
55338127
-41532063
10318478
3895545
67992437
52772743
40270381
-16461237
-20642664
23569234
-5031217
83080374
-63603417
-90045877
67959377
-43712526
70707573
-68778611
-38116293
-22703117
-73958199
66277552
89368671
54624416
-30000218
-18173756
-38385596
452148
53208276
78446474
91535069
-66834872
-43861875
78351864
-20456079
2178634
-92340985
-69397075
-76784039
-94869884
80145089
-4672045
-98140905
-28990707
58819126
-28694845
93344943
33887485
32146287
50565373
13136030
-73703010
-80387284
67378027
-83090799
47254475
-97525902
-83748785
-38791503
-91600875
84344251
18678911
-37698145
-23898983
-62059767
46150779
79158073
79886282
25865544
74765365
-87895040
-28363528
17115421
-71217394
-91042305
-22489387
97964917
95513021
-33460296
91905542
48215425
10829913
83833479
-25260271
-71631417
-14287635
-81307422
26075162
7298124
75452612
42524399
-30560134
-61788676
54093926
-54925012
-62873236
-80655097
-22247392
-16717548
44741843
82919548
88990483
35262513
15353702
-68562181
-40873185
-21633808
-72713575
-314242
-69756116
65735106
16131077
5414743
-22290337
-60926309
31528585
-47263688
9706405
-76686859
12486391
43478393
-74095635
27881149
-87389560
-39515829
20902736
12377292
-1886914
-591282
13042894
54036284
-49153841
-84804561
16403059
-25928403
-51822660
-53949637
-21148900
-86266420
10203307
-53687106
-13478846
52617400
-61608024
97234864
-97458265
-76647603
149225
-79809728
-11129016
96252054
76978083
64891239
52738261
12412588
-61465125
-92637814
87223957
-43980059
59746023
21048138
25384989
904135
-52473676
-55917241
9256564
-78895246
23394151
-94544811
88233955
38032768
-48727043
50972757
225176
-61553153
-6469337
-57712707
27997843
-1963123
21781243
-35679537
-99579778
94205053
92736869
-26947771
24607736
-91101410
23699151
55832482
-94013788
-88619183
-25915395
-24890023
-76248339
-24436259
-40949135
28163504
1136533
82347665
-90101116
97167233
82596556
40998432
10632393
-92915362
-51083322
-93373622
-90741396
-45128700
72753887
-74227238
79124953
-24300910
12661430
49816707
3905968
-23155489
50766980
1463992
-52819021
19107691
-28273161
-66883687
59829
25162964
-38234907
12598396
98893659
-17812571
-59142564
-25377118
5568476
-23203644
31967175
60472501
-76743398
-26744707
-47952343
73730025
-48222331
-22840773
-93663879
-5462352
-69374093
-98337110
72887055
-92915876
25662132
18508512
6169261
-28842662
90890548
-22103557
-85385136
-93995080
70309819
-46127315
29037702
89352473
30274070
-41598530
31174302
-93512799
-11808206
15714683
53329484
-62577576
49869442
86677577
-95792175
26358480
-22180774
-27327973
21446934
-90507766
-22210512
-69488337
94337807
-44972725
73704029
-21269613
9441087
87908421
60593620
14472289
44702486
41866270
-23217115
6421717
-94283932
51351934
68529094
-99170017
61726537
-83424243
-61880121
55362813
69141298
954436
-70599410
-6899665
-86579061
11165537
14137901
-57899878
-54542739
19255710
65175432
18984854
-79962835
-96213684
81372352
93177141
62422441
39054355
-95052814
-2487448
95067476
75866338
-18975134
92327201
-31448245
-59045659
40660482
41044983
-84152831
-78147514
2258298
2194823
79354594
-58533253
93690986
-28721328
90100746
19100390
-9630152
-56512359
44827151
-18264706
4602865
-42410730
97561628
-31388141
54931459
92939863
52162273
-17876721
31806797
-57427282
8339946
35243572
-36162763
-77335652
62957415
-5331703
81780717
-46785804
-29560148
81488279
-37777452
-4720854
-77193769
-24751953
32940964
-19827693
-56163481
56840199
66191864
-43974983
46296040
24548295
-8253992
-9874115
-62744574
56607843
98240481
7273541
9933331
-22842441
11015719
84195203
-46552017
25153238
-21861066
37280993
-90671517
-68137314
11249696
-90283939
-69556164
6477206
-49510610
73512909
-2896342
-98212497
56001162
-26672927
-84571927
69538170
-23215021
25492778
91887231
-76973965
-20555549
66761739
87815575
-46689787
-49824608
-73515818
-46878754
-68652429
54534676
-72721255
38101945
25557370
-61294209
25600888
-75031136
-86696748
24310759
-91555123
-12781841
-96456046
22145215
7673415
-32066173
11005292
-11119806
-16210959
61591957
-60989101
45456440
-46042516
49381875
46636302
-16729729
-33196023
-14645686
48783560
-91300366
-53397955
-43791258
73127900
68272161
-84361216
-14026153
80381636
96937787
-81953011
-99197476
59804903
-15750839
84786926
-44240213
-77828331
-7507379
-83309699
40270371
76477151
71452906
71227182
38945769
41320498
62048492
-6325818
44147176
93154097
1363342
-56737634
-69178705
99466567
-52676884
9290353
21929180
-20868466
38307484
-79694440
-51037067
-37048137
40122451
-9590000
-51881932
-51000365
-11782651
-11124264
6894502
-72098150
76676138
44003440
84500504
-16872193
45639624
-7671537
-9823533
51288855
-88810971
4331333
21817155
9158086
99355471
6300245
-73575881
-50881701
26383054
-12055894
-19113475
27188761
-25716284
-66983231
-93496179
-26664954
86383176
69082896
-49161225
-5795704
76251756
38637344
-72871152
67428322
-49277443
16944032
-28103954
95958114
13149087
-76088713
90124543
43232985
-62187002
-35111934
39973863
50558343
-57969400
59809684
99172870
-62601457
13547898
-61191372
-90185481
62640970
-18395016
-217539
-70645635
80667615
24592143
-46153189
12186180
19338336
-31585877
51636602
-46255849
-62909282
-93036208
-30720853
27843682
11693705
40931472
-6372510
-9422237
57684789
-91911435
88449958
-57033570
82755956
-40134544
60411216
-86160587
50519532
-81272442
-36603306
15810677
-58235225
-36296225
57989572
-19904349
-69066923
-35786459
-9312182
-37160748
-33587176
-41294792
-78285006
82225983
-93293489
47178617
77028499
-76857410
19716198
-12887359
64808151
77131399
-70813167
-70657321
-16191972
97914300
-46488184
-11931177
-22784252
58796205
-65475422
-57409474
-24552680
-59814785
-17633390
42136105
-15431219
57892809
65479005
-17659129
-80550390
-79699537
51775912
-19853130
-39947830
25137271
34131775
11152804
22985146
27763980
21524844
82497255
-97618637
-55961624
-10643355
92329392
4004567
-60961782
-61068449
32163274
-51230834
67328510
89996221
28312425
-49039998
-13268303
-61506787
-29450685
48239875
-57390741
-30911657
85510976
-68058147
18733549
12032363
98233821
-71635915
72166910
-10723382
-47605610
1333284
87185651
81315031
42569507
73736
63367439
-55984825
28335761
-25450170
90636380
-45567489
-10749191
42332360
94248153
64895245
-35485858
73462090
74402720
-38121528
-76000704
99117844
-50946151
-49734228
12701802
24112036
74980236
-29192522
90406124
89470251
-71363384
-5494973
-70288595
50794437
38015335
-66668242
-13882986
-35377961
-18722886
-68669425
34666502
-66939785
15489056
28988103
-18174493
-88604028
99070704
-71249605
-29083651
-61549682
30324589
-42185475
22819583
-77479963
-92465064
78170903
-91139131
97988480
-67190576
79182600
-58661146
-41947182
49761790
59026532
-34792160
71231825
78275438
89763279
-72344196
48836571
-13591937
-32315183
-57377158
95664355
-5181833
-20443558
34220444
-10205427
55446981
55603166
-87790821
91829935
80430324
-34530009
9383635
20510510
1531777
-18171307
72795113
-66502185
71526743
96258185
11133591
89840761
34108229
93423961
30778520
-56188013
68409285
-55059631
65717916
-69616323
84889390
-44316499
-13567777
-95589468
56574646
37953048
83838773
-55759855
35805184
37325183
89426227
-27134872
74230746
-54573745
55751498
-7268773
73692896
46423986
-25875409
25537867
15357841
30686163
-65110674
-49654220
25886616
-67757112
-28252900
-67984862
-79011567
-7153869
-33096179
-28906762
-33500078
35803254
-47413721
2190085
-34267299
35397737
70948915
33659879
-96126463
41609385
80880805
13001263
-73592238
-18846771
5171913
-18033657
-54903839
-99034937
-39969696
61731069
-8971860
35938730
6952423
75288484
-95582098
74355805
-5813205
-29413323
-54507954
-81134533
-74201936
-51153095
3081400
53609910
-38557367
-84837179
11423209
90648354
-25305208
-72484470
-32416837
-53689177
-93351191
-66517550
46319330
-39262967
75024052
16821058
-29839276
51595582
-13978344
-65476425
-73732709
37646960
-18363134
-78087668
-63507452
-14355744
84142803
14521739
37305157
67191977
-29349042
-28084360
-24971506
82724125
-4698997
68238112
-954888
-23887468
61120789
-46974717
77294121
-41942602
-45910624
15566640
86873038
-43250274
99547946
-51774482
46034531
70738287
-56791490
-19711244
63650447
3844594
24010092
-45050676
71683803
-6366551
9328557
-97770976
40943165
-54738927
-27289272
29464408
-36348083
-58228882
-1445099
40015715
-79422344
40877908
-16792760
-80186428
-65246195
17864725
76796611
46117633
-75621024
-54298062
-87639130
-28739426
70118399
33767973
-13192551
83458044
86042896
-75505647
90041640
35403122
36954935
47242558
-10871636
80206271
-67376153
-11793503
23762041
-14660981
-12745005
36535706
43578654
35465097
-56018038
61836439
-9163214
-73771520
64006947
55952150
39664565
5027295
-91309613
-96365235
-30377774
69164025
-97274092
-9676130
91081064
37115064
-84053298
74572555
-42167355
72717038
14149699
28438351
43234534
-61461829
-80374728
49491981
99299194
-14173859
12639142
-38517032
-47576215
81465824
10123684
-67778646
-33779469
-27262827
15417225
65000570
-90086020
-68554097
43071769
-10227750
-45042254
63673534
66765409
66624097
30974357
16866805
-28053826
-85331804
56924122
-942469
34041460
61373427
81192127
-24944294
-28079866
81362564
-8570557
-83916796
15404351
46600586
30355401
-78224021
-1987557
-3915898
-48810336
-1101605
54003616
10091607
25285715
-89136559
41236735
-97931957
42490693
-82213097
-67953097
-91903087
-23335696
-66595258
-7943602
-63767111
-44528731
60459527
-1826785
-9221353
26275358
4154401
-52264202
-2163423
-88673921
-84180578
5679453
52690932
-22157675
-57154465
14178148
-55370553
-80530014
-16344172
-54255895
-54941760
3626312
65241681
-10712500
39802121
63020114
-84527506
-83735718
38892243
99358234
5157728
9103891
-88329195
40836436
-90071430
-1961853
-30394350
-76469644
2187971
49819472
-58480002
70232843
52458792
58208413
-1696179
-13346185
-18803835
-86078093
7828893
7802929
57417776
86088800
-65691398
-64358824
-27766287
-28365477
41588587
-8193369
-32667777
3953662
12026052
77371122
-92902172
-54344353
-71657762
-59100990
5776082
17640851
-5634953
-99788869
-88113093
5057354
39407369
42793041
53443022
6686840
85277812
89564893
4077358
-30712603
41502414
-20028147
-1499521
41311244
-60787648
82681477
32835260
-75664690
42919942
88406134
37587508
-75012162
11715425
-66431837
15711315
-22232056
99770130
38067014
-94920637
62172254
-71793846
24334600
94162482
12033781
-78020993
62797910
46757833
-40016866
-33261356
71342309
82442647
89526242
-68121197
94369357
-73845469
-13432264
-17802238
71626685
-28877617
78861834
9203186
49921985
23072960
45512483
76852734
-15119507
79891654
-32311368
-39585155
14475863
79872123
6496539
-42680786
-1564184
-1471124
-28355368
-76392158
86377575
44383103
65219825
73339770
-98951690
-60093538
-91398986
-15396215
-323770
-81048747
-41260552
99902389
-98042253
55957128
-54835069
45100222
51762665
-744700
-66078894
59645897
-91496712
59839966
30513836
-93864306
-56445418
31761738
-21110674
7399425
1274001
27448238
64903065
71137979
10591360
-9123193
-47187425
28480529
64420628
-26517720
-19944814
-40752658
-23424039
50284844
-31288260
77540535
-28614383
17464422
-81510335
31408940
6937796
-89899924
39227860
-85265425
-72910364
-21430700
-92606468
-31037578
50260188
68030377
-19875981
-76280745
84987436
56109612
-94506911
-28704557
5318209
42459508
12991561
91784006
-52499088
-35668274
88976627
-34478088
-1110297
-95588518
4412279
-42033707
49010135
-10895855
24375974
10441847
-97657408
92178987
56053037
78289705
-16883446
74644809
-55896263
-85623010
-16415709
-59017671
-28240409
83133636
90499492
79967811
-80277970
17810112
97259925
10643916
20495535
96208501
-19772139
539322
1769362
72508229
26665049
-65668138
-1481262
-24883787
-81886363
-83764235
16285485
1105737
-3255574
-58176483
61389881
43256230
7143704
-41912038
-89808888
88977413
-27540264
27388627
-48323649
-29803985
-28441129
9379843
-27568281
-56008288
-65670959
-63486100
83101321
-95691893
41182868
-54726793
-2533157
95324855
51894368
-94961659
62567669
-69544560
60661320
87299721
12301217
3685713
-65909829
-59632764
-46611219
-18803167
15616903
29749848
-85389929
-4559767
19605506
89349105
82756873
21640187
69680591
-88525083
87522094
73912408
-61280834
-89241906
-85169545
87543847
140944
-50499698
-48200302
-34959751
-31118873
77053876
-60170004
-38429466
-45869257
-81779276
42939138
-97284586
67067122
49174441
-17263337
-27756170
44997308
-74763919
-77511916
-58492263
-15105359
-45017266
-66656264
4901273
74043308
-56668168
-1987838
35596878
10922819
-29917868
20002036
-65685079
802142
48329334
-65594245
-74477570
68859126
-83157400
-75185564
-55010728
28136412
14596714
52136690
83482902
-62107646
7752476
62603159
80691359
-17482638
-2905581
8404144
31620590
-75602563
-6355547
-45412382
4488001
82061462
44497867
-63141107
-83600838
72619004
89489523
17712501
40610708
-84858979
-71819286
-14376100
30226435
-63125612
80425371
59646766
13053525
-7694860
56105595
-22152200
6617250
-34284468
-78284075
32243364
20232587
86254946
36040219
-35323688
62409898
-53242076
-15983615
-34911172
74318626
-2440546
27075930
39066050
521510
99583529
-88810863
-14427339
-39586311
88863146
82380750
-62132582
-74032974
54449890
-14256979
-51172838
-15221424
-56518651
-60407432
24503686
-43073321
18603623
-54206883
-22801730
-28165682
14978814
-28442653
-39794359
-87280806
56404905
97274126
43924698
24810767
-55848495
25589620
11396974
35869026
-60966777
-55164422
-80381284
20286991
741030
78365863
11454062
10138193
43758555
16600395
-43800644
3773334
-74336043
39794434
49987979
83521782
-71442751
-75325813
-24919635
78400633
39982473
14614832
-90360773
-25060052
97383811
96545660
-92211300
70016956
62073884
26880154
8897186
-72217303
-53743102
-30735250
3318968
44861128
-25975805
-43289042
66539087
-15203861
82723666
-62357041
76670822
-81520926
-78538810
-64176544
-37125031
43721186
66555311
29320765
-69894364
-74102936
-7126539
81602203
11625969
36019949
-90786980
85455294
92105174
-36727656
-47843270
17042255
-63246952
20929629
715640
90127871
-79243986
13788846
67965134
-27204820
28407868
-67073126
-26975882
-61480767
2095070
-90113644
91277419
49986928
70108975
65813412
-64080786
62473103
84830002
-53744635
19999676
-81938458
23430074
-43083146
-54581493
45209750
70549238
-40669135
80398278
73776883
-57997973
-91847110
-61710721
14534842
-29050744
-7214671
-84885945
-65679819
72141838
16002687
11397736
1361765
-42188293
6839235
-16578297
57147573
68734716
87280831
38489079
-62168134
-61321846
98429676
2663728
-82847121
-4227506
-57580740
5841796
86372924
56803184
72192608
6983293
-75148576
-87030707
92047653
12096383
-36551755
-51471569
51894972
27029151
-72102206
50621904
82186449
-7814762
-44314649
-28151583
-44362470
36516977
69687453
-67633913
-96851546
54418028
-24593521
-86826640
40171593
54610909
-99037891
34752479
-22529031
-92248305
69646374
28888215
82180437
31204753
-80199950
-54778538
-53023647
74784480
49724340
-16901045
-4533989
10939672
-4032227
81021692
60087629
-45459602
-50915937
-37838984
79115540
-76337693
-61360765
-23992683
93700808
-26275012
7867329
49845399
50872106
6049730
-50237686
71801725
-85629306
36610205
-58600582
-69445550
-23858517
-59555842
41033638
-56389112
-30731673
44813318
-80335311
-11331703
-92391937
-23756495
-23924250
-82948821
14025633
-70891508
54412788
-47830467
-93340214
-49010536
38491714
95875628
-86856479
-72135114
-19987230
91743000
49919893
-8384569
32385421
91829034
-87874906
74843838
82826997
-15160105
-38193805
-44566437
-97510929
28349478
51242539
43455183
-37226706
-41901351
45279186
55917707
95065606
-90756058
9644912
93040534
-24868792
61790916
-67624717
-58019102
89261157
48840789
-80602376
-55918652
-89508316
-42585573
-94713247
-66741671
-56940383
-13312048
-78700547
37912390
23448380
93333986
-35194647
-86515536
-19280388
57717252
-70003228
2700124
84121210
-9152188
2367738
-50565601
61347002
55008258
-36140827
-30549213
75955142
-13913931
-45617763
-93299279
99159215
-97163771
-21406748
47136765
-66382626
-97704872
9825348
-22850856
95049492
-47107005
99790349
-31600224
92954780
-76125014
-67099792
30139211
46019178
34241534
-7697659
-39211875
98470790
9461911
77695327
29931825
-79216958
20483417
95667205
-28472641
45599106
-19679738
-61499229
-4151329
73376952
51661080
24627832
-3018974
71740617
-20024350
88112135
-67177178
61571413
42160296
84949617
-9736050
-28306203
-95413567
-54873850
-40099149
-46230719
19203577
17699012
43839247
87605067
94779307
92556982
-77217297
82246047
44257753
16420837
-20539654
37605546
-35828362
8472969
67888971
84774311
-42879790
17834409
-77486780
-53012778
-83311833
25559388
97868207
66771687
-90137518
61009297
-58241303
-36533972
-91873430
-29237295
-95221887
42041723
-22823942
-64632068
-19605454
95808678
-55619165
83872398
51514456
14785210
29667690
66173366
-84902351
-10677445
-6873734
-23696719
-19858550
19472469
14668481
71051244
77255925
10466025
-67450616
-9455550
42539098
90027612
31823215
-8376252
-38858108
14800385
27631705
-15375353
8234423
-34530419
-55798540
-31788473
77966127
-32609912
88343972
33509683
-95917493
65035540
-89657911
80466193
-10057174
37145495
42986061
64050212
68746481
10874821
-65782303
-75920256
96911335
-83498858
-77924000
78551920
-12115600
-83323204
-65264041
-6605254
-66793363
6131063
-80029344
69064050
36003814
-96020022
71119782
-31298889
-52391458
-4741283
-96709257
64107667
22098079
-51726370
-99377944
74641297
-36798473
-52475986
40232033
64723805
-44226261
-5218746
-75007366
97625508
-59297582
-78493221
-37075164
-61955003
40235526
42723092
73354124
95808024
44033195
69388849
-81704886
13935771
-2470744
96626427
31957250
96262429
-54545109
-69443113
-57771795
-62207606
96768241
-15624032
27901456
42501719
-41746059
23464539
-3422891
-12888882
-35754140
767884
60090298
-34070525
-42072441
-97642102
22662143
-57146311
-20242504
18784944
-25267930
69250799
-30479479
9106903
3524756
7752088
-69083201
-37371528
-97185716
-97377007
-12417680
64745434
92439606
-63181539
-69950575
-74980854
-76062905
81484160
72324566
-68910875
90307275
46715828
-16217461
-12832618
44598244
72285704
-83638460
-6275680
-65175035
70000219
9909618
22798662
79669481
28933072
-46640431
40168156
35491022
-13233734
-61914028
90535528
-75807160
-15062782
-2654139
43885881
-40502772
-26195340
-28982612
63186924
41117185
12448531
-50517604
63514152
40003424
97686945
23986189
41699903
-85679525
-34061183
23609629
-42368574
71289784
15129591
47146173
8043484
-41336466
7791238
37198003
19643362
-65403768
-44230985
23104617
-35527118
-5804204
58587156
-83674533
-26789305
-91979656
13956285
85984585
72618253
38060050
-3619834
-12934469
83297108
22677265
31724711
-59945142
-17600425
-64586616
61685291
32105341
22111349
22951895
-39896892
-89749629
11382455
16428358
26420830
-49782385
95009031
-61788541
17111144
-1852287
-71181288
44192759
-74526545
-46273698
-67831344
8721425
-79836556
-52738535
78866479
55473681
-38258311
25465186
41896882
-61929860
-95202490
46727428
-558727
-68291954
-58489285
34386108
94411662
-37902463
-30542039
51538578
-35073904
60086592
-20670685
75386206
39494482
-58144809
-84016972
-96075756
-9526180
41678710
-73356096
-1083705
16578634
25944138
63675381
73079701
-85039709
67744851
-12174335
24344406
66030943
-36077848
16090452
-35472924
-59973753
-57889997
-40368920
22575954
-76116389
69591876
-72891757
98161807
31713569
-84818059
34026117
56109453
247539
-98459988
-35671610
-64413373
67299200
93381548
-68502442
35329281
-90144215
-65614202
-53108283
70424212
72276988
90615520
-27275402
-95369287
-1674251
-87191989
-83413305
-64192055
29121315
12146003
52877639
38013934
-66708829
-50362194
-55601760
-61036906
4409971
-9207526
-42781171
72037526
50987288
63155591
86328434
98212369
-32105835
-47595041
68586704
-33531198
-90318754
-53710350
22668725
-79412262
-81885653
-88074968
-2134619
48760891
-48304997
-81218186
-23431827
18385964
-32233813
84630326
-70878852
74256038
76368840
-14350473
-33979625
42491973
-4903062
16796661
89785443
23482872
73484259
95023852
35953517
-706932
22963485
1622729
42105445
67747439
46579765
62392428
96485929
94537104
-3034078
46941808
45834193
-54362451
42685987
-28620932
-9636677
28488709
17647917
57852787
-19946913
52758438
-55588150
-54199432
91641911
-40796350
46353646
5239959
-89724816
-6313931
28362141
-58251333
-31867538
-84097260
27550715
90270894
12575237
-32774566
38298765
82479956
-10583875
78782167
-95660504
-70867289
47926618
-24139582
75924628
-62875686
96546849
-49619083
-81133265
-40978725
-64829469
-9032378
86142403
-71284093
-47864001
36629364
-37296421
35265419
34287044
-78848531
75477732
27771652
-46851746
-76446691
-42026376
-15772623
57048436
16212939
12704950
-97689651
42735880
-42626319
69151150
82149757
89810610
36918033
-83801368
29852310
98269981
7244308
86550624
22146463
64750795
-41402191
-27309253
17658527
-73796176
43694898
24980792
37677850
33064223
35036596
70167927
-57721672
81076223
-93211903
29376068
-13791602
80909156
-57246734
-48842943
-9841025
76858825
-92407709
26287869
-17324981
-82979558
-26319642
75123645
-78371305
-50880807
39981058
59095515
-84493845
-50690376
-37925393
-38720667
-94533837
-57637038
8217752
55440514
37240413
86064524
24174229
-38038863
55653131
-68518392
73591853
54061266
57981684
-39470321
-2160298
71272028
22464451
74004579
68173966
-32238998
-41462368
82245908
50376577
86832691
-62874820
84622546
72554613
-84030993
-82562
26588863
76579890
56061562
-38791349
-83977448
96554891
-9989312
-12914203
46911813
31881044
55383877
81724081
-86793536
-62785925
-31410667
-27603444
8712285
-26357266
54907435
77805878
48914531
60583218
-50361546
-82035890
-2243761
-41056146
-36650608
16739251
-61327639
-7972058
69710646
-36394398
99068635
37744038
-99576686
77271233
65953177
-12402532
92308488
65304853
44774407
67345891
46050583
-5954649
19495229
-15349600
-9201142
-20349259
16460704
-25287963
-58300066
50903859
-86154011
-90038324
-76571299
-19391484
35718565
14272312
-36666332
-92529376
-82511606
97085892
22738099
29552568
-43093130
27813216
-6318301
43400032
-63858173
-98833997
-51374581
-32567927
98166056
56712879
37327095
51130048
20598093
62489038
-41163900
-14810877
69845997
-69598688
50037695
-18364180
83682557
-94657157
70952527
53506929
96208285
-74719883
-28929542
93480749
-69365808
42354567
-67769211
40083087
64116468
15596175
-32991157
89989690
81005943
-1312613
49319707
28630137
12730660
34002172
-71350740
74306549
-74330336
-4384666
-6232758
-53486392
23506144
88028794
-64485450
20442682
-53085438
43934642
-42898784
30430168
71152589
-80952309
-76048741
-61254412
52145249
72966298
-19877239
-48772611
61122878
12450283
-40699216