63777745
68164042
-33961839
45488171
-20026151
-70816738
20388249
64273585
59073996
-39664166
-85362205
25423284
-14580040
93672340
-31736797
-14679649
74694349
43909248
61805415
36977770
45931008
33279191
41288731
-90465598
-91735588
-74886561
-85992778
45545284
-80212512
-8610323
56399098
-75024710
-25327979
-40196741
22720155
-7068489
64595890
-34849235
41044660
-42154202
-49576232
-21909513
42028470
69533435
-88300391
6792026
42300600
-15254904
-89300708
35202547
-66532645
-27581597
-29634442
-52201626
68065684
-17948376
18555291
49848026
-9599479
60737035
-5928405
-57716207
54987920
1710919
26589126
72129041
-5714770
54518284
34184350
68008586
44006726
-53645376
56615459
27858664
-61066286
48581289
-23344130
-49590957
-90314892
57702321
48441927
96680335
-51031160
-48801669
8398314
12262621
-44841860
83520798
33665399
-95514132
-77261681
-39354929
20232428
95009554
28710406
-29394196
-94515486
-28920593
-14816066
22488408
30624487
61673832
-89577488
41553164
-56154043
70480004
24684225
-20692593
-28898221
-46246249
23937489
23648544
65294690
16224539
67888377
43277974
9660500
-37041237
40031038
-901582
-48863649
58809193
29224426
-15580996
53206598
-62288095
96434805
-15657205
-69326081
81676391
63258276
29349195
87982124
86570007
-81905809
-25595650
20081673
-41871476
99842754
20882521
-17755426
34598233
12523354
-14339485
38105713
-26848519
-69315131
-64836888
-92422437
59011459
-75408227
-45584697
-67450934
51727
-91111092
-26510521
-49780812
66631787
66059807
-93110696
-88105855
82093404
-48034868
-33435745
3458941
-96822713
70855620
-79468456
-3645781
11338862
-48019438
27638614
90538606
77154304
-75214542
89030550
-7458100
11123247
-90651906
-85031065
24490440
50976863
34773638
-83098723
-50832982
-15141400
87208140
98291181
53643182
-85550249
-2054034
-1087116
-91613494
-99430513
29027578
-62518403
30519620
-95222737
-8979881
67216751
23628864
-58582765
64746097
64046687
-13858905
-42862848
-30086224
-65873411
17567785
-10934054
-1353160
64370241
-54601900
-75343835
8739720
61905392
-10417791
-34248735
-78790729
15312627
-35989979
-34880542
-35008017
86531018
-97233173
-72483675
77070173
-63250331
-33323431
84466651
-44360315
-30963470
-6602901
65691048
16230278
51571171
45688827
73182813
14915815
61696458
-88571143
-68589320
-74229572
-90541815
-6778110
15459828
17716480
72913058
-30037859
21798213
14254565
27612995
51336579
-17620393
40403776
35476659
-35079395
99657843
-7928067
-88443974
74183634
-16208369
52834069
14169177
57851092
-93006631
42437132
-39469512
-74153498
-22154964
-23522945
-81264371
90969234
-38096667
-34859797
85480420
28904939
75660726
-3857645
-8012647
-43562506
45461040
-57898709
-38879799
-79352333
60818919
95564595
-55399568
18247906
64097448
-93745671
-7184066
63071877
-96241473
34734161
-7737983
-57095778
-10863207
-27397393
-15271416
47814588
37859760
1478342
6132581
59713715
-81750668
87774703
-20889579
-78927924
-38051497
-50824309
-45789181
-36372888
64184071
-98278423
-54789659
-29668786
-61314144
-81167995
38168819
62162396
-4653446
11935410
-56884900
30549494
-43945269
-5433167
-10768246
-9160099
-45987063
-82121820
66808794
71781575
76694350
-3292979
62490101
51088760
79023717
11956227
-33561389
12619836
-8395306
-68522321
34759163
-32096777
43208952
-80394550
-8156463
47087039
7530858
-44353204
-49139143
76962557
-86022273
-52227100
7391779
-41553167
-32532143
-88184146
39014734
7316997
13557869
-52917373
83587047
-44030978
73445360
-43422775
41836609
89099063
-6547091
45079988
8469504
55917682
61597301
58913736
-26443738
27962991
43978310
88444187
31329955
33600266
50014745
-69201636
23532204
-79361765
15998199
-97788941
41139227
32916743
42342650
19814751
-5036916
-92823618
63043891
84972010
-29438551
-43141782
89402798
6758165
14026518
19411896
-83229323
3374562
23370556
365036
-82689889
-74623677
4804600
-88930345
81937205
10584046
91342936
38702850
70469118
-35056016
9309653
26696631
-78856906
66521958
61093866
-68410039
-34486330
9478288
-12928852
-28906998
19701852
-57521313
19192705
76486949
-99586711
76212861
12361407
9732663
90878599
36593260
69108688
-35951304
-81784337
-67201248
87047683
38290580
34452296
39617769
-68693519
-62091977
14456927
14157702
40047309
20402021
27207016
-49308504
34611766
-66981712
-57544350
-8057703
73471478
67638256
-84307812
-11143443
-55773357
-39667180
-87633155
-92582498
81139204
76187857
9984007
-67636629
93855888
72182693
84144336
59311097
-13399117
-97845913
62334011
99464917
-98462431
63429379
-43827065
84612266
-52888834
92753735
47902889
93220158
-67163424
-20696105
-30933329
-36384143
22190677
-68426471
-37601965
79709333
41298808
-704224
-62635619
-11854277
-76481131
28024878
-95709447
31969235
-98338975
-95442973
27535594
-1074613
-78650767
64502704
46568817
-21639933
42490687
-4562743
-12711650
-93871620
75138759
38087900
-51996197
-48601688
-6438394
-51069653
-22606893
-65336274
-89296826
-73472187
-53025930
23399631
-55457915
-90727538
-37691761
-92385470
82041557
-30589971
-54918488
70312873
-21573817
26735009
-69463881
-27133245
-30714568
-85432675
35841071
26293042
-39794303
-71101676
13701820
-17219894
86882053
70254005
-70821657
1690618
65465291
85898730
-82064618
-5942555
20294290
36992021
27040520
-46818678
66435731
24294671
-28401383
-88463966
-71669538
-34086686
61011532
-41703501
11385369
-72518014
74111276
79112969
-64994869
-21879672
-28952101
26698397
-67676065
95922843
-47109017
29065527
-63299906
70447340
-5219396
39254882
-69789120
93664317
-52953568
47922988
68498239
-60637555
-39481438
97370566
46123568
-41728993
-10168714
-69544899
95248267
-21709721
-5688136
73329444
-38513124
-5745368
-38051845
65038265
-76645378
87160257
-82324408
-4042287
-33666430
-36125550
55857917
-38922706
-78524305
21182196
-12387946
20138973
-722361
-5293390
99285641
-75164103
-97550594
-97083417
-65794651
-58483233
-67813103
-35533144
-19606928
-44676068
-34439443
-11887031
-78423257
10767489
-58612017
-28620847
81194129
-32643904
11065628
66184754
-33830594
84358528
-98868536
13116391
-7004766
11783547
-61398567
-84870080
76348261
54745976
-24759308
9057412
-9232409
-57829630
65130290
36202617
22473148
46677309
-54944497
-27583328
82974557
-61440259
94493007
-45391378
-74290418
-54560517
94403869
82511762
96963534
27199752
-41897035
87443800
-22603878
-11981982
-55968649
-65728669
76982800
-57164919
-98160088
89049569
-40202805
83226572
-34226538
-54882939
29778468
722023
57987462
94299538
-48963770
-28231521
-65519962
60804786
1979622
-33188017
74812239
-59079760
65787908
-21583429
-87440947
-9992274
-68047659
-5493581
-2335501
-18563983
-52005890
33491827
-93801506
62882133
-27153907
83623303
-3377017
-40521959
92734935
12848065
85072548
59351231
16721031
-25028592
51510986
98751237
42523694
-54342250
44848919
-2994205
-57516391
93230880
78963255
77823990
461977
19026421
65890991
60827594
23213108
53393885
-66549292
-66813627
30544964
83010279
-7524515
-72398653
66899844
-30093075
-61900387
-14972008
-53057889
-58116525
50311651
-42236726
3344429
-91748446
51741244
-23490742
99261783
-18040758
-6523874
73941582
50657364
-92309325
82066050
89602392
68779088
-22981857
-46397335
95351998
92107604
81322511
-99156915
-98973151
55392153
-52390544
76532731
29915420
-54399725
-7318547
-15191279
-48125858
29001790
52527717
14891090
97767121
41181444
-23188762
-73467589
18664435
75170825
13122968
-19473441
-22477759
34480225
42122634
90139856
-60512450
-51462946
71413814
66027970
10473637
-42710346
97498
7844837
15889064
7917604
78523971
35470292
-14562414
60949018
-12666752
-16886225
-25577886
84103646
-46448269
-8957848
13903690
-83550442
99893129
26967704
21289408
-54712983
-62923890
81392771
-33205948
-14311769
9262452
-22615364
29044351
-28251564
78587315
-14343229
80308667
84259240
94265980
-15318829
-40513098
-81216873
66638906
-22504962
48718664
12600691
98748166
19844384
-77534878
-33904944
-83142177
9506436
59887397
-33674382
63829097
-73606707
-75203370
-48606747
-41046982
-21676093
54720470
62656590
-76487555
-54036257
-3353626
652469
87279952
-61602464
-95563837
7981940
-43236138
9395395
51592347
2193404
42969257
-83044557
-50553684
28777036
49782378
-23742893
66929863
-82296832
-99282666
61491391
68165203
16039728
76804067
-41680793
-12481667
-28907420
-63219792
87015466
-34352095
57634093
-32971286
-71777716
93085910
32222890
56391367
84931752
42632764
-31879810
-74287295
-51682368
-93978606
-46307830
-65632080
-85702880
76177002
-80105888
36014831
-75098698
13584505
99606664
-80573398
11024844
6694695
72106946
58038218
92922421
-704069
-85106746
-84509530
-74740251
23872055
-41770724
-77854746
73163640
12631857
48308358
71900350
86604077
-41327671
8616342
-28818841
-77812086
56924264
5250627
-60718845
-59975536
-59353083
84391939
57003258
-62939728
8947812
63744882
-94393096
-41186768
-73676232
-27834511
-58020656
-50925963
3731689
-50076773
24998515
-14636637
34831858
9830184
854057
50150333
8241104
81848023
43452513
-89867684
-11379447
-35810990
-44363321
-73509949
38779954
69428675
-7825482
9408026
51668662
-46522240
-2344087
16518359
71632748
-50561627
39649542
-78720274
-29066117
-12292517
-9087969
68592032
-78792674
27406857
22730095
3338647
44136721
45289517
56816471
27794740
19098791
7411320
-98889852
97675450
-26875890
-12413310
-67353212
-35884001
-92950935
-44791406
39888567
-54687059
71814020
40861559
22973692
57299557
70625902
-51718811
63283926
40421667
-87410137
92367181
73785529
85425290
73441787
22308505
-69855873
50857660
96372851
-61439227
-81283559
88837955
-75662793
-90832164
30198790
33859852
56123627
-3124600
21192541
55926943
-50236297
-68983179
92777377
42202486
-32685505
-57624638
-39472676
-16209062
76489322
-46394526
-92863535
30083799
-79726172
-77703160
-16212927
-72039906
-65075088
90159248
-60732817
-78870394
73400603
-42334913
79534777
21119670
-23959123
99800376
46307873
-23555185
97963439
-86329528
-68518044
-87654270
23804921
-66771870
-40592501
47584941
-58875875
-55755763
-23847775
-35219904
-17848833
64960198
-47584124
-97084685
5353372
62783872
-50952844
-3480230
42309408
-74951837
-41448440
-11632938
-41736509
-6071625
12227619
-7213592
88546712
15432389
-84746401
-43030506
-63983578
-93035780
-54062772
-79554119
46862163
78695991
-42573226
-91130701
379184
96041818
-31009222
5899358
-6000997
97051614
20587895
-94955827
-28843828
33571162
-30354399
-80590620
-18733124
-27699065
-32413491
-29953203
-82424776
91496735
39448188
-22816096
52321164
-60125577
12130057
72178769
-24893288
55200028
30552437
89274498
75761402
22633332
57926674
-24181454
94061335
-21316718
72985603
-37845592
61250229
10070723
-68102050
-80350141
-10472847
74431275
55014735
-69342023
-70076510
41577410
-70185201
-16685231
88327323
83988450
-74397146
58539226
46959296
61174922
9159997
2302415
-46178402
-38510957
58097291
13661139
33515430
16571324
-63768482
-21205214
-26879881
-48431357
-79471674
-85557534
-73835954
59825760
-80995498
216216
-87486317
69347394
28986136
64066377
27524088
29105929
93768092
17319295
56558171
55633639
52106029
-36867290
53591922
70961429
-18355627
68232601
78315942
31694387
-22184896
13581967
39763364
3415378
-35966522
-70616577
21388178
-30087376
-24637801
-56087725
-89784253
-6456204
51947385
-81334110
8108813
-53696871
32138619
-49047857
75390701
40060687
-99454357
-26186317
34930773
-69069435
-33285732
59133143
23029951
14741649
53212045
-80251686
6169205
-29108115
75657938
88176175
-38907430
91037883
-70222573
97675641
35292932
85120808
88874250
-74120871
-95929452
18388927
-85217315
45589876
-27523529
-87251482
86957149
42409486
-54416600
27238671
-29714103
90323605
-55758766
-61910042
-97482988
51191342
-9971172
-98127356
56971828
57214389
62728684
23999364
68375236
95820759
-393440
14833533
27696068
81581141
-31669177
61724020
-43414967
-35744841
-97340076
18401690
-62254858
-12913533
3099096
90994788
-96854964
-97195913
60980110
-18492492
54098158
-81140128
46339947
36499348
66985610
-16924120
-67388585
80607341
20334721
20924898
69344667
-5432015
-25589995
87237970
66600154
75025114
41686065
-16687591
85737949
75976404
4418662
-16559251
25310211
82615356
9446526
82452158
-58010395
70690191
-32970563
20895106
45884944
66458384
-19184075
45226385
-83244992
-77764081
43544347
-16488624
46308875
308287
-91397298
11293082
-11668484
61500976
24769574
6577170
25224591
-62285109
49382628
44348258
-18650636
41328452
15991744
-70159353
73195624
-41390709
-37089010
66189689
38608137
-37650001
23002434
11924892
-82438501
-63058828
45406231
-7354055
84146114
42732489
-54078711
-63990550
47781071
-5019489
33727148
42824328
71900525
-30401390
40397618
92142447
-48816501
47600961
-42626502
-93787056
-27713649
-71474981
85218411
-49668849
62182679
30330784
-95396846
-19974490
3351551
95421626
33227913
81352077
8351440
-16262871
65050539
77650456
64585432
-71038622
-40337278
2784785
-32082321
-11154393
32232450
-54565087
-29125936
60347746
19623924
58810186
-91994992
8516116
50693604
37455494
-84221543
-67556698
99111030
-13851553
73314789
-88243145
-21614990
16576783
75644378
3222487
49537592
-74091994
91179330
21252923
-39341244
12705515
-83195996
-77709452
16756180
27797614
-70266646
1974913
36376363
-37181723
-5741238
-47938121
20082866
-38179818
-4985937
2983917
51373353
18302004
-89688506
-49628222
-79352806
-23846377
52311295
-78947507
-62317280
-39154238
47657363
-15874818
-39519008
49009883
33767551
82764740
11885408
21038472
82777659
-87635654
98502727
-3110141
-8975399
-24160258
-44468072
50618253
79651189
8190012
-48652285
-23213940
46498814
-86336197
7929743
73280242
-32969654
-39998237
41289858
-48728869
-59265857
48494423
-28018374
22915616
94393811
-64268053
-73621914
48566036
-50544695
19170109
-6845752
58766989
22248382
-9628032
77072970
-15452413
48832541
-60496516
32827070
-5737531
33400591
-98700934
60507376
91879210
63980308
-79388234
74980796
-9876294
23256492
76530420
52486431
-83152797
99333666
97017149
-45340208
6202965
40615519
-68134382
92027831
-66503987
73675245
-9225111
4725597
53689201
63162535
81837614
69821348
73079054
-39742958
40136293
48623809
65015722
-96239175
36948404
88074599
-53837954
-22450072
-1240083
4064560
-75937186
93040854
22791326
-7002141
-50848904
-16527504
83722185
97694631
47313817
2319505
-50939971
-99658271
-14957931
21586051
38925640
91574578
-30877276
66693855
-23373169
66807695
11237991
64488414
-53865344
73357871
35523849
67198514
-51016425
-49667221
-6184592
-45952025
55519152
21087877
-91651317
78578556
28379028
82962716
-52083039
-79349269
-18270037
-48184827
-97164717
-87996625
-1584108
-12506632
-45010558
93820211
63089824
-65797989
19159091
-33721247
-4836542
-18643158
24126506
32134435
4109671
-86353384
-39937377
22543113
55802575
44682795
-67929719
78193472
57225549
66124588
-28364562
86814257
-45411079
-11019704
-15622561
-48449500
61177809
-42112061
-68487267
-77919403
-4764279
31111757
22605897
-19641655
-81156723
-43926555
-66925890
50394447
-7782352
-19950102
-24633578
98092115
33104061
-35883908
47109007
10208417
71334669
-9467044
12334551
41657176
42004720
98637159
48415818
-86077715
99556196
91704285
-56960942
69193319
-1749631
-28218517
23355660
-85737864
52634052
1896155
69635628
77965433
12453721
-31564136
39793944
11510707
99792243
-96361582
94667694
84317013
-4716230
-22762408
48494922
19828290
81549214
90279657
58644102
-52913713
9677120
38271768
-47118155
-82442907
-12234982
-34957833
1696868
8038802
-4744193
37475301
71320734
-70732629
-87289938
-88222541
99903417
70729838
-93914106
47498108
45559377
-1567134
48599446
54315274
-83423401
-29478349
-97506690
-25570740
1228071
-60134735
-34763583
-23312641
-60692294
-89933144
-15244665
16918126
-39004144
14356006
-11722916
57883741
-35059874
3911174
33098761
-57048867
-5650368
-75267875
-48195267
80366004
48973550
-38211694
52799335
-14344331
48392052
-80857622
-41629638
-4456106
58790886
7908091
-61434971
-22389953
-49760901
12764883
84383845
46322781
86262454
-71387804
36048422
31940468
-14562883
7780351
-14117477
-11141059
-200524
31196779
63168462
61951843
74497200
-49332057
-96740403
65054922
-967359
60346770
-30924776
-33088703
96403610
-16319355
-51232393
99388846
-46607607
-54148969
39969780
-13450319
-73113016
74723037
38957526
-10714393
-43863909
-19818694
36457485
73331482
-54609598
-85193022
-31954919
-58362846
39347799
50609573
88248897
-13802473
57083531
-58949027
-29629946
83482026
33950143
48710323
-69576632
85402452
-11442739
51200792
86541517
94696184
-41883677
20179008
51162559
7800433
12113399
48252415
57253367
17946577
89369220
-72984820
62305050
43754459
-51871811
-75624056
40578506
-14864942
6796505
25662109
-52111278
53225142
24057152
-56948960
80255198
88514826
-68486379
15224822
52724740
34989997
54859596
-61323447
-12345696
39150130
-70300612
-99552174
-5730745
48565449
63426260
23792416
-54723870
-99260239
-3903855
-88892006
-42872598
-74742487
29480910
69311656
76851854
17106095
37934695
72847226
-90637206
82693899
-61596227
-7024014
79903372
-66167194
-9558084
-25461552
-92444291
62715705
48322100
-38541870
1002459
-15388629
-15112351
-86964116
68854866
23477705
-9460610
-70747541
-21550564
41031726
66917270
-15128804
-12670831
87310775
-95658581
14055186
-49554385
88862926
35387502
98054129
-99412870
81001933
32036284
-89358083
51052241
-96793705
-32932026
43771975
-47526908
78199776
-73359876
-79040020
-96480847
-27284704
21548398
37844503
58699833
30620039
-64383081
-70761075
58901831
-20066391
-80289133
-49448481
92986780
-98928421
-43935811
-90708470
-3708105
44785
99912956
-65758074
7103530
36822668
-23040786
87879716
7678003
-84424434
67579001
-92547657
27806899
86663677
3046206
64478229
-78046645
98740365
-12055174
83425029
81360159
85684296
-31106406
58530943
67644602
-46189181
87993698
70612708
35823238
54957982
3510514
-76601962
67270168
81447641
29863985
28355482
-49868118
91769487
28543132
51555520
-9709078
-52103352
17014452
59658862
28705993
2522042
-35462571
10524999
9207139
71007267
-52262137
94526984
-62000699
-31923856
55466209
75313986
88315519
-95641412
96333635
83032528
-89798621
80817716
40989638
13235641
38462349
55022384
-64017879
14184517
-59986989
6804116
48295639
32445391
-73895172
23818996
-62464863
-34834756
-7022658
79406439
-55457531
-73793919
71026755
34758376
-50224133
-9660925
94486530
-36473733
50351570
-18358546
26885035
-34238259
52021693
-14371410
-52745220
69142268
50705474
68057297
9900734
28999035
35997040
-31133331
-15703138
38712812
-82686533
-65575319
-60620860
56078364
80296423
-45753459
-7248438
-77989689
-74566406
-48563749
60840202
-74772903
28471884
12007161
32202061
15540074
-54993730
29915818
-8286986
-50334265
-89693146
-53265134
11810732
-53040420
-20107916
-77167631
38637873
24291867
-29223929
-89586603
-5909389
97348676
-82716035
-66433553
88036750
99977077
51234559
-78170406
-3979194
-64013952
25628298
38255056
99032315
76953058
-39417847
74266752
-76507674
5537731
56717616
67975786
-14653742
-1161667
36724257
-18123671
-11716228
41199087
14269461
-51151659
-32678230
22760107
74434818
-86872052
-62562751
-44482227
99022355
-94616776
-49600257
64078676
79684136
-81894505
-89809356
75243838
-65170869
-67204053
78564824
-51168597
-36984438
93806450
58251094
42117924
-5090107
99570951
7200424
-56158015
-77874668
48280167
-58713297
9673013
-27951975
70532621
85757574
42662725
-34780076
-79772849
-92928070
24770207
-42905827
-95649748
63497736
-83636047
-89745448
87666585
-76214918
-78126978
-87556933
-95759944
28183770
-2989615
-29858283
52757909
-65620179
-25482162
57927280
38193405
-41626240
13132389
-56611006
97889880
88429069
72897535
4672533
17571180
84175845
89544995
-48011036
96008563
-9113830
-73319437
-29128026
91330532
61555693
3215978
-79563946
51141088
-1470315
-24359390
-56824530
17558622
-442641
-71880387
-61844759
12526319
11496892
10533800
79011118
-58340116
-79622109
15225215
19711752
93220707
54391995
10489868
-19567580
17301475
-86537761
-89833103
91532712
-98697287
-28078422
78201787
17416768
-38613592
-52728657
-83737285
-82595598
14269168
38813983
61654240
-64255075
71771669
-18245115
-29418800
43141994
-94941138
75527462
40893503
-71811171
52443648
-32205458
45808412
-12703346
-16201564
32467007
-35653449
-54964492
82626657
26291516
-70250799
8252847
-18662854
-31931272
19812044
80273230
14658342
-28489758
35432651
-45554660
30203526
-14905002
-20934645
24036486
36204313
-92887937
-1363
49935406
-52420888
-59117094
39869839
55441161
30664504
-37506026
-83645013
58124993
-57457289
48784072
-83144565
31863350
73051310
16688968
38630488
-69011546
-85630202
-67759205
8858940
13999313
43147997
22633983
-14901805
-55360174
-40083545
-44656534
76660240
-70167395
-26367677
49030747
-20711472
71509593
-13541085
74166805
-45756959
15940866
-79760071
-36740373
-5404134
-16116967
26705588
-88950503
45286742
89833177
-35261327
15602607
35493955
-3459668
-19381463
4918587
42639256
84016379
-94534051
-85468369
-60327156
-7775518
-43319257
-6537606
59323614
61585503
63890976
45457910
-89071920
49743149
46020076
54749063
34379270
59273835
58813551
-51027870
-9784246
-7625061
-98269704
-34695747
-53630249
67244914
-16158687
-33853528
-27983539
77748530
62562872
-38610825
32868588
-44228885
-86256957
60427864
-50806907
-44038947
-12991880
2901606
48003674
95846023
15407903
-89558978
96680759
-2641983
-78479429
59498336
75807857
69214580
-71170215
70217396
-81551747
-59032785
-36823713
-6304877
84720197
-11462817
82945696
98042858
-85373222
-30814385
-87175369
-5218112
-30096711
77054645
-64601188
-78137750
-30462886
-50919056
40805858
53757475
-73633157
-67472543
25352214
93256216
40609506
-38468162
60766611
-56222405
97189238
13214059
12756740
-76756571
-3912631
31961332
-9896233
24993504
-15758695
83707722
-17126537
-18322055
-15875818
-72101121
25823186
-48229786
94050586
-4978093
-924141
161290
-21459127
48129928
-79397814
7253679
32701144
-68467171
8343391
94778101
56216199
32011467
-47238122
82983793
-54962596
-99119204
-32763883
-61434274
80007297
30415673
99185287
41769839
-53950364
34790721
7028770
99080459
-84210569
-24554350
4277019
30732041
21800606
-2516208
-97486241
-88043343
-44064447
-9276173
-4835385
64946482
79773880
69517889
-86043780
29826562
-37602383
-41778753
36385292
53491454
46557515
-68050389
-49647028
-12873898
41389443
89646639
51171926
41881140
-37625997
-5241308
-33204244
16786950
9621472
-6860438
-16720517
-27612543
-69330086
21451491
-284419
45780906
-6284786
-27146543
-97454142
-29622967
-41913262
60174713
-53695021
56365518
77225393
-61309312
-69145798
17745487
91795940
-85995551
82989629
4541284
-92101642
-93404192
17521371
69335083
-6552879
-82284937
87656760
-26847195
-78877218
-82675845
-55472966
501271
34762309
-53096849
48071941
-59359370
-14673652
97166388
88834422
-96265552
-18427451
-10302255
-57994735
76914383
-1439647
-51927667
72312518
-30799899
71186576
-71413097
9725840
97700744
-4462208
-88765076
91478960
-51391722
-77983218
-8619368
-82681531
28017410
55662929
60732041
-33921928
-99249943
-76107448
92794436
9845401
-39883845
-23409379
-46394615
15242431
-70108176
97392944
-84042146
-11945369
43419024
-12580798
-78781934
-70073628
-50518123
36436414
-41525821
89270317
22210816
-14109789
-77407175
89788315
86858904
-65534974
-98885196
-72063053
63355035
-17034017
75286462
51930268
77444002
-31523751
-24098937
5392265
-47975182
9813264
66216163
-97542583
65515169
-71714611
1904694
59653957
-57386035
-46619497
-15972003
-28506097
46921954
32167490
2661894
82751589
-13983721
33572919
94849856
12298918
91700678
-97314879
54452728
-92267941
56528708
-6043545
-37992077
-92878248
94042855
64544081
-10486595
51249944
72857928
-94108044
-69096521
22127331
-64773843
23244664
23205508
-25263843
61353741
-80454417
-86697912
96817419
26914146
-57815598
-96444541
-43889995
-1507124
59147577
74426544
75693430
25383311
-55269569
-1596394
25095250
-41812195
87999858
-6166713
30889966
53474345
96577123
-33726455
46847906
-53735710
86981852
73260699
46482685
58651023
-39150618
31050514
-54131955
17328749
-19113204
70857641
27692805
-37910946
-85353808
23602117
32366648
67676778
1751012
83144989
-74309962
-25013475
-84850538
-78192129
19133197
71336082
-80252352
64200384
-83130254
-14916164
98620694
-80144167
56389875
-75165
-2242198
51368359
13559595
32001305
-5299531
-19011298
31761886
1807115
61152467
1820733
-10856275
20608619
88028370
6276026
59428250
-13303814
-12993779
72176537
98007954
-85277019
89447893
-57729778
-34223559
-87296793
-38653579
-26552976
-17806019
97415378
42200514
-92009916
-58128820
79135285
-75749674
25949854
-98536837
-66543449
82775444
-40999947
-76793705
83153904
-97639328
39275772
-15432981
4540746
-12308455
19821508
-67519061
53593357
7885601
94843753
-47258368
63735102
-74438178
-82667027
60318845
-88479590
-74528569
1054269
-82134086
6811589
-52063239
-70489486
78702752
37171529
-84491395
-20250176
-60871088
11062202
-43121920
67393470
88501236
85992910
-45825624
42473178
49604472
60127406
30119132
58494746
5495138
-97937393
-51517064
-83218924
-4153397
96918384
-54657435
-78949148
93244041
-73194669
-84652652
-65003311
-90075063
-24213662
-26180894
-7247524
-27858629
-62992725
86466093
-26684150
-30597258
87720471
10538478
26171450
-67906916
86461843
64834621
97357115
-20411277
15478224
-45620808
68912687
52869299
2622154
31346890
91011631
-93791043
61866682
11852764
-98797614
88253772
61145438
-95354902
45195375
62836729
57331551
-92173649
77244959
47444947
-54404681
-37028526
-64037622
-69122778
-90608813
31936228
16505910
-65837741
-58082454
98319016
-3088813
-7037185
54230084
-12966134
-95835366
-21498381
33971528
-64110264
-53421178
64119243
53819123
-41926797
2985751
-74674890
-4378699
-29722854
24953934
44862954
-67993408
-32695834
49673160
46832757
-31973762
85897765
47679860
74709206
-10354848
-77053376
-83573979
74433780
-85270158
-95116565
-3898289
-7044930
55014549
-97136863
73494887
48248858
-28402515
36223687
-67781608
-74694563
-47350501
75530668
-83871150
23744194
44022330
64286613
-39669049
-50089125
57746701
93711473
57733151
-66318242
-5913885
18512844
-86653997
75634022
-46446039
-15946325
15621643
-62420867
72209344
30399129
58233708
-20029344
48331529
-86902064
-62049768
-47986464
45512848
-51428156
-55675529
-95412576
-66826510
71201838
3161838
2984821
92203657
86356451
-57862108
45634974
-29241685
59471665
-82622076
-64596810
13877926
70149479
-62843358
-19119757
-15674297
-62084111
-47250735
-84949267
52490875
-81915463
-96338897
82398605
43680804
58121949
40460524
-89193380
-42222653
75463510
-26225911
-84876147
-66928494
40858600
-89485040
-47095535
-590206
70514060
23733078
-3709356
-3068964
11138058
-5665176
65660466
21269587
75046336
-51196004
49723848
78203431
87971397
-10344802
34419171
84052035
17065835
-48800508
-9581400
-44791922
-59469062
36867542
-94530040
-67536072
-53987196
-94048332
37891339
61851944
-99960940
6155583
51719524
32048935
46863957
-8592082
79893102
-94104326
-41768143
13759817
19111659
19118328
-47739679
28892379
-8038254
24499437
88606022
-4606806
-38961558
21572745
-78535919
95266594
-79867845
47435028
-1069342
7079943
-55123918
82403037
-57468151
-81891922
3258778
-19383143
-58237926
-40601155
13430093
-16146742
15219353
-24700636
1548300
-63185887
-36747169
-55071831
-52776423
-61919642
-88408335
-35682402
10546646
91650554
-51046498
70270803
13309878
93807519
98055560
90665969
-14889259
-55868396
21507470
12890905
-65757715
30926962
-28088552
85143433
-30068728
-66351130
-87051545
75391517
-61034351
55449137
-35078367
48302284
24187222
-73934420
-31492177
-12988493
-83030562
-63426022
-54563544
43266720
-3702583
29291675
84436372
96206281
75943332
31783914
50734548
-432185
-88493459
43546633
-18000572
99942578
20286151
-13455154
57295161
79677180
-73598754
-67793836
80228232
77818338
12117711
47822960
-78691789
-46697898
-48713673
-49090880
62639937
-37780930
35972844
82433796
69089787
-78387618
44552974
-66469441
50446313
-52739711
-57303529
-42428174
82494558
2792985
27986573
77783665
-14776394
11158675
-78379172
-83500335
-31638922
-51986325
7488656
-17653794
-9570250
-74558879
-44660165
-46974437
45919668
42640491
-22189462
-89951432
-63188266
86204170
-67869146
-34818808
-83262219
-61657800
-90372157
55407883
-22967727
9826513
-47361195
-77233849
11682612
-79925570
80038510
58170394
-34637873
-58979869
89667782
50926578
91613140
42009640
-24983629
-3724802
51275028
57006327
-78967332
-95082933
-27751865
60249489
56989959
-63903719
42787539
-44856394
5721300
-27338726
67819717
-65744825
-41608667
-75258573
-65083898
93479970
8808140
-90933049
-50186382
-48119204
70630366
-71628606
-34169062
70369192
-32710712
-18959294
24348107
-94177611
-27770291
80102149
-24378788
40443937
-16138863
33287249
66945169
-3291498
-3107228
70022650
79571457
9970292
-35997218
-3014437
35428507
78532964
65309501
-6339124
-21980414
-58975782
55731784
84304790
-27291012
-58218341
-79846249
28687047
43536115
-65071124
-59877522
-40935889
-75990809
71236476
73998290
-26075892
30469329
97123291
-34400946
24124074
-64993873
41449315
34154692
-93597077
90742963
-71207544
-91330736
77727462
90940329
-86779780
-48688601
-10720225
14937681
-4539655
84796550
-71204108
-66034371
91709838
-79439110
-63778804
36013199
23295786
-73786405
-73031186
61682376
-81263381
-59746999
-73017778
78744855
89233725
-96326441
3264626
-82284975
2099918
-68678761
-21204544
90240706
-98987036
-67005341
-82310683
28302149
37259263
97231345
-55748396
-53788251
-38914228
-54767156
-20194273
47231220
51272535
-70050173
78327111
92566871
89874042
21353674
-8948522
68223854
-84912074
-97306231
-7563832
89967847
-99111780
-17055423
-53241853
-42218580
-91834299
-3709061
-17501380
89405519
-8100575
45292106
39493189
17606652
-73630965
-80866009
12190270
-88354258
36971224
70830379
-28848994
-37021341
63557496
-56615322
-93737116
81740785
-61778785
41714886
-91827467
80425093
-6930792
82878332
-74301533
4147842
47615817
51014831
-50203660
-12985107
17879963
-98687835
55491591
-25911662
55723304
-98450183
-70109379
-25155883
13317340
-56208480
-18957547
16281335
11580525
-3581410
-80091151
-67365834
-24487305
18267840
-13999648
74339520
43982871
-21907526
-47267013
75628440
82871358
-20794564
80386086
71271032
-57135513
-22915727
-81023981
3781003
-99749944
-70528992
4179887
48860491
22016508
4552892
-68893066
-60364602
-94135731
-54020708
61106257
19121827
27041347
-44922032
22403294
-79981150
35006960
10317513
-93657779
-75611765
30553892
-65473405
88828377
1627946
51118324
11488364
-87290023
-73265434
-6837767
94866372
79731861
-66494291
77185256
-24132307
-66092409
-27240512
-32279593
77475485
-6533408
-78288445
64275538
-1488274
50893961
25670776
98706304
-59060203
33501278
-38458229
-10662474
-11086433
64225080
88105341
-87798106
77059546
-41728640
-26627863
2049086
-28933729
45966371
-70357413
34374152
21125931
11491835
57909306
-99562792
32174662
42536476
-80901745
-90753422
-68746299
-82713611
62621255
-48417783
50839436
6053179
65195399
-10971305
78257151
50199454
-19697672
-61038940
-4170210
-23578157
-99355475
51817686
-39941034
-18546706
-73282703
63609706
34412366
-43643534
-66450299
43746232
-19884755
-64070381
80039178
98714754
-28610588
-21855424
-48051633
-12459306
60174256
47540485
11744146
71186840
-13921319
75447957
2346195
-62040921
-58810528
-84718794
2333870
-11420954
-64736732
-11409894
-3383631
80241318
-91868460
27109756
57712884
-18970723
10592019
75699602
39203813
-85766671
61714123
91098112
-54860026
45229579
57281428
71456536
-94410736
-7283209
-59826893
-96299658
-27122975
-68721226
17706608
63147391
69878751
-8623989
14246215
11782953
70571468
-42866252
-9691100
-9892292
-21379247
-65780251
-96538563
43821374
-37076526
-4124019
4310342
-18691966
63970975
-1107534
-99524821
-29989168
35004956
31528453
58328639
-83262533
-44638339
-95712542
86450106
89530095
18844235
1852645
75008848
-14906084
32362250
-16247734
-43986001
-47155538
-97160827
99641589
34551249
-62051816
92837065
6270015
67356950
50330295
62570478
-57494092
24810462
96579361
67645562
-91596328
73565298
46080102
45008338
49692235
62505523
-84920347
61379616
-6461853
94287758
30082550
88958203
58047354
-39341172
-61419650
25848831
-1267380
-38782955
-98744537
-74486651
77694662
88492407
51780655
-45577081
-62650652
-2735346
11424385
-38079767
21262488
95204699
-65018263
-97949487
54962741
67462048
40745502
88140501
-30227635
-6893900
67738757
-74363607
-93595662
30717103
82327060
61937411
-77190267
-61747826
-25952172
-86031938
-13882431
60738396
72923836
-24921932
80909664
-71316459
58212749
-92501215
58646639
-68199109
-51074804
-62863743
-73456755
61410819
32622999
55087454
-34458708
64197955
21464414
-95116153
4769023
-48587086
-5601084
-89033641
24738666
97973214
-82543124
32945744
58649316
42919994
-7311665
79374456
14991701
-95791101
73905658
-86827702
-62257770
-42457931
12856770
-65903615
-15570670
9403046
-25597853
-81287789
-64844624
-76166416
80094524
17521414
49939161
-32638995
90033314
53919680
-42931031
-96381782
13276746
4404735
-88108137
48504028
-4673560
6569079
-82099506
78655508
52414242
28322402
-75675778
79194556
-73856695
-66894849
-81130553
33177978
26858254
-59058532
-64897575
31295845
-6220875
31938981
74460585
-80476773
-59761241
-2815976
-4617366
55758438
-15213825
-3909554
-44730992
22113263
-52730009
-74248843
66932798
-95300597
-12574776
-4289861
-4265794
-81127278
-33548203
53745705
59996570
75668040
-80975588
97416194
-68004062
22536812
60912523
-44439499
-76696412
-76709726
-92727075
-47763323
-83473015
46111152
67525464
-50803934
-18365375
92610762
73437100
97935355
79148650
-98989174
97266891
-26191911
56706548
6798470
-2079464
83015355
-98133931
28348317
-65666338
-58267067
81846186
-90903230
-42670790
-67893073
50611648
-75528770
52160046
33986498
92590042
-78445634
-69984488
87406388
69141624
-67193110
-27510970
-61967805
32458425
-51168837
-85568167
-82250275
57819448
-80619395
92985367
-18034452
5815319
77819364
-66979484
-86964322
-98507013
40370493
19009635
-94702581
31231709
-42459873
-87080289
50751212
89329076
-95982292
49447939
19725585
-39990566
-29398927
59528873
-47400753
29256440
-58550304
-32248386
3074139
38280841
-49794785
-10522043
52199279
-72815830
-33720331
44930342
75021396
-2302699
-22226481
-11219945
-17016941
79678511
-90186285
82660830
69499781
-46263081
10317819
-96551871
25145606
-39020904
-51936184
15277382
-87693635
-11844474
-88234662
39808530
-67102521
66747156
10190809
-76409229
-48571741
-38610980
-8261906
-61290736
55937748
54828698
-77242377
-74945985
93897990
9690699
-76860047
-82079408
21002300
-77516410
-35237669
-4705121
-88163200
73095626
42806372
-82858122
-34362114
-85485550
-28242501
85269175
-56765067
21158177
53454557
78162081
46349853
10061432
-99348139
-15867997
-32561873
5781361
-47070795
-56760003
-99980103
19930611
-99145576
-6926181
2560086
-46340816
-56553630
-45622241
67607323
-96049732
72403689
-89935285
-92617578
-19928451
-33514180
68023231
19030749
59220472
-1545437
-48329202
-92158969
-76595031
-97622146
-18132690
19585161
-69519163
38766029
-33288831
-4756696
-35671037
49317030
23888101
35840892
-67146948
63366890
50388268
16345099
19243951
44042572
-3901429
56596109
-12407328
-60997057
55153812
-59712396
64481426
-73077063
-89762939
33528495
-60432272
-86237590
14684569
-60223862
-34655704
30657524
98450085
56915029
33256502
42888805
-74888126
-78214278
84438421
92640969
-33325360
42806953
-29339807
-74289998
39962302
57204455
-58916346
-38883543
89189777
-93773041
-23129824
23245413
84532265
-58431278
-74246102
-51148021
-40978383
-67576836
6601362
98337291
38385048
-2460741
71578516
-58335717
44246358
38543865
29563743
-45042641
74513847
-60850386
-99681057
245397
-95049822
57167636
-83718293
16694579
-98453859
-99937107
-41302895
21035942
-82518704
-23156926
43657975
-29717576
1948935
74942657
8202217
-47995647
-94113074
15212865
45547514
-77955158
30242174
92246533
38599102
70902499
-94796643
-75644016
-10386929
1777279
-78682466
-76040365
58040219
14624763
14564434
44661436
-46515142
-9437191
-44081698
-3913596
15640608
-8905869
92191429
75379751
51310367
-87117755
85776668
-69051859
4981363
7022018
9908219
42657577
2298884
-83687292
-11000651
-94222016
-75070338
-69972465
64340376
22600264
3868428
85686811
-50533982
74423448
37858628
-39064757
68766500
36340845
42241913
27073492
65979389
75185885
-57569926
57092132
-74088405
88220148
82576721
51168437
53282058
16975630
-51898257
-59303167
49024217
83203740
94970162
67443519
-63211531
-3748739
-64676700
81466428
47311580
-61565954
-96199900
-64571667
39648038
81002895
40624670
68258954
-69134594
-58838772
2846701
30016977
74707845
64454124
67937587
38359124
56455533
34307657
-35041438
3685402
9974624
-65677505
24851844
37545227
83689486
-45020531
37128145
74989269
-15468631
-68880697
31603177
-33024812
-74949854
77631344
-9921175
57451011
21744421
5036427
52574614
-96683249
50024019
99968915
46252349
-83591469
-15809376
50686836
41432178
84287633
-1329459
41149448
96800101
34065778
-94852269
-96258225
4621924
-74116175
53083418
4274230
86110776
10847745
-91405516
-22027451
-31674930
-86648873
82834396
34225868
-41141472
-95203725
-65621347
-35922002
-62118676
6181831
-13025814
53511973
56139356
-92191174
74269801
-76188827
35569469
57212406
-73584838
-68118462
-64023843
85626718
69244142
4056643
-73349442
92993449
-71613490
-96100167
92907910
53437641
87222512
-28983815
-37857341
69502052
-26730884
-45531871
17452724
56959420
-99144728
69136535
79000682
11524808
65491576
61656644
47183757
63997563
-12319590
-48862711
62659249
33410018
41564114
42162835
49936712
68542163
-60933805
64252383
81347140
-99260606
87559916
-34312625
84117572
-73493460
14142238
-4739696
-45351620
-41947802
93506034
60529515
61928932
15339821
14686002
78992188
88633164
-87717986
-59030707
-59075173
-69124128
-34078496
98730278
51054137
72095212
-65049397
6448513
-5156822
18534365
12318694
77549657
-66554450
-43442219
24066514
-66844736
-88959789
83994175
-93985328
-77353020
52869327
-52326504
17908865
-71043673
18823520
-52939156
-5117233
-38490410
86955671
59755201
-51232596
-12335065
-41922674
78905335
33968673
68290984
-73083563
19927584
26531705
-53186246
-27052367
-74718616
-94140064
53666412
-80703344
74046269
63914641
-75520705
84165630
39897218
79959893
416271
34780120
5936201
29949466
15623628
-39686082
34345799
-18930355
88220688
76342378
-25229758
-46787959
-18497495
-75495480
97087651
91474048
90895671
11082955
-13763650
57044724
32764706
48796473
69914812
-11909519
27563190
1932797
40440807
14638560
-24377814
-60268243
-9118305
-32508391
73661451
8034370
43270741
-90971956
76595234
35231279
49176805
-77320037
-31399033
-74557783
87015884
-70310947
5025229
32596788
22522178
-88728704
45754411
-66480257
19017260
-40501910
36764339
-88024805
-15538745
93760488
-99501843
73639804
11965302
38024189
-20391635
-87396462
92849636
-22321480
33339693
-91985326
52282035
26871914
-94178607
86129622
61181608
-16512919
-14569353
-41038371
57355453
-55485355
73693923
-33951479
25483685
-78053842
65435379
8988570
4143552
-67029471
-65337646
24981256
-18830797
11438172
29225647
87309010
38672420
84196724
23326353
-69842233
52119135
-70240585
-26208546
-49762797
1165101
30510721
77595566
84528651
49266323
-17062036
28058119
-99815551
-29121604
-83455429
43994050
-12805822
-91691834
72940287
-73505162
8157023
22634987
18854000
12659891
65490622
97767913
20710882
-33931507
50333533
41960778
-93053022
-1513191
67534608
27275520
-94037372
3267814
93924483
80020764
62879796
-36446597
66109828
-62908028
29366315
-14814840
60453603
-26258155
26693906
-52787416
7197728
13598323
-14357618
26128562
33198498
-11045659
-2003868
-99284295
-19377996
-22938015
-9968995
-66489935
86062610
-44501143
-23340330
-5094337
12001072
32680500
-38876095
82020085
-90753375
87848056
8965611
-22392040
98890261
-13027959
-17437104
49189907
-82494801
7033919
-53284488
-58515304
-61220568
-57136169
-42072545
40640201
86800441
34485577
12069216
-53973080
78084924
-78187749
46359838
-88316061
-86707618
50002418
-58721442
-73359418
52798721
-85743618
53141693
4518808
-95487908
80573741
82400525
57386641
66343744
12759226
30832432
-21084471
71394278
35606948
95513787
-14146295
-21116334
-70475139
-26688181
92618934
-84465016
-72975383
-57730322
-91960925
44303554
-49558142
81701324
-10990800
-8727519
21404667
-14759859
58444123
88803025
55565772
22944612
-2869278
-97504365
-60056486
47405274
-10458085
-57663698
81112841
-50041679
16504042
-76235662
-91751099
7998941
44354517
-17012339
-84547853
65099131
48844569
-57002000
62882498
55620547
83671370
-16432404
-89689554
35702504
2724493
32333773
33928434
-39864943
-82043119
36345999
-94042983
-60241376
52412300
97101888
-80305430
-9573575
68119293
-67131728
93498993
-53977263
56807461
13564230
-38514728
-90270157
66935401
-70348336
-17211234
-16523002
23501637
33043235
75439335
55451567
5859023
30543539
34056105
-60553804
69959137
37516671
-45527346
-20297352
-46478657
-6159562
59895714
-75486529
-64030238
-31836980
-57332103
16335295
7268572
-11798362
-91055793
-14980842
-12817591
-59490710
46559142
22344210
-33625098
95606956
4701554
65933774
29128258
-87555637
-85770965
-96278347
-37446330
-99244841
51340544
83511066
53990282
16442313
-74544848
72801229
-95210853
-47835244
97426782
-78791724
-21358935
41582011
-32687266
6211748
80764819
-21260113
-28328944
99080953
58783057
-70724873
97717570
-24462604
-60844567
22998842
-5883504
-14761010
-78806889
-94989765
1343918
-54825311
-59272881
-43206797
-79931306
-69732107
-14869723
85338287
26644665
45002106
60836512
-91100975
76365688
-89832762
-38226572
95771354
29579566
80852257
-48436308
44704752
41632368
-90545959
-68812140
-41285651
-56881292
59955263
94042692
-44474098
-74690260
43070902
-27123089
-79267282
1797485
34707309
-24430540
-44624737
71334306
-11640904
-22090015
-14529070
25650891
51573406
-21497438
-94513375
42403594
64238131
-51320430
15522216
-42983688
-14030719
-70605681
67710517
67031155
-32752067
-64694643
-63143528
64943359
80282813
-66870825
-25196372
97850623
61015935
-92688672
-61424500
40137217
2274000
6383817
83312113
-61949160
58287436
26160802
-14506427
8313507
72711570
-30848209
68505618
-52772055
83125286
71426698
11036103
-12546467
17189005
20433293
-20150111
30297575
-5550482
-64921190
3195121
-96427966
-43239300
60890370
18745777
-25186306
-26327725
87325671
-14018373
17560889
79588296
73508050
39186429
-89424032
-73650472
-7550986
-69667687
14841558
38094193
-72751143
60487544
-27433245
-40474786
-86570236
-82564150
28562353
47330911
2137788
-30315897
-70045563
59256468
-25301201
62583434
-82540097
-83800428
77494334
-52640993
55104917
26268945
93406173
-47479945
91446354
-39837093
47390565
-79696316
-18084072
56099145
-13602336
-44137818
-20549480
-35727925
-17004278
70088170
42254581
-49095771
-87673590
89600432
98451309
-7329312
84011790
25713728
-6742606
27736969
-96026369
-50248610
-84052165
43983384
85303769
-8206051
-15807326
-2177956
-56143232
-82928948
-8364390
2531505
65408603
-45730196
-54419057
27542617
-81420075
6902662
69144688
90474866
-18301886
-11855360
73320361
-3973804
-25167630
-56263383
-38110637
-79237267
-51623193
18412022
53685240
-95443338
73656000
-53160727
-99779887
18064643
61102838
17887779
-39365227
39611270
11340768
-62638153
-13943273
78321244
73102749
-19328401
56259054
69862752
-13198705
9760936
25036432
75867419
10398984
-1604186
13763581
73267709
-18368908
-42358896
12521122
96259478
41304690
61347182
4112506
23875908
-72005920
-11280009
33106874
28630198
3104666
-98046636
-64046291
-29116262
-10915362
-95390177
-48134268
87743102
-15296951
-16978433
30062099
11260048
20248174
49912173
31847003
-79877945
-38662155
52363518
1585183
90895013
15773906
82200973
-33581419
61443165
45609170
-35637308
-24884752
-26389013
25003110
-36106863
-45262075
66190486
31262857
-21210743
68235640
15836750
-71292342
-99052849
-9011897
-71330796
57878197
17203767
-14072348
-28595346
40796562
-51396732
-80074284
68665847
52194125
42731242
52297851
86952649
65468322
90845770
-36610342
-54067486
-66877382
-12537607
53693788
-81685091
-62302726
-76889431
53097321
-45455076
62323333
54135463
-64464308
61924202
74928356
-42147068
76657416
95952986
77211602
-41595027
76511973
-88634628
69571330
-8196585
-52208979
33160627
56395565
75370530
-59434026
-58939833
-48144803
-14321193
80904309
-21851744
-21385424
68598001
75484177
-3027831
74747619
48683380
-25050472
29668302
-37750310
70938860
38898190
26821811
1627132
-22020301
60089432
38790223
48447656
56672558
-40427352
61926137
-80581259
84600501
-29773886
-7747178
47769730
71250048
-96141064
86768186
-64876689
71235566
49722805
55496045
23535914
-60374347
75374378
91106382
-21532405
91211889
45374973
25285231
27786503
-76667667
33395788
-49621306
32170941
29676217
-27590779
89541305
-76137212
31121610
78135972
97555099
-74963971
46108247
98297440
10309016
59904032
-75037287
64285630
-66168926
-87307424
66341654
-32938944
40785049
-81482337
58679171
-62928688
18288519
-76498695
-65588132
-22509446
89241335
-70125726
-12855065
39986515
-78723723
-36229562
21971065
-81262409
-82056673
-54710394
32074663
38022760
88282011
57159945
-26630676
-76371468
90464668
-37055022
-60725688
35787244
6014535
51954718
-18826532
77657626
-82893532
-13392362
-57413929
-77642871
-22391390
-9525094
-62184082
-63481035
79861019
21479571
92339229
-57487545
35183895
75807585
-32028884
231572
50096050
-48616391
56372414
-81071761
-34419524
-5392253
-47102747
-20850076
-30017467
-47952669
72997363
72274708
45660338
99197900
-23069717
-28387345
59295508
-4869754
96514104
-25815286
-37119870
-43142451
89622458
73204522
33775766
-25034613
90657078
-28630663
33440195
50665753
39014225
-41075394
33305089
-6050250
63710815
21535551
-22003543
47499775
-89659019
26690690
-62067438
35641148
87849514
38388609
41739656
-24500993
-7626314
-44273216
-4656762
74792314
60565092
-65913310
-13288013
71686579
2584030
-53119091
-7600254
37826307
32729995
15198937
-60579118
-19083304
57488476
12185389
-13686798
-22275647
-43937188
29448894
45776421
22622069
83571508
-332234
54247420
39697620
26491448
51699001
49237312
64343723
38987422
10353015
10503242
-14238518
-27488225
50982785
-21998336
-79783598
-4009511
-16815320
62537654
-80301034
-66190025
98681563
-59475871
29523569
-44459041
12616963
-47874283
55894193
95572391
72088448
78790797
-4856766
-57904204
70816616
18266147
-15983835
30688268
-30923634
-52924788
-41461885
-92283490
-25386277
-14898035
67509962
63688199
-97917942
-90072128
63777302
-3845442
20629763
2989937
88279872
19608985
9159420
-70082380
71432842
29341690
54063572
-6229072
-77751545
-47898372
-77343033
-69474944
97525432
-22553150
98636512
89522162
52809927
7904478
26329953
-47589102
-94813079
4142397
81081101
41037474
-67789193
-86265697
88488712
-72411167
-36876570
-71747432
-18482072
10591202
90363311
11157117
11027940
72785076
67372996
56704642
36571207
-5013233
34539342
12972597
28910895
-68855308
61616547
33247720
874166
-30876597
62210790
-84240080
97080164
21134069
74392391
-38585714
66905435
-25282888
-9438256
76806781
13535580
-79711165
18504442
-95954155
-13789536
49052017
-90789992
-98992226
54749126
-81973388
-69799196
-19461110
43322390
-19345012
48935317
41737380
66639586
19944315
19014267
-52805457
997102
-13231400
-2932624
-39050659
-15499864
-99708783
75897969
28462284
-37616162
41881309
-37635475
-93448329
-39368059
-3851670
-30721003
-26496658
-69411491
70129539
49094397
82452045
-46029336
-43946542
-56100025
-72801044
-66698853
-76245528
26880288
-22730917
-47773895
-55691339
-37009181
-22067544
-96340414
-33755555
87240166
38258597
7050451
76053502
-35325663
85110883
-13917174
46637927
-84524506
-83383426
25485279
-76244616
-23401390
35209681
-7732887
60028931
-61547448
23852897
79139340
-10239728
66311086
56175197
53696072
-13084764
75644384
-38654208
-24113997
64570116
-99127731
-6229232
95450030
-62763707
-94479032
-75151439
-186030
-89174292
10281715
-27967828
-99395184
47811166
-76461050
-275881
42715260
-71472161
64596834
22406418
34623291
-84675684
-46284426
-13446468
67257675
73190646
-2768155
-90139926
27251285
63119755
93268939
10573932
-43298813
-8797687
-29363315
-51101661
-59425811
80581953
-40508960
-26644078
1433551
17068775
59833562
-35589643
34436542
19094196
12578229
-76823842
4352907
-92873110
-74183256
-44054290
66590334
-28862429
29820169
-60974266
47219257
-25415879
55179922
-20290306
89542347
-16533705
94344028
46233047
38644325
37006734
-43176996
9212156
90580376
50182319
-50922133
-32578946
-29152405
84018833
99715015
63144369
11063589
43815497
-5380771
-32431472
-51745330
16782520
-9300083
-28475352
-4531238
85532153
-2584937
95926558
84923648
-34499711
-59065743
-70819473
97564677
-20801036
29933062
94938830
26246551
49682203
-61564767
95581333
-83464195
-56755872
27802915
-84068187
5538047
-35015410
91588243
-90522022
-66617088
58705179
94701759
75221215
-77207183
-55545932
-77014897
-43843766
18048789
-44888158
-2562539
76326512
-3660
-1211603
-40204106
-23102631
77340163
13704049
-28077014
-81369690
-51625947
18345749
77076480
-9834845
-95607113
15547615
-31628332
77579056
20299750
-4679390
58065871
-55874226
-10210975
12769776
-42196100
82727628
-43215201
-93309506
84425429
20421694
-13531413
28885229
-94291229
-56701583
12957608
62617414
-36440668
-23005391
23464509
-93433500
-44073546
-16412522
63676596
-59572081
69711262
7539255
-71866583
60174145
16615306
-55533344
23730887
69345074
-45520279
-7182260
-29493100
17094555
93555202
76974751
-65253157
-83530120
-91725798
-61265320
-15832387
76996402
75110504
-88877264
82187437
-45683607
-68635979
-12864152
8539068
-5057122
68751376
32840109
56804068
5501281
49478223
-66083057
49712771
23330266
-65682051
91746886
-85692995
57913595
-43499824
-37425883
57681756
-616369
65670084
75819756
706856
58082409
-26821765
90809984
-51734044
70696331
53246761
45134946
54843894
94306252
-29426756
76716603
-94523454
71396652
84177833
-42863432
71774837
40090049
85087782
48030499
-65962526
23154142
85989040
55309766
96944508
-82953525
-39176497
27574829
85808061
-68899732
-54558516
-34494710
59559576
-79731798
61463601
-91857541
750325
80070718
-53320174
49623676
10966208
44497440
-69930755
87374903
-87208217
13038922
44469887
21127946
45393735
-93398696
42527701
-40952888
47651019
55006947
-7086373
34293219
-44244584
-32867362
79818386
-82217641
87244186
-92432399
-69527759
81622225
37407061
99092277
-57750710
-75396160
42699891
-2958736
18696740
-2831199
-92793902
-45950486
-28496318
92122434
20379459
62637995
-22391639
48622464
92297960
-51887907
12758451
-70948384
32614987
-81776305
-92265598
-21655643
-89416274
-36076401
30554819
4297065
87104179
-89429179
29750430
-42450365
37559409
68274534
81848624
-83970595
-50298063
47140729
-64829188
94698874
-80277790
-63121120
-56719287
-93533758
68019192
-33433504
-97252973
33555894
-73490176
-1082143
-11552240
-3064701
-65003171
-86846296
64827796
57327268
-83340001
-95337257
42450869
-63114408
90755721
50786897
-80852445
-82757476
-58816544
-87801194
16914094
-86223776
-62562539
75737282
96439311
-2498246
18861001
-62328854
-63846087
-3595565
50004095
62610024
-57934066
27542634
35842448
21284386
-51299551
-39378481
88062435
46771289
-98673966
-25892856
-86158080
-87129492
-7624371
5017215
-93210474
-7569426
98316475
-65289503
-48374916
-59001336
80413888
-42970692
-3338175
3722355
37437082
80868696
-49858952
-67812750
22631865
-64968096
-79946344
-14674285
48165318
-80977635
-31138699
53192272
-13688772
-63164861
64153987
37141531
24118168
-6657432
-7609449
-26975428
-83926986
5756174
-39702691
-11443705
58577095
36066399
49227074
39122961
21567637
-64586643
22514747
-57898838
71241960
-40289958
-4937471
-63868097
-91540302
-75314040
-13533691
24108560
-55253660
24597293
-79432210
67272928
-18552438
81753575
55891159
22383104
-60873982
-29535399
98546676
-22512864
-97957156
-81831420
-85025240
70713491
34641641
-2657970
-5037313
38421613
80586392
-41220251
79298101
34787341
71324677
-6965076
-26203063
49963940
11429366
-40483363
-3422441
-30152311
9757241
-79911028
-22694506
-50108810
34715853
72533503
-74686234
-38772316
-15953732
-23890309
47941484
25894055
23026652
97026536
32509839
-56611100
-54241550
-80498919
-15154078
87403199
14139194
76523021
88174003
-68675597
93857826
50085729
-93635222
37633457
75365392
76108120
-56715979
95444532
17187814
-24034867
26268754
-40660054
-94502437
-74668588
32019790
97254034
-93203584
-50950004
83960970
-79920134
-53639815
-44801629
-99634154
56190707
-32493347
31475183
-91665331
-32365375
-53571427
98971068
32649242
-38457910
-9091814
-49046848
-75557805
17452830
29394433
35420095
74838619
-85089619
66665515
52238297
41685477
32697332
85490039
97243970
-45023831
33003409
47865130
17452987
58706786
1189163
-61283340
-43428660
-53032740
-77748191
70216841
55841644
59231792
-82676507
58941946
79015779
32288528
67049188
71381099
-69901790
-49124540
-48070924
71731665
1712520
31523867
64073364
12833486
10102813
-12665532
82112466
-53452350
-11048253
-25177471
-44882075
-42614320
-29567423
-44971850
81787925
-53411766
-93851014
-24481818
-26292201
-7771658
-42111221
-13915536
52134286
-65890177
14945179
-37711547
71130471
-4298154
98539922
54775474
5475886
5149092
-95730392
-55170323
-47023586
96434087
-63552996
39728106
-25544230
-14406722
34326810
-28534541
-60130088
42193324
-73276326
-68734264
79768520
-27142345
-95684588
52439505
-72132551
-13412214
-768242
-87417338
92634477
40949311
-51010411
-14998943
-44857364
43359015
-63556351
77435291
-71979042
-71547756
-49570750
-82041861
-43194904
33018955
-35003981
-3908012
41721521
18862252
-79328765
-17267483
-90821109
47204802
-4331260
-65050813
-78841735
50265576
29892901
28144215
-61506956
-99811258
-72016514
-52748188
59727339
73594150
-89223880
70711575
81398410
67575140
-4586133
-24481478
-57429357
-2502788
-75175397
-73661232
19279404
-99788227
53887601
19288257
77852476
27717662
-39016734
52210654
-56057565
11014997
46320302
-10581542
-1237394
60466639
-9372403
82295180
55565644
-46209716
12818092
-63444665
59970784
-33022418
-8813117
5980016
71692248
37185399
82951440
-72067319
-77313800
-1466061
-28477333
-29086081
44939808
82741204
829975
90605456
-56284287
-94744773
73291416
-31126877
7882143
-99293464
13629350
-81139380
10671128
-2137487
56472751
-93224228
-80813891
-17171432
10285550
22087163
-6556673
67664455
14837248
-62733163
-29448566
-69669270
-25864331
97386023
-87562152
66670080
-4924487
99615133
54991840
63641379
80160669
-21391523
-63916486
90513867
-9369698
-14539689
91169934
-89565755
-47035731
-82000599
47694420
-95666872
71252748
59072703
93074195
-23464447
40047841
50965077
-67515667
2076921
-59165818
-36726864
34576546
73313514
5033087
-24426453
-32060336
45586267
-63374135
-10563547
81404981
33858113
-97167980
-22927648
73916973
12648716
-80276375
94423448
1001870
-62481785
-52908144
41726419
-73982648
-60699801
-15643182
-72988725
-23069118
-43326154
18725884
-29881755
79070077
56553953
-13307570
-16861149
12061204
52853077
66073249
92075791
66987251
40091572
21322551
-8067709
58721175
55253296
-38694584
87478367
40121629
39401710
10642355
-68677839
-29522124
27371794
-40801788
76712014
-43797013
-58007943
-51612500
-36394213
-58588948
-14658335
-15918838
37611329
-51713339
-13061984
52595664
-82327619
-69727629
-44904552
-90229717
77420043
-79102132
-11811521
21629379
12253581
-16371161
72411275
-3549716
46480152
-35399248
-33400148
-47961343
-75232753
44781510
-49014533
-52689045
-58854770
36606418
-67150165
84742610
47404914
-68420277
56342583
71494649
7808648
58327462
-2826974
34496618
49274734
-98333296
-42232829
-70139825
-5500523
25682160
84623357
66747978
44919656
70792932
-9931576
74137534
30743160
-11749428
-20774451
-26337013
-70865359
-66386710
-35000422
43462769
49354749
12532266
-82477206
-12119133
47831491
-40317183
-64553187
-59009193
44749811
-11320330
-39684496
59862195
-78716994
70609096
-12176178
-63191747
-75174955
93067396
-59265709
-8327844
65380109
-66481835
12235556
83830106
64604575
16974803
41124060
53278591
-3717855
-70266431
42089021
-15285169
59276419
-84169599
65154377
-95885452
-81212834
-35772273
-46809131
-35512828
-52721954
-60953584
70436460
64425786
19884803
97538250
-77644180
-84978810
49355719
83034632
71460916
91137092
35433376
-54241903
-22105708
-63182652
32327181
-61676589
12933712
-55236958
-71313674
30497953
97974941
-10373476
9827936
27973679
28373744
90724930
83742982
-61407137
-86477484
41448700
-26585298
-12855831
-88698731
-96646109
-73186170
-98317893
-86531312
38773270
-42918856
86838395
-95031650
93095938
-28764110
-46482375
-58718605
29954480
43901450
-17240491
36986269
-1259713
-9069522
-7828633
-31202465
42494394
75576274
-41013498
72467672
-9837448
-63687879
57320210
-62170268
1096243
-14020540
-21267947
-38025877
-53895624
-15973614
-28018942
60800520
83603240
-98188860
67635057
33472750
70344486
-46585350
-31914325
20388957
6956213
-5509722
39022557
29812772
39281408
87773933
30679957
-24090302
-85318614
99415183
-73196532
85027108
-36575898
26073247
90535113
-39611496
-85043827
95920744
-52669689
20261571
-21622687
-58738357
-21590590
-41213151
23588547
76057127
-46727519
-36618321
-14621567
54129203
78979066
56786842
-23075192
-57282837
-30855357
21819944
-57941243
-72329604
55395660
-60726734
-89047149
-43831132
-82557677
-42588044
-73207705
-48618358
-31769879
-27781676
-98489180
-79576547
56754304
75877705
17676280
-26715357
33231270
-73737603
27510503
2925255
-2985271
93462216
12079531
-40727078
2900887
95715560
-25727699
2570384
37547919
-74331613
3171337
-92745283
87272496
3425391
9668467
-69147873
-42811152
-14326174
-313168
-22237326
93114031
-35709381
-50724143
-77691710
51368987
-61951492
22916577
59944013
56425786
10937064
17845411
72074987
96906112
81581961
-83008569
10775767
34641039
-65389127
-999741
-93720462
-42618920
32468655
-55240656
-59432879
-71891868
-2652344
26713112
6486074
-42694742
-76372877
-37074042
-70337704
-56221504
-23782497
47616492
-92820593
-22511534
22033269
-40722971
-29352161
-70334316
-79882456
13135912
42847562
-26618790
17597916
-97109605
85376497
-33572345
32458097
7561911
-54164067
12760509
64226466
-9132672
-27758597
54388399
-15027982
-12003108
47088323
61714528
-92287124
90012546
36925977
77133273
74798222
66813711
-24166416
-59579495
-14258134
2897106
1261921
3135994
75181932
97100604
77303891
-36957777
12571513
91941222
-68387788
-57431090
-38030187
46179587
-39940574
-16853090
34226802
-64909705
91058516
20507079
-91554626
46232948
32076399
62735973
35828022
82450383
77868208
35773346
33242456
62312684
25692868
26407484
-76834175
-38158233
89412583
69666585
14757704
-32077922
7111063
47436613
-4538220
48144808
26692199
-95974392
84235157
24389676
4231320
13396484
-11990732
74285944
-15754063
-78945416
-38476505
-5977369
-55200327
49922831
-82454491
-95839986
-5644633
63244642
42551952
-37218484
51154296
-30389901
-76941321
-22276909
-381740
19605253
30246451
-95094179
11232977
74904193
-97949765
57104932
27783076
-91226552
19331311
36855230
93720904
-83794281
-12452254
45176922
-59817352
32938130
-23268754
83768845
658650
53017277
-10089486
22055034
2312058
33611216
66891050
45277734
-52961859
15312799
72120254
50905437
-12190315
-97281528
-69006193
-53957669
-36931712
125463
7276499
47088993
-35054089
10751574
73906001
66370210
7575231
-66751864
20219548
-746900
38503576
-45461383
34616597
-42099291
27056013
75462779
86510399
81755925
29633919
75332398
85637676
90320705
-21940149
-3260341
-69754447
99388244
-74241490
-67136922
20252051
-13587430
19240879
60832209
-3202170
-70707117
-65434899
-24741126
-14978686
-54168804
24538763
-69211559
-89206840
-71286872
43706043
73893359
19321107
49838690
3200930
-17231845
-97942777
-77686552
-72906115
98822881
-27687584
10446198
17239918
48728585
-85425299
53792911
42299151
75359983
-44299456
4390430
62997870
98875748
-97903779
85974307
99635638
-87442327
7594060
99081721
6800756
45332670
-42649974
-51443422
18012248
66430611
81545326
-49603300
-47038470
104788
-88288701
42542131
-48020554
48494820
-2606518
53773186
-27862880
87658055
11280984
-68535879
57380952
-56222326
-60943825
94162875
-94206048
-37340343
45338036
29713567
55942902
29595195
-42075394
98769973
-74789892
-35862111
81773693
21614960
31790245
-85086435
-71702055
-3657050
16908030
-46199385
21427941
-29242137
71837344
63630241
-68014963
-29316814
-62519284
-77799261
-23950528
-58483029
-55421458
-3699336
85392653
-3907713
2829290
63908053
22022097
-53235888
77995279
-58988589
-61254687
-91767207
-2571414
700644
66807274
89687215
-50617908
-75964375
-35774608
10305914
5687531
-99321835
73814236
59983782
78981749
-94546205
3051949
-84448604
-57365337
40755368
-76576633
-77777360
-39106107
-8908808
-26909724
-67189667
-80614415
89361207
-30454705
10677922
77459145
76758119
-14427360
95737118
-7551075
45072855
-98957486
45627123
-12213974
5669189
45008953
99736233
67472421
40599936
66344630
-27116046
10075918
-17130441
74431276
78678529
70925069
-52423699
90670713
-63594833
11693303
-54151578
-17918333
37102537
-69354801
-27891493
55197894
-13818314
6953493
79669987
86314905
11664033
8768371
89149488
-6037570
12311616
54601906
-70222205
-96186471
-54430643
-31834209
-86686313
74258446
73773834
-18376846
-78733488
-25552110
-16707186
57174233
42321411
75904902
2328792
22378659
63720638
-40065209
61101626
63427039
-6143416
85285458
74303899
-57433655
19682720
63508425
-36942937
-96299668
-58820957
85687651
72224563
-11697949
22214558
-11923006
-3174616
50864009
54002420
-4351325
-7323783
-79097031
-1254667
70771726
6662145
-95941262
-14686789
-26125367
-51470289
-65306727
-2375566
44483331
1237059
-3826585
83647972
-30896854
-9131062
-80200347
-80883707
81297393
209551
-2283584
-15972896
89836066
636793
-25625184
-59014704
93851201
51053647
-11594150
-31909459
-84819878
-22872823
-64177424
84105028
-38374
52875757
4555629
7569611
-26197562
6262454
-48438063
63358345
72476051
53666643
-62870097
-47936892
16399858
-34459841
99344151
-82880626
-58565576
25830062
36732955
-43440318
-30983455
-80415106
-20979911
-56513004
59052533
29245722
-56546738
-78965224
-76423194
88961488
45956289
-37993295
81659502
-4478591
-4420383
90914057
-92935175
60993451
94295331
95090777
87529323
29814831
99398028
-63968130
-3272413
-2600683
50588635
83435034
12898443
67514836
4533531
-97510836
-46964518
61264661
58007237
22084792
-12123818
19474554
-88274835
43035829
31077671
-38763036
-21201352
-83122251
-298472
-55987259
25486733
-81954697
55248780
-3383353
-47252728
-30062824
20728798
94762378
-64572605
-49632123
69684641
-87353464
56229516
-26254830
17090044
-50706522
48486337
-15860617
-99116145
82286250
-3344225
69577233
-97291461
41546751
98759513
82855777
-39819063
91390705
-7792428
19109312
61594785
53123847
-56393720
-41918426
59590521
-96222587
56159722
16258793
96783276
59569214
8326749
76472259
-26339878
-18824627
82564567
22003578
26145805
-97419317
-8559550
-73217786
40481585
12612292
45052854
-48724470
-52041688
56708426
-85072202
-27083627
-16890377
27311340
-78922699
-28487356
32333533
60142661
56412167
71280723
-25419406
-92639372
-92434986
46775428
65221125
86203033
38374152
32295189
37529346
-19484952
-62974436
-79131012
25204705
-18339866
-58776609
56322718
7708414
-32703767
-82983902
37104639
35562457
68440158
-96255989
66186189
-6574657
92238870
-38071689
14031346
41868025
-28362320
-77297928
35254413
-23915430
65486311
-50171377
17228686
55542449
-45229838
71651925
-7457891
27142329
-94029501
12849910
-54702755
8786971
-72529562
-23837298
51673244
43106256
92888009
1959184
49219944
69390925
86239512
57971925
-74460122
-74496026
37529416
50739496
74570120
-18560760
88831401
-72195224
59932042
-62840804
-99826472
-45608442
-35835297
75847131
-14793919
-27639370
-7500248
-77359463
98564610
-91679108
-7198242
-68408804
-34864473
-30360729
-229356
11383517
-53973113
-8671303
-10188458
-65375636
19965063
-16759601
14826544
67398344
-46125130
-31856457
89770237
-32164686
-68464856
30213552
-12555026
4925146
98636718
-12503578
99669348
93075135
6265152
69764828
-58196500
-54560464
73208113
-55097029
-34860937
-77464226
-9529790
44021575
-42146192
-60940104
-51197325
41301859
95809225
8682579
34001928
-20999576
5824616
39066501
94202425
-58709658
77827921
82774243
21556020
73682977
-98900334
-55134934
53636660
7157877
53156970
-75329837
22593081
-90463810
-5106340
64144435
1179971
74172587
40144813
84692662
-13817845
-52641977
43437624
-44229988
35646989
72683401
-45724652
-18678242
84410761
-67074769
-97529418
60978879
29094856
-91822493
-12380302
-73029018
15385228
-97379964
60997968
-64826321
-57023569
-74736902
29578325
83742948
-2876696
92310717
-60908265
84967796
-93750813
-53745726
50858331
75670125
-93604371
-77182803
5129881
-97862529
-18392324
44087777
92590217
24028535
-92827902
30092168
-40390478
-70904107
96875785
-8851162
39776443
16423999
83917351
-71344979
23045990
-39654726
-25192018
51415413
-10815952
-51412397
38356365
21125534
69249793
52855752
-91803016
66275211
-27162707
67448477
-39668031
-14252136
76459400
-41680953
-99110341
-18080066
70933933
-29455615
65392032
51901002
-92217347
41378491
-74846384
-52479912
42939557
-61749319
-29753386
56491921
-49976862
9161243
78031632
81277457
-52112717
-95361365
-47126198
-64934366
-85587974
4318229
-30252974
92414648
50792903
16427340
-68396716
-70225011
5540208
86965175
48778474
48348449
-55583237
-18615999
-28362538
-41268270
-96294637
47715383
72221717
-12923291
-31437750
-76562283
74387587
92796477
95995792
45696036
-24696739
56641482
15184902
-81638196
33775498
-37404017
90033498
-65748883
-79311846
52944094
65232096
-18191599
-47280568
88501720
71522864
-21706359
76409379
-66501401
-92720640
-74230781
-8575090
-50788494
-467772
-1156798
10441210
33117268
-14665042
91431783
-14575098
-59928084
-77244996
-81816908
77520936
-16363585
-72765951
-89537175
72340957
53803402
41090774
-70996398
79663364
24122228
36420451
68422049
-68707924
78477462
65692685
6634875
49742240
2406107
-22392273
3365904
71076162
15312523
65564929
-7652621
-92427519
-87746242
-16891944
-3916642
38959250
61520566
43887435
89604808
26469010
47884129
52830014
29308965
28120894
70877982
35712908
86976677
84686267
-29657300
64038147
-36630146
5266069
-80048810
15450534
-10283933
-95431175
-30859386
-72520347
-94653648
91339941
62054834
10015347
-85679011
83915782
-24749870
-24457842
-71153871
-88641533
12815674
99379623
-22574972
-58187687
29295503
-47587553
45786468
-39754160
84097162
-49097047
-8630024
-13910146
-47574636
-35691912
13039245
48032026
99613974
53193877
82856161
-48750556
10990927
87290585
68779981
1406374
64402280
-60102587
80044300
93216988
-10133740
75897414
38106427
59054148
-77479854
-23127583
-60360167
34697478
4649322
79774662
-96579681
2967868
44788223
-50091437
-22729764
28268177
-58437434
19803940
-18487214
14791064
94738744
76003839
-47816828
96630759
-12180693
-95655723
-40542538
-72789901
12776786
12956672
-40504422
-44116164
-16668233
9444964
-11281031
64614491
-48169559
-6583731
7127636
43695513
84275575
39427795
41069516
-90223829
-24931221
12869542
-86359752
52828618
-84510072
96525605
-41721429
-93403648
52824684
-77116514
56955776
40289871
88430122
-65290103
99516526
-48062843
98471384
92088600
97632357
-12275492
12789315
-10703749
-74781516
-59310661
40464789
96192519
87014795
-79033639
-25431920
85888934
-86503569
-62758638
-58975261
42944930
-85192823
97230217
61849644
55300027
-66305849
-19018101
-90401618
-50762130
20219633
86133698
-2103998
-31001630
-1024366
-39892257
51352188
-31185081
94303096
76748421
96740571
9098514
-37663965
94541962
59847568
27872384
-41549318
-12849508
-20631944
-50060673
-37666528
-34507924
42337888
-35864760
-75609924
55634883
54303758
-36343457
40956724
-2912834
-49741922
-71193135
22695597
-37930972
77818678
-85657818
-91312795
-3996141
-10939451
97389177
-48158558
37917081
-21661644
40182246
-36276754
-66430903
33285279
-98514328
21847333
62338029
5893025
56474641
81919560
75736336
-14972735
77788445
-8248927
94363628
98089715
-60306627
-94768926
-64829952
42607020
96658268
-1031736
68679452
45285199
-61126313
-9509764
10077420
26204611
28637847
14368963
75225338
-15691313
-62463560
47749041
41054258
-78793288
14044444
10668742
-51347566
8437018
-15258452
-74088926
78497111
38240335
-10382673
-14943284
98615843
76645279
-99523060
-31756513
-72654212
-75007501
91743054
-17636561
54502485
-92822230
-3248895
50042303
98439819
8627746
-36714159
65575099
-21457740
9626170
-51470775
57249380
88873765
-3507572
-69931569
83293710
18827956
2008314
66193504
12817332
69188386
66564698
-7045405
-20787240
99874075
63995087
37085158
59066925
-69447994
76596156
98342660
89817133
-69426829
99038146
83800343
2933235
-97606760
84517129
10607638
43470323
-89640387
-45356671
59184101
-58398131
-14738444
59013416
-96043439
-74762654
-50077878
-98029709
-37611564
-1327589
-97727885
-2406657
68861906
13632231
85004012
-4811918
67388076
75479900
-24181912
27447494
-96520944
-48227654
3488936
47537977
92313034
-94243864
29989636
76324548
29143953
63977714
50580725
-77612692
32097348
-15097115
5594093
55790083
84671400
-7150111
70588715
54188795
-76240266
-69143638
-34871753
-22260188
37042687
27656095
29192474
79818826
-69423328
15069985
-65064476
-34261172
-41789550
-42217301
91826906
-66849096
42840309
-62801279
4366022
58997612
-61693929
69404731
99751955
-92871721
-35418428
-81484439
15972600
44151706
89762745
-80393620
-52779990
97492170
-73405841
-57460238
5425190
-4183412
-81726128
70906819
-83153914
-54728284
-52139054
52378960
6073992
76934359
-47445845
-68855974
-21577078
-92382509
-89369609
18561445
-41836349
-89934226
37856621
-73718548
-81772813
-89933160
73529132
4359844
-26505024
-75635466
-33982094
29674513
15359512
74777770
-47762658
-89373837
-9471438
32279637
38463342
-63556178
-28281343
-99964543
80913975
73144881
57124200
38088283
35643519
-21279954
-80731041
18507744
89250308
52282248
6254228
-31687692
-52781547
21764524
-58654095
-70909790
-35851355
86337165
98269175
-74462966
-11734061
-65331262
-75488874
-14462985
-58555621
46423638
-33747229
16868002
-47646706
-17024523
14191160
-35068615
-73068625
20087744
20577373
-34784086
-29592357
-78032908
-88441325
99812936
-45869353
67980863
-51220690
-82753273
-57909920
-27680837
56343773
78094785
94134482
89595801
-85015078
55571019
80267968
-48134343
-27206210
49171393
-77395065
-6875438
-9308933
-77844088
-53933308
8615408
37193241
-59106712
-40511897
89333246
44917458
91834155
-3353952
-40453349
34529964
-27780108
55976389
-95243524
67969780
-92944583
35029681
39154669
-77857019
-25659046
77523844
-38624793
81864629
31990754
68037358
-84439891
-81324241
67458499
-49608485
-58491201
4697338
-46831757
9594714
2634250
57876964
55744735
-7561907
-60803502
-75068952
13911081
-72691112
-62029110
90914306
-64098396
-55256996
86986790
68601962
-41522510
43358821
-22713776
-43800933
686187
57919071
51066252
-61171313
-94519710
56821343
31009375
-13442356
-59202418
37062089
-75400828
65107819
-750914
-84300641
-38880629
34501899
89356124
-76657678
-42872962
-76977608
86684263
-88611463
-35799482
-56711635
-76042599
-76654227
-16782098
13388528
-95084734
-4894774
-6121333
85851776
-83926011
-66777151
44023144
-32370590
16971217
90625046
70454299
34873312
21042857
68570564
-84248592
74521387
42756576
-69571913
-1651115
10718982
-21090053
80782173
65991010
-42812234
56568628
78664655
-22163209
56363797
-4889714
13657727
2312326
-29748425
-88518267
50224188
13145695
-40570290
-4061638
-57860201
2149434
-40724463
-97551978
75170330
-25543735
-26523776
38284219
9513598
67777614
86572372
-54594522
89473383
16619948
-84218493
45359722
-5258618
-86171019
-64925973
-95842187
-93326030
-42446590
-80038151
-93787794
-66897249
91964889
56135725
70108668
27264764
77309535
-65607964
1286026
-76906789
80441141
33442872
-56651336
46201037
-28124566
95595386
64958710
95973210
92141416
35488656
-60317649
-64547304
24211209
4775891
3424666
47302057
13177019
57199980
-97361057
-47186579
-17353916
-59337602
-10289869
1629702
94628257
-64240638
-23760081
28602056
1270308
91086895
28523767
87880731
-74304243
-31486124
-80842503
-35560835
-96759600
-74337913
3756764
35898322
52984482
-44335552
-7599196
-62491468
-45216417
97105810
-9461191
87351825
-52311739
-59287345
-61728632
-13033369
-38780248
-58628468
80170910
71926603
53501290
-88094123
92845217
42937661
32845963
-45581315
94504474
-16931492
68206623
-48223142
-97783696
-36429493
74107989
28805857
27735664
-35178179
91344992
-18590091
-44045592
-14204429
10967789
-34894207
25439003
-90096059
92971543
99589281
91048422
97759348
-67393371
64718876
-41213649
20141842
27041036
92558533
19688593
-52562466
29534556
-12970497
-979418
-68183069
72824335
40861783
-99230105
32309590
66821803
-80588622
51658808
-92698572
-49248510
66389460
-56121334
63338312
51048010
-86961721
921532
-44970333
-15442887
33211392
-46118017
-70629245
-70403602
24646246
75916323
4662347
-8510595
17455387
-69651372
-29243330
-13368497
-4085707
-66379741
-70140467
-61956352
67011057
-21096572
-90387681
-80514657
14115131
8119183
-96356650
-2074574
61140838
10496912
-10026418
-70721962
96404499
-21492415
6884596
75234928
-27904958
-89803467
74974562
32876789
42941066
-26435183
-32588156
26581222
15411561
-17129756
87301153
-50876560
15278240
-88784698
-13847269
-10759043
54210854
34445641
45345948
66512305
47528761
11388411
-33731087
40469713
-47033972
27445851
-12690477
-6919250
19589996
80724579
10642992
-6164704
-32258796
-48589853
-59566344
-52571728
-91676877
46977814
40849970
191643
90156533
66913864
45699343
-80811373
-5076839
-56873440
91576572
17085104
30732089
89010508
45506982
26511521
-32165472
-96227909
61738984
-63528197
4581961
-19580106
-759778
-42088198
61120156
-12742993
-42053963
-39458919
26744372
-51247567
73634009
-43917622
-23322806
21691216
36325643
-41245681
-26133900
-42443654
18419754
-28807538
88667808
-18014991
-16415366
-89926200
73407107
6344455
-81756811
37990356
-424253
-7737150
25947835
17953963
-93588504
-15126710
64802904
6739834
11764462
8420568
52654013
-34554252
76934565
-9322386
-6459308
26713424
-97233962
6074032
-60566826
-13553755
-28075668
-99593019
-38515362
-32202820
41609504
36973874
-97939735
-54164448
57535425
98859388
-46473574
-28158214
24267623
23416666
-43931381
59998628
-87693316
-31464893
-34230811
51797287
57554167
46715498
-73290401
-46171883
41149267
67272500
-53470083
-59676486
16583571
32049240
71825667
-5998064
-24426521
-41805549
85107372
-71377256
10376585
-16065793
-18194111
74262699
3588945
-76905315
-14775685
44325692
156064
-41714359
54306588
-53564347
80511723
90578612
-72648756
42731889
-57108274
16956395
-44288092
-37858667
9114838
-80995016
4550687
82212004
-86327725
-4780220
34809797
27453532
-30419666
-73304419
-14470465
-71848483
20119357
-89633169
3640432
-84103778
-90280447
-69455544
-11931815
-88010847
-87729531
91430431
-25362033
-65986366
-30489963
-33052228
-3040821
-14976439
-34016755
93411160
-58358842
77402787
-35193186
-12716604
44516887
-11243988
79374493
-82328682
-50714698
-6934560
-13083309
45150854
-32171193
69682644
-5759265
22678849
-91063122
-29073562
98856167
3821727
-4968414
-43039229
-7011407
55466481
98697401
-18888506
-38596686
45999426
72517299
99799951
26703642
26128817
-26719395
68089855
64195151
-42498554
-16874904
-585719
-20916323
36891219
74490767
-55406274
2644746
-31490625
-92995245
28082718
-80119008
3986594
-50601959
47328392
-7824342
-18888170
3478637
88704101
-48481469
-12894186
75970364
87528593
33965770
-33513623
-69113644
-82208839
-80444444
-69636068
77347542
-96260486
99478974
-86018632
-11176783
-73780419
35699774
42912341
72067515
-69369385
-78193059
-3888804
-58350021
-24927838
52916360
-86411118
-16384374
51572976
83397974
93179408
-87147554
-59715284
-93137505
-68906522
90389576
-16915956
33748328
-59633008
-69672773
23083414
32871752
-57680721
4010447
96053575
-12639433
-45125351
12425701
27582012
-28457862
-93994546
22676895
-42305111
1144654
-80718275
-1225894
57996611
91927669
-45097860
-57541877
53610476
-74659327
24129521
10684590
1515131
86115867
88263314
4375464
91451146
-36202524
59265463
-78390474
-7100245
-71858590
5122137
-32842620
-21550647
-2336673
-29843180
-29053557
-59569034
-25095465
-6368193
-7332804
-82713400
-47976657
-29446064
-99492606
88053913
-76414975
47310112
-33547520
45954462
-47895204
-56333998
48000216
95617108
22882877
-46050780
49376659
52879085
86677498
64135216
-74829205
-15187687
-24074600
10381792
49914115
-29496901
10115769
52283808
-83215299
-91570241
56022420
-48101255
7786842
-98081623
31540427
38531336
-85687308
-7263792
-7596943
-67526021
51981988
-15978834
-77408178
30673468
-41355898
43877898
61856516
10295106
93862721
-75978310
25894857
-52869636
-74927171
-5380697
14064680
-27680492
3067109
59171580
24392912
-70719081
25586310
55604367
-84745659
5785220
-7318005
-56121741
83426722
40686015
27382280
83438049
-86318164
26189744
-76603049
88991797
-17521562
88638269
24738807
92701905
30641057
-93206947
75888539
-86036640
85741042
-6324444
30479910
-44318153
-9337144
-64619581
-94003925
-21902050
-2122916
35884250
67128460
-94514307
70111167
-63131707
22295000
-28570163
-44722491
-3004616
77108532
46974410
-23336791
57346571
-89118113
-98812356
71860568
-49627660
-76225206
72703294
93845650
-75152535
-60750667
61189311
-61268304
15061607
63536897
-40053046
60183873
1175171
52345817
-53419292
-35760396
-40947667
88771215
-92882009
96780819
62416956
2795565
-4457906
-38753034
-50630613
98361907
-9058760
24795758
-72275854
-14472745
94089267
21964189
20794849
27209222
-28153163
91739851
42581157
70965388
65715131
46910095
-43182056
-15263040
68027760
-53285341
74325439
38314552
9875178
-45612770
-4341442
26804441
18570767
-8251285
-16463274
74845175
23662363
-350339
43420235
46037677
59130899
23190473
8677752
-85982684
43847825
-75926261
19120309
9380081
26678979
-76507003
-27419565
-33568752
4372883
-97336742
-33234494
-48386588
38027171
60015160
26684103
66895958
-75677216
34447848
23650652
78815967
-88421189
20110101
-15295962
14851787
-13168307
-7669182
-32745835
-17949955
-87926903
-6916455
-63151268
-54658912
44438620
29865515
8593634
63652075
-11238350
-93314590
17830078
-40026742
66813689
7699254
-27959196
-63649238
-21003855
-88205690
36385404
97047728
-90165497
-41407984
94673762
25418116
45678609
-12355422
77454496
-20177184
-16368822
-18353245
-64249721
-18750615
-21022926
-43836403
91021895
-47275856
-8637106
-83243159
7516386
-47502313
-12662964
56596648
63938
734360
3777581
32098418
-40551059
-74557717
91521368
-51711035
-5436377
-97847063
-80006061
-81073831
67785139
5965879
-7271590
-72388992
42440721
36593882
17411722
77843823
33841822
40306616
6901586
-105690
-45481311
-21708992
96828374
-88922031
7846348
62142285
57593892
6733960
-22109831
-79694131
17618799
-88983884
-69619451
-67242577
-77124230
9049051
69918601
-679286
3491509
87058696
20410361
-88721650
73435877
-53168351
62189682
72018503
30680821
54849835
-35361103
-63394848
-42199412
13974216
97076505
41621342
-39894767
3388587
30647387
-19362949
5357669
-17732677
-5944500
-26062770
-50785792
-44857365
49506123
30775868
1292051
-28355567
-16020361
96726164
-58441225
93424151
-36237718
-18104095
65046971
-66509815
55593804
-18910305
-99814400
-57077681
-63193045
3097744
49448856
-12001337
-41253614
-60115693
43846726
-53087757
37006757
-6852578
32268171
-4365364
-95505841
-86150737
-96460376
-33622996
32760553
-43355954
-81699741
37174907
28753598
-34747646
-93248936
-81264857
52038953
47601686
-32428023
95466991
81637712
64994617
-75080965
45143377
64925704
-39407705
-55887441
-91381878
-70679263
25494700
52743352
88780207
14532891
62212995
-50298266
97620340
98684634
67581956
-53379378
-29814790
8272577
32244255
56766711
49480522
66735929
-35893478
-3179307
-20940684
-36195459
-21969870
-37664885
-77689186
76748390
-38013735
63112812
76796193
17051210
-13635387
-55167402
-94303531
-55306376
-9448596
19788963
-71444969
-78115504
-23406368
-41131762
77855310
-8837741
74597095
83827194
-93861728
28032377
-9819064
-55142607
64195371
63635156
-29083227
26436657
-12796929
8612781
-906483
-57207091
30470619
1744879
67726087
56944804
-38994456
64791632
-72080919
99849994
-60290877
63774270
56633140
-39044434
-47903707
73436829
80459614
-94242373
-31752629
85829293
66027235
-29654309
-71874390
72037684
-87040585
-37020933
-63114880
-59832580
5421795
64376267
-12478641
-85967576
98309373
-72840687
-95463746
3090210
-46647007
-11657162
-93392102
-42238944
17759488
-16238685
-4579914
86718927
-28995686
-52248926
-37566950
-29718983
-71801253
-28688725
18954615
12770169
21026019
13788061
-27621520
-47590514
-11850373
63458402
-18745937
60497922
2907472
52861241
5459376
-88026949
-47526634
42197818
-84194422
16161448
-22963908
-43976322
-20284560
27954060
-97297885
58634964
73251604
-63157114
48352112
-47401973
-24403169
87669559
6151798
-69695367
66977650
91469319
-86403931
-75359342
-75088683
-66716016
-61219401
-83070826
-66858245
51168972
-89248155
97243385
47889485
-91120848
-47163970
62910677
69152582
18137102
74632932
-62887034
-26243237
-29969895
-13980189
97806481
-57908339
-16709698
-39374208
-973228
23922912
-13486573
-21462956
79115733
-40455030
-68214026
70908572
44501579
-99513388
27946291
-36021659
12491337
33742376
-34533203
-73385977
64886998
61847607
-17184238
35781715
13395550
66963385
-69554674
18459860
-21958502
47277288
-73633306
81882166
-87156255
-63269235
-64530895
-18858508
-15755511
-69344501
35789752
-73900780
59366934
-64529823
39461063
82409070
-53155661
-99205386
-91696123
-60059160
-74284978
-18783486
-90263137
83247865
-56579665
-4435361
90220663
47353138
-35569244
-74017943
-73334525
-18518444
-95286499
-66163272
16146955
15067743
73173184
-88832814
-54722367
-87701552
-16246676
-32059025
-3671380
-752206
-90046521
-93781225
40086170
-57832663
36265534
54584382
92361355
-40863381
10599944
4774393
-42827716
-85919210
-69714074
47283742
-59648131
36595795
-7390229
72268900
57313937
33648267
-69748503
-62668751
21443268
-68749219
72621387
41158025
52676141
36143004
10177973
85512755
34019444
-61461072
14225538
-70109686
-5936986
-11249788
34749457
36966153
-30083945
-17834426
16774467
64876863
16892594
-63648086
-5081656
39366639
-69628509
-64771354
9688309
-74861923
-66049918
-10752874
75513478
-40196956
59858420
-5948089
-84537868
31129924
-15569520
95548977
31191662
95032535
50000578
-59613595
-15413627
93642388
-75505388
43091672
-76233019
30234421
-48610067
-90848782
83333763
92629168
2923513
1099570
80372080
64596864
37805750
81188091
1892257
-89755295
79057015
11232888
-18566548
90330333
6360185
-69902952
-26612361
-3380674
15318286
-68994271
-83175130
-61867667
-21833790
-28358388
-4834121
-35867905
-22886913
2804455
-94034462
9301108
4346442
56410680
3568222
43091349
-9599683
-38598462
-54094662
60157276
-3900503
65541909
-7225703
-33452179
-39990932
-51314512
92441873
86285813
-80594344
60603736
-98419731
20856557
34430211
89609898
63410572
20216310
-50252361
45143356
-83984494
60585949
88746820
92263994
-1866492
-48305118
97312107
-98955613
-92633658
69264471
-78912121
-89086717
55663913
-78838844
93884554
85144278
-10042047
-63693010
46177201
81291718
7765032
-85560667
44237271
-58924336
4630742
-39856364
-27292416
3090329
-31135939
16635659
28756221
98327067
-19084699
-58530257
-15741765
-55864224
66613028
-96302187
-69995677
-50095087
28336420
59893154
-88252753
-97860372
-63993237
10885395
81205210
-16944914
1530390
-45994283
-89159550
-1993609
-82933742
-19372414
-15739943
-8588947
-94160
-52937413
53655167
-36225001
-78936685
-7029419
-82339363
60856210
68904388
26468778
25739211
-36671012
-23964986
-54640188
18610894
-30574302
-41747243
-56756370
29226010
25382954
14497681
-73642333
12514107
27106534
95989108
62181085
67248565
53797276
66447933
9163167
-24988926
57225992
28826377
89247843
-62187143
81456396
-28919626
54347912
54550168
49823721
-62632833
-29283175
75405927
14790202
-62194890
48925147
-21166732
-4824927
-99940926
-82491321
65443093
86448420
-22357349
58944597
-76320668
-27630062
66904314
44993938
5219347
3459146
-63990387
-45907604
-13239852
-15099026
69034970
51202996
11520840
67634537
-29912777
4429992
33267546
-20690506
10007901
-83938986
12719168
-42742403
-45536094
74468064
52259077
-59405700
-9524998
79664567
-21736137
44063534
-93696589
93918796
-60369914
1124098
-46607308
15249938
77592405
13611596
-43719248
-56901184
19325362
-51142352
-65323557
93814583
83234102
39468709
-57893981
67380110
-55511599
94774470
-93633911
-99932527
-58487745
-19577792
95432472
33059956
-60204342
53013379
-41556133
-84112949
60656236
84424683
-29676860
-22829398
-57548742
-96467749
-33638474
3804770
-30689865
-21896395
-87707516
96742176
96511234
26762454
-67523861
-252906
25402552
8227482
-64767865
62350751
53224231
-54954368
43868815
95029522
-73511781
-42791815
-50479709
53955863
-74029636
33853360
21760253
-7206276
26915519
-60104001
-81264847
63352363
-22640755
-79141913
3780118
-4226491
11690630
31397248
18678939
-94244265
-59936354
-11292602
63214253
-3799980
-79231398
7293791
94680740
-51095959
-40294645
-59061126
-25298748
-73753878
886289
38090684
27888474
-86979895
87894398
-96591018
-46363215
60258516
-67609634
76616136
37145810
49903594
64361929
85056929
-71936753
22206043
96753503
55800391
-46260341
-30486610
90374431
-36557984
73032912
-37415235
38706357
62520550
32745081
72316210
-7916381
36091520
75838870
89475693
-30330034
-54095218
-3821722
-57534631
-3591425
-59512263
25522469
7436593
-12261173
52028280
-94461906
-14325564
56616583
60990134
15201769
-88115957
39993661
99750823
-49630978
-59593529
26425082
-61677894
-66489073
-82087000
97785250
-21539546
53372201
-7336951
47722541
-54324014
32102868
-42145961
85775779
20367326
-84535840
-29434281
75277736
95317630
-56617726
56553321
23609734
-91549063
2578503
-87708128
-50928488
21771138
-88118344
-37319998
-67499301
-95544894
6924018
20383767
-64596664
-87956949
86378086
-5244539
-10009608
-83703999
64231619
40068498
-87930518
3375008
40384205
-4278298
82264648
-98141514
-76696388
-35146635
20845918
-89556436
-56581868
-59686712
39113808
-81067893
55685117
-57996374
95500716
-7590339
-98233817
-97971916
-39790161
-89540114
8031780
69728624
-25898053
-34733935
69822961
9736446
81304342
33285369
-63424609
-27591345
22637106
79360721
-68512820
-33115241
81745927
73334167
-95540844
74613886
-72153272
-74072199
-34334267
91128415
-41668054
6337934
-41137864
-24643642
-28759560
-73412048
-65311461
-92982264
402765
99608873
-86633817
44677991
-24048122
17864245
4491632
5372183
-76094182
-70809597
51414699
79876871
73243833
94711762
15131685
43229771
75187812
-33567590
91354324
-34237430
80157257
-50812446
-88113519
-77048021
-76609077
-73446738
-98716224
11302460
-78648992
-22152991
84371279
53821916
-41788490
-71304096
-52069626
-31056868
42140128
59367084
65489057
-73356597
48105274
23175085
57973079
75940407
41782430
21343480
16648414
-16857111
78424824
-26317044
-2925498
34433180
-91415156
44914234
-92346053
23134480
84402543
-32598128
14953983
48646443
-85207814
-78547523
-49818163
47685558
-32668177
-8553106
99115684
97052967
71118644
28744170
-31837007
50622947
12180361
6568254
-51515327
25476199
33086831
-10306817
-96707946
66612184
-53217033
-40079596
51265602
-62589664
-26053264
-58897626
86921082
-77636400
55240546
43324134
-96265790
-93923468
-86997936
52718110
-86107490
-77753578
-16431651
-9515447
50014308
40839036
-40736578
-99225802
-85478371
-54018259
11748844
76422230
-20165106
-32331808
52215693
50353148
-65851801
45508522
-67216220
-11513899
-59662897
85823131
36107717
90078980
73137668
-75142267
72087493
56000283
7600610
66935355
-38140207
-49922754
-42573514
7623828
-6279734
-16294549
97054042
-45190067
72711810
65330862
89781460
-76818311
38644974
-33841580
91433078
-31991163
-82079870
64963642
3597884
32249435
-58753204
62585635
-42252268
-49022031
13171544
12520794
16396032
-11713629
48593990
-45371987
28043116
45344591
23928286
-30206404
22029543
-4399160
97699700
49408489
25418158
-19455773
58418445
-39310527
-1317427
36083535
43361016
-84458437
61579203
-48057349
-83128801
-9486505
3725323
54503140
-59641439
-5799532
-88420682
-79479089
65836075
18869831
-38994072
-85689203
-51003887
48237885
11721692
-53895491
-32513944
-49868447
-65217890
71698821
42295945
83350110
81784618
-99728268
11448322
-91718889
-63832346
88379193
95074664
-48739527
11984256
16612570
85184623
-75647342
65320954
58364379
3996361
-68714159
61204582
-322340
92337302
30097396
98806231
43876505
795303
89204885
90468931
-26704254
38950365
18679042
-99949866
-39383875
-30112926
58839982
-48331046
-48660289
12782025
90567133
-60720120
-56534498
-62446106
38397246
-95959078
-69604952
38343966
-43572024
80501565
70640522
-94253888
-31295994
-79641017
-24153323
-47538996
-30994082
-69838243
21479400
25487701
29996771
-72729117
97970847
-64506470
-89052773
-71480183
55342489
89237477
35984818
-89365601
18508405
69432596
51793979
57991632
72803820
67282106
-35792384
99401400
49275505
-14867567
45353047
56890281
-98807464
-27163437
-34415260
67348572
-89823101
65137494
-10315823
-35895031
77972969
8638724
-23469256
-57720606
10633582
59712057
81402239
50719083
-14164188
58157095
-5005920
56383049
-87568715
60160842
-5561746
17988372
-46290044
1883768
53487672
87883596
-64082621
1476853
20868842
-55499948
61130758
52282940
-96498339
91472332
-91060417
34388019
11153554
-74482451
-16310140
-69151586
39552485
-55452531
-56662338
79719729
-65921484
-69333523
-23299360
73296855
-82951498
-4634605
25757673
18199741
-564583
32755499
-88200463
-32594752
32848892
26403930
64514583
97197446
-45583717
-14620617
-70927595
-56033312
77777821
-76067070
-63986733
-151278
-89406433
-18960463
-52706958
-38366728
-56054656
67938483
97220177
-41077635
79167928
8517352
62406474
14000158
-80899377
-21849600
-18526064
95888453
-78892424
-4763617
-63321772
-73894327
-1176271
3334682
-74465076
-11664827
49867113
-45965966
-81408508
82077080
-60948186
20149152
-27094285
-63392378
-17721183
-70820367
25335133
-41125050
-26532312
-33571425
23201553
-91252620
6987210
78850819
95690365
24038485
-54870785
-98079395
-11570382
-51972266
-6271517
3123141
-10486233
-62541062
12630485
70053002
17670753
9304749
-36478798
42312175
-73024289
-28503383
57722587
-88804556
-38697773
-44976426
-82713358
-90266467
-3071109
-5519923
-60606814
-83807990
97903388
19349370
76102902
57729049
-88797548
-82884005
-35300273
97376902
-70097946
-19203462
73443144
-76976337
46523701
-93066171
28276005
-22844162
59313837
53853910
-47561750
65043688
-12424640
11480243
13310345
-26471179
3744610
-6305071
-64278892
63026792
23344376
90512079
67616151
-59303881
15827045
-40040882
13299410
52443631
72341727
-95980221
11851516
69166638
-59266117
-35064258
15764912
61573839
-2402221
-18323414
84436048
-5929927
-2246063
387064
-25062403
-84616195
61598799
-73301075
-32730032
-93178660
50904688
52058048
-11241076
49909088
-60213864
-19907249
-60511124
-54500884
46991283
-83320016
3685800
-43652874
-68620510
-38348456
-47271850
-69904548
-74314464
17295504
-60957468
-60975626
9697285
11757288
-28153755
21874377
-94702700
59295958
-8927170
-52351421
-72341838
50151270
94123506
-86720736
16861548
-33268943
97461279
-70116423
81675396
-420832
39418231
97766372
-67389326
50998355
54330173
3985237
-81937927
81994969
-72679192
-79754991
16279281
3979727
55281810
-6519065
24629641
-36661700
68022038
-961517
23817026
-58503459
67634217
-42247146
-76344088
-26702303
-32242741
76086563
-91560879
-13169959
-45805688
8076439
31268250
67207407
70033625
-18300177
3181027
32712775
95582182
6408516
-56347645
-9592352
-63240124
-67627141
-97067449
-80587298
27655270
41415538
76679338
-7424176
29138004
30208075
-59654136
-99742511
-32877731
66836423
-34396818
-39253378
-89292334
89316893
-1724132
-6071870
56216655
7634253
-97442801
-45946441
90853333
-49244971
-5942425
18469214
77372307
32528738
-46046628
-87512901
-14127736
-90050922
12687097
-36202521
59651400
-38369718
-77856474
34674846
-48014179
-96299399
-40077876
27919301
12854736
-34413461
92147967
-30361332
-29914236
55502490
4133823
79316653
-27115959
32209981
-50888866
15435937
-18631475
15277984
81941851
-51035941
15685710
-2574085
84714370
40070496
-88115441
31893923
-64769822
-91022360
55475446
43860133
-14468886
-90781816
-1882306
54068481
-6952872
35225123
48833406
-78044284
99041980
66269961
-96929118
31928449
55842385
9402584
-25855603
24209279
48186940
-49205173
-92479087
23280629
30583645
6133974
73720963
-89958657
44083975
40777812
39974535
-55720927
-68726763
-11414617
25124684
90692218
60378412
89339677
54994705
-29333283
-67702815
-42043344
75317765
50444552
14670468
1318156
23666584
58340942
-18351933
-48040652
4457707
-27480380
-35493824
-43721577
-35555202
-28259700
23375760
-53889108
53691946
26738561
-5362396
-81253306
-63717708
-5186956
-60381210
71547254
-97171887
88336540
89252110
-14867330
-70627316
35588857
4083618
44884829
5504874
-57557824
17553164
19706640
96646951
76480195
-86609798
66068851
34265329
11528255
-55964758
-84130160
84033158
-61835877
39584358
94196213
23513993
-81022417
-70057519
-16778949
-60698407
-37842815
56819179
5275256
4570368
94379810
-56108489
-53592748
-60502759
50848307
-9729772
-2023209
-1610261
63487496
84743420
-46743608
7278251
19077010
71473118
41559139
69533263
38596632
38420078
-86574147
60020592
-74380300
91833572
21933226
99881051
50342960
-38823200
93686506
-23486230
41517750
-92804063
-54190568
69540694
-35797538
-67970815
-30844303
40586924
9163602
-56469927
-49343539
20378017
-6445989
-73628057
51020649
-48293999
96781224
61168777
47740872
56253149
-31052250
15336146
-63493483
-31470665
76238551
-27189444
88213208
99911307
60986767
4945168
-42754745
66659196
73593682
-19065268
-76933887
443679
-32565920
55028999
34237304
83965125
55231837
-89146390
-98396598
-43101332
19305548
-20779435
-13349695
-33290150
-33944616
-9739342
-77030059
91319268
46406671
86941038
37324180
43109276
94029431
8554865
-49537542
-94559165
73505507
27260507
50115708
55757544
-60958319
69672314
5680254
87381330
-26926919
48053936
61202191
-89123343
93325681
27397025
-91719309
-90438943
94715357
-94494260
-37454161
-46109468
-42384775
43217748
-36231101
57064094
50360281
-26667892
-74463299
-73052400
52381471
-88730755
-50386234
66777308
-14227557
-49236888
19494854
15415347
-58915917
-41307209
-79162254