62815872
9391830
39023608
57241148
61044842
-52663830
30121612
40006870
86696638
180304
97382546
98735905
-45266765
-80325360
85335539
76649599
3577436
-833976
-92637533
-50691073
-59451400
77095195
-5119811
2106085
54906563
-16411752
94299737
-61124466
-87477449
-57254160
-61974963
-11754814
9826082
-52033219
-92739240
36221818
-43044156
30739066
34126119
47426728
70534866
15232173
82345380
-85832727
-83258476
49355031
-30327714
-26737148
11753298
88366215
64890721
-91318466
66327727
-89840179
-70671555
88033139
-99383903
69987417
67463482
-14556123
-56650890
-61556208
-34055437
93106426
91581762
75781974
-35732937
42631195
-32763680
-76078764
-94444356
77041707
-3290986
98647858
36371065
-19291711
90202403
-52634720
-34352171
26192325
-41431049
28745400
-90657272
55996483
-69711384
44177938
73385214
-29499838
-45878882
-97828406
-86798550
84878333
-928175
82781672
-42400857
82207998
-61118895
55390842
-71210296
73156372
42128842
93182242
83173174
-65210951
88346973
39481578
72043927
63040842
-59712884
46121889
91325784
-82760747
-50439610
-76540213
-41104958
-81215605
97141900
11706258
-9209496
82663135
61359225
29249010
29092361
-95316421
52119795
2288577
-55428822
65519278
29853472
64124784
30242681
75102994
-61373027
62668826
21234641
70116686
-2288816
-98000389
-59632821
-31768450
68786920
30138791
61831410
-6750133
-82202712
-85995394
79452870
-37342756
-73882031
-29093805
-73539078
68638176
23103808
3105616
47614134
-61543570
-88071385
-52650242
92713465
-26004960
-38978097
90433743
-2741883
743731
-15919887
-36570134
-89787711
-8555619
12268339
19813731
-97440992
60004098
-6413648
78181032
-82488599
35468755
-90405836
-75434353
40629699
-80392641
20668578
-30892668
48364191
-99847603
-93293111
-16083344
79033899
-76273646
-75645708
-55897226
-76808576
76466985
8066010
8718807
-69061177
20777051
19151288
-95529409
-62526466
-28411409
-86401447
-58898454
31154179
-39654658
47980898
-50005029
49789846
-98067760
-6465098
-34635378
98967697
-15665327
-2704158
-60998796
33825074
-90438687
-21542678
82671789
-30365819
84931840
44503788
2151458
83437153
1925587
8847209
20263845
-84491858
82625274
72591860
37356961
675321
72758673
-32637102
62787742
-51386400
-80595909
43751769
49586439
66640390
-94377860
51547326
-34884748
-63584114
-9074926
-48093114
26444268
63759052
69612193
-16275984
76773899
-7398749
46102908
74673796
84976297
35984885
59764860
52732341
-806997
13574191
-32220529
8310205
61206891
-74951037
72179296
-99799240
-42553195
8648998
-42325191
76146109
-64604762
4339549
59283303
-68708465
-99521393
-1043533
-39721562
-98414571
-99953600
65903404
-45860316
-62391761
-54762196
27502887
45482318
58101627
-36731962
-349503
45524129
23771554
26217563
32742909
19591372
27594237
77253133
-63960555
11924992
-56450162
70441026
70950368
-70354814
64998595
-10336120
73515729
40742113
7477276
-23940780
82416288
-8032545
-49441233
-61699520
-38016686
60100131
-8854112
-28932832
-86119144
61437093
58273178
-84870717
15901399
73853790
48406029
-94309130
33398600
62687923
94620775
-73338096
-73309472
33581060
-9121207
68571720
47553993
-96672459
-51895858
-96969843
42770974
9169453
-10378372
35298642
-48980736
61665902
56897385
-76402244
-45175711
-93767073
-22777096
-54674421
-84905734
44869026
-35947265
-59562682
-15850000
-48743911
45855616
51633457
63833889
29271524
-74606421
6335208
-20177563
44629827
20312364
34161723
26253075
58808805
1411910
77811594
-41047849
-73869867
-49749646
87442463
-10275811
-20496895
-89309642
-94127013
-79460106
-64389224
56513326
67930018
40641462
-11560171
51558245
-42190817
69076537
51309727
-49758027
51612979
29137420
-65397850
60826152
-60427585
2786051
-24224265
57069093
-95559460
-66835508
24268350
94657377
73596333
30450520
33969446
-63915628
89748029
-66419464
-85581367
-15213528
-39418694
-99332796
47517491
-63263956
12085389
-46473290
91650926
97568822
-42842577
50112278
30496478
-50093374
40617201
94626420
68787921
5698
-47544099
-69283467
65812721
42219766
31570434
-12185724
50420500
-71825814
9569146
68673644
-47055923
70074422
-5806088
-55192125
-77476456
-67578145
-80208895
48428987
-35102049
-30929172
-25722412
52435166
65277729
-29781019
-40394029
74846995
13277318
8741298
35847352
-98822749
54885929
-96298399
-2977266
-23150149
-10006226
36039706
12989651
-27457381
-39616225
-78971410
16713789
6641402
-12366772
85740531
-70662437
-41559112
36564766
-98934585
-80363055
97979466
-73419510
-17147740
-79364062
-36392264
-90629396
7070900
-61801488
6880617
-37724235
-19745493
-86404035
44608561
-88815230
-89776381
93148116
4035839
-76815997
-43650940
76968561
-33493206
63049831
50018483
-55197602
82437376
-15494443
85887442
-62953363
99860308
33658549
98330061
74131184
98267688
-55723415
-57854615
66825438
64383059
-41053342
97006872
54993736
39337723
-81647199
74358574
-1891608
-5393771
70084418
-73444901
48958689
10221374
56414053
31781434
28102729
-65210064
3449469
68276899
8639044
-80918987
-4796488
-43945072
77049223
12903332
-14679075
-3997964
88529037
-62488834
31442226
18251358
-41765407
-34721826
90007177
43597732
36721774
72536035
-55483012
34139157
79569940
97196031
65219549
-98915263
-78303916
-60700201
-65507404
-53716306
-59406876
12134885
-40111215
72892481
33781465
-50206950
-54566660
11812907
51783745
62310248
-18579922
-11318576
41344653
92580385
74787265
25088856
68045259
14635603
87418984
21042876
-42477523
6857690
59503907
-72711810
12716192
-13348906
-57088964
2443604
55857298
-49776172
-72814914
-52718927
-92606580
96303286
36294371
-54317918
-78558195
-49379338
-15510247
3318677
3264911
-89568537
-62474253
-76641882
88796396
-25054447
61784526
90870271
-31442799
18714504
17353168
-45417708
-31339476
33107884
12295869
32547005
-97126762
-10154149
-66554047
86070583
28801146
-54935695
-81279654
43023339
-94058347
-42748111
-33884210
66214499
-59690810
-7658417
33277155
-58441484
64644719
48993979
-9959582
-36176577
-9019289
-19180459
-41385164
46523780
-64479578
-10338313
-47674383
-21567593
29393175
-78849604
46398830
74940234
83115518
32779458
-98846001
-21817159
84168960
-64052683
-17989923
68643012
-99263504
59016150
-60897914
-52514108
-11742371
49164129
-67107430
72662632
45877570
14075220
37291016
24044469
97490891
49762597
23038919
-92315103
70544033
-82476273
73137018
49110257
12765096
-14349064
77902078
-45742067
30903853
-63391682
73567945
93521799
94743316
82286070
56788372
28813292
11368723
25161600
-82966023
-70825314
1647252
-81626598
-3979292
80375578
-70352550
-69207104
-92304901
63340928
-85382877
-87720003
98699153
97816394
-15654030
95744562
8411099
-74652364
5193317
-50967326
52089842
-92872695
83693484
-59130113
-41242927
-50324785
-32356722
-70940318
40094961
34392973
-18121873
20301259
6501853
68401594
27479886
-97926619
19276706
-10566653
-38964572
87170500
-93557497
-98323859
31112653
97878196
-32957920
89976549
-14950980
69936502
3678992
29881328
86856304
-93681720
-64623698
-59155545
-20657987
-92156327
99843116
32840400
-58286143
96362966
76308990
-31931335
10216946
90636026
64194938
91100159
11590639
65799589
-30146523
-27544293
99356893
84293962
72954307
-9521907
-79326654
-68032942
-60253257
-17367660
94215089
-51168062
64204592
25517689
-36956149
62534588
47066122
-14575659
44328551
97113755
35951665
82442200
15923361
39136146
60425565
-30303176
-93298958
-41615848
-29283680
-78493947
63123710
89930042
-51280288
-31283384
89951360
50991075
-79555934
-52260261
39738001
-12235223
54568998
-70414321
-35074552
33810866
65117476
-54217294
-76027589
-54319889
6466459
60929606
36084766
-44737152
-21157847
88354343
-74048364
-70016481
-27836415
-57202060
72256554
-84129619
-16960251
-57290843
96959154
58660790
-32672564
-71985194
32396164
54461641
-82143753
-81803626
4013950
59595819
-25176848
52997833
-75329362
77470205
-40862351
-23187536
-58412453
72225607
6688602
-90911201
-7606454
64778262
-51418950
-82001240
5971406
49429497
-19271459
-11734976
43431006
-23046288
-14137230
7180268
-89499264
12422856
1315482
69100189
-26701687
69233803
53123532
-97670521
-95766823
99021030
-67060050
-89548142
72156925
-286537
-87861798
50001279
-7288928
-7038498
-98979469
97276657
-13054739
-92173159
67645966
-533281
89506750
2526547
81343104
-41208115
51141686
60060670
-26031598
-98773165
-42213294
-48265128
-23528595
7726027
90577331
65801022
-68903394
-77515745
23392054
-78438028
-28501290
-963435
70177383
-62691517
-74644435
39589306
73490950
84627656
85836509
-3801605
-42242745
-28297283
71661956
72151523
39316328
-58949735
-98046887
88092803
89181900
-48461508
19796671
-10131709
-233033
-45201378
-82923164
79535404
-1786332
-56908662
55851969
89499876
-72272608
16535670
81505815
35071300
-40314543
-20698510
46631608
70387501
-36235440
54311988
81018724
-67450102
-42689223
-83211529
-37387994
8117430
-96092398
-42608098
-65767591
-50936819
86792214
13516033
-27332709
48243258
-49649689
-81254763
38773636
-37676944
-75861764
44808663
-43136172
-23931103
-7828721
55487019
37591365
-18600056
24286541
87828094
-70006498
-66446782
15452019
62500179
18018833
46504177
95123970
-45424808
-20871057
-28883891
-57156949
-53418437
81279837
54110290
-74718725
7802173
-26005615
54500313
-29578415
47323212
40789646
-35289502
-53507920
-81078026
-62945940
-50398737
-56507009
-4457034
16900470
-97266145
-87736427
67446196
-43293241
-75579579
-73647056
55821257
-8936406
-77972675
46752845
44594231
-96148128
-47121029
-97149883
-59145443
92868382
-88067684
92599801
51179943
-85465618
83596998
26049011
276741
64944594
-51739082
-14397057
-59094567
-299899
-88845893
58736802
-72543741
20893292
-61994567
-3885959
27236961
-93754525
-60073016
-54012532
43174654
-79042276
84466202
-28017603
59633646
-36622740
-20775111
-77817456
92684999
46255013
98900685
381380
-5816274
-27014515
10968931
-61547123
81858906
-60755412
43612177
-45062080
-17098244
51283883
-81739284
-44708922
84120456
-35141002
96099966
36703595
41181224
-33082090
-36912023
6164942
-60457535
56414029
37616837
80927349
-67120319
64861378
-73695013
-5464073
-82832162
-23753866
28820540
-186844
64067553
62581689
-48643460
-9299259
-66002178
-2496993
-68024277
76992596
-29267658
33489822
-13889579
14337730
-12370542
-58454285
-20922336
69820477
-33323394
13215729
92350445
45957475
75236394
-50915035
-18031847
-80979886
63869569
44262178
27704137
-7482966
-65364499
96833256
50873165
-87676943
-51598311
60932642
25073119
-91593424
43742971
38682413
33253769
26249568
-6357475
-24122294
2852229
71588251
94210312
-31935536
-58385025
-25589770
-50699595
-87570337
54253515
27360470
-61971209
55591791
34937609
-15932536
-22367881
41761006
75914550
-35687908
72497644
-36807383
-93775883
63149992
54527069
-8071896
-33370086
26377436
85846176
47615673
-45553429
-69980190
-70718291
-64348216
-7161920
-22237430
-21251862
75185022
-2060827
53496310
15982391
21137137
19378278
-77096918
20193713
63529495
73839990
55540444
-47166365
-89304261
28090138
72979346
40392458
73701392
-33538209
-95285555
29203155
10125503
-24922022
81472893
-79768662
44062774
32225427
37228339
28244070
68097303
87138190
50688918
-17964238
-94019753
50836387
-74677825
-95808577
-70794347
59935779
-40737178
-89043179
9783127
-52590349
-43308322
36489913
-94669237
-68071291
-22326083
-43904449
-71232196
60318211
-29248578
45707438
-1104174
-78902925
-45456304
47127501
-75797511
-86340023
-70046434
-72240793
-78372736
33209326
-53054876
-10006924
-34018245
71558412
-69989835
-88156699
-73875539
9182172
-27941326
72846575
1756181
98763354
66770594
71124956
-27249228
31192094
-3556571
7703164
-80603715
-90268913
-23711284
-42641260
-74606085
-40798859
62442579
-79208205
91723882
-29356140
-29715406
-58278894
-21726339
-49700601
-86244731
-46185512
-51029074
-8704013
-61320318
-21417192
73258523
93974885
58843308
67939599
96722935
76063365
-96328686
-14670938
99280275
-44972816
34765829
66972800
-37722939
-95837377
-65331552
-97455625
-80501207
-22474046
-75975445
-22944824
-93655720
-15402207
48558787
72907584
-17139001
-17191113
-87277616
37478343
-32705660
92633603
-45462971
-40252129
-89152689
58362376
-38287339
63211969
84450721
-94094119
-79323506
-47329703
58981431
-9806489
-66439616
-14025979
95341500
43247807
62537782
-93071521
-86179455
-78917613
18885152
34457522
-2127220
-84915504
-87232906
-73906439
-315702
-84642884
-66918520
99098251
52604368
-7528889
39932932
53239297
-71671800
-19822546
-33105411
-51729083
-54859830
-49472392
-72501725
15459487
-33661064
82046784
98225607
-5078277
98630643
54387416
-28594239
-41678242
55572486
26981879
9231727
-75554747
-26038261
-53233375
-23866168
-96369037
5566626
-79249190
59364592
29499767
-56792200
74828698
-48006331
-81142821
52661789
26805039
-39670051
-78036876
6082918
69292198
-71306482
82717139
81001231
-41187553
-43133241
89472777
-46298150
92886485
82168406
45606566
94061895
-8421431
-14371538
-17236876
48754241
-15503074
-74000794
-84212539
-91984585
98663449
66615752
-3528685
41328641
56255612
-84207218
-15690803
66537430
44763757
-40775840
24835476
-46583962
-61232908
-3661274
-38509727
67675449
-72104449
-98381550
-19552720
28295680
33932352
31226838
88598853
-23244529
-8185757
-99483118
-68095460
47496461
34045864
7523040
-88665942
66189519
44482120
-41583190
-33594976
-21587568
-7051183
-50877870
35761541
-25944760
50589287
91618987
-35013876
-40785919
82747335
5636098
-46575567
-39154824
70241513
57184913
32491340
61964482
82072166
-44456252
90091140
-67778696
-51399305
66535888
-74231486
-19073883
-39026511
-64605894
-48994340
19711747
84922924
47575833
-70707872
67891355
-46652796
36041611
7541865
94817035
35340626
14195477
79095151
-11063103
33319192
10014398
67847213
81424758
25571457
-76037491
-70896022
-603586
-87987111
-16631263
4921587
58420
-7800351
57456714
-68935511
67076733
85927414
91328980
-79043817
67100898
30034097
-1640776
2117112
31315886
89330171
53824789
-89316123
99346094
-17809793
59133071
-5463976
-67685592
77303103
3142043
95984733
39965476
-18218490
28336399
53685000
38378905
-81568686
65573823
-26051562
-68445012
49800755
29374975
17127721
-90447606
-3776858
92647477
99281447
-54229116
38808821
91711736
-9670668
-2890318
-3632020
-79695126
77540538
27131298
26459862
-64744960
65679899
62665653
7923314
52805387
53780671
-21868563
15769299
56860105
37262625
94220516
-37892180
-58799431
36026267
88354144
97260972
4659784
-57721412
-15409272
61053086
-439850
82028548
88932238
81933097
-33601194
79078472
30662916
-2863508
3682879
-38603056
28212264
6352132
-62904375
27342113
26972624
-82881044
2378786
-62369906
-88650156
-43318310
-13396103
-96016847
62387347
16105820
32615064
50365117
32891607
45385562
-26409679
60438408
-99268937
-51780447
91674576
-1896415
-45393449
71219599
48710576
45683455
-94354502
-99961335
-62850337
44144384
-8596782
-62859772
-20332102
49288863
29856163
75448391
12314660
-56026925
25960470
-89615271
8942320
-50097850
-42606167
-7865051
-70721409
58734047
-6042977
42157025
14345927
-99483286
-855582
97807657
-39835281
-62624386
24052012
74542073
36703002
-65798303
45118054
-97600869
-18142163
-4282091
69853652
-45335374
68197015
12975324
-90237523
-8132707
38113785
4682913
50631610
-34881362
40731003
-18535483
54070105
-83601598
-3200610
-6089935
-34873135
65867508
-91610447
90890320
-51988777
-5002763
13568953
-44107830
-50819214
73390636
-63945256
21218528
20501203
-99118447
-26802598
83241155
32745158
9526026
88191350
69326038
-32478277
39037801
-63955971
-86639191
65450654
-56344657
52887366
-44088246
38653949
81832507
3318182
-59542557
-59525471
41347454
-4074420
-23147239
-4779090
89018434
52202712
-70583618
41179073
66974327
85527662
-20581329
-94604042
-94807720
51417932
53789511
88394021
27505251
-57154000
48659241
-69292716
29473937
-82123899
-77052054
-74250948
-19700210
8360500
3848117
14044567
95032729
7477588
-20656776
-79963357
49954579
36280436
84875577
43321483
-75283216
36515162
85018781
-29261838
12291393
8568747
-93325727
65460177
20763781
82344481
-38470196
1321733
56162838
43647751
79432520
-10901752
-34547216
-2412362
-39395242
-9591562
-98524283
84044473
-2079819
32680749
-13405223
7480798
-54773371
16386728
-84883218
-95984178
-84221970
64598809
26692810
97085326
-14149713
-32363426
-55266965
-62460504
19939896
-11036056
72934906
83237071
-9802672
59767763
-96854015
94109795
82850616
43753407
-65776659
80405105
65567396
81818314
94807710
-47341710
-26953194
81414669
-42341587
29972898
62524312
-78657118
389386
-55256191
-54960738
-12477231
-83873189
36873877
-46741997
-94398973
47804484
48386702
44739171
-48080257
56145945
-62349979
-61100592
46554184
-73485731
-34573831
-90668201
82724531
85974761
-70246441
-15597772
31708235
15849354
49332312
-55860542
37482900
-97888548
37651446
21058369
-86402752
50661913
-62065256
78928564
-75563681
-66859190
-5378492
-50600034
-9492366
-38307273
-81838388
-59857892
97999385
-1384100
70019421
41600352
8557145
72138874
-28187849
-59139658
-12732105
-2507161
26104653
-5296123
11157776
-77409638
-79228235
-23321135
-43410073
-62067860
-51504894
-20534831
90985990
-75273681
24949619
-64024010
17581099
41235530
70369830
-76768128
-19860032
-18685717
10134019
20196366
63509001
62625824
-92646847
91620298
-54283465
-14496311
-71873998
-97555516
-54828798
3542191
-68412274
52463694
-37091922
68264928
77926610
-69993982
11789233
19274747
59499994
-79742228
26408938
-34061114
-37507549
74482391
92254875
81947835
-71937032
-29761314
-57056506
19075283
54270694
51023316
-44434054
90243201
19931171
-87042016
95926137
-3600967
87740524
14896744
-46262262
-92970081
-43653852
61017414
79566937
-76327924
96619375
85521028
64174450
11729012
-99418523
22463725
93481089
82850908
37002340
84637075
-90485281
79372466
64107287
65923130
-94972170
-51924850
50774774
50185227
98183206
22836770
-59602075
19337816
88093482
-61013584
-25446740
-26905797
-30896166
14473428
-19046784
99560944
-3360285
-71410080
-77304788
-55789297
52981617
49935454
65642052
11651056
-9513803
-73034580
-28642236
47810923
-45191255
22400186
64625055
40235390
-97769846
-99830451
-11460674
-65940689
-47463743
-82743901
32925442
-20940473
92494388
-26261641
86594784
-42350993
64762185
-53488652
-91818416
-65814134
52831424
95340514
-94804158
99221079
99596056
-15117553
96519295
22970880
-30003387
56205481
-96389091
40683489
28550573
35192545
87195843
-57824756
59606434
79809375
3817475
96993136
11590204
32302500
7445118
66887107
78093581
-8650256
72871633
-14690602
-10646416
71668854
-99924740
-50571445
59893873
61942126
-29776482
-42567188
-76269500
-34832587
73865498
-73614240
29185267
43393599
26557486
4178809
-17474453
21639624
-76968755
95026557
91563001
-34178818
-40614362
-32878909
-32348446
57741373
-61933905
-90904223
56883025
5376819
-17434515
-50940780
95804640
30986326
11927350
-63002599
-58367195
49769103
92826607
36316713
-22038976
-23204881
-66191603
29594631
53444491
-282511
-77404115
64811279
36277432
-64944098
56537761
-67960699
-68428153
24986873
98308467
-95422956
92656756
-70668743
-52874029
1261151
-58348939
-46685389
99902177
-37515046
-94283210
32045153
-3560543
70387680
52015229
31136781
-57454381
-23301204
-48146514
33530373
-57437551
95634777
49226331
-38362974
77524077
72451417
29681883
76350704
61503233
-74050520
-87223989
-97866257
98909493
37451116
-67453354
-74453753
-12560478
32203155
-35959659
22461929
60948369
19426952
92082162
-94635181
68261436
-2567640
-21439674
-80562983
52479996
21681717
59170678
58639532
-78225449
1383742
37876016
99125974
90298532
32932381
55356898
-92279463
-31608693
73011424
82202415
17873933
-37676464
-40302376
-25304532
-51945787
-92749426
49197639
251353
76202916
4401504
45983351
-54095569
19414478
5315024
-15757482
-85687934
43721031
29002431
-72721246
2319330
18471812
52974529
40253277
24759151
90448818
30382143
-88068709
-53102669
91845593
40337253
-17057601
31254149
34474932
-46160669
-1714234
74075672
-436454
28889666
4571614
91762692
-57913532
-89640276
-62017772
-54991224
-1626234
-89954069
49877233
-14734568
-47169632
-71027352
-4231727
-79258237
-42116849
-39982590
-77893375
-4615523
-54364837
-61862715
10689294
-83757165
38504649
-29320306
-70884813
76642902
-27163147
97393972
34884858
-22119938
92641713
6374410
-87545971
68419110
46710233
-35436937
91167076
-77734101
29743972
22597160
65882612
-8957196
-54581719
67285234
-64111364
51182335
-19401143
89175057
-40475760
44479274
-53578572
54132280
-31381611
88798587
-70985235
-17476900
-46345718
-85065731
-89242950
31245812
68843963
70995229
-36614060
-30785308
-20530200
65060609
-88826573
-95221751
74460568
77894066
-44091593
-63283521
34665668
-40394388
-21016084
55791675
-5540507
20721712
71269013
-61323897
37762905
69227487
-52482545
65929777
92972134
294646
-16185022
86084135
96269039
-8667268
-4461258
-87579073
57183580
-40840951
32918422
96447525
-2360772
-20443609
91200579
-42374338
77020143
-9444721
-21755879
-5822962
90986942
-18868938
39495095
-77869553
22261268
-44981606
-967339
21528778
94468892
21495069
75497509
76852219
-92848746
-66750902
28079506
46117594
-53784078
-55715746
30778999
53665116
95722452
89146766
35664910
-6636095
62150579
6747910
-65593948
76304582
30684285
-34549036
-94309397
-90200959
40028543
82523698
26362554
88209255
-78810965
-36082799
-65885650
-32670497
88537689
79016220
-67744680
-87145744
49104179
51646213
-25090273
72371288
74773543
91762378
27185215
77389545
-44665414
345432
-95627632
-64661871
11142579
32213389
20206356
66248088
84359021
37887617
13421599
79076101
-71611651
-27897952
-45674180
-12649606
-50674585
-92096532
733503
30707097
-40762939
-50102758
-90708826
-11420629
-2355357
98452544
29946600
-7810955
-92066739
-37246226
-19956358
80471425
5130689
98040286
40631865
20877519
-25130777
43324032
37263734
-88815075
11288063
-68715740
75093059
-43682555
37058692
-62898918
-91943354
48897484
7282126
-71627316
-14987454
1835507
-5545670
-59196356
17799325
-54696198
46906624
12613522
-78362194
-80344829
10978817
-92872220
72395514
83846416
39655583
13874156
-32423887
44724311
-41661772
61297482
44854877
24747653
-22815267
-9318238
-71569203
34811443
77582304
-23009477
-17631396
37686338
-8201918
-50948518
-35736638
-67553338
9382346
48899175
-87630851
14038165
57365319
-18149049
94320117
-28421024
23990914
-77349182
-61037050
-9441634
-45112248
-21044637
-15119084
83441241
-25781557
-49761999
63608561
-80535838
82520556
45949933
44923549
63461725
22726664
70925931
65250441
49091276
62772340
4995433
-1773864
83279590
59237033
-10698611
-29489609
-41472477
16463996
3874990
42338566
-30222713
42152409
16285058
71050145
13469751
-72912190
-67578661
1193524
48733776
33161999
94655211
71725988
3310430
-86791742
-13726064
10128034
-19519579
-93098849
-3859298
94320073
-82844192
-15984373
-93399450
-11427328
-93519868
62681752
-66587371
35042740
61663227
-10362013
40484005
14138542
48181974
-64894514
53438347
-5198222
-84847641
-24277999
53303200
24192837
-66232347
90298166
56405072
-98826807
-51546016
-48837122
-75912253
-54495875
91573076
-15497958
79594770
10159290
39373099
-15518225
6947768
-27438016
-96538003
-39858435
-69844974
-12545230
38294473
42322873
-72716663
-10189529
-24592634
40378635
-75591814
47685053
72682422
-96705145
50663588
22910767
-96347373
44613799
66600873
-39520246
-60343320
70846783
46683354
36980828
-95408219
92979621
3902132
-58831329
-6325185
-8634594
-70985261
-52697465
52715758
-38019067
-7222855
89044907
-1050356
-61217354
-55097761
40904966
-93260974
-28002837
9280899
-27456894
49861916
-93949995
42763872
49726462
-81087583
-46236408
15639840
-20848699
59987380
60441502
97246987
-24899238
-89676489
34305588
83041792
-38348007
28026089
29285819
77014815
73660476
-4400047
-29241750
-95051700
72148957
-2071106
-89246007
4025662
-96442826
-65789340
16173596
-47228627
-49282402
88925327
-30207369
33279501
50017394
53323312
-78259073
95157457
11594268
17114916
-54550834
92564624
-5694689
24345116
72765714
-72061800
47396129
24234850
63520347
-65672071
5702277
-25191609
-16870061
-62892237
-41640952
-6263620
-37507136
35524150
-73170987
50808056
-94214911
42937790
-31428558
69609149
-35202345
-12556702
-24225670
-95668062
4395355
-17919860
-46411190
-19963646
44235036
55579795
-7746105
64060194
-70006520
-59027877
-5613400
-38303103
59257354
92206409
68454685
-94495263
-88903991
-21879989
-42216631
62160699
23405729
-11554665
7544512
-44529836
-15368435
-7995457
-8487431
-34357210
69087334
17020548
38902764
-57693214
-27580504
99517053
-46471913
1397669
-72647931
-35827267
-10597361
-56875333
-8887000
-53303322
-57365553
-24327258
55143648
30988520
34942332
-7551559
-93580172
-2125858
99585577
-90259213
-42107249
96285685
54160289
34627343
-93265763
-99076284
90622798
-68812995
49483522
-82595914
-43899429
-9563334
-38982018
-45834333
59946461
-65679371
-38013632
-14889237
16299024
-96571560
13639204
-76191620
-17746390
41941584
51324786
4247360
-85286817
51373295
57743760
-33483253
-55983289
68044467
97543913
-24563561
-16215906
20784363
-1012311
-14868540
-24361830
-74302686
32007494
-33100048
-27954783
-26801196
-57363149
-85591426
-27464435
-30880447
-81917495
47521048
60792379
-17665496
63484985
-4275509
-17204650
-55109424
94920857
-84749186
-93513527
20450913
-34201800
85994795
94212161
-29979169
61373368
-90931125
-97445272
82797143
-99112504
-75200864
98130228
57536171
-4652631
-80895233
32502640
10820748
-50340717
23338677
29845718
49407215
29490032
6615665
-45853104
-59763738
-18756124
-80596362
28176244
-29746025
91611753
42775974
73254854
91643457
-54527986
-82328091
-25150767
-37181224
-53889998
2428870
-28035513
21429607
-22642722
32619173
85967806
-63560771
10369608
93182150
-93596777
45595475
57274473
69960486
23656668
-50306247
-46505761
-98106200
71009309
-49229968
-86531411
-42325590
-26800609
-68745163
98512384
-28129884
86933092
35520607
-28958502
-3401830
-59249677
-29916036
21275535
35255115
65288567
-48123208
-84194106
67416102
-66840849
18816671
-45034454
-75046757
82016805
-73752364
-20573906
23530695
77087380
45202714
-85884709
-22917607
89013893
-61463771
17418176
-95397040
-11558034
-25267915
-34102627
-75254220
73297485
82413861
56174740
29075649
-71618989
-29763054
-26061989
40141209
-39955366
7382902
12757704
-92194224
7187975
7104297
68079096
-35476692
-20589000
-70089629
-3055414
-2609010
-13305909
-91947225
-65714187
-88856839
-8551022
24680407
6174078
-56996023
-31290602
-18482951
78195804
26432596
-97593456
17215610
81746034
96362953
89067486
53079964
65830550
-67500630
37332008
-77730474
21803712
-77033327
-70747346
39751198
-78901593
-51786922
92615939
18503885
65454967
10388322
-93770860
-3451801
-25561193
-51070225
56420567
71090545
51945308
-8374704
-84929659
-2835784
-47258713
23866043
78165440
96299602
71126837
-35280219
98419941
-26192801
60460381
63446390
8916980
18997126
-32727301
-66554283
42595318
-44352433
-33485679
42265000
3431178
-70949817
13909100
55991567
-71019120
22386994
-78669715
69402435
-92726543
-5155519
-26648376
-59024663
-31490665
42776755
14461186
-64445066
56582204
-16983237
-91282332
56772970
6365228
58823409
52059595
7075542
-6279588
-1100556
33304943
5264845
52786226
24124257
41165610
60219578
63457679
62762817
-67917638
-23821644
-52693592
67780902
45847098
32671534
-15926609
-62600067
-23867623
-87930630
48353854
85620683
99759156
31126368
-60196982
58624166
-81588883
80742669
-52556593
-79251308
79163178
-632332
97888935
77892400
53155238
82637414
-88847012
-78295618
-37243904
-40037084
-94194605
20590996
8590167
-87799474
-72297102
-81074056
-97910475
-50538294
42537344
6890749
74470469
18573492
173249
22305219
24003082
3497602
-62812267
-97713460
-37290760
-85784527
-40304904
42111830
-37057886
-6758470
87760622
-2976660
56020515
-12211177
-76432468
91588675
63116193
44026012
41141335
-45865638
-23519631
-92796753
30411310
-59383595
-77914995
25717169
-76790520
-43834698
-61124707
95050718
-33119877
22296495
11961671
-98885596
17275948
-65391857
46843765
47005975
87953244
-4333034
-62878425
69103245
-92909376
51833361
3401172
20958820
94173472
-34608292
-85402803
38671217
55557704
38082599
37616278
69114136
-91466338
71182019
37050124
-2434879
48682534
8442171
19222989
94272965
-12679158
59756543
-49340095
-87370737
88435062
60694025
96900987
82603807
72696384
51062486
89475700
-61944277
-68909428
-77754727
-48730084
-92029375
-35164798
55102666
83242883
-93910950
-60236212
28594661
-25718145
-82209123
94845530
-6544372
-91813656
35155852
56613868
38548149
-94988732
97919391
82849125
95664938
40794584
19722439
50112953
30663174
45362040
-2390586
-22728705
-3009356
-85755697
96433368
-5015890
-80749591
-28816696
3982465
21425769
-15695900
23895907
94801654
-68330500
42671391
-69458035
-501123
19258845
47793920
-40596810
-35030859
55176337
11435554
-60362310
-22908292
57017078
-37266749
-62638679
-61335838
51707511
-93458879
67550180
17953154
-21651728
-5679385
-79081788
-67722396
-21756227
33081416
-1098887
-70973646
-63311186
79434940
-26689202
65338318
43829224
74321161
-8502945
-80942549
15006491
-73592037
-41283042
42637010
55944247
-37325990
43200214
-53204579
-95859457
98251821
-70199279
30531593
-57417820
49689810
-31940912
-28038823
63309174
64681375
-12329863
72794587
-91098245
94385475
-2768861
8338262
4608452
16929971
53107970
-87284749
71675655
-95066010
47103189
86022021
4057265
-85776315
-30915729
-59354913
74637392
-54617931
44907747
26489408
80620897
31334434
27332713
79438468
58222140
55843636
-1893554
-85598143
49525212
25460469
18296764
67663403
-87715417
39448005
-9123310
-63669981
30969193
-96212435
31831436
67485941
53500264
33622853
65761841
99351609
-1751641
36585967
39555411
-71635713
-89727782
33106841
-21620685
-21685883
-14729191
17275625
-81142806
-10010359
-17149394
-80738347
-9385004
-62381049
-28013578
-8934018
31041680
-60793799
-62544917
-70083923
-70091837
-46652087
-12590150
-89677365
-83916018
-27312728
-94557570
-38624577
-48792126
-51321446
1353363
20717469
-23178504
-21725500
-16434162
2864659
-14126170
-37613373
-78790998
-82527341
41856023
-83889239
-26094783
-99011545
65679218
23729401
30447501
-82893627
-51230576
-8630190
-5971391
-39287119
-2190607
-31881985
61284399
-51247019
-21753246
96329136
-77328956
15597605
8885996
-81321677
74112845
97718113
-81036809
92014909
-77858941
-54651710
40271480
90861257
-45348094
14971066
-52947686
18889458
-98759497
24939663
71136520
-23160088
80457117
-21864500
-90254866
-7875735
54089049
-10475404
60494748
83562562
57830405
-46635070
57122871
-80243986
44737747
84088404
52794660
-59352541
-22985495
-42613990
-64875289
-46486904
37603157
19512000
-32966546
28025087
16447911
90921743
52999463
94820913
-27196636
33724421
-48260335
-98072821
88496167
-52127101
-11018476
-3397089
48849209
-15357636
-30249662
-48238463
14910241
-15940675
84801239
23022459
87237897
-12051064
-32328307
-80060023
60334479
4587723
-79068568
-82812253
49722456
43775082
-7843164
-5696394
-14354918
-36844457
96088817
-69368854
67774426
-65794848
28273837
-53797697
89653910
84772388
-99929363
74908041
90351855
-51908720
43033352
25963046
-98422340
-78956725
8930742
23386705
26366610
-91828497
-85964376
71547612
-55363616
-4146223
-37629987
-80698474
51596275
38802572
-74048504
-82249146
42274165
-29659417
29699420
9065141
-79984717
78434714
-63407395
85477263
-69805273
-58688743
-83185439
-44017764
74462147
-80708814
-88106258
-54343655
-48864070
22114660
73400000
-31849431
-23539449
-7393717
19851905
-93089802
72206061
-17900620
-34709143
84378043
-33981035
87509747
-94001417
-50241231
-6983506
4877865
-79730282
-54986807
16209024
-55678051
1215053
-57821807
50022876
99810729
-98209709
67998244
52848669
-73514625
-97814
-40376400
79451723
-79607245
39785166
-13061602
20509950
-79081785
59734892
-79322919
84803192
82265627
79944159
-81511997
26893518
32333741
-34261549
-83100625
3210953
-52983788
-19565509
-87764084
89958225
-74540777
-40422081
30251142
32520068
47562455
-6280498
-10354766
45167278
96759635
65284025
2330264
54526721
-9188540
-76319933
-62147715
-17875051
295629
-30405209
-72664807
54963672
-89917546
43032289
86243689
44942437
26141820
-21006348
-2428999
61703635
46600962
58998388
-49539769
-3450313
-40120709
87640952
-4525819
-28063871
11567152
9607094
89823057
-93201018
74152034
16760038
-57012103
-69984398
10692098
83157833
-49065712
-75078090
63401606
-78741700
-3726892
35831621
-61808328
-68673497
8955525
-5231633
10011763
61166866
4770483
45780977
-82248020
99597288
-31845266
11670980
26755842
82925541
78257877
16276016
-63146416
25587223
-39508412
16105959
-91586195
47933963
-63541765
88211595
-92574896
59559390
59105875
-19256449
-23798329
88632623
-93092792
-25335828
70348599
67691027
-80456254
-85435948
-66544871
31184327
11303283
-83207852
-50423767
-85099913
64886309
-30095566
69511086
39809091
43739824
21208177
33267947
86776875
-11079380
33091107
84664596
63960955
-95249211
55805443
-53287367
-94548474
40020795
73116140
21422067
-14404892
38783821
22091114
25517662
91954463
8469773
54045096
-17217766
54365662
-95676481
3906667
30047661
-15549889
-59351943
-93226526
24933731
14793981
-26901700
92288732
76024951
-85487899
67061453
-45391995
-50878845
-6860396
63227422
-50644020
29094169
97690159
-22558687
-83935268
51647506
96197586
-22429587
-56917673
-14835055
-78638145
-3137252
-84251486
-2811053
94737089
-36347439
-95392755
30155224
-85183764
-50345995
15070171
82789578
46717180
65665293
-24587099
-83755937
4313711
95288701
-22665959
-78517147
-89244577
-39976197
-95497477
-43755508
71316804
88955553
81143280
94805771
48712393
52423291
28151125
-69759204
46351435
94470537
48093673
-16136271
-39347925
-83988665
88885495
-95765871
-13778581
43618613
-41359684
-89840162
54306117
54851177
-45115550
44929009
71596633
76710774
-36021496
31429064
-97324922
-7287618
-15558734
-78782006
-59644738
70777443
97662299
-11146976
-26271952
-39507927
98890287
49107683
-55053227
65665020
-5095268
-35808607
-79834607
-78447433
-16614581
40590396
16740867
51443676
-95729862
52812224
94123607
-83162870
-64420494
90456992
-34986171
1978525
90495167
70905199
-78245742
-61700101
51391392
-45975913
16466165
-18617793
-28103421
-87965865
96271201
77905026
-79753393
-47695803
47110602
-58392152
-68180641
13791248
-52415353
27789966
91996615
-73650674
28421256
82901719
74377128
39761886
-42537658
-51660630
-55720560
-32775500
-12512992
-22915053
-25923250
21928386
-75487967
-88504852
-17012592
-89275464
51767007
55321535
83728261
-12895593
33726381
91908970
33034410
-62069915
36688492
-91769391
96629984
-86893638
-28689307
-91810094
-96292442
39277120
-99060034
30642727
-93106924
-30442423
-40336866
45880844
-76198666
68952211
51865115
65516586
-72993266
22572992
-97153765
38035448
-42527449
54043698
20018628
16905261
-97392378
76890724
-3627745
-2283194
66311896
-96345179
-10675341
9766018
59145157
-20092844
47540896
60177654
38663337
-16401422
-95352377
4001028
-94947433
21158034
20694426
-73316839
-8115111
-28757453
31781728
-15833398
-63141385
-14443550
27919236
-35180588
45453199
98735894
-56640434
-37468943
-86665614
-17825946
67376542
95849448
89027851
-65164070
15844121
6283320
96690800
76444962
-55533061
40149561
-34906225
-49488360
11627831
587193
-40483677
-83285599
66437555
61302101
65492421
70349502
35141683
30670067
-74289017
14809776
-73743573
-61844270
886331
75793904
90446026
20278762
-26897734
-50831331
5076847
92578313
-86954333
20252988
-54423837
98288372
26889575
-87426695
82158279
-34844510
68977947
-53741064
-81927013
-43322175
-95314677
22153021
46242267
-95630001
-67031567
-38810038
60998955
91712734
-53541300
9846959
61872835
66046702
37584320
6796896
-22732944
-23333442
-34458955
61978659
-79511007
-48670995
-91588063
-1986215
-59599843
-4812662
40112159
3023164
26478541
-87509607
-24473959
5321660
84435468
-52007964
-73201961
6540781
94981773
-33028223
-42902850
-51423524
-22084497
44796808
-20224195
-11504089
25541045
-43206006
-83175182
-40234881
-49181358
-73768440
-56117782
-12827608
-92007466
52977399
-11983664
-88839302
27166400
-93279012
-61995973
19022535
-98238329
92612299
31382474
-88945034
58657760
-65473440
70244134
60238045
3810496
-80951237
-9417430
59797453
79315590
-59146583
48410385
59090733
96385095
58813128
19596489
77925572
-10392562
88799394
-76210753
16872650
-79656638
-1713779
3742099
-37001517
-18647974
61022592
22549739
-54545946
46444398
-48085375
32484395
12061652
-562084
32505679
44047526
-45174820
45674196
1050579
-66891422
96613591
-91126716
16223109
-81396021
-15368028
76208896
-68738270
-14711371
71443323
-25565721
42717253
3019973
99077448
90243676
8846867
40100039
-75529298
58244160
-79506894
21526489
69736291
-81075169
-95379248
-44899143
39855046
49373601
-17995104
62260378
-58743473
41726891
49498088
83213827
-11945498
-84823556
69615304
79649261
5816158
42565813
88349269
62599167
32436002
93727051
85069696
-6521207
6988674
-51087394
-44855873
-40591313
59831959
62682900
34236871
-36720804
-43619373
-60166444
64883466
-93368141
93613314
98410363
-50133369
-46353559
80713302
72303656
-28957194
-20432640
-19765728
91813487
-51171752
-73874274
57211861
86053367
-84415429
-39639659
82587191
65730856
-91096472
-26578915
-22234624
31510584
-18490270
95024427
-8639591
94999344
88872404
60895193
84121423
12470279
58581347
-21435317
13512488
-93435385
68523026
-4879583
-23772480
-25851830
-66952518
-71722515
42067538
-85451263
-31923447
15961701
5648493
50360084
-5640957
42526572
95197283
66377276
74977818
-72364271
83409110
-47450002
-63200515
-62127761
44422218
95755764
22752083
-19162981
-26359566
-96782692
-92025500
92127997
15397812
56879956
72668441
2583084
-67740682
-85502805
52622841
-33238337
-10939035
-57530622
14389467
73894447
-39331456
16476412
30022192
-53568269
-70358847
69816628
-80906545
-23792567
-25191556
43343650
18381142
62365818
23741708
79251515
76150092
86021857
-79948551
-86505861
-29437485
-41533926
-71328013
68983489
-58091623
49195125
-72474232
-27628318
-96587999
-76883282
4557175
86945129
-84496146
74704955
68781214
76740479
-61110718
13042619
-9629118
57405643
-63142326
54774207
-96687301
-34136141
-68238159
11669914
-7788264
78904377
-61632754
38110093
71027093
-92718123
5464548
62715170
26807961
-29908118
-22431306
-1143046
46586383
-58078033
83306555
4359063
28748883
70779073
37315311
70691078
-16729917
-85785109
-32823333
4037739
-96507187
31232223
-795927
-29436471
-92259873
-48690999
-45213478
19903201
-91225821
22328496
-84417820
-81804873
-68800112
27003061
-2118513
-34836170
59051971
84790796
53642819
-54001378
58695067
-22504442
77618239
98094238
94322685
-36606912
53788877
-18551426
-85038516
-26866720
-87735327
93181588
-44017129
75345484
13986440
-29825960
-32823947
39501453
94652896
85111172
25374404
79376863
-47557416
60928115
-59245337
20729008
7783879
-18380580
-39480655
-86486006
-45323669
-26865786
-28109936
-55961129
-66835071
52973361
75465123
45253892
-41881339
29105224
3191813
-14011860
-18762784
93086366
22944679
-13673055
-55535139
-33028899
-89233871
-78851288
-38146997
48124705
67825370
6102587
-42470013
-10143512
-65630782
20132441
-40518328
71438074
98361049
60308842
-6362383
22116578
96162510
-91176471
61507624
-33364318
-40904720
-1344858
16058048
-55603978
-98859663
-68471158
10790285
-94709592
-97905505
64541552
88261266
89554930
45661753
-61474079
68649508
98128112
71083512
83722907
-48000684
97261195
86640193
18888292
-66435787
7179738
-37481522
-1487448
-96897126
-38266725
-57445
-18838837
-51972956
-34412642
-65954591
-41693711
32641463
-29329806
97274714
-60143775
48746313
59224936
-32442403
81964046
93132815
39248411
-18320371
-58318037
-93940552
-12156766
-74548184
54942060
-56652291
25736890
-56018984
48961705
21690423
-77230257
48011034
-87782120
83370649
40685669
69042441
45157712
-12043665
25702703
41423397
-23317614
-32908995
-23436273
-26202718
-49956623
-76959513
-57703942
-89603552
-98930188
-28908747
-47161977
-25228083
77000405
70610326
98344770
-16305061
7777113
45778155
79190888
19703026
49022150
-9384351
-41172083
-35366088
-62564506
-84316518
45245382
-81363659
82526662
-35511891
41104613
-13809116
-7636296
15122295
86365905
81759646
15616005
94132752
-1282117
48815629
75574283
-15366346
25787003
28227311
-93390944
37317579
46746124
87643412
50396829
-48881751
9383084
56047114
-27170087
-85496030
-45184994
55359861
44765643
-71169706
98491710
-77489205
49974587
-35542358
95241615
-47099215
-52819344
-24952244
11608468
71837389
-26045816
27321235
80980429
45183341
22177607
75622608
-4010970
74172476
17555991
-72977194
90690398
30229424
63649290
53672707
-47375773
9623822
-77781327
-72577714
55628065
-36092693
-6221924
-5394897
-52947182
96513329
70238515
43982495
71194270
43739908
61408720
-30069224
2071758
5428201
-64844614
58045578
32497599
-74480084
70394907
-17647601
-49182255
-97199266
40141226
73883413
73090716
19249892
-91790441
-72884090
56877942
32237141
-11622240
62226236
-40254495
-93808413
-15755597
-43561757
32322514
46401529
-7908145
35139659
97990179
37779032
45113424
78052937
51174940
-73854620
26779508
-90893539
66467242
-53478161
82081210
9918130
3376167
-42942462
-83842562
45275803
92500450
15816769
19387673
-4895218
-69310296
-22915342
-98788963
-32353778
-20381572
86449874
4495761
-378967
20640646
-61940414
33051963
85727291
296931
-26140023
-25344968
62819072
-29787553
26180277
38723969
-9238413
19020302
42797837
92270677
-80015660
-47407538
41354738
-73906154
-32432712
-47229751
-31593772
-41902987
-21487180
-65972776
-6078869
-83338300
-12444832
-14555709
-9436319
-99684243
-83616529
72991252
-46311663
-75951512
-9178407
3710187
93495401
-92764903
33230523
-71991554
-65092197
90154591
5109933
44027369
82456985
76304391
-14398402
89698992
51805944
-51444166
66082307
-90940670
52561770
53283164
35808868
-77454894
-22432550
38940745
12249593
-91521915
-31929449
-82996523
37095164
-64875288
-59651266
-49972997
-18023051
60776198
43265031
57525581
61269008
-22893479
47671158
9937422
-99911497
-33370630
55183918
43261747
-16229237
26400688
-58064335
-82307539
-66120290
-50396120
66632155
-70080123
-22142
-44211690
34584389
-21280343
-94647836
-69745722
31713523
-97430409
59891701
-83607272
33621321
32631707
81965952
95206249
-37858050
13430663
-66155462
-32875327
52501192
-47846445
-85415831
16872733
9316214
-41453747
80741811
63906899
56480962
61316217
17026172
-67881388
35088820
33694100
-96603333
-43897156
2408886
-39838906
-39284246
67452839
31969566
-35495031
33458269
-64225645
-48283597
18450214
-50316183
85393233
52611140
-77780587
71398489
-80563797
-40380681
-27046713
52459538
17388808
-63473480
6796248
66310238
16485890
-72360929
-73126527
-50436835
-47271608
-69037631
-74382773
-87049758
35681150
28339812
99131724
-53152496
-80630410
-50150046
50829365
-35729497
-59586537
-95059051
12393046
35287855
-70289445
18116505
46193715
-97595836
32251598
-14604441
58999590
-15072742
-5012337
-78947274
53369592
65156779
27351705
-8009056
-98515747
8380375
69869544
79138980
30765187
70616534
-7430647
-12883776
60609631
6467743
-60976976
21836737
-62920932
4546243
-5336458
45365278
-34806690
-72443587
25353703
68302554
56991876
-1900468
-3063931
73502344
52763888
92974373
-41646107
-84599184
8548652
-50857225
44855039
-33570345
-25859000
68175599
25551777
88179555
26073475
-45294613
-43303268
54027782
-31386994
-77728248
-60915340
-86392249
35351001
98716182
72420415
-29998750
30200104
11188976
-35906725
-47038618
-96596938
36788337
-93635315
-81684787
14480763
-57482378
-33068175
-9743008
-14599321
-57564858
11505523
7753748
-73241302
29304842
-88627130
-6129402
82922002
-59205762
299252
64207086
57252682
-21696164
-56803414
-7895930
18843632
97017512
33573274
56691470
-31160416
-34873440
-2427775
-26782274
-7766188
-42077577
85017389
-13139683
80810584
53871250
42087118
18679493
-97423267
-69086274
-28977980
-41239904
-9273214
-17373912
91232774
10476472
29653712
18350914
19361778
-56931777
93958127
64558181
-2286965
-48125787
30980961
-56199448
75884582
18292658
57851227
-94582144
-33681788
72483535
-144814
25177742
97878771
20138655
-53702460
-96029153
54569016
-37587840
-98888022
-61785256
-90982025
52187315
92630333
-45076040
66090251
-24371405
36340879
-10841080
56989363
-42712285
9447271
22580436
-61893821
-30883269
-94579237
30274447
-82748965
-69692989
29912320
17768350
-64800908
24777373
57802026
-61941185
-10398832
-33931293
-79413541
-53244683
89563209
63547002
-29553560
-32845535
-38235318
-86699743
-73719820
71911995
79182473
-63645566
-88801904
-43686473
-80100448
70820784
34138392
40234770
-96175491
76875647
-88339547
-85779596
-79878535
21001959
83353481
-80801157
63860941
-24662197
-55263126
5601449
14172832
51662157
22573558
22145435
-13567279
-17749234
-67894483
-95160174
16680241
85506970
-55483603
-75642963
-27065526
-70767413
-97503741
16914121
-19898052
-94682143
-39973945
-14455843
-78759360
61482218
53111282
-9736447
6228067
91289205
-32177620
-65445284
-96205782
12910913
25713004
-80502408
-15611822
-24540207
64467831
31781325
-45915803
37130290
-88714442
-3237475
-2694696
-88643383
-74083580
54222509
-81816622
-65377172
-97274523
43610324
82103390
25409493
92011847
-88330161
35037365
68321973
10724676
14712997
10423779
3749823
-47478147
98241223
-11879934
-44011820
99272054
-88407256
89771013
58283576
54226343
51044305
55479027
75363384
-66202559
49993365
-33910323
22146251
-40230055
-28380608
95125005
55118632
-78993422
-25815745
97152981
64944594
49425785
-2619262
16392286
-56011478
35204466
-56244799
77674592
7878387
35047768
68385332
-49348438
-40327209
68557352
16747623
42766426
28608195
35323593
-80624914
63228513
-91729254
-43196457
-49107014
-29163538
44602106
-23638466
17951262
-28334629
-67535448
-9050014
-88183095
69528649
-57115095
36299389
-243623
32401058
6057530
-64282052
-29260858
67183784
55394860
60654389
17467050
80123155
91602216
-15490715
99330987
58281733
-10744605
-40421830
57587620
70391107
32870723
74457756
59794167
-96243539
-54467294
-37963861
31157819
-61438702
81233849
-80470844
-83683505
75777290
-90135548
80910074
-43085502
25348357
-80996782
-14109714
-67316041
5385112
43302222
-62372541
40739313
67244813
92863302
-34421606
-7786918
-23521357
-33159012
6468431
84747206
-32322601
-99752331
30332007
-17572529
-46916502
83316232
16912124
-48833084
-25371906
-99498280
32213536
-31664183
-19046683
80943942
76221338
-33560678
95855956
-42804287
-18429415
6111822
-86585687
-54241561
85959180
-75624215
-76988158
-24713234
99289694
6170364
70312377
43958065
88958119
-62632426
-91674377
-42550000
-31095098
-51531512
-25816055
90055144
903731
-86304172
-27063682
-13702954
20500090
28779157
-99172974
-44725101
80171493
-68261001
4554633
95190415
25604950
-30759884
-74435563
-45376524
37157710
42945355
6236622
79513590
83410043
-69263282
70719129
-91740743
-13920447
59684328
42145011
75199118
30800086
77745193
-70487984
91988829
82519968
16320441
61948545
-68403643
-7674316
-35946739
-6635628
-36500082
5741813
44224686
84077828
-52213060
78512617
21982431
-59095777
55377250
-20744237
-70435243
71304059
44437770
46926830
-46760819
39897553
59224169
84323671
46607618
90290213
81891673
60156147
73785935
-90506811
-91298584
73289944
-83109291
-55562787
-78083835
58507741
56751944
33320896
17186491
63627345
-25108103
-70115895
-9886695
-79721643
71664960
-69903819
60843937
23426711
59679487
-97775018
13787911
63700446
72457116
-88650644
75671974
-59797746
-15152393
22642191
40632432
-74429923
-4624738
-11758297
38632740
-71208250
-6813422
-7636615
-97467158
83527044
-23146144
85326806
-65408609
-7534457
76750701
47143725
-55726147
-17362379
-98654790
-73706472
5019159
-15659072
58622791
55024833
-80092909
-51178744
-21063888
-93482726
-55549618
41784755
-54261200
-89688525
13964502
-86704007
97602198
-71187463
43375741
34033908
-91832194
33332002
-91031775
-40036701
-23556264
-73447354
13115116
16875262
77042522
28001175
98936798
27057517
-6659220
28952564
-47400431
-88781797
20982996
19072623
-37479036
-55345199
-20111010
70848817
-76018673
78521067
49092041
65069574
44552111
-6267479
-872804
-41007834
10188508
16215259
-735792
17249116
76706187
35331540
-34796009
-22179480
-72363578
66295066
-76576893
-87867837
-82670803
-52447137
-98973067
68320639
-68110617
74281110
8398188
-20154055
22006972
-50563132
82729491
81104535
2565744
94285772
85971197
-23693540
-10974947
96449952
63317884
25183218
10729619
86019023
35985138
21314402
-5711946
33193720
61759587
95939598
76791729
-14326828
-4067701
17255749
-87872625
-73447512
-23934870
-17478986
-70319254
-74578537
-39333039
45112959
-48909207
-6387113
36184270
-11980346
9842180
11118102
-80850420
66026937
-11297326
-68285434
-27874516
1169198
-2634321
-15761639
-99559537
-43094673
36418967
-69558508
4017586
93206499
81884606
-22884725
-9458754
-29044073
-94398958
-6222659
76880016
3779775
-23404641
2599251
-57915142
5903093
-32051177
57554944
-27957696
18162752
-15048899
-19454482
79276915
36814606
35782082
-41595330
-70298220
98318533
-98436649
-80252411
610950
-39308853
17868833
19234658
11573361
8691544
39001634
21196222
8538560
17642097
-69281183
96833206
-22389763
-40207373
-55262562
30125292
-33687903
65186835
58707331
39436920
33267386
89614576
-61842489
-34384543
32043459
-82054045
-88167000
-50848704
26556389
-92325351
-80978450
95134550
-83698875
-307345
-43503148
69165317
-99766040
4176846
-31782150
36444859
-47662766
-62751799
21834591
-65692239
2692728
21431871
20168629
-67513766
-14648441
31317145
-69380229
-80335312
18905242
20924830
76257557
6442545
-5015825
57970912
32379300
75063997
46136554
52003962
-51243817
-17346756
10461517
-93050481
6155358
74040741
13539373
76838191
-1561389
37118390
32644661
-15994611
88394753
1980998
7272074
-40761646
-1505363
-94185721
-30934914
-35278881
-1263132
61246755
93242785
79167500
-95890455
-76110803
-65321571
4550836
-98049248
-11193334
-8871231
-57829274
58512373
-5859572
-56171042
28016021
2295573
-3402946
-62367444
-30057639
-1337457
-40649597
-84466873
70718316
52967084
-82741163
24809897
71447279
-70847209
-1148867
55109232
-33938304
-12968621
81259559
96486064
-10213098
30514033
19610418
27142364
-56200838
35280989
-73776843
-3208824
50767356
-86563712
-69272704
-21577518
63315647
97271924
95463181
-61224188
6563642
99514425
17703423
8212215
-16206752
-34135115
56866456
-52978996
-49795121
-59463515
34694477
14754153
-30795413
-89367665
-7982826
-37544133
85643933
59964383
-67957760
-56606200
-85006238
64580692
-20947684
-8737206
-54282492
66469134
-23714267
-71988216
42909017
25221300
-65139678
82841316
-54059497
-68050444
-75489149
47631212
30850666
-5577480
-85558466
-47484095
57863872
49112313
97928418
68678324
90690
-55874009
-93652941
56595239
-47656150
99821919
24023877
57082623
-35726505
-28594090
-25161071
-73459147
41169888
50610466
28174953
-94426347
-30411049
95737599
11624452
-98727590
-59576672
-1649090
-49698500
-54753159
-1526646
22396576
7764460
14610473
39861752
-99536064
-26288855
84880341
10617296
75623344
63104828
-42773872
-49148967
-12482842
41939832
-49332653
-69256900
-72862956
-52349425
87149118
25526898
-63621484
42088512
-75582040
4640531
47201642
-33603992
78232228
95624089
37797795
-50796158
-94136655
-8771109
-71614958
-42218806
-93796266
59917319
-10035859
-95512312
-84999448
-14670998
-44593025
88535592
-7409797
19801861
42014731
-23677588
-81785268
14405638
-70678441
-85259672
-5711665
-25873207
-23344083
-13075299
56918356
-11937478
33998823
2582090
83005194
8576642
171095
-41927159
19535828
75091850
-75378730
-5219514
9136849
39206362
56993217
-54320545
13524574
-3961966
-63822210
-80911045
46057679
-2475700
99596593
-14234061
-3624302
96089771
46582454
-15380187
-7608594
90145254
-23054928
37403905
-26882835
4293576
13890057
87071267
-55486470
-79308025
76123722
8180617
38927362
76952724
64866970
-19140201
-2309742
6898076
-88837323
72274828
43259229
44199363
11241780
37610164
-96219342
-95438031
-77040312
16911665
36835968
-5042521
-95449757
9646235
96311991
-98849857
61382231
55228201
-45957653
-97281653
57954195
-87242220
-31997242
-33045228
80238328
-74636881
18546788
-55673829
-1676866
2044420
-51415410
42218123
21481254
28526432
10330023
-12271975
-52609389
67644237
85923349
40126967
-44224192
-18862534
-63246443
91874888
97115587
31162339
-71977258
16034275
-53075923
59335385
-7893669
-76704385
-81813902
-65030908
-11722374
-54719388
-54382035
92957914
-28240843
59689114
-33193137
-9825302
66100157
19737637
38415840
81371697
-8852788
-64925981
80153577
-60502518
-90365221
89859547
-97677744
-59926827
-72386732
18059244
-78085797
-94754004
43355173
26308494
67997809
48611229
77187156
-55771505
24484575
-67513259
98660834
-14390676
-45825971
70322177
96926190
-14461763
-91188016
-77742495
95846632
80321149
22409243
-17473924
69146627
39615129
68890118
3659138
-15755030
98552081
-56326660
1490487
-7714358
-47647008
-41541082
58279469
10533724
91186212
-68287681
-46907804
62631839
51761746
-53834242
-55868330
-61077331
54624686
23332934
-73495458
7475515
-66190371
24772664
-51289556
14015833
74543508
19118734
-61072982
30620558
-91684165
-25634742
-64742172
-53187185
-80342897
-20502981
66507394
-88781963
49632549
-27976037
13900849
1829574
52031901
44135910
77372865
-34541833
-21609496
19215290
-25918049
-19169880
-66435748
-24057641
-40140228
41126061
-35531617
-48546427
-79747367
-95525555
-16570757
-71152876
-8199293
45256206
67643049
61767675
-489322
24422350
-86081677
50563541
-37145186
62934058
55780271
78019414
91380895
-85874947
-65369365
-92275770
-61795693
96635450
-40633470
87011218
50528990
35043856
-93090385
-48840020
92530351
46181502
-48794566
47364834
-56334482
-54370627
-14676803
-4086280
-68614155
-25993175
30561257
-1450120
-36298110
-36346310
-312358
-67305412
-55122437
-88030123
20458402
84275600
19358639
6573554
-8697389
13840072
-38596332
-8309049
-73982487
-15711631
8908320
19329226
74290690
-29920041
-34475547
14906584
-55476555
56950866
-73803638
-40292083
87192826
95653134
1253609
56505222
88187746
-44321971
90237452
61778113
-25073063
-40499640
-34763545
29870456
68829107
-74335775
90879604
20457275
78115473
-53741696
24704909
-44832690
-96213409
36866796
36762784
99584680
-4316091
91391358
-69837812
-29349229
18664480
74022501
-14326066
-46111838
-47309957
-46875889
-20898784
76291894
22243527
-73892938
-9115926
-94178931
-82123962
-29659142
96656580
75362699
-81729600
-7091643
66930879
15679981
-22382019
-23431224
69677957
90273216
-68392791
85108340
27629751
98773846
40465220
-96818911
88031799
-93368499
83390578
86226361
955530
-13048700
-62301357
-5580914
86421203
11536295
21922626
99650206
52381723
-59296525
52006015
10369169
35916665
-94025931
26368533
-35426113
36621122
82431998
-95420119
-38765784
44172163
-11438317
67506254
-55999023
-83963233
-20069910
52255723
15323505
-39373792
-43954994
-61219772
55754252
-79215286
-50061006
-56252899
49161789
61562577
-18676729
-19664610
-67180043
46077207
72178519
-31162067
95595339
-90966853
88822037
62690337
33216396
-24285134
-49511252
-76090350
97499763
-32517782
-45077953
42855574
-96605399
-32182569
-38020465
-54497203
-76078092
-92697552
71079965
-19528918
30587275
51723956
-90118307
-57828680
49197380
96442787
9510124
-45573063
-83983887
1295461
98796675
-71647957
86840937
47570653
-93509166
2068144
26125499
-85089064
-58735555
836070
31721717
-42228200
71993871
24129813
-72595917
-39194600
-56153732
12029795
10752098
-21204061
80565087
93478432
-90958273
17005682
5501640
-86326267
86371275
87045260
-91192020
83822025
39712844
-43761961
66800622
-80404105
88430947
6612533
-97627328
-29378513
-72166468
36690907
-28963251
-32505212
54795356
-43303569
-60758423
-66321851
13297952
-53757030
-30830478
66029832
-25448257
3047202
4241685
62226825
20573737
-16726345
18241633
66788238
78929413
-41297625
-11674599
-40016961
10529820
3211616
99271259
76253697
31747862
-21251339
-75673614
12507583
35698373
65367970
-61715373
2211007
-52036468
84398186
-87250778
14879564
-71879741
46953947
34821263
-68511718
-15756050
-3629271
51571768
-66372945
61409261
27926884
-29056547
-54838770
-28232389
-22479749
-57984008
-7300070
8746504
-13546656
-60982881
-75875562
95438037
-84637659
-28889123
24464230
-10373015
6154673
59647661
-45369352
5590857
-96807212
-49647305
-86386761
-52748478
8587365
77137868
-35485050
78401541
-78952297
99089361
35083987
72572659
-6203823
49272476
-77932274
-49386804
-89014260
45251688
-76027616
-613107
83420504
73206215
-72796107
-44251656
-14853207
99660885
23603592
97209868
-94984898
-18156943
32693859
68807947
48723341
60749488
-41964140
44200996
60477965
-33812776
-45831708
85921898
19210979
-98977714
59847562
-73146420
83192760
89483898
97916641
-30873270
-47997729
-95824206
-11556269
-9120550
68156488
-29838482
-53899449
-81827606
-95470344
6221728
-31249392
-96921150
-15654346
-63579808
68917589
25027557
-47852750
-36017625
-64627160
-34320661
-96186733
-8203009
19809600
-71954867
-15276046
37459338
27816942
55269208
95384996
32027094
41140729
-26992515
78207745
-88354412
-58987372
46074767
-36058717
-24800962
56832616
99057511
58858259
-7696947
9397781
67493088
35034319
-93315935
-16218971
-469523
22758929
53861089
-16322419
-4893420
38954076
7466964
86401109
-5438326
99095652
-66812091
-53872338
67431681
-87245633
21740374
50939691
21236876
-8320284
-39302115
66130781
61730071
40507477
73425067
72494607
-42442776
-87469100
1080645
57692196
-17464642
75893237
95945814
67118360
-14957509
-16862760
19332581
70043129
55594759
61430646
79921347
53528563
-83416376
75212607
15292196
-58691936
-77579052
-35517231
51026375
31397330
87531212
-10445586
97167421
-37852
-38268268
-97220990
40367452
93763900
-96763345
-33604881
22451899
64726567
-70858484
41199937
-88720794
-79908264
99010805
-42777917
-52352006
-24926
36992610
-44101664
54010160
-15577563
69777304
-22623552
-31802133
-14018413
-77910019
-33215924
-54862840
76209019
-96804215
-97166837
-68765030
-97538520
-71476397
69288631
-99861155
6049351
12979446
29316765
-13604583
-37223905
73643224
25682497
49144936
-27390767
9092245
38142517
56923478
20475566
53021966
9529152
-74237507
-92189196
87230021
-66788584
-52350439
90783926
-2925649
87921442
16609024
85313137
85642089
55052688
-79026811
-84341629
40789669
-34846865
52182669
-34525772
96614048
-53955659
13235359
42193811
-22709919
23762383
-64751240
56131915
22374861
88417830
34252332
-23505283
42288394
-23358212
-10835520
-40009516
-97680841
63334123
-54513329
89356012
48797361
74505721
15939296
-63775952
56008963
-44996410
31250816
-79213247
9114337
81919707
-90327481
58064813
-98068637
98257947
30989768
-4369762
-77824175
6466655
-96823197
92270785
-30307863
32916199
-44774772
55667952
-21769007
-131413
87540187
178226
-18799423
88789642
53590998
32921307
-14342114
-17480918
40141402
43773471
85172590
98970440
-50195015
82604379
-84610607
83563546
-90154041
67756109
-63010129
-31977317
-23249735
64795883
-86312000
-86895347
-68996383
83307669
23215970
-3029957
10856073
-94871456
41332954
60562076
20944989
55907569
91230250
5836890
-71269203
-53193520
6553465
-51574371
-4298306
-46952542
26703917
-56806399
8690685
-7817577
65392763
-84161471
1266588
28800394
-86342559
57321599
-76382096
-17015486
-69400417
-14223861
62247402
20607292
-97699668
-39956992
-9232291
-44623898
-24582586
-23017948
23197128
51532264
-62273111
-63330427
-79392379
61969167
-76150471
-86749595
-51651699
58138594
70616514
62956010
-83390863
-15131935
-70960376
72914243
-41943576
89806309
-84903323
-77061495
76218963
94126123
-36375085
-12071870
37695965
88459210
-21219455
-90383833
20814714
82036730
29994159
23142139
-93683647
-52034782
-96886640
-13082211
1180426
-14962450
63412512
60038779
23809291
2689499
80177986
-54862635
80666012
-2789523
-37334343
6105774
44149629
-32334816
3623187
33811663
99904442
90826258
28540160
87398121
81140749
-66554096
76799606
37454295
-22795498
56181143
-92702923
-76034551
11056891
81482297
-8984617
-81221204
35292897
-77063313
-65400726
15120276
9273494
50536010
-12054730
49503626
-99843069
-2445731
-22689907
9107532
-93270861
76019926
55829530
-17249794
77217940
-76821925
-48594279
-38989693
74637743
-45208754
-83369738
-90754150
-11836010
-93926099
-53736960
15688159
10985960
51760147
67600308
67884348
72552249
79696976
17453398
-66390447
76720744
-2481101
-9447700
70733600
98750717
5215242
10060917
35698335
-849442
78394337
85040367
84268937
-67283780
55126492
13946011
48698988
-16980456
60745889
26710523
53914785
73570766
-42567023
-33057498
-86649160
-46222403
97711871
41229607
54519500
-39567356
94466403
66626424
-84787765
-40664140
-4888353
-466750
27803262
63362274
-91070200
-27307325
-17170654
17520390
-37412637
20514554
21085873
44648717
-63131644
42297631
-70474080
75728500
-78209367
-27182630
-59277988
-23618508
53187143
-65170137
-81938962
-7452527
7291942
-91511467
-316176
-72202003
-33668397
-68481608
38959618
-77956389
61312172
-14571417
-47851986
-21138516
-58330250
-98354811
-96683954
-90134906
-68356497
-12469488
2921803
-79428701
-54501447
12325584
2020
-28562315
5511685
81659379
-58859826
-44962761
1578376
51899266
94735965
-28150399
-44497048
-42088483
39905816
-44954611
90723664
99041357
91235117
-81049931
-39896126
-19739574
39502206
-34011909
-91705941
-47830711
-74908105
-84383123
81663286
-79559502
-34527370
81605093
11464493
32804488
-62406879
-786087
-39249684
99586787
-71057822
-16364534
3231518
-1747543
-35359725
-27038637
-17323913
20214747
3653824
52535541
78640905
4758552
-85263713
70191877
-26653754
93768067
40867087
744690
-17348131
90379789
5203395
33355476
19626688
21098594
62323461
85484160
-66683785
-34665544
-20715131
67538967
-64087747
-71228531
-89039692
-67567071
40482646
-95798435
21172385
-25920855
50158264
27637321
-39533888
3655866
-52049074
48961872
52661123
-96860798
-92633634
-5967719
-4043961
-72872353
46620076
16178845
-96764624
27836671
-8498685
-54568046
56639633
65338804
99683553
-49923656
-123125
-13351513
2617951
88790964
-42659163
-27124411
1150228
93542055
65840982
-9366902
-48630654
-57881216
-80716378
-84294262
76939159
-12194513
88827785
-64084460
-67500396
-28853104
-56169153
62246806
61039577
-76990625
-14662264
29251632
36836688
-29815682
93945986
93668659
52028667
98787393
-92947924
-77604915
-37185264
-91133932
11129167
5421410
-90171354
79459380
-77846217
96045527
32005952
-55527250
9322679
-68519333
96819445
-56548919
-68271000
-42587254
-79914425
-54679556
17941815
34795454
91546591
-63531255
65634879
-82535797
-83445765
36673038
98941000
70954272
-93997045
-97509253
49687431
-42434028
-17037803
78762121
-3723593
73465274
-66948883
-9261325
-52707906
-16633759
-62419514
97784077
-49053673
95851011
-35378650
848888
9980528
-67310689
99897649
-55381255
68722987
29077550
65829042
-41095287
53885005
-48494969
72684874
-51178317
-50601838
3209326
-48718661
-71994127
-40804761
67974141
70059465
-36999102
83911358
-41123615
-50727815
-67960096
-33575305
7691363
-79392251
58375144
87387689
-21018264
-57055115
21452476
4407748
-51954856
52952451
33554108
-86736590
-29735851
-82882470
60860382
24012310
64093098
-44896215
-40361029
77471005
-17068063
2490646
-24858333
-27516157
-96708295
27446981
-41150760
20957765
68521731
-35486377
28875453
-97336741
46748664
42377091
26537545
805420
60940171
98944373
-91212536
-75073874
-73838351
63331149
-94611301
-79720480
58805913
5359650
19309367
11035113
52131477
-51786823
37433881
3746625
39969210
-97853670
-24023428
-73705559
-92662501
-93784608
-4383878
12499572
-84838251
18413928
35301707
-4806571
-35355254
-66813500
49332569
-36733040
-54124669
59014579
-31142989
-9746853
51539037
28147848
-40457695
-85471040
-80968414
36156512
-6643967
72361790
-6151336
34271748
46713827
-38339848
85125919
-84000443
31150473
12019350
-2962475
-50303125
92052890
-98759545
26434405
2154903
12254729
-2319323
-62484590
-45429735
20514069
2054520
45563482
80657110
-83888911
-93161275
37408577
43653493
-77984257
-68286061
17964193
46128912
93626317
-18474076
92567381
34256960
-47156077
11130391
-93250647
30653955
-76086982
-27015882
92608779
690876
11869283
94534462
86958669
21456113
65930760
68890692
-44603331
-47827627
86406458
-80306701
-9082587
-67038657
67387832
-78854186
-61603283
-3387358
22396395
37664077
-38429783
30330931
31926862
-7025765
-77325409
-35156903
58949540
65095162
-94956026
-85461785
98091054
75107520
86758317
80003793
-4962144
62201130
57142262
16989338
-94960237
71434149
84832458
31444311
-3016766
-37192776
50328679
-90398852
32320688
-6959888
-7401828
17357782
-34579881
-63471484
59901206
87439512
43200226
-65024383
-39835978
-84407638
85331321
91824011
-70639388
83667236
88513346
31513198
-5074413
89193125
-33664106
10747410
92476554
21412634
-4346377
50154302
56896535
-44704916
10761143
-87122430
-3978922
86082872
-1369563
-68197357
4649361
-91562823
88882097
-17600563
57784021
-87302827
54792250
-91726587
58097316
52842569
-51013750
-58365988
-13986468
78660129
-80642246
47832361
75189705
-42878811
-4980600
14709370
55622963
-20560028
-50584298
-98235374
80406868
33857996
44011140
41993258
-71952499
21908168
84909555
-82370981
-19627287
-77109820
12254972
-45067178
-28247274
90307893
53761840
-76452477
63127244
-14022736
1815363
-51683394
-75715412
-56885574
-2624061
-977439
-82478428
1961310
-23949518
-30586025
13016507
-52468435
94042104
-82737020
-88260381
92665906
2074575
-21867793
39338795
-57179056
63673561
61547256
59933459
-71268419
28891197
-76463591
-2087291
-70145280
16198195
-32558706
20029329
67157874
76470210
-78669614
-13195354
-73462337
67602460
-46038323
-94044779
-41450910
37325224
34541164
-36985859
9328815
80663668
17898997
50735751
18118512
-38710136
26680829
-98796102
7338515
88076226
-2988791
37832006
12904886
83519822
22688908
-19800786
-60538266
87783097
-73509101
6129486
-75987820
-91274566
7162834
96772757
-39841671
94947841
-90225105
-4929913
-39420453
-51709501
20975721
-40295273
-27814604
10890226
65513330
69029006
4084969
-91487075
41484966
-3185909
31503901
85823108
92162145
41517757
-33996779
-57785551
-59006666
-47830561
2999496
243429
38354577
13975980
-69069743
-12569635
-13484379
-6476919
67159780
22043923
31865678
45337460
25541560
21059148
-72667295
52733031
6871325
97598296
-8193256
78710543
-64807617
69148111
19626577
31622386
71613507
12614078
20678779
-73641135
-89151441
48747749
49095259
5536606
-10905751
88874314
98092595
59617975
90814101
67087574
-94560301
-63774662
37837355
-85060340
91111111
-75467692
-7391184
53957950
26353884
94120873
85932727
-85153007
-8878492
1942337
90091505
-65795937
-17131833
62512735
27203950
12733428
-8153351
50533555
-24490876
-72076375
-9828116
98500062
-53624480
-67353426
-73226374
86045420
63197702
23547919
-36335165
73267384
76956841
-78224011
88166496
-61954342
-5844852
86166760
-23767794
-2044647
-34325172
-55107475
79707658
45237873
94074395
55048522
32154934
13432109
37948757
87613753
-37075762
-40025073
-52667683
-84650435
-43191841
-1058683
63046374
-6366711
-27559418
-95819159
19564427
87551926
-62956209
-51561411
-80366313
20315622
70814531
33256200
-5968223
72728704
10720695
-19335382
94322588
-81640690
12672379
44328003
-25723982
-19681078
83808329
56755792
-36543584
-95829209
-75562362
-37746231
-93645702
41418917
-46679811
-47467693
14880283
10610333
91254889
-85109230
49164277
5960978
67415883
-15029554
-73923803
-68860031
23095196
96690137
-12003257
-33295038
-48248060
-49816387
-33096930
-4187870
-78698420
29405111
-92843184
-47225586
52167375
-53938386
53340784
-17714704
-85304245
3041240
-97845177
-98792528
40129861
-69076614
3229834
-57546741
-3830599
56317138
-33053068
6300489
-35804061
-76415990
-96791569
-85164459
13271114
90327918
-56737967
62351640
-21850181
-23869090
73356524
-62107023
-69973103
-9192788
-32054331
-85465492
15708179
27137239
28232368
61351168
48180238
16286551
67372647
5304449
73894917
-7348203
68926441
94414966
12446379
35606259
74815955
-3120507
58167625
-68600834
21079891
34262862
-14962770
81100313
92580303
-73645531
-64071377
27111550
-73213873
32531957
33998062
85893130
-75284979
-20392303
20279221
85075514
-98189145
41129938
-56884403
-83678151
9242012
44231562
-41027598
-84093842
-54570428
-47232782
78613753
-9327485
48090156
73287799
-99420079
-40759228
-69295872
-6947830
32390956
67015803
-89616588
20904155
27004923
66700997
-18162462
76105372
10602501
-75164691
1737725
11675596
22927345
89025958
-90193461
80112917
-43682324
-42009124
-72538233
18406937
989282
-13044593
-39760275
78399954
91369409
-34538649
-4278309
71539017
-31101318
999130
21630594
21808167
-66983735
-5058625
94964903
-79359910
-30013509
7916594
-42282001
39487521
42642850
45300715
26094416
90639477
82389940
95812125
57844764
-28103985
-20202976
-24687397
93859740
-53357361
-11303702
-2453996
-91298996
-90398618
92918640
-59069089
95270022
-17424612
58357960
-61985191
3408026
54523615
-88430468
-51751681
35664582
-80874937
-2452491
-33128753
-11063589
49983696
-44979765
-42244780
-53345160
17675335
25417625
-8825796
-65807102
37477541
-62054170
-60934604
-60094552
-35319054
-7007317
53710386
72727506
9881893
-93866403
72909695
-68882984
37035715
10917583
82855566
-2385482
-39113366
-36223862
-59011255
-92101030
58192920
-70454028
-92383937
36631773
-5318463
-90481570
42440627
1559303
-78463507
86447094
-19095701
599408
63002919
52201070
22351483
89170745
39034287
10628196
-14700043
20766946
-39129896
-93478548
81879501
52164047
-22429052
4283273
-43992563
-58862034
-74044943
-29195841
32809798
-58222553
92706126
65839613
41733098
-33531114
37222079
90858257
12536886
-54068784
-49224536
-72683736
1746227
-17338293
41866432
-40378153
63106613
-80050051
-57438940
-54061530
-27052575
65854933
-58420843
-36259590
44562747
-5883771
33293141
-6792737
73629423
-3422663
61172977
-54496994
-70304969
-10912823
92324030
-31623130
29940872
10845238
36690338
17930226
44917187
45551100
-87523604
-35515376
-54997220
-94413918
-36150780
-37775034
-79985727
65520239
-41068780
-2079239
-97263730
57625327
45542468
-87609991
54120699
20797241
11256208
-41084645
-98230777
16685427
-65417749
-52439006
81173396
-94261763
67300507
96165171
98090646
-82677665
-94570145
37785053
-44764895
-99406882
-7461857
49712126
-79134986
8632570
67024015
-67276227
88412270
76569682
84903196
-56937019
8669926
82120228
20019530
8763474
23907589
91696047
-57713726
-19314283
66668147
46430409
-66096573
-50661373
-4663199
81036765
-25077373
75536202
40392897
-7434708
-402667
-62362398
-25869195
94793576
67876160
63202320
-84852676
-41250180
811110
70323013
-27740470
32984575
-73001855
50920138
-83994004
-50948910
-88246387
484207
14443390
37091452
-85201416
-67444747
-89568479
69585665
-8919814
24155793
-64548462
-85272029
22676247
-26946716
-60938134
-16962422
88333869
-23880716
92529244
2656300
-84482991
82095177
29742214
-45229645
-54649266
37354159
-91741594
9285392
-62843187
80334073
76786447
4505195
26890319
-71807511
93815337
-85708325
16219277
-83848481
11875128
-32975799
-25990108
-40873836
-7481978
67410447
78299401
-18844282
-63532120
65963948
-79653256
98391816
-89590185
-80979598
-55188227
-24922724
-66145637
-92528314
-72852696
98112648
200062
66921058
-64089450
-86660169
-60267496
43781220
-80545187
15959707
93855467
-15547425
-75854868
-89585489
-48095256
37617454
-61653873
-77980339
38859293
10748446
83391978
-20109720
35692084
42699176
32472781
-77538432
77368754
-24218512
-96349100
-20062566
-90737045
21903762
35672523
42581991
-22263886
39738296
51241990
43817981
88661018
80955159
30105995
-46918930
95594723
2809283
82583611
13146043
-95758407
91397881
-75408472
94272093
-15858501
-78819684
-17028877
-41691954
19420293
-34161781
-90055605
-913905
96524759
-37640427
-31492789
22701880
-85012085
-93211475
-94358923
40733932
-92591184
66806981
-50695193
-50543603
70670543
-30168180
65462545
18158183
-91486331
-25096877
-78985609
-17071844
23636073
-21848463
-61857253
-50851990
55693463
95259476
-39288616
56788795
19656344
-45018770
56735166
-16781653
59558197
75162182
-15132891
-83663077
-67053661
-69413536
48329768
27583455
38018738
-53651416
66633242
-53457235
-92255969
-11485919
72170397
28943607
-4251796
-8859878
68751005
73473091
19265859
-33497399
6733962
-61847953
-12660594
18320203
-7451156
-49408862
-35525697
48854751
-67566974
-79746005
-22127537
87860031
3206358
-99005545
58761608
-88353639
4670286
-24794846
-452716
-57468538
32261742
-3668811
-77254342
-6036502
-35140612
-36337550
-17354604
1537725
-78794628
-11728107
4286611
-43256185
-71847675
-6553684
16913816
-80693337
66576785
-22237732
88136801
-48693514
-87590890
-25041585
14262269
36279064
82284364
13054474
88581439
-53150592
56120166
92395260
-77925354
-79935627
22041883
50602902
-80151287
-49806486
52532241
85605213
2359506
-60433472
59264677
12989568
34952230
2512800
-85685278
49478175
40562952
-48445462
53283840
-28449143
-6679337
-41519081
-40072089
57877078
-6318213
60444348
26302818
13234463
92711528
60072085
14701271
39789822
-27734268
22382397
-7991572
65135153
13244337
-11918072
14551889
-71772213
18766858
-33549911
20507095
-57005170
67088905
-38186029
10435670
34488492
-25686523
-49215941
-23216563
-35798318
71443711
-85464894
67627579
69628869
62049958
-59218144
8785801
-33510582
33927679
5613259
-71961045
9269285
-9302067
-30574591
35887919
-24366020
23037260
-26767654
-13557000
-6784101
-10016014
66641478
-86256433
-27032795
-99351812
-94878550
-64170244
7290976
-27397251
44629580
-9623404
-7119430
11481575
88531753
2428047
85345626
-72306371
-23716317
-1948052
-72650483
89455187
23232421
-67892181
-56264441
-72178021
79007587
30716846
56518875
-95452644
98708744
-9677736
-30409114
25041807
-99615759
-26380398
21614872
-45620310
15655484
72816059
25549552
78520896
90255050
-26510341
23101973
26903820
-98211747
50810953
-34383775
-49109999
96983579
-84269909
-15343414
-69491358
44007647
64915565
-91626138
94389202
85705363
32539406
-71192075
-72140275
93678689
13541782
-50680053
65996167
-22757108
75831761
12650243
-27790469
86937563
-31177438
56407296
48326951
40217463
-85611605
45110817
42015046
28950679
-64527721
-91686846
48991213
34449877
40852278
35546340
90586077
31639654
53414392
-94190575
-66940641
-76943690
78820792
-15922131
-57748509
-44655029
-86251127
94627977
97814272
-54646913
-79785681
82395433
6652179
94770238
13638003
-12128689
58553342
-12992742
-64819403
-98916102
56886353
3369336
-82323551
4159370
42574094
-93035657
79281109
87281017
-85146804
-66036792
55090015
6970230
-42108375
-24889688
37590500
36516392
-60069190
-71386121
-95744579
17911880
-70491058
71691035
80775083
-57296776
-27439705
-55754581
-73798703
-60500815
83193433
-82713375
-79120595
35696420
27671963
-57028907
-99827680
-91303924
-8050644
-53650784
52483641
12501901
1422304
22301001
6451758
70840389
61048015
-52148372
64647271
46874846
-3099048
52506428
72543947
-21341448
-53943285
63143402
-41578637
-632016
-63155791
-53241250
-73611169
68853270
-74857886
13164515
29495726
-78914077
97772835
55952623
14102699
-811298
-51016190
-84878710
-52653136
78729615
-69065576
36264079
9736555
22457453
-58793416
10065936
98168201
49464268
21269264
-44714706
-38788787
14465962
-97335949
-49402923
-44082204
16101771
73762304
-42349324
69840605
-51688040
62815461
8618616
69753817
-39557030
80674227
39072864
82776120
-57097045
6645370
97881374
42299572
86822873
45203986
-50649982
77777426
9930902
98150610
3009066
-16656979
87229451
92128396
54135413
-58065905
40642308
-5221779
-52836350
19896003
-62520032
-40110936
-85756825
-70711664
-21400853
-69110681
-63312666
78948808
92795246
38522064
-83032769
-52077991
-31295699
27854038
23830585
-63595921
9672096
85161670
-46267212
-21396715
-39427176
-94706306
5750741
77132657
-81326282
-71942956
-25726160
64674105
-66545097
-58005390
-19191912
52554500
58096935
-99237978
-89636819
-5019386
50342462
-35349457
62067662
48877112
-90158274
73349877
43926277
59056949
-59851957
87817448
-98493189
-10718334
782538
60712974
75787749
-38513609
7718550
-96905417
-83446530
9353289
30391233
-19399288
64828727
14239586
13626818
32437475
27462488
-94330488
-47949258
64452753
21687526
29640653
6067875
-87020440
84870962
-92857437
60631058
67569912
73128123
85416482
-46942431
-92159074
-99101892
-38087014
88309291
-17225548
-36096307
2575209
41256772
-64211957
-5716683
-2212065
-81919389
-76102296
-8574255
10198222
41266717
-99248717
47520731
-23667349
63993388
67592059
-54438457
89320043
29061655
-18336262
-5195345
-77463715
-22421846
-44234002
30526155
-1954906
-60655997
67021295
-88661592
23298145
-42993220
-17574952
-57104234
-15773962
-18413766
-67288829
-78959250
7292017
-76008249
57070345
38872872
72389249
-12455945
26288297
72781420
31308148
91642158
-86176186
40178081
90520982
-57470397
25899838
64284467
-86919396
69598638
-84209878
4140961
-86416448
-9635729
-81299718
-20897389
-82917356
-32717363
41936559
68613777
35499729
-3925500
47495800
62347669
-95940872
50391010
-91449598
82504135
15664371
-28723616
-30116793
-75543190
92856664
-85490946
-81987136
-48967627
36500197
39686730
98489936
73341277
97508619
-90964773
-54993654
26307173
41364619
-83518257
-84537258
16112536
-59142665
-85043953
-64287374
82673068
-44212865
31621394
32295443
-93596026
61843774
-87264492
70418713
-42543222
-84938933
-48672023
-68885114
-83841849
28402853
-90407284
-806992
-6157825
12595263
78498188
-77416953
13735031
-80475463
11404647
-63208648
47401470
-4961570
-35378675
97496044
-15238345
99566847
-26029470
9707510
-46759196
46691046
12460228
-11881074
-38505407
-2619294
-28187142
21120958
-14941002
43779557
72996499
-44984711
81997491
-49655110
-33676499
-32364977
84062169
-82465030
-37016410
70357960
69441388
47584528
91298699
-59000374
-69921950
43539101
40051167
47293615
99360082
-52089975
90587554
-51875898
-77924901
88191033
-37958264
18421525
40565382
-42489524
-4712103
-60564043
92099473
70722759
-4655508
22298637
56304367
-34248891
5425448
91038917
-15610426
672546
-81271737
-4192739
-17731054
64082778
53682096
-9573532
-17541178
91688451
62438127
97134814
-1608503
18686564
68924236
-90411565
-23976052
-51121835
-27744349
-44458272
-19687190
35549832
-89314031
-31538066
2834560
-45341134
-26439681
31025803
-88520483
-29415026
60410210
83568166
63396876
69800387
34864766
-19839471
27969979
16012571
16241037
58165699
-62024816
1625761
-10839724
-18180240
38302649
-77268577
27219728
-13564371
20327310
57207532
-82284020
24020858
11327981
-2676631
-85345654
-22197785
69325210
37213973
-76075654
-7211551
-59356669
-7889982
-41279463
82075198
53418498
-77157072
-27973680
92362355
-18526073
17147727
18456982
80520028
47124037
20834729
-94447693
23608121
-57863933
-61638587
82040597
63674980
-25775886
57953658
-65774092
-35747952
83272001
48645601
-3336406
-84708952
-15604220
-26297687
63255830
-42159317
27675291
50092755
35866495
-65227143
-86460961
41928167
14413162
64348380
-20949974
-1800846
-55550557
1745067
-22532165
48497147
3962035
81115393
85937878
41393960
-54427516
-88316298
48166906
71296945
7246770
6358215
-20976986
6530868
32691789
-91039838
-99990842
-89719659
-91829138
27829888
77625019
-83888062
-96618005
-13621252
-730233
78855104
37922188
-60158858
-88771713
-17509363
-93816451
33735771
-24785119
-76726154
-65937215
-50807965
-71801600
91488003
-5524794
-90177080
-11972965
84147914
84161879
31053153
-23310057
-31128587
-13495399
73027078
-54185822
56403993
-15706633
55113088
99157161
17500393
80660424
-42628386
-21024563
-45193900
89198503
-20616161
-34147024
29690313
25668161
68894675
-33809837
-38407239
31923706
-12698470
98913496
-23784944
85598995
-53937320
-54009184
-48540404
-44492189
63200542
24197546
-77805825
-90333414
-7337827
5593643
-74014413
-76530492
36113766
32842755
-16058905
56008953
-93436124
76768201
-15502954
44890258
-74758626
-94419289
-86805477
61509890
-49685891
49569717
35974458
-28197077
-53460581
3621920
7210833
46194748
25443257
63967634
34606272
-39724040
53732145
-81359510
71940329
74880681
-66687612
60249883
-14896358
84727386
-81338040
-2431887
64155846
-41959971
-33589034
16771751
-78612907
-14722643
-90070037
-88933844
-52454502
-7099105
-27665962
62113029
-35785321
56605541
26423125
-25128111
39604399
50359895
-29905083
-73867007
-146132
87479507
-27405931
-59974489
-37417369
89712162
-72026035
-9271417
-51776775
-45078794
-19987572
-35506547
-11006325
-42368655
61334227
17246650
33453324
58533164
-86689867
50858387
-55987963
23990926
-95987005
73708767
63514145
84456863
23479956
73092472
22172746
-67270163
-69463394
-72159166
-82832362
-48884643
-54933643
49649098
20595898
-28383029
10287659
-13625228
5869641
22701047
-78402936
60471983
-27769497
52127678
63428361
37204300
-45660155
-40068115
-32962723
50630027
-75317099
76883377
25408794
-55531232
-23858446
41153194
-67374819
70962889
-34475878
17954186
17579430
74388932
-98362696
-13598076
-37709408
53822778
79885720
-79307379
34071453
-87752502
-22615744
53431967
62561595
67381040
-37718001
11993313
-74559707
-94453670
-71274182
66000329
78573356
-45423200
97191096
-4501149
1140201
-53773422
66255270
26773981
26780680
-735455
97083705
-12428634
91030928
-70428759
-96954254
27619841
-3311502
36548111
68233343
-91390383
-38865638
41433402
-85950076
16942574
71530522
42675021
8333344
-59981624
13434401
3421803
46448075
91321435
-83107623
-6095784
16023399
32434569
96575509
-68234431
-29778756
-54390535
85760006
70452654
966825
-57006797
83918211
-40099396
-38363787
-55488757
68687282
-76784894
77034113
14547470
97366363
86472756
18867695
98322247
-98348049
50239338
22811946
-90632204
2816527
-53891164
34766408
-48876953
-30284295
-92700748
40823193
-56154380
-63613169
26045895
95274539
-2782927
-90366569
-40109411
-81498932
-4415178
11099579
-2926219
80021949
7555812
23446596
88330029
75891973
16355199
48676586
11712198
-96387770
23860854
54707388
76386086
84813638
-57612413
9364966
-92634861
27284689
14243679
-23816250
-99894010
-49706393
-31653592
15095687
-10069980
75161485
12247080
-2991976
-46139260
76170825
-80602288
-79675009
-4761173
-42254464
-76898475
-79383168
-87271161
-85550994
-12847627
-42952165
-2472817
643978
61103240
-27600896
53407124
-55471315
-7359603
58907102
17592195
18922435
-35259083
-22238108
-30478041
75142061
-5816480
45077148
-1344143
65603261
-96779110
-89103113
45041424
-87809225
-43658778
29253363
-28461166
77342388
-91825084
29676895
6668561
71957603
4798144
-75736753
27713480
-6940412
53202864
33632197
35886714
-78576825
95980379
90863330
70531870
-64830236
65391078
-91095365
-45172101
-38721913
94625560
8974526
-49439248
20167208
-4671245
17282734
61383330
39777197
99404869
54558893
18516808
67365558
74505757
-13509775
67579445
14380419
-426596
8100017
-4842307
88231973
-83173677
8270093
40977455
28485518
10167377
-92804303
-86634423
70177980
12394274
10020462
49734788
2216102
-3843139
-46897650
-19743968
83394415
-11276462
14301857
-99283684
35369387
-28773587
-93709705
-87738512
-74434262
-76258244
92915748
4453710
82593126
-77119329
12945322
85175140
-47971455
-99174411
87039446
62629308
52613863
54489170
-91401967
-58159265
92278206
-96053503
-3255540
60328958
-9838110
14609870
-81641639
-80717616
-87373101
88306019
-83556561
93524901
-16177349
-94410756
-90729443
92894475
68144396
-5064278
29092740
20204554
69760549
67789126
60905675
-17531823
70491574
53714178
91207129
17280219
-1740021
79965243
65544188
55655389
-33615032
96336364
-25763030
5249596
69842532
-15485513
-13178592
24473243
29919039
-67263086
40756442
79151139
-72699696
56125441
58698258
6244545
-83389832
-39490803
-7160084
96626020
63684462
7006169
75614512
-41139877
71244452
-78250938
57242399
88084944
62361913
24180372
14066707
63651078
-75424022
42053115
15839031
28510228
-39454528
-86723344
62607439
34626874
-15716093
6232245
-54018954
-97277481
9535648
21843011
-33437843
-61266375
-53835054
-9037651
-77361241
-73828291
96731099
-76158649
52887916
80126885
89096841
2881764
-17367883
88577030
-49178912
27637728
88223872
73174410
-60926568
-76994106
45121129
93083203
88973737
-50212788
50453657
1957264
-36059721
8090856
41069173
-55250952
-97964613
30871438
68700340
-51977459
48661695
-72376860
-84317751
24696335
-84137446
-18445879
-31466280
-61587377
40868303
69872282
50269875
-20750637
-57896832
-31929631
91787141
52740035
33181481
-19280095
-95787342
45427777
85447681
60348460
-66949511
60229392
76376808
-34104886
93145321
-92953878
-18921587
-80421481
159198
-85665346
27178885
-38465491
41754428
70982387
48030088
31923259
-50639216
65488891
48069529
-66220427
-60933949
90956987
-82395820
1174734
-42011732
-68971825
44914547
-15763899
34009388
-2637475
-59821113
-14008271
61140524
41874333
11120414
38870854
-79750742
-87727429
68624240
-22805009
96418448
-76173278
22179359
23523675
-25455382
-47704702
-46930323
-55877865
-62122187
91681880
98110176
15805593
61921551
-22965032
50693786
-41071872
-85773982
-19067804
98399350
94044985
-9888317
3654513
-70054761
-39136621
34624729
-97329979
-32963546
-51130292
93146031
-9057283
98065139
13215402
-79462101
67174311
87263149
15931424
-68647677
10644519
76856402
13427316
-4989609
-57895215
71751068
33289545
92292844
6435387
60130128
-96973817
14265240
32430421
35008362
10422825
10641627
52947298
-38480204
9952028
-63404158
-34611411
-54137724
97043268
-42371652
-84444205
-58186906
-5641920
-70576820
-37914282
89518922
72896537
13259961
41391046
53246590
-48940643
-98834067
-46969717
20761659
-809031
63213814
92515035
74732657
-40264770
96030696
35100650
-28526884
-15959553
-97826556
-51083561
87332396
-16482136
-36147825
-33123231
-68479751
92504472
-2975944
-33082494
76154108
36675541
10984703
38359078
61797430
92797264
96879935
48489073
-76218780
-5730001
-11447114
26081385
79418599
-37503877
-84871842
26714481
-15392323
17919798
17137288
92240233
58943102
84937649
11881442
37604441
-94105135
-3045358
76925525
-77649337
41371916
37755533
-1309195
17544099
-39524013
-39893411
-90384477
-71583459
13182665
-74506853
-62029132
-16105113
-28103777
20686168
-59572976
17088061
-31434869
42983345
80121542
-25903762
6222441
-52729598
35030696
-50145251
36722996
18468892
-75587060
7120681
-54510832
95062414
19604910
-7696341
-40324462
-57829171
56896473
43693897
-60313286
51880183
-16025204
-9322681
20573907
-317667
71872215
-64393079
4944189
-60089289
41480249
55677107
25482235
93111531
-61909699
28051124
-88770489
84496512
72524351
42520578
595738
33750526
-55673151
-39680901
-13489874
-59693552
55860263
67196212
68843642
-48283564
87286353
-35843203
-83767361
61623464
-29460027
-77379122
81433725
-77801375
-53277975
-92335074
60667715
4575664
97386017
-68501627
18696750
-41760934
-5437897
54837943
70186262
-58894052
-6619332
-3597371
-40663282
-10512931
44840913
-23259176
60477243
-19107000
99871746
33630277
8441143
-48918354
9083490
-82594768
87483056
-59784704
-78338110
-49465034
-4180981
79302643
-80118895
-66238065
65380605
-86727905
-37418533
10956293
-3162907
67763447
46219917
38964783
-79400031
7047308
-42071089
-75714967
-97477722
14160144
-65758890
14093201
96614620
-88576856
79672045
-4323738
-56906294
2162675
-1598211
48342842
-29098843
-32001407
55743774
-29786809
-89043780
-93679975
-1980336
92390486
40647141
13999560
38795514
83763958
-89415660
39967583
23285631
65441464
-15947956
25795244
-51043847
-40672317
67212358
78862790
38449507
75640468
8350343
-38372336
-88196202
71224338
75638013
46668117
-32710815
-37304754
-42924924
92449675
-40830112
-24845541
-37064700
22382286
-65816285
63124315
13570706
-46058557
53657114
-81969882
12183325
-79163447
-98703338
-22757326
-18221204
81307575
-50608236
-52604874
-60171955
56712240
-44409434
12992158
36894428
36910424
-6087032
-18821634
-23177460
22894626
57886273
-7057225
45235394
-71743346
32634651
-61182890
4355334
-23446182
63481940
72904012
98856638
-58264856
-65089556
34418598
28552664
-50298518
44334284
21538108
61090582
-99784063
-28076989
47695637
99860365
-84714012
-62608598
-15623548
41464444
-16425537
88530303
-75670566
192252
36987249
29164949
31009484
10833865
-13721783
75991138
80773965
80569136
-56388139
-6831956
-77128921
-82444010
87319062
94682912
-30415671
-38039647
20870401
-15121777
38385287
-79191721
47517638
-85880487
-26629090
32997093
96584325
-32890315
-77512382
70137613
79271375
78064828
68773472
-63496212
15327544
57256565
68545431
99611582
-51391346
-43194840
-4126525
81847863
84853450
65374133
62599391
-96556661
-20606914
-97854950
-17546205
2707153
73126896
-54999324
-37214278
77079018
-13348177
-5113575
61484551
88702609
-43071607
69181605
-9618938
5926598
-9586181
-63379180
7381223
68938455
31904670
-46566319
-75210711
80505395
69511789
-57750870
87415344
2035980
2159431
-66096668
-42415157
-78476425
-58160088
-56158131
-73778102
-57538992
40663260
-23118300
97645833
60064242
-93275158
-62213541
-79037079
14821601
-26416820
-76164277
386279
11972005
75651173
-48275848
-71686593
-15439204
56548727
-33483424
-57901784
31988544
13926088
30454204
19360696
32716676
65714530
-79581023
-84998884
48322905
81767279
-82212181
68767241
-14842336
-42344523
-27110732
94975789
-30607532
72259900
42374806
-95867828
81454814
78765082
65649427
3848010
36030811
-92014812
-90892716
-93509534
-76428670
-65295726
89873634
-37507786
-98397090
17865243
-73461423
35338363
19763407
-63806597
-74221557
67377430
-23867363
6995823
-6305101
67143168
-35885937
-48352792
-29773387
-84822754
-83589872
32676479
-15463255
-63518933
-36683390
-44177398
-17771766
98897935
-38797141
-33561791
-750524
14576176
7963665
33795486
-28978189
54463317
29818043
33144067
13186279
-40585354
-74758473
33632405
-77384015
19652699
-4025614
-54303486
88370867
55669061
61485314
21867644
-35242966
-92543087
-10052596
-84673569
-29777173
59774059
-90742442
13733702
-64189348
-34657741
-88459878
12987869
-38511813
34467948
59481191
40555405
70799920
53377557
-69816631
-19977752
80010649
29127239
-90183256
49512433
2178926
-41938587
50322122
-75862154
79532186
-78335078
55324814
-14746175
-32617282
-41473008
77974059
-12809814
21638779
74734615
-15854394
79478850
301480
53414085
-84547033
-12672340
32461964
-78101631
-88812884
-31158497
30764145
60863616
64361950
98426430
30194874
-85252228
-59426656
-83593410
47348673
94616951
-36189305
49190025
-39641785
16831231
-80372570
91871355
-4905035
38474620
42476477
25381871
-81949274
-87621782
84013160
-28126126
51378522
46884532
-12860261
-45963908
-89756072
-76656882
12474560
-38736897
27952650
35465720
8537139
23178244
-93139211
14279580
-63847114
76334505
40130745
-73246345
-72979342
-53513238
58785094
-49101051
75607572
58941200
67422544
-56648461
-18458388
-72833532
64764738
-87207308
33826247
-43653115
77375233
87228562
-9705455
39839790
-76299343
36504829
-1744074
-22191358
-35276821
-93875394
-21543511
49280194
8477081
-89360251
-82415970
-52344475
-4038645
-22293366
-34239865
29638094
-28800618
-13384857
-24094515
-23248525
63562555
46717454
80590693
-98229940
-60800513
12772322
25409644
1856124
22511349
61599247
96192117
-13587954
84107838
-32396365
-52277509
92848184
-51790397
72748681
-87409829
-26032676
-91225252
-86616640
-16927085
40787311
-12395554
53522442
46682802
56865894
55294533
34969182
32455154
-87228606
14729707
60591035
-41258742
59477541
-71805473
-47547218
-18497233
-26870041
-12296866
76345820
92648379
90269916
-6073543
30182358
-95925278
16551571
-19763078
-78491881
403614
-37611775
16050689
-66328885
-41904550
47236444
21203561
80696455
-17363828
-91731777
-40199807
-76238047
-64825494
-69877715
-18911802
-78908861
-20789929
-2219966
45381332
75574607
75275113
-58828491
-17500592
88209592
15891199
80357069
33685178
8939810
-30843875
-58446312
-5331993
-46134816
-54108505
21413311
-7646219
20489777
-1201054
65912955
-26997734
-37859033
93106102
18870943
-79355901
-20877212
-58635398
-97519201
-65264476
51534813
2661265
96076482
91361428
18997025
36917143
97422583
49134015
47103115
47527169
41373567
-23808801
-31701934
-99552455
-92480780
9254409
-38284131
8939639
-15345244
23434810
1964509
-12984389
35880923
39700458
78429956
-36873271
48114748
95994121
98395961
6290290
46382916
49657292
-90963679
46500589
-73420505
21761340
-8024599
-58931631
86728670
-38929955
6583959
-24898415
-13257041
-31107932
86623102
-59667741
-12555728
89192208
54955053
-40491534
66795885
20109476
-28363588
75709678
77277509
-29294436
25828721
96190422
-39997763
-63398507
-79258710
94901743
27589041
-96359303
-79516871
-83756822
20209190
-80288553
23387629
70177851
75739252
59445877
-51647873
2444085
-80694773
17097187
-66875933
-3812535
-83241548
22904649
-10461064
-361509
76448200
56306557
-81849762
56875481
46225632
-80029842
41523503
87062285
-10306009
-86386895
-14685300
66495015
73885160
-51682127
-22092684
-54237983
29123758
-64156146
-8649102
35195235
-29579692
-1308122
-89857313
-8843653
22612133
-23015456
-77261750
8579749
-66375006
14986530
-96663645
-42443945
-71690309
-89123128
64943531
-81187223
13436044
27250159
-10009248
14456181
71538965
22388261
5521132
-98733131
-29936873
6858018
52718993
95513157
14808306
-32932958
-41640826
39628371
5695509
72701374
63564510
17823728
67542482
75555323
37235071
2696981
82544944
87960037
-84340365
-79874553
12588819
-3544958
55594871
51939738
93592478
24173831
46053970
-29945857
56294961
-45323939
-10695004
-68371761
20288743
-74968039
4099749
4376909
-45492971
73460608
37972279
-25301010
83410479
-58255071
42319179
38968502
44708480
-79179908
-6878917
50386609
69380241
76817993
18654535
-30396032
9335482
-9244819
-51908626
43388092
77127550
-9368517
30805357
37502088
-78541459
-84531388
37470368
8680096
-27680210
-2300875
28148202
-53844091
-38191580
16562832
96446458
-37964745
63797528
-93866055
59561328
-49169582
-6808177
90817765
40630150
1186030
70201346
10065397
5679
56060601
83183185
-54096275
-65471464
7516891
76399648
-13147911
-27703027
35909330
15724661
-72863542
88004846
36952270
-11619475
59786659
-40966751
51286097
8510237
83476590
-66883716
-14461703
16849429
71863304
-39053801
-84318823
79291633
1177500
51616834
-47775206
-4822170
2473585
80547548
76657763
64453768
90075545
-53330070
67244188
-15339676
-39582811
67364831
-26412633
-18103027
66064002
-69440105
78759151
23602052
-81149558
-58575798
-50254537
87053064
26766744
-17685834
-8377726
25990215
-93774522
65073253
43626274
-25613472
-16285790
-22158354
12259186
96193205
-53337174
94584365
41688323
-1791674
-32508770
-70172556
13472119
-59906136
3647632
-18486256
-21497635
-9044407
-53805129
95549112
50390452
97159907
-17244499