63008247
31649545
74929791
84387280
-16175902
-66797684
97671667
76370031
91675383
-47788590
-172950
-86429893
59864035
93467636
-18078928
57521929
-88506694
8114669
39257603
86842696
49208824
-23613493
41107809
-39562826
-51052062
-91334503
-96457700
78392703
95057926
67289432
-5026781
-3578367
79821518
11929885
-32537001
-83499441
71393360
68091556
25116698
-63839588
25875831
-76210175
-78457283
41597977
39782991
15229850
63195497
11350067
-64852482
15089565
84170107
-65524130
47008175
77178591
72968606
-20126919
42627751
-8530972
35076582
85111648
-52830580
34014972
-44826401
86184911
-64933687
-73825087
-97161086
-54824389
96959177
-73978088
-77093700
-45405275
34761062
88211643
57124726
64428026
-14848287
-44894511
49432688
51703377
21296472
-29132877
-13408445
-84820745
-41422558
17499266
-58498654
-13257203
43255835
-90464311
66336836
98726097
37309787
-28479446
-38639092
48963202
35085943
-39011176
-43368147
19313627
48150116
74781032
27411387
-64144284
23254202
81927241
94607878
-50540166
-17641231
-78816577
-61976265
-38372781
37629383
86533038
63729260
77926698
19551407
-51374186
-4783545
-70815310
12356401
-31604382
-33557917
-78710447
-86084792
-220573
-80023748
-91803852
-68711547
-51249300
87037706
97169667
92293842
16389851
-54976311
-85487343
9849782
88613418
25558626
-86144732
78048604
-19780065
-33413362
82235448
12585606
-80269678
-49232820
41209381
-84635413
7756547
-84690543
37104744
41297999
-8317644
66185050
-98113803
-32314339
36625327
-35908499
92251581
-81223095
79252091
21092725
9589058
50620556
22535510
47938679
8163588
-36305251
-12266851
-59481991
39934332
-35160879
-46041294
-22521932
62457098
-16821536
61053206
87743588
65488806
2646305
37401847
36384533
4496135
68162849
7518211
-72403090
33310412
17294834
-96547518
-48632239
-60927373
75064797
-60776104
81287486
-94018818
-49145017
-63429452
-7481491
-92476905
-40531142
32499918
20168835
5830456
-42267320
-13488962
50818694
-67027813
26657194
95562622
-17862162
-57475662
-36441977
46044086
73271180
22445635
37428048
56068766
-5090434
39876013
-90726858
-27742706
-59582703
-91398574
67517552
87303088
-21446448
72995075
12051193
56245101
-77006452
-81301849
23692875
20226222
-48654852
36129830
-88952301
-40461537
-68833619
18991123
62511716
-12892099
89773304
5385401
52977294
-12222913
-54671248
-64427923
75738026
44999669
1055942
-20673147
-85880163
-27307021
-19946350
-35036919
-41809953
-55426904
51268757
27743457
80600259
-9138755
-27835987
-10939696
3406490
-89964402
-67630267
-80183073
64948143
79025296
-29697397
77492440
-75381854
30155668
-59309385
-22430554
87557997
57478970
-43220506
-84696137
78961040
8155996
52331165
21814931
-8267994
-78695914
41326322
23662821
-34095340
-95232716
21030070
28173442
52581881
67952578
41613385
-29975480
79880079
-63844358
4060515
-94084262
93828974
34515090
-26774608
-74313063
-50968335
-94135749
47409229
-68797219
74243623
-26087145
-76324292
-47026074
48924422
47989499
4590906
-34625641
57567
-77317445
15108201
-79233998
-25310342
80439043
43466063
-78887833
-76119685
-184730
71125566
21233151
-51934105
-20307027
66881326
-35343219
17191248
-764585
-14870138
-52495499
70866075
-28975213
-4459005
-42736029
32410093
54159698
-47703978
42228139
-88804270
-21226820
-26291955
31441184
-30497503
-6974701
-5696311
-83257655
93288394
-5733704
16910790
-16315420
42367841
-65181923
59421981
24659872
-33940122
-57300463
93245934
-47555027
70616597
-44515194
59594689
38713009
28139480
-21959299
25617651
-34710707
81878292
-23518863
70136623
52172739
44146221
20705279
66514582
-72033351
85747023
-19585643
-5838406
74396747
-73103392
1954444
-73774319
-5142428
33174325
49854979
-57258105
41517690
-39002184
-74898888
-76222240
57975739
-65082252
-63634828
17420530
-32267200
69415466
-82329007
80767076
-77596948
42239698
-99153505
-53511066
-76102980
-5851430
-19302222
-75841459
67486365
38873131
-44285763
-78414696
76140601
-53236672
30711836
97660505
96142246
25134471
-9404327
43976768
83137519
24254850
84476582
8041649
-16755626
99070458
20793216
95004756
21285843
-29876272
-167608
-23342340
-62271056
-69134669
49620580
59540835
-12016168
-15472726
-13321668
-36603970
76335998
-82671013
-60686167
2155831
-88509652
86788176
-7980610
-45185307
40004481
-87087832
5329851
-31827605
65732646
24433075
41862161
33198309
-54192577
-33391512
41726799
48029669
-98792521
-64554698
-97268784
26758764
-97766682
-83372968
-95149784
14975703
43421352
55498621
-28169912
51179559
82530328
-90705501
-51159200
76976592
-34795958
-33240375
70654397
26962891
44636540
71155427
-27143989
-35605818
10696153
59763235
30830890
62644816
-53544712
91943637
76836658
-65819944
9026476
17281096
-52246888
-11384776
-51181989
-75178267
-91596434
16986259
88013631
-41998767
-65716661
45236752
-20662418
85002550
44655600
-12008604
-5227565
93525204
61530732
60392628
-8304966
12748822
95025908
-56734882
-42952457
-67886770
-94646202
87908718
-48028355
55245302
87325850
9734356
-48882223
-10736723
22849408
86417245
-50460941
73114117
-40356296
-63602042
77352743
-77055776
-68114087
-21472944
-35017188
-40582168
-10202036
28913468
17827800
4353532
-51412586
89002406
63963942
-98418971
47806896
-457241
31507359
-92996452
-39891024
19652475
90908803
-63151270
84822010
-29012265
-60570247
46307346
16892173
-85007368
-87752798
16135241
72864510
8118818
67601557
31514379
22321498
-67077554
-82693164
63530455
-21338036
-91580330
53367134
-49242741
-81935553
4158332
-78989251
6502022
96187615
-35425600
-14218198
-55275048
-25803823
-14032436
-26247891
-28417231
-59982869
61005918
97483583
4679373
-23808100
-2187729
64093510
75496865
-47309858
7361234
-4619630
97566731
71601158
69973356
65677850
43103409
20825585
13470174
46270899
-29517961
-35338577
-21212826
-46426146
-71499201
-96229074
-34292265
65658640
-81133373
43885786
82045098
19088422
51673347
93059104
-24363089
-60243303
16654264
38178060
73070660
64434795
-58576588
-78832301
-75032334
-37105898
2432657
-54399283
-93516921
99379701
-91343573
-25288435
3315441
35219246
97739733
16192852
94502013
-87113422
-99933936
-45735147
91838666
72608710
24956715
46279572
26317631
9113931
73814637
42908968
5842053
5097385
64489460
-92088091
-10576019
23006843
-25268617
-33117854
-64246700
87701273
-12734762
-54566196
30504752
-62180844
-72850984
-14422053
11179827
-18783740
-82310934
54422152
22715515
-71021324
39914159
-38249654
-3523467
-8592732
49805497
80523190
-33996021
52216999
98564392
55551710
-70233818
-47091447
56785354
62845939
31171463
-38794939
-14288806
-23145940
42757434
-93805529
-36693363
-2520253
64010471
7193304
-51779401
34944255
19989925
27094181
14258978
-64470015
-9396127
-52037899
77235483
-88125107
-3238647
-58306769
44975558
-43351289
-75798524
31354361
67273287
46720230
-24486240
91503268
70927400
6816249
6078750
99029472
-41521939
21330351
-35747198
81051650
49041977
-68103114
-54491416
98434594
51779155
89792215
-70024064
4153543
99761006
6837922
-65579532
-2240742
42697503
43796636
-66021320
92361177
-93258747
50568808
24060827
92267872
37420917
-35118952
78412537
-17802469
74773619
84099260
14498440
-71938104
56777762
-85429104
-10862564
885565
75720698
-32072017
-81611400
-10711586
-83547018
4502403
53646203
-39857294
21250845
-8841850
-34786366
90862341
35570196
-11568873
-78936059
59596994
-66748696
-71305623
93310155
-32669740
-25992191
-81147948
41003543
30638016
-68602615
-96618145
-49840066
-97331848
-44259217
86627989
7625669
-1697953
22713678
-53231281
48733893
73855903
27508811
-45136834
74255508
35079916
10397724
-77599635
-50526989
91524053
75223523
-14788126
-82039268
55489203
-9927269
64349150
-47754541
-43282513
11059309
-31224034
89549513
-78899587
-10086668
10438440
44808009
-23073200
90759932
38589707
79918943
50533432
-77155921
97026663
-401551
99843345
-83991773
4925158
-8427757
42833717
-60101423
-42003864
-13515880
-77410502
-91990072
13322244
-97540943
1924856
-83977135
61197738
-74396934
-89010066
99321287
93844412
63573246
81828101
-88509196
-99157469
49921296
62521651
-248008
-79671528
-10889548
51589641
-80183781
74607538
21956508
-87302304
-63681839
-55291869
-51638351
4469166
-35357240
43171249
-51117421
-88830179
-94872161
52906077
61341836
-3527956
-6844426
14599869
62094905
-56966409
-65896327
-20459362
-50485777
-86874069
74403853
-92674033
8426724
-49544845
-41125552
37686931
16785655
80490440
93610557
14857756
-660721
-830460
-51545945
-75764243
-90314284
62453346
-43561570
69539906
-23960521
3694416
30260307
94612842
-32460968
90933697
86316023
-79082056
91920110
-95976073
72726723
38236235
17628744
62987052
93119727
-98659688
78111879
-56467988
28281688
28180697
91239597
88701399
-6931682
-8694179
-96676856
73162758
-8782809
-55168571
-71995068
77780234
66378331
77538176
69651847
-15484702
-16133131
-80791305
37445368
-80659056
-18225288
17588309
56824816
-90233192
-4740640
-91300790
-93975598
-25986844
-396645
-49608912
-3080649
27797202
78964303
50556569
-74942788
41353891
-55904708
-32746105
27518201
-30411781
-4070365
-54134477
-17165663
-19803441
-60895737
48159471
41443960
-33462368
-15084930
51506448
52565690
-35575856
1404097
8848260
-89691179
-99528631
-63828810
-67563873
-4482265
-95804517
-90615769
75654415
1993321
65830317
-65827379
-28960567
-36004681
-90513044
-73449598
77108441
-32016522
-55236040
-12342966
74876717
-84758755
-14065516
-47433029
67904461
34746551
17312099
53447671
62202639
31660901
71952109
51107488
60628159
69434085
84406478
45914104
-55362440
9157159
62502189
-63031037
-68339971
24757032
76329177
57541656
95437560
-46840070
14020840
-35628540
-43819904
28981908
83485919
-5520639
14618619
36529688
32679634
-30319847
-94011352
-25495777
11458953
-33281440
-99452160
96825137
-79855876
-60193652
-3847652
4870436
7244012
-65977754
-60750893
69618936
-61369544
66344605
35927517
98832508
89944311
38766257
-48347955
-77327792
-60541164
-22715706
-64738123
-93736500
-52598901
-3605044
12783394
27826032
64014420
-66747679
-23458340
99731405
37280980
-72421785
-69835497
33988947
13539608
-99566413
43834534
31112308
-70111882
61361274
-23333315
23012039
46787618
38260944
2338545
-45634997
-99310657
-55300138
77981981
16768540
89410374
-94258271
-12727405
-54223528
-14046574
65284837
150222
-7176462
36198174
64379333
-78628328
-12188217
60398091
20536155
-80501668
-10731231
11329113
69270228
70564058
-68540232
1708609
-44621677
-88508564
-41740425
98870935
-44773988
57297688
51288918
97742018
-76742114
89888353
62749668
-3000204
41866336
-74613971
-41575846
22425109
85023703
-17671668
72599096
270820
-56058260
63987594
26398621
51268486
497639
75787478
19576415
15479871
49533294
-72618482
-52933555
50186794
-43458262
40862779
43563196
66490711
-45272594
-41967863
-26662125
28381782
-6325436
-49070617
-30488981
-42384192
-77640865
87743198
-35471241
84114640
-81623263
54757125
-29379725
40073013
-90609530
-30963501
83392802
-56811524
-71470863
63289112
52992414
81348004
71346335
85233436
97666697
48143646
-77434881
-40952208
-87514430
-69923415
52291704
-81615429
69542834
-24444158
-43707252
-68659449
-50034206
-40738303
-24497418
-2406840
26416838
43485961
28685471
88424272
32040447
79623379
27221403
8509577
-85699676
61198812
41384413
-16825545
49840324
33318878
37214553
81854438
55265919
15237604
-626942
-94173424
56047657
-61286903
64707593
-11032152
45690719
-63116339
99134848
-1605911
52016137
-85272812
-3620680
-32042205
69701938
25581219
3483871
64778902
96461325
-94018437
12449891
-44434004
943909
-1408446
-50877045
-1024602
-9153138
-21084064
2830033
-50120986
64984909
27897527
-4381394
-9014032
37937337
59677105
-52925324
-91881066
-62686552
-39313311
-87228215
-99540671
91730958
99497911
76119514
80626928
-34904625
42178220
-68592693
2027934
-78266772
44963434
-89158753
-96508083
-94076957
1138655
6684403
-71733256
35212566
74657881
19438057
-79153992
-99150357
46710977
-90754404
-58453676
96640659
-82891570
-69980916
69949170
45772726
-15189475
98940831
9247819
41361969
-35627354
31062107
86270636
-93541879
-93985285
7541463
2049491
88460361
43847626
-41200874
-27981898
-41846869
-17541924
-19333167
87559842
-91561367
38050141
93754014
-90753841
-78021551
-88026028
4511898
6534761
-42146949
68809641
2719239
10792364
35968438
39266781
-706288
71924336
93700348
-4763788
70372078
12722282
-34054010
-21883933
42677133
-61039717
65813575
83664569
-49230922
41329503
62122264
-90399614
-5686094
-40032421
-82605709
-60619973
17017370
-45213524
57462328
33485611
96572920
99885646
1282466
-88215640
-35263875
-9377739
68189461
-77546123
-1213943
-66989991
9251973
32184970
54687358
-23724316
-50676248
95139514
-96405706
-34971054
-91333517
-58143858
34794410
-1581484
-59690873
94183487
45514417
87584446
-24750331
66566508
-46706288
24166304
62444140
98319421
90094139
-138267
-53566239
21030893
21502338
82257496
-43533689
75049739
-15564814
-1670255
41296493
-43149873
-47544838
97276042
37010243
38621932
15458270
3217705
-2948142
-46747525
98625124
51155781
-11861607
-64617537
-48588253
-66248975
-96178896
24076821
-50363384
11100794
-82417872
-3415546
-90584696
-35871994
73227395
38811438
66418101
23186899
-39729283
98928376
80713192
-63389757
15193890
-74636903
-38257641
34958063
78905059
-21441357
24935742
20888457
-35606016
-13213317
93313588
-78447019
-46736545
-76133730
32854940
86333820
79587313
-15434477
-12139252
47643207
42649306
-4377257
83893482
95020175
-58950810
-12961791
89691623
26960013
27892879
12376174
-10798808
24914123
-18580939
11509293
-94198537
-93492742
-2770973
66623032
-75914106
-24716465
-32224898
-10638734
84338547
-95860574
74443061
-71153885
94340861
41494708
72916812
-97492270
-7726882
-73343993
-24498350
52154855
-90565768
2120558
-52114725
-40030652
58313610
-65256284
-55843865
-26128130
-85518687
-76965083
-48400977
-75339645
74265170
89547562
-42334722
30469469
-63639033
-83252109
56636038
2528191
64104179
8740761
73425393
-33547413
-53731708
4358182
82020275
90610583
-56684090
32191191
77601165
19915171
-41367135
46510714
-91279655
1101604
25493427
-94182424
-56277429
-22762165
81262136
2129121
-82405912
-21875828
-86028630
-69376658
-99158697
-54499239
4313540
24625124
-80004105
-3233527
17932457
-53248602
67918167
45793698
63653090
-5129646
-73406550
40193592
43575784
2112964
65861756
-17315882
-28218992
-30145912
24487776
-69242054
-56051355
-92581600
-71102746
-47465234
-84289642
-5228627
-18691697
-62136534
89007799
33040506
-22129954
64908636
7039654
23492845
21013708
6598959
-728395
-42985651
-58514182
-86092463
-77015855
-24075702
53909951
50652517
-5266210
8669319
-19822631
69152760
-93859757
-91764225
49107446
51752558
-27351103
46056861
98140781
-34628220
58241602
9502414
-51289769
80170390
47404511
-67219100
63319679
68817644
-81644994
72329123
-85132018
-19787845
10499251
19578653
12897799
-62797115
76191023
-32450320
-89129391
-77515376
14553050
-70583909
73583710
-49887650
35929880
-14312039
-63299042
-77817396
-94800091
-4694253
-50761592
79127624
38488864
-95065934
-22173130
39912829
5401150
-18459574
-13638156
-9308607
-77721166
94213177
21450157
-63656272
-25144516
-28718617
-39565751
-76891483
56562318
313522
73254188
-94855410
-54126311
95526295
-41930564
89871440
98285
757830
971832
-88005951
-50096694
42055211
51789915
-24838540
-580311
-69488473
-83811487
30937827
-90899812
78395250
67142712
22059507
70399751
-373720
-60517637
77194826
51065258
34301379
12948652
59725771
-31676622
64432252
61048303
-42324657
-77942607
74879748
-8925551
-10064954
24778876
-84459631
26896974
-76709095
37293247
-7145203
39827092
91187502
-6506583
-70209553
47881148
66173662
85302817
53244210
50341584
-98049108
-73216157
-77974129
49933490
22745752
-30634305
34667206
58625625
-60405448
-13060944
57141940
50052390
-84168119
-84401294
95460456
45282812
-63790602
-22097321
76931524
87729974
-1811480
-35894592
14448157
-74414272
81648250
-49252630
-55879596
39651729
99358578
-19274879
-50211446
25716187
64905883
-52465142
-58796195
11238137
-47933876
-19299922
-95847232
-20617383
-88599243
91638942
-62909669
-64416845
9266302
16239679
-90816659
34427765
44607069
35691958
-77849149
-60085995
-14459878
27094932
-59740537
6047902
-33841739
9146050
26547334
-96002438
50440388
20267126
-10174497
-8202680
49918138
16294567
45855681
12666265
45165028
46807674
-56749580
-82120228
82196624
-26845649
67804551
-87150977
-61105680
-48486455
38658698
20852453
36904074
-13546219
62280100
62991014
77822551
4155548
85701418
69206562
-34541928
1954846
90655784
15901404
-88079115
60403073
97335377
8257567
-42570053
36108708
-30883668
-92231215
84078908
49059733
74517648
-50692295
49125418
-49844832
-43770471
41761825
-44430478
-52128051
-60176917
60801515
39661729
-68622321
71519588
94901949
40722438
-31661008
-55297769
41937685
-63942788
-79721720
-32685638
45446410
-44012873
-64509947
-10868576
-91102665
-64158423
81100085
-42054920
50503997
-71276486
26339914
-17441854
-36426173
11329989
95235350
16427922
-63350656
-86294454
3350238
-40976069
33473346
-43825850
-98900807
22321260
-73804402
-68935218
-26675113
33147073
-72943240
-94412136
-93729553
6331770
59478332
-65940508
-21732708
-12892002
88959178
-58914622
65673682
-49452368
-11101913
-63091102
12885631
65062150
66571230
92299087
83084
7861770
-47608783
15672366
-47935472
-35346901
52568272
-77325972
-85964880
-18467627
-75912529
-33385300
28542063
-11448536
-50227884
-48247364
15520444
-75400427
-47815796
44708185
-89828584
-41116675
-93113896
26903334
-54938331
-59511502
-8366533
-58796267
-83176992
1815566
89568941
87071609
-94497541
46990291
-47533277
-74038507
28374198
38097639
-8647097
61196718
-9393691
28910835
56036064
-16838035
41559092
-50743389
46369903
93809534
31084027
-46418494
65039825
236525
-6121422
-30475213
52554390
73427474
-20478767
-52089326
48918334
23470574
-92988893
-62383717
82498693
5613634
-24993003
45842991
-20883688
-57127533
25228081
-40985180
79456343
7536088
-58954519
66486205
-90559802
-607082
-82166676
-22669825
38272126
-21514452
-66288371
8991823
60170223
-61272522
19470607
-72459311
69236903
-73607007
13023073
-45828738
21253262
-87007908
-29229914
-94618188
-59745034
-53226165
21570890
-4567724
-1792939
-48961615
-78695564
63417384
39930075
29515505
-68149899
-96591742
57756909
-55748576
-10286652
-28480015
56663
42076878
80470901
-53800745
-45504721
24681673
-15713242
38505564
67107387
-93187597
42258954
-3627474
-63983436
6822509
-8761799
-48487053
29133986
44308987
-41959940
52393629
-63045494
76490767
44118051
46630950
38284762
-39386955
30902781
-78525523
-58411646
12500344
-52087957
46512161
99132476
58200246
-89932041
-36672450
97963647
85090573
64789026
16714222
-44247578
96362755
39061170
38855255
30281971
-23020135
-4766197
-58400707
-67360591
-91524831
7827440
-15908308
86275569
-59408146
-81219890
26333612
91304898
-91025287
-76840897
-97921099
17696192
-58788851
27017608
58119357
66681901
9699092
62783861
77964574
61197483
77220204
-62974145
-50103609
-96403120
-60825634
33715220
31119211
-35234330
-14280629
96188160
30179289
17710769
26599399
-79653042
-21026264
13754608
-44353452
-7153601
-59295738
49224604
41275182
47113962
45326815
-2590927
81699351
-95649901
29504400
-24682720
-26989340
70728191
65386093
97991731
-5498131
87212261
-82286277
51473485
-46715064
-35971680
-58101813
-207997
-14398333
20833419
-82421053
88357790
13241960
-16792889
-4157923
75491096
34878450
-32167225
-9778139
17133977
-75630275
48690584
5672469
92055104
-19472383
66479960
-78939252
-66770557
62689696
62816889
-94380351
-5954182
86692031
30751889
28096254
-78368744
93807400
92531837
34125323
73870152
-55550519
29318793
32951976
40951054
-40614838
-35109900
-84693349
-73186595
87386748
44923592
82867723
-39031758
-65972120
-10667113
40747795
-8159156
10939752
-11606085
13234776
-25653505
98035004
24317359
60289686
-60206018
-4852942
-59057152
-77600501
96674339
31903778
11518270
33867782
78980343
-68827739
57841746
-9050267
67839260
57689254
-22400441
45589767
-38491543
-6326374
23340371
24347025
62546147
-45307909
84413113
52559035
-78808287
-88387450
-41627542
58077136
-27182943
27066136
3510626
22429880
26994883
6043355
7447663
-24689777
-57320052
-57102120
-12035778
-58596649
-57010131
95666968
24205171
68445814
38354941
62421350
7865377
-18632122
-37460196
19794257
79573254
-23001361
72988188
60273003
28950149
66454417
82836484
3603988
-96887474
-24483951
31102799
-24498475
-38455059
88422551
-25655033
-47717347
-52457578
3906757
71866172
-47624749
-77486651
99309488
-17801052
-44603301
90448499
-85551577
-75605575
24544600
33548118
-83844874
16243334
-51561761
-23368499
50322593
-98999041
-20651428
98503453
-97451428
-35652597
-22540347
24171557
98303986
97403431
60980250
93574631
79378123
-87736661
-67538493
-37970961
78255960
28377262
-59321737
87086478
-15865756
-80146990
67231460
80791323
-35432753
68929650
-14360994
-95340583
16524765
-70412889
93519253
-76270469
31937504
-43068256
-67930130
-82773794
-24664854
5519075
-90237691
49364804
-17119670
40578641
-62284571
-69193691
-9864753
13956567
11061514
66005568
-54781641
-22602490
8376997
-66140702
51871648
96127722
-12069001
-51405717
57668504
-76487301
-25306820
70149321
-15307780
-25398650
-34505046
-30948747
-5922740
-53497981
-87406665
42600574
-67827435
58566446
52568399
58877784
-72923278
39355564
48756562
-87665378
-23544453
12601118
-46859782
39362709
-42127749
-75857447
32494900
-10773387
94427068
73653256
5019490
-38287758
-56695298
-16026130
-83050637
-92834101
-29462202
-78910660
82599522
64806345
5302987
-54809778
-21560703
-98039826
-62026272
40829834
3328225
56373005
-40862945
-49564133
-76225448
34881430
57095911
36145807
-1659679
-87772231
25319293
-91921744
-66669777
34269945
95546447
-2419403
69797604
43512010
67813394
-46688447
-12795482
50575049
-36428850
-77901470
65758728
39174106
-45465746
98290708
64510851
-51548059
-46711421
-49152821
-44780238
-64488374
73829496
-98790064
44336249
-88958639
-3359738
-27405487
87831579
-71633548
12745275
74033097
32601484
35647257
-19471855
6521487
50241202
13304752
55709259
-98195655
-40463194
-80446586
39563346
6814770
63409589
74315575
-36512679
-89332882
-56547283
15798260
-76151872
87056044
-14340247
50245562
14322986
-86912566
-9078684
-92644567
-92955692
-11836034
-59525013
-83045036
-5252930
16152757
69258471
64669238
-70870091
-79367047
49507406
69097372
55464602
86022830
-89513905
44318421
30069024
-18445608
60292965
62989000
-80262753
-92342122
-32725237
11368290
-76719094
99900990
90278428
-74757618
-62445581
52989762
97744744
27299431
11169247
-5384344
28819185
35122250
-22118391
51485535
86429178
47988961
-63224781
86725649
-9423754
3969864
-57108667
-27787815
-5727310
-98542068
-39004249
70720016
12802428
42920906
-34501959
17465020
31358520
55479366
38683885
49906171
-71401607
-82742261
49559588
53566879
-92823500
86157695
-13183549
8478996
15514494
74402622
-77935863
47012564
-55540314
84348085
-95046536
-24384249
-64830955
-39703428
71568663
67331636
-84894183
79461781
97312956
-75523650
-36328849
62501661
74601132
-37628388
13005447
-50837377
-13165521
-17427189
94810251
3407236
69385883
-29108376
97067609
48202639
-70692220
61590297
-88443290
-99335567
-6083566
-76376772
-18715902
-42465512
91899652
41354048
68620452
87963073
108176
-49547659
75250377
62690579
-66478467
79291083
85274003
-17416742
-19886576
53214698
-39032015
-44755032
97180295
-92868766
47623725
97162405
-85794748
-39072760
55869450
-72532855
-12610518
-47945683
38841951
-87133069
-51152572
71347635
39978973
37808563
71023516
-15798909
25073299
33386235
20178949
86179979
79643492
62601258
64392152
-81325730
-87263287
-60030900
72975663
2061339
-64350779
20538962
56910051
-48097907
-56525856
-71185826
-77601981
-39286279
78072261
98600692
16865286
3988030
-66385237
70316202
92551571
-9820239
-68161373
-23292248
-206589
-43288230
-63233429
13681134
30313989
-66192100
95595352
-32984272
-93270349
-65419297
-64962502
-13344357
-52498741
-46712710
-39898491
-3867369
84583958
-78052022
-13783013
23389138
23407152
-89229309
-23233115
-29959832
72275343
96194041
84966448
57458258
44678211
21183367
-55507618
23529046
63447717
-13817062
96686442
-60372514
13337047
-83968636
-73423103
5351011
-57143955
-71941043
18234433
-93135694
6656312
44347764
-41356184
-48147105
97816597
98710300
18592064
23380575
-89614739
-47297105
77922373
-76056900
-40408587
-27629152
85884027
84476342
18027855
7311467
21284226
6619997
91207125
-45101558
91426939
-72767124
33212173
-58032873
92426549
-88346985
-16723032
-69800438
15150254
85477156
-46130808
-92393872
1319253
-97664320
-52242239
-15069449
44821588
22277016
23935887
-6721419
52325307
18930790
-44043366
-98650013
29437602
-80319226
-7964764
749770
27677406
21000240
3733317
46674427
72212830
86160790
-90891023
-682098
-70914581
-40122217
-28775985
-96279195
-97881653
-93096468
-89875934
17847028
42132226
16478344
-96536257
66609260
72707563
-89793446
64444599
-88264376
-7679160
97607226
57785488
17611897
-9602300
64140205
90405779
-8341075
15685788
21133196
-53611336
58888807
15598371
-208902
-52652418
36179761
-61915889
-40120682
-80777014
38075968
40742380
-96583115
31486742
-41646717
-96495278
-40868232
53878150
-35055419
81420525
71940956
-58503247
3592296
-12522585
-13930441
-18467350
47127334
38278558
72118525
10581771
95677886
-1924694
98729238
-40526744
67277002
27920065
40276179
62150835
-56234318
46277189
227287
-58973161
-76750170
76221297
-8621611
46424999
-57612984
-90775295
5597884
-9154833
16588889
47538378
-37724885
14954105
-63465419
42852570
-79508861
-31302970
-20307770
-83500002
35082599
32971981
-52050433
65674219
95646924
-93100803
51887096
64116810
48960987
-86430432
19778206
5382936
-10155724
-30528811
-55147961
30669016
-53433544
65693600
29426941
-36009906
6416963
19870483
2920156
-28849961
-38563986
93913972
-22157089
85698144
80601490
-74702834
-86892358
-13371663
43240078
-82000536
40805640
81302807
-51292658
40630066
-14907164
49853175
89498712
99651760
1250644
28673764
-43284172
41764750
-20854658
-39982826
10611761
27313298
56290545
27736050
54212117
-67337996
29258607
1738975
74150119
-54944318
-94511379
-2846988
-95760615
-46954597
-99324992
-35310533
-28980912
-73950077
-79541623
-66126601
-10257332
32695620
-6328078
74499397
-53195270
-89377845
94863699
-14908258
54609247
18039934
-24192475
-49829859
1235082
15502448
3225399
35483812
-43782835
56846104
5894569
77255625
-85379977
58084966
30809230
43267456
-56550931
-77390629
43560993
-76068205
-46440535
-50329384
64993574
69770145
-26171346
-80116743
-34138405
-54191424
-84712398
-35600948
-93361468
2843369
-91680403
94279455
-77905608
-33457116
-97381548
36372240
36387743
-91707297
12945503
-41642363
54122772
-15243649
-77240581
64988434
63141030
17199982
75149264
2387916
-54736981
48165319
-43136972
52906197
-94326577
47615254
-16826278
-41577429
2662033
-41598632
-55686311
-23967385
86520019
50983642
-61792399
-39521460
-62225229
20828578
24021379
3529313
-19000627
11394750
45636693
-80884617
-95433246
31037114
65986462
-29994870
63616863
-46520829
-40940317
-74366416
-31072475
-78670580
17188737
37151428
28869895
-2566785
22576289
-89169634
-46363415
21932763
-46531053
-28995434
-89123396
-99997210
-17375660
82745476
22023661
-20110127
78479989
-56268316
-8092285
51147952
-54407984
90294238
-9622119
16390123
-93384617
6142502
876893
-11087046
-56192880
-32891049
-11689695
-48565453
-97834629
-84524569
-74539623
74604534
-88615327
84735982
-7371544
-36811794
64348447
-96457633
30397988
79030734
-79552875
-93744734
98140321
40058254
59521306
-42882095
-89793482
63571638
-25916061
-85577117
71311147
-72672107
80839764
-85070808
-98180484
-29658509
91229241
17847791
-22519167
-14289083
-79194913
-3877934
-85633262
93583128
57463527
-97331446
-1825163
-51000850
75129424
-39437155
21610460
-1815947
-94090086
85065192
-27158549
-67295944
-66378559
-18012479
65562159
-93271423
73014954
-86567626
-28051762
91871301
87856622
3963121
56977472
-55129571
-32107305
-87323254
-45192582
-89416752
11457542
-14339856
-92207230
-79716318
-58155045
-91623567
-17667405
-79044004
-36418437
85907275
70046018
-3111287
66104158
-72052260
10963457
2762794
-23871051
2980480
-52626862
84885443
-54218714
-6513374
-47194133
27800741
48828776
399904
-24206879
-84293155
1920096
-11087803
300815
37813606
-10070011
16650553
90779108
43234259
-1390490
3487113
-44985458
-98500922
-45091403
-51712448
51143423
-23751128
15152061
99857727
-31372699
-87603821
50160078
-53767231
-86438599
-45795563
82635221
-33415623
-66875189
28971019
86092717
98194274
-45089492
-99378983
27844437
94478325
-35902225
-26545925
-63536496
-92959713
-79686720
36994729
19060847
88554784
27124243
11180511
-38157487
-1274194
-45446080
35893118
59375261
23746630
-36103803
-82979353
-12676889
-60428819
94364675
-65814843
58549791
-29979790
43555995
79312928
-90464009
43487573
61948481
8847324
18842715
91421130
63487952
61165494
81625662
-12038851
-81893550
-90534384
91936318
-42896746
2460161
-53956334
-35616596
73982667
-45778185
41722027
19222659
-40209580
-60985151
71700724
61833840
89317314
-11777390
-39365801
41089240
-27062230
-90705424
80070287
16904916
-38192544
-79124703
-57302551
94391180
17912216
-38642600
208138
98166225
-67184594
-57619179
53647587
-72848122
-65640384
85762138
7980431
56871501
25906593
-29451903
18288910
-70229224
-76317022
-89985301
-44584719
-59425724
3663919
-19845659
-9975183
-29962502
19974639
-53266557
-84273979
31727341
-95840191
96435015
41050501
44501265
-15911622
70937075
-93153009
98271828
92749492
-46723005
20571473
51005371
-10923486
-98140128
62572899
88981388
-29997683
71975107
94128285
-9089722
41920100
45497895
20608797
-85656249
-27277912
-70293898
44980539
-92648020
-2533976
86320675
-30034152
55129124
79859108
-67873522
-78359610
-87761550
-66141826
-68524941
28657439
-43384462
-47273550
53502264
-53346089
-42879605
70033256
-74346763
20432280
-28794139
42817724
95674329
-56686638
-59359350
-59639641
47105425
-9788104
-48449874
-35030441
-87783900
-73109524
-56423598
-78073536
89526040
-15507662
30325696
-74016211
-39403404
92681672
7432282
-57011422
-30095959
57481065
-76210315
-70403391
17015964
-14442458
-91494863
4118953
-47930964
-63630241
-63407319
39821180
-75678891
-54261180
-44526658
3697682
51838269
67449424
25217691
-96628837
-98670632
-70223649
30059382
20446337
94280714
41661616
-79706808
49942292
2079303
84522155
9509629
-46469203
8641457
-97908047
13910248
-96894755
37574709
22067056
-47612194
2910599
-73977598
-54696025
93789894
-57254551
18550774
63957014
-88188421
-28804228
-69315278
-86739673
-93032148
59635391
-79040038
34130686
43613901
-8101646
-64024730
38100685
-68081316
99525172
-58875263
63826590
-23653408
21498722
-11428948
-1115003
30867901
10226780
7049845
-774725
-39639759
97608656
71813574
3662098
85038028
21596900
67420743
49218964
-93866956
-4912453
-84139486
6685618
-69575939
-27545298
-38994225
-2948862
-16574109
70286563
-18037552
-2903215
82500283
-59059162
-10575406
-29025401
6031936
47711953
20778310
36049999
58723199
-93871508
64579252
18490358
-53819886
68365792
46290123
37583096
93189128
98606200
79230771
-86551526
35860632
75561854
-39114924
28536869
-53303870
83035188
81945214
82409474
-38063539
-88701761
-4865957
31007536
-85205558
-16631299
-91759479
-72754615
5079965
5691813
98321699
-14558498
13410389
58564604
71254468
-39956122
-78558719
-69168902
-91743806
-24122786
90818630
68644770
1451249
-10506316
10008301
26473285
-11016670
-91966012
-8330878
40038063
62562245
30634580
-70108966
56565448
-33649686
33001243
45240143
44296304
57488118
-27222891
91128656
-2855832
37818512
95274301
38731965
8503956
-27475332
77060777
-82033104
65056850
38268150
42645546
-36364870
-928831
-86940229
22888924
35737136
-59359376
-28541707
9883941
-88861994
-43539129
33473009
-10517078
46576772
-48800269
-93189541
-82883596
84260950
-6739292
-23098798
-72340526
86696606
69961012
99732169
33248064
4922217
-51904971
-17373474
-31248297
-61183931
-20236673
-97709965
-88657110
-80101842
48392312
-14834694
-65869634
37358436
-56424732
77297454
1991631
79056758
-86533360
-68604527
-88280300
65227962
88170237
-39508215
-23444238
-89819649
-54289506
86784500
58323079
-65583578
-54188946
-18693677
42386116
-41312992
-36855190
-22905203
-21787756
-936983
97684621
-9174091
61801443
-40951890
-50148636
-84319297
80632047
61550635
-26362686
-60795380
-75042981
-27595522
-71465803
98473695
-79128644
-67727456
81406158
66314495
9792970
21597136
53535452
11326050
42094624
-84637991
-3772669
26381228
13564477
-24009458
-69060839
90784257
-11912746
-2352787
5344116
38256908
61424529
71826519
-51980012
-41403985
48102736
25416700
-6608566
-56131106
-13264675
34352954
1779249
59120968
-19060291
-98690361
88062492
93110675
-1488697
-24132812
-23775821
-66178519
-83771063
-76447368
-57330455
10416293
-59944844
-37143047
-81252929
65979462
25020541
44332854
12888042
38428959
17645204
30674261
29392112
-24669076
-62839108
-55748499
-40705761
-27840318
71940883
-92669468
80331213
28748549
93470125
-14307222
49780760
80875116
-89210201
45358231
-84574972
-64491307
59416898
-85392973
89027288
-34405407
-33111498
15504592
-1680786
-93034084
-40626554
12645808
42244901
47119857
90226238
-16425921
-56503545
42426961
-18853502
-33554512
7639787
-86174053
21871859
5565978
-41486102
6361285
1471626
-1160404
-69532293
68543322
78408274
33066211
-2839584
-23016197
-34926205
-74594700
54136445
-98017007
60531771
-86419155
-34611054
-74969669
-21544472
-63936554
-34477067
91413139
41938024
86026674
-7362612
56326387
51580854
-43531242
-79017240
32626696
-25506869
-84855894
-56679469
42179308
-95691105
-91404177
23544492
-24211090
-55605018
46011166
-83553633
-83494472
-75472580
-38263152
64582096
-76922428
-54134920
-41920402
-12905795
37547807
9722862
-56897270
-67005742
31767933
-624759
-19127676
-90432631
37734276
-47217736
91901213
87604798
43488775
44549481
-31344289
-19409030
-38006388
7123852
32227558
-67409605
-73642954
-1586225
93789312
24383597
-84749188
40113642
-13137317
-81879344
78981587
75608590
73160131
72887248
35734955
-22371811
79894563
35754626
-2028239
-36705017
-3173946
54802722
35840894
-99538831
77150991
-63237478
-762838
32775700
-71483788
37353713
-23463924
-23936759
60238543
-70827134
-27511344
-46933364
72485505
76590262
65947406
92016918
-63486017
39438693
37299309
-74970390
60601504
-63715633
-92786727
-23866231
-21298462
9185235
-16167492
-49207666
5996229
-27755463
-94655205
24954703
-73676458
37840773
-36955025
58272705
4223166
-25577493
98490460
-41924267
-42399826
-90211096
33304708
-13882228
95956446
19758736
77884919
-70103196
92257976
-42521147
-99189490
-13657596
-15909378
78393554
75993352
43503765
527622
7270554
-23065604
87463654
6346276
44265016
95823015
-37491471
-32045055
-92363287
-33798550
-36492305
-14337991
45910129
-37987275
-82808425
-55839283
45855791
8067836
-6952424
-2458425
87639421
65133435
78593040
-57913685
83528385
15875457
-86992588
93108415
31307304
95794154
94208954
85221523
-46277326
-57633765
-67346937
-87969622
69625676
80217182
-36592252
99386664
3148494
4396922
-60937347
-69971729
63800166
-29851355
10995765
82603956
37406995
93374438
99031431
12972920
-74575259
-26451033
59122710
87113091
-4783321
-36287153
-77628065
47088197
-73314828
9627505
-14941782
20334976
-83542991
33457765
-4599202
-68979168
85771797
-72980084
-44330983
-91874427
71079374
76452373
-61177566
-64616455
-66679574
38949136
-73585663
-43562761
-68621368
-87738934
30233124
93960343
-12256221
-77307800
-69025934
25973675
-40554964
50591564
41431065
-27290668
58261471
33075351
88759648
90388349
36078711
71083762
-63812169
94879981
-51811174
-15249102
-25946930
-26731521
-83752305
-78037385
74358830
65488053
-47512521
-88039670
82771707
24395055
-72891116
40441504
1630718
24955612
13824258
46824851
43555286
46060521
-8390020
38158647
-17926951
-82377133
83403853
-8987665
-22742017
-31057266
95874152
75595621
-82842678
5723910
67730891
23384654
94965306
29904777
63604076
-96239807
-53712417
-90816693
91395059
-74520521
80296445
96068035
26319748
-9078667
-13619858
-97312704
-5916575
-76497160
-46979331
82057296
37281502
92375383
12746803
-79079227
8412189
-90822817
-6639749
-20586220
-9856796
25972175
-43995707
32488854
-19344125
10827160
-11298729
-8304308
-56847062
-12392205
53354625
-8520836
72203652
-32284072
96400171
23447901
14868484
45286338
58125297
31054296
13834211
48445425
36798711
-95437040
-61498344
64268515
-91042639
-962105
80758550
-41431464
-3703781
-88637949
-78551619
85222267
69552773
54111167
28675354
63666851
63117354
-73727253
6554500
-29455804
35520115
-51407591
-24508689
-51920875
55035995
-53383446
-74681602
76124483
52514049
28593979
-80766048
-11802747
89397408
33248014
56902525
-44586100
-64821779
-43918801
-51642153
-93005678
-35838036
73677928
-85788924
-68158968
-77392387
28476788
-19245908
-27966042
63933824
-48687753
8600161
79528730
-94768532
-34834051
47138714
70699738
46636225
-35553555
-35268553
-55222711
-39061676
-9396879
-63925995
40530092
-32464938
8383414
57093399
97055589
-73283092
25187722
-31249687
-10808292
-87976439
-82335837
-83969023
62341385
95185841
-16172147
27862937
65050302
-26895600
-15500111
7600307
-41615147
-52634893
-13665787
-7914067
-6236845
99399754
-11105022
-53178987
-94310535
28889195
-16879337
2612312
16008924
-11229807
-51643779
22205330
19497782
-69466819
53747340
-59358694
-52602107
47514191
54083373
-47091019
43304541
-2341816
-60231162
-14287021
-19803515
34954935
635672
34330827
-513531
-22730632
-36799496
71950893
-24140662
595096
13533402
-52673302
-69284391
-87761297
-82017117
-94403508
-59281558
58563725
6480611
-95459780
-92427423
76594666
-52992033
-14342190
69243975
-69142980
-88802053
-94319312
61327433
15731278
64580840
69006747
65235799
-65195120
49611364
-57772930
-66810757
4893150
83696285
68663364
58373653
-73782243
-25850766
39393897
-53661912
-83010641
60181192
22357615
96399368
91842364
63403066
5263727
7237634
-78548728
-37961946
81890754
-14836488
24482069
53280746
43744004
-88964635
98741996
14123498
-2271023
61720877
30992809
-75145843
8544402
-7407058
37383778
-29957945
-29968027
-2312622
-81458385
-53640273
37487717
47604395
-743245
-36741041
-54497941
-25138680
84058817
-28991147
-34859394
33700145
23288537
74249245
58297815
13695251
-40871816
3939763
62224530
-67361145
9904910
-69369358
-94136882
75882223
77499463
69700418
67375450
-81286815
59412297
-23635320
33801292
-224196
78901029
16701790
-54984026
82835550
-74967854
30846753
-82958166
18475863
16686358
-88644089
-59748667
97382270
42552695
-28106444
55461732
50143284
68277058
60717748
33640819
-57026974
-98827575
29904592
91668904
-18285906
-99740995
72435062
-80239328
-68412581
37895937
-49407338
77870677
76254540
56303836
-45335025
68304842
-79497309
-84972921
5404075
-96966439
-36666504
59411229
82188656
-77015147
75938692
-56506574
37239799
93369838
55447762
-89507867
-63108720
4451935
15454701
95008433
-38130311
94823164
55430241
-99265565
22320452
44054881
38725305
67406165
53920876
15447597
-41397527
-6239386
-81009409
-67234504
13671033
-2597848
81057429
-58627316
23833836
-57549758
52772721
77423785
27902872
16477485
68159233
-9459446
65639021
-69454758
34437297
-16447994
-52305484
92407829
-98365001
-17589781
-20324094
62550017
-25465640
88054130
93915550
-56257014
11663983
-19941185
-1532886
84703950
55870693
-29260198
-87036836
44670244
40423203
-28369208
-50158069
-15862251
-96266449
-75360745
60485594
43478041
-57998292
27368200
-54085153
40298008
-13523306
32021329
6325422
79633929
30085349
-32124200
98745972
51440979
83509355
58068372
35589262
-71704606
-85496190
42017816
-38039210
48677460
22625708
-2534696
47052270
-64254144
62773844
-75543259
99873885
47467520
3391312
54726972
-22596432
96924841
-68563138
-71781589
91960458
-21772691
13271077
-21360856
84403375
14591291
-6081774
-29262062
50043711
-47215194
-95907851
4046229
25685453
-86213766
-1039871
50011946
38015893
13483299
-42678436
61029407
-4838434
-29981509
-39929006
10091370
14945775
-20577261
76889580
-64820623
65253130
-13032186
-654162
-29658858
64456375
83145202
-4579426
44148327
-51751866
-14407832
-94762421
-74903664
-72910796
68327692
-85610639
19097074
35872364
-816691
-25948681
46688304
26118657
8777339
39423260
-55513221
55447072
-47069157
93864824
58238861
68327008
56834047
-81201126
17336137
2092731
32217405
-30029008
11426320
26145008
9751691
73674009
-57288402
10968205
-27046847
97936636
-13885594
-91980271
53636720
87584425
42063949
71159296
8765596
81154272
-13511915
-64286638
-4352333
-91127182
-67069920
-66451995
-47856750
56600070
-86150144
58226048
-50669204
39554424
-68220777
-34349715
43151765
-79855706
-23856449
27524952
-32985255
98375483
33339053
-85510721
-54679530
86189489
93149365
-17186064
72161172
2931320
27489281
69476702
32752261
-64699670
-39994318
-41609419
25148457
5793682
-25117823
45190841
-66051002
-90947201
56759944
43553947
-86487475
72308233
49525020
-87089220
35074364
89162103
73286757
-17773222
-15135999
92996561
19008937
26785529
-85140841
58174821
75435323
-44988340
-36847577
55216884
-59784007
-40454986
-82448729
-51400549
-12376681
-14925017
-42293084
86200923
-72807623
43076999
11916422
11156158
-691032
49285577
-1731974
49792692
79396089
-45891896
74135489
-33354620
19431562
93399002
-17380389
54877137
46820956
-11659259
-62399636
-46002484
-10316103
-82911874
-8548279
-49994576
-13844532
-46976126
24082864
64477944
95461816
-44706863
57826320
69609140
-43270037
-39262995
25843977
-90662919
-22222747
-10412450
-58409202
-8873217
31650053
-80309321
-41342809
884521
-32379867
3754091
-11478282
-25662336
472042
41742222
90697039
-47853211
1938504
8242500
54244750
35584487
-96965998
11531820
77543618
-38111179
-6665678
34552921
-3618044
-50758864
-9742051
82238840
65547618
93466651
11354510
-59255776
37864913
20672554
78459631
-84896926
22644721
-66219011
-65214168
78833031
70605082
72783381
18494489
328881
88224234
76344199
23595288
-32548704
68892741
66006828
-97426209
54254643
-94068901
-37627018
-24131817
-27784467
84542582
-5031171
-51883535
-61084543
38830619
1215445
-42558482
-68013609
-37729220
76823367
26750483
-84678339
-31442132
63613115
-67942306
20308188
-80097229
-83798799
-48496539
-34486771
50304278
66554484
-86403713
25673701
-94773011
-4628061
16747248
-53257741
80463237
-18708976
93991558
88662737
11156673
32417763
68012360
-94614966
21890316
92569339
-60118342
-76648246
-11799997
89602217
48231023
-54480760
-33566916
25984069
62184464
-80463724
63472660
-50382485
-98623039
-85179464
-63264951
9798090
-83353671
-67117210
-67937791
-34445235
19107489
7401107
14429772
38225842
-68082220
-37357483
83210235
-84759627
8275886
24621200
-34082196
-73275992
1995785
22066096
-63136824
-9577271
50119902
-35354928
-61324779
8327042
75155226
43303853
95423824
-65246515
-40494493
-55326432
-25569378
11217108
90772653
-35519856
64248991
-14088832
72324720
48787695
42733380
-92083144
56039293
-54372547
-83284356
-4504344
50757329
-79368039
52900275
-47799942
-37479568
58631228
61722607
17740445
18573906
-21613302
-14942236
-38773932
-5605836
-76739828
37483375
-29094281
25667599
81818013
-70878403
11284215
-53111294
93656403
-50392768
45424515
-95388391
-78615987
19003612
6624647
-3327466
-80248298
91294723
99298087
20800945
-66449538
99751688
58979745
-20549400
-87657785
-7224724
-34375231
-44499326
-2005836
-72308444
74085980
59032550
89471278
31571702
-52498178
-31703136
-91668342
50760432
98752380
40936231
-27831834
92005862
24354621
56043452
-79990801
98673504
-67084646
-80378715
-65290962
-1977134
20286468
-44541029
47274710
59951604
-9924183
24674631
90396468
66882580
-59618072
40558223
-56279710
87960882
-36675657
54112162
33914872
94622753
86251205
-41340250
-24932891
42336244
15462593
-98249366
-19486361
-79293804
91812834
-75130726
39306379
5657743
82832840
39461998
66348840
7213548
83855974
-55073978
-19684727
-33868175
3144945
-68607515
81147467
-51611913
-11870201
-18731710
59677329
-93428623
-91808262
24908812
-9141030
-2846685
-64004331
30263219
89236178
77397363
41488285
83251319
-83902055
99767193
90645788
-8246538
-82791581
-56700444
-83731432
-36173739
-93057834
62499157
23959150
81729982
-18082548
36872727
26800841
-42701475
-79897145
70012712
-86506809
-90949141
21060707
38185840
-29711312
-3113857
-63647132
71274039
-91143418
88747600
6204489
-50595813
-13252607
-6020870
96187313
-31038531
44436158
54207244
84879294
-50778415
-38714163
31046045
-20404791
78924371
74322931
62607842
56762919
-21984536
-48913537
66425349
-93853064
97798587
62058800
-27724895
-21588113
938971
-40808793
-70024904
8797656
-31953125
-98795359
-86161581
64278197
88156156
-63550904
-94648000
84877370
-62872635
61587157
84991843
-21690261
-83781755
-75465452
-55984338
-43041718
-73991273
19197220
-5182782
-68412267
75753946
-92581760
44290092
9050701
61708749
-28727238
92216003
26490675
-8647433
-79532538
31411349
42741357
-42048572
28240860
-48607820
-65191613
-5041761
33850754
716808
72612120
41276689
-37160376
33244107
-8942799
-48128115
-94532227
-29079105
-52048489
4135777
-80699925
89097702
85578266
71994788
-39432436
47254170
-85380670
-70491394
43300473
10871697
-6584927
-38837740
92949855
-40560659
79614038
4915882
-91039893
-85708581
81194095
41571014
95411759
-72773344
-74144927
83261373
-22906341
-77970450
-33005572
-88261964
48977093
-49877791
-83943018
52423742
96238471
-40880109
94255853
-72268991
21549872
-12389374
15184529
-35726593
-74669131
88092156
13630215
-51382800
-18467015
-28036476
48487556
-50836956
-11015932
-96360002
85150804
-75522428
67914136
-16058320
22486451
-52428478
-60799169
1897808
42962057
22307690
70065446
31402139
45462420
-21088360
-95392487
54514820
-43665871
32251847
-39757801
-76471929
10994702
-33860528
-17964227
-90145910
65503204
58352494
-26570978
95204057
14543059
-68614227
17228045
3984858
77634387
-10436105
46785050
-27685739
-8968453
10823911
-7499136
61803124
9769911
75368483
39356442
20175168
-19708334
17682477
-71310182
12018463
14122497
-91666996
-16481990
51385353
43030566
59337890
71408252
98546234
69857254
63517879
76154232
-26917662
-16955984
3463732
81594382
-50054260
-36744223
-75241717
-89243531
-63617321
-43624007
-3068475
41775277
-90284786
3653741
37981925
4374650
80020425
-54751761
-53581153
78230523
-73564926
28488622
75594506
-93824457
-95249972
-21436165
-73354913
-33505579
29687841
-95778156
-43384236
-21015418
-7373014
-78775448
-43275763
96958872
94091793
25131720
5837908
-80224155
-32736942
51719248
-63392592
-30053104
-80797281
62418076
91250510
-69323211
77870685
-95207604
75544790
-58025181
-18360312
96701251
-5363817
-68274603
-25841023
42944570
99151281
39352530
-5726325
-65085346
68064314
37050896
-8213110
49728252
84880882
-96077175
3861549
12900681
-8598717
35737759
87867379
-22381665
-20392463
50730549
4991782
-33391184
60756875
-16101191
74062869
22240605
-90388200
3347292
76702512
42936474
43244696
-26703671
-59961751
5677699
-69872539
-15641754
-25050780
21768546
78518394
39730455
10522069
-12708439
-39206520
79800349
-87454112
-92140639
-27563304
-20858212
-73914215
77216040
-42470698
-19782295
-22126569
92833336
58948024
-10797067
41110699
81367237
-49406591
16433013
47533859
-28090509
-73599043
42790133
81324636
-69538337
77970696
-8262472
31848777
84968360
84787406
-10357922
29238653
-94054263
-40687533
-58620890
-2839168
-93595828
24216677
46675646
59168789
-44701677
72377615
-72707581
21053714
-28368699
913406
71991030
23502758
9105139
-95242279
88685876
79277335
45960413
59586072
84153340
60887750
2888500
-26937784
-81709073
44634208
41243722
22466870
94861432
-97069206
-24101705
3671891
14762514
27638866
-82709712
39296383
65254920
22521726
-43199715
-13460913
-86291810
16811424
-3293506
-33829821
49859463
81335800
-85256669
-26722229
-11493395
54631387
-69812381
-97202398
-8154293
41856577
61686748
-55656140
74316272
-97972605
-4231469
50308402
-55179884
67626294
-39738148
4959013
-21995907
76881974
-71329123
2299983
-92714892
87227052
65212055
-69023311
-97491393
86422574
78532216
-51955113
-51916602
-67745328
61168510
6967082
-88902936
49253936
-67777537
-17510990
-15485977
-59626039
42448817
37278551
-78743645
-52389630
-17483717
-39889204
13415393
-82723489
-4484999
-1430692
5431643
86448423
91205249
-16490343
38983880
91741114
-97635500
64070546
-68883115
-66228903
94094286
-52415629
-93536514
-61147341
-78090479
57041623
62702330
22657701
-16553054
-30182773
-25570779
5260328
31989142
-46214267
10116575
79993959
-9683061
75541354
-94166013
78507160
-90239220
-62168017
62597782
23919339
-86524675
90357661
-14723876
-91419033
-83273100
-21434782
-33069940
71235908
-89659265
-45704298
-91031956
2701776
-95797659
-5700573
-94304570
-65417492
-90719108
94204535
-50499243
-90222216
-33533391
46452973
17091800
-63423871
-51555290
-86058858
75332272
41198546
69547074
6471307
-62733890
47458429
99354260
-64334396
26200927
55592504
91556489
7751213
93685192
-43079068
1874992
12805891
-54218744
-58740507
-31528856
-99707881
42098768
-78923978
35415276
-67374030
54454397
93979959
61244136
43889997
22510427
90853505
-79370707
82460938
-61165940
-16644329
-1275693
56366831
-11507304
74493851
-99648112
-18271683
-40546200
95878682
41409195
-71230544
32243335
-99754256
-73703889
10124563
1513895
74518809
-22284013
10007727
-34178145
-40643136
-70286218
-98106023
-20415021
8471192
-86428679
-85409281
-38862171
19932131
47153289
-98055196
93097009
23811308
-98489932
83640000
-40494383
-51151810
98840491
-26868537
25191211
-55260539
-70935520
58550640
-56081386
-19999014
-60090022
24410006
86043161
79324722
-83654579
86050106
-54509409
-93084259
-19284018
-79913737
63167726
-42866486
-93434232
-63279268
-98096071
-84720879
-51794105
3122376
-62563118
12411137
65182695
67128687
6460670
-34068312
30537273
90350804
41428783
-94705567
-31478614
50173431
85422599
51033934
-63178158
-66480093
-37086269
20906143
-91617612
42837038
98849197
-34927889
-85557618
-59185628
-49102285
-82195680
-73280163
-87454531
-96965582
44914628
81608397
67522837
26177752
-26279256
63858407
-81022001
-14109972
-10650854
-90453287
-667866
96477047
-43563330
94748517
-38010146
69240734
-95838682
19497262
-40357744
-5918214
-141736
-66172357
-54735058
25219248
23251192
-54938960
3506231
34026176
86644948
-74904670
-61729181
61490260
-75539511
-53402273
-35906141
37773766
-79974905
23103424
81325738
65305413
-53145425
20989771
-58229208
60973149
47438521
-89733806
-9085249
-44104991
-3940800
20275761
-54407209
82392830
99866669
-82214675
53043437
45375924
-73302585
-55962327
-50652728
-46657820
19403354
-72287475
-92654594
-97257543
79118336
-32656339
17243653
-93381487
60002645
-19958465
25685224
10076322
-18529057
-28083992
90234873
50424210
32600391
-65156352
19576202
-17808707
-99461366
2160983
21863569
28925238
-22047138
-63462441
94232690
61168179
-85744290
-52554079
-535940
56848945
-43983910
28904379
40245006
-55035188
48698823
42871038
11497989
19778661
-47261234
-24669545
-75440278
27825767
-42908604
44729544
19676961
-66577229
-48210283
-34975607
63259202
-25597892
-70978568
-94468418
-78695350
95181901
-77157019
77186331
-70656847
1534505
57537797
19405844
-78551968
93815078
21393299
-31182634
41630764
-9763004
-5577371
84111981
-68037460
-80371645
-6782235
-75388339
6393013
-37995201
-54462215
-86565991
-4459670
74817786
71870878
29903908
-4935640
-24314518
81638543
44700467
-7726269
88433365
31957450
62693496
50553258
70325755
25687647
27983230
-70852150
-4401394
-68459348
99019052
50516097
27101474
88424830
-17459573
62784266
-87090015
70703661
60171656
24061479
11856275
-31754232
-4997470
-17644640
-56565372
2599217
-61039065
-72720380
54645317
-64488547
-99080803
-12706621
-44297153
-4061490
8590225
89132146
-69874982
19316482
28155049
-37449939
26476535
43649670
-40066253
49100138
-33340125
93322226
2746191
84369896
99261044
1764173
-94251555
-81351792
-50081902
13457344
-14871171
-1762211
-64495186
-34915071
-96931822
82297800
54838451
66907072
92008473
-44818866
67992147
-14555963
662432
10961059
90860029
85610075
-44119564
54996055
97014791
55639287
-84562711
73327642
59006503
97864656
78031503
-84043269
-16489781
-35813737
36355333
-27251031
8370067
-27037298
98304064
-63248055
11509345
-36328425
91900614
-80270229
-86942847
14475380
-22766370
-68376764
-94363612
-26603141
-91955239
67553003
-72993510
59376647
-55222939
-99204123
-46969322
27454917
-89080427
12927701
42425202
24890023
91645030
-72761005
-69746048
97475066
-66848876
-90258613
82713375
-38630441
49901028
88191683
37911418
48932542
55072892
-10374274
17074857
-45996064
22374069
6992338
-55176612
63066897
549754
-62787448
62383767
67708629
19216118
-1661834
-17907278
91836563
8396753
-13877095
91783029
-36723909
53165186
-27238119
96054290
3302704
-46060255
99229848
68927388
-99684530
14603245
69563500
8795350
-59064164
-67277193
85862239
-99084128
-97977652
-37171579
34191622
-76005073
-56195535
-10041401
-21157088
-56507247
-6388930
91513508
-72374545
-54690800
-92158050
-29145301
39723421
4150586
97495776
76029523
-85162484
68605369
-20607230
-44371414
-64406152
-90931898
65458470
56987062
34974343
51284671
-56218729
30409798
-32971127
-41500062
79645687
78109782
-91663725
-58478642
-8043488
21689538
-15766069
-13045322
-86000669
-69880409
-13410651
-28149814
-20398187
-98790806
-97292064
97687481
-65266038
-50698174
-62027272
40579347
44086814
35035799
-3434261
70095103
-21519860
80458947
-29256060
-57545821
-96416890
-93834518
-79391243
-97196877
-47569492
43427290
-60927877
4654654
-52284081
-42934850
-91795051
-41369489
-56363080
45557522
25777190
50260248
90984156
95767369
-68926852
-50413994
95319944
-43952388
-4503742
95928673
42640548
33882545
15406686
6511961
-41183406
-75692162
71464471
54249512
-69744656
57765710
-37639473
21252822
69991582
11109838
-99831717
34361467
26113788
57525268
92744904
-23872413
4059723
-73520501
78694273
-71254885
67036529
12484489
91977606
69873611
9255500
93313033
61918650
29391980
-53931594
96754815
-95554831
-42112328
72785067
8506751
-35810718
-24730145
37727408
64020600
22468574
-56194950
-14365623
-7069561
88166242
51579459
7292881
3246627
14461602
-10720804
-44827625
2084831
-2666158
-95611826
-53426115
92646485
99372558
75994074
-20436739
-11282413
96577026
12563689
89105312
66936868
49504879
-97801342
97690329
-4980496
-48173274
-74124618
15197980
21197994
-69836478
-68395925
37760139
-87217983
-86208790
-74639612
-57951093
40501869
-54887106
70492978
67101973
-20776840
45914962
-51498962
-80049286
45618661
-47285890
94456218
-71658242
-93789697
87120245
35015139
85625022
9179510
41404599
31184268
-96548237
47179918
97439042
98564096
-64075055
-82714819
-1245689
-24000916
2395520
-70628050
66782225
67526364
-72757398
-68925495
20894419
44243996
37750927
-52565413
8094788
-26611750
54776615
35236585
-48836680
-28883031
-7891316
-2298384
-43040917
-84197368
-60194709
-68926216
-54054991
-9337462
455885
-56431676
-65965847
75019220
-4009627
73147542
21333706
62689057
73390013
-67424901
-76966328
65117362
-31711823
-73811820
-58060874
-89834294
50628217
-39357074
-38940993
49024032
35139992
-61037682
44871078
57930422
-83651245
47664755
-55414180
-41028775
9312150
64854774
89120349
-99292396
57078683
93745673
-68866271
-35174981
-22673025
-44202025
5303837
-60694770
-64895199
-89840653
-95535192
49111285
-88920489
-86609573
46197110
22653934
21698102
-8192047
-71641163
-10312100
80588877
52033778
19452719
-78592024
44656142
-39886059
-40822722
-25676245
-94924240
-29277320
13503275
-1660296
73127493
-85007701
68153663
-79116439
71065152
-46214156
57700603
17189926
71692280
-63029994
-55793108
-90347388
89639585
14559308
24587549
71339267
50007161
43151530
-11380935
32873199
6734342
97935615
41682484
-90169216
-27071196
87066278
34360025
-60211233
-12459746
77554905
-29678334
-68523331
-64250463
95271506
49232840
-70249470
-77262536
53222646
87422998
89687718
563674
-96160581
18376665
-98493433
7190057
-7104946
-20244951
-85822563
81622883
47192397
-88647782
-94103623
26381687
31856100
-33211182
-86366566
-11430400
84742858
57350754
-56255789
-96133968
-98235351
38965396
-38029604
96174380
-68138625
-26972748
-18407161
-34676557
-4939105
-99239323
32186473
97349773
-96663903
63158340
67034969
-51311058
45528302
12738593
-36210527
7034916
-35017646
-35228079
-53324310
-93242207
-77523466
86840842
58533565
62551119
56082895
52120926
-52693114
-10402458
-65726753
-76187963
45817987
69303968
-38380669
9589365
6797787
-52540113
15005762
96398579
-58381719
-19017185
29283747
-87588307
35997437
29296427
85948712
14168285
61068687
-80259382
64092939
-64996916
-173574
-82206346
406643
-92343456
39873621
16304605
22483780
42950893
77493903
-81872473
-70724071
-85787178
87030846
67210745
-19907734
-5572052
51029429
-36617809
60496620
79705731
5131846
23211901
-90146032
93982629
-57726981
55794591
-64951946
14209030
31145761
-78165506
90027346
-19235236
41610283
-75400160
93982614
-19428093
46317622
-62687932
-81363687
57902587
20122788
-24539113
46784399
-68175386
-71491737
-84985892
-16910324
2110397
58215897
-69466496
18722129
43458180
-89251613
-85326194
-77110821
-33717152
-22397728
69471623
3732479
16294483
9508208
-63197844
-21119990
87795659
69720774
22803762
91434331
-5998612
-90176069
-20887169
73736574
-96256170
92492818
-77479297
-81773726
53750363
-61594083
60745570
53495019
-15609629
14187246
45498069
36343409
75211760
95287699
-52755526
-26155272
88945987
98677055
23985197
-94349076
-40601387
-6110039
86849996
-59530591
2247613
-62661014
-2716393
-83541813
-37591406
2419457
-51108641
92115662
-37909435
99823394
9838698
22070109
-65262041
-40812865
-7653515
91783546
-37187189
-88631195
16446473
-85705519
-38474823
65903751
23853454
-87382258
25016649
-43683126
61639423
-59301299
93549514
56650649
-10216609
-41093334
-91029994
2273365
-81411523
80110905
69057538
13564579
73032534
51295649
94674610
725874
-96574321
-43805585
82250517
-75211087
-62791332
54743320
83937738
-94199104
89140991
72744578
-74611444
-57380883
-41141370
-97227552
-24602293
-64514034
15416682
559270
-48041218
31518956
-18724552
74618259
88935951
-87224964
61373202
83539815
-73481970
-47866693
-96525237
-45690472
-76252532
-9167114
68140926
10791681
43862581
-59296179
44170876
94173068
44734010
-48749762
79192839
-20541426
99726065
50464987
-70538321
-40329201
54953148
21325945
-45165269
13990235
-96776276
13697009
-5532984
-17136607
-63060781
-92348002
60850433
33924788
-28134192
44054287
-9813020
28762800
-19583359
22714570
78415804
-28606677
-71255169
-69639854
2827818
-56043771
-82804402
-95962048
63673967
-91208210
-44426652
-70874207
-71587556
12959088
-97441877
-70335215
-61307267
-81856168
58026945
55147404
-44265494
-94347181
-48831965
-58888575
-5304071
-94770605
-67570801
36200002
86483810
-19672968
21706208
39553073
-1592115
-42619981
97176450
16492281
-98992404
-13617195
-21612599
10089868
48029983
38354226
21399086
-67307824
-47896489
-57027848
97895869
21122791
56808035
98269442
-25153986
-9793396
19194651
-93568421
-54441370
79000695
-20857266
-88332177
-31338810
-48725589
2632305
-73687827
-25455920
-12724391
77175469
-4847601
-15611315
49271639
22650939
93258735
-14435547
-16893750
-10735793
36269288
93713434
82809588
-81671764
-80357049
-62455862
-47802391
77016850
92411856
94168686
-8374301
-88080688
-10730070
3885680
13110783
-31603849
-66062502
-4894248
98149317
93308628
-28479083
-73003353
-45570658
-28715387
-80882573
84060912
47904274
-12230684
-53486205
563740
69214637
-26253155
-50675169
6521300
-74601105
-87947325
-6298233
23180814
-30240853
-31075604
-25138344
42910964
-55183872
12683847
-81874117
-2493806
59775140
-94119175
53453768
34607756
-81565666
20245152
206550
29675980
-58907722
27754731
-14549476
60572148
-77301079
392008
94249385
-93778878
84116612
-12949113
-48479534
-50989518
-90307838
54587635
-53274912
-65574982
-79728035
47115318
23303256
-42455697
-6598702
52133508
98194045
5786239
54540143
-15659827
62061903
94437431
93523490
-83659126
-55957406
83396928
43384933
86908739
-82436299
-20494812
82571466
-73551889
-6468131
-81790505
11707769
15761029
-16741084
31826032
-72234575
85758648
94842939
99883258
8763897
59990612
-45637096
17174844
-87627540
54921373
-85208421
82841833
-72910706
-73929065
1185101
-92171118
70998217
32336378
6629557
-63936512
-61503436
86594856
-74363377
-11679835
-47588304
-91023902
-72497068
85351335
54760805
5834861
49920359
-88829715
-91453831
-19642370
-98895458
-21247006
-17188308
6627610
-77240511
-20554937
43524118
91674489
-51877428
26650730
59403558
-51442888
-68930390
97778950
87285586
96029705
18363982
-47569814
-66778843
-38603722
-8053283
32661173
-92160678
76796197
-1855603
66109641
70027286
73518395
-28124350
-24431017
-98466870
-91364765
-20694497
25346036
-28953718
15011416
-84134821
-68561070
-21057709
-57797267
-46894552
-89666120
38375338
-69832465
-5076262
57003111
-4510479
75320900
86410457
46919542
92497555
55070633
13207581
-36905921
62498137
-51819157
-54879885
58496639
-80305731
-33873675
40602160
86138201
-75938828
31392335
22515888
93277961
17126202
39652501
-64421282
71828836
9152478
31054498
5918732
14235434
-51491674
90429784
-93028479
25111136
-16499617
94043636
68264351
2516065
67324345
-9895698
-83364691
-31240565
85059498
56759736
40422503
-38584785
-79351091
75541859
-45892277
-50004951
-61567612
47513122
63176962
97682247
-98427951
-65667805
-68411214
-39196821
66966068
-22343291
-29122705
-48152188
-14897516
-74764496
87037802
-65360754
-43544571
-71732433
-65574815
-26237437
63066980
39669331
-42576581
-21678688
11791906
22435235
42983339
-89117779
-60539601
-1148996
96408085
47301159
-61033167
76840487
-99670561
-93648425
32285262
4675239
-38524587
6925210
-63929756
-80294651
-87417866
27296268
-64789946
74570403
87426877
-665061
26920220
-71087909
89541097
-74934960
-8272629
8478384
35098190
721279
-75377395
-17404770
-76826968
-89640457
-96547642
-16880361
-24969180
-27285734
-3709465
-45672255
60335579
-97549521
-64551352
-12078511
-10927203
-29699906
78245795
-69226123
62560403
-81285971
25813012
33709399
52265207
44492070
-31229232
455250
-33829156
-34369041
-61722196
-52867140
55277179
-48646300
5153515
-79848734
36698485
-91177941
-23602924
-54238159
-75686580
98353458
-26816306
37134434
47194145
-72621009
-48117704
-34651153
20309382
-68694056
-60966332
-77753777
48162001
55973601
45857698
35507924
-73472132
-89133745
7611933
-29061245
-11711696
92148543
-68377697
46378076
27518411
-80150664
-74551783
25482605
-15663162
-82756751
-35705716
-66482785
18731116
89663231
10882872
-29851188
40963217
70369759
-48850156
-29717829
-27049727
31936631
-56308237
-73336998
96209574
7299700
-81280534
53839456
44604794
72388796
7505609
-14005250
95266594
-38215022
-11235786
44046587
-11308779
-39556195
-81815029
92589744
73402566
42329971
8653020
-97599507
-7494169
-70748998
-23888440
88490338
-22760507
-29241604
-46032085
-88876937
-92657841
36684134
-32311627
38865539
-95958298
-85224647
40417122
98009467
57777433
-3331724
-68806778
-3853119
85166216
3778264
-45896418
-87844644
6576425
-15354265
-94861250
-27818605
-52368836
49058015
-27104405
-33500951
-32823345
26743945
-24811395
-94470556
74329346
94487519
-28148958
17207669
-13920825
21179517
3220450
-28862502
26320760
99302699
-53488863
34421579
14330044
6797852
65790997
-21081318
-11280298
53291559
-59696024
-9368745
-54019282
63053052
-73380768
-59227275
57215139
-79673936
76431093
44832726
93810001
-78129948
-85319595
22932017
42321075
-85473971
-68172194
55798690
2448421
12799446
-74711102
-1382290
-19501140
64669086
-46518948
-46719733
-85033947
63039434
56577521
-15144433
-25576408
95152891
-17208573
31857725
92913330
10564329
-29925369
28347548
-75792723
8684648
58026490
-57831759
27620967
-68300494
-82185424
35890035
-92608943
-11498216
-91645515
-3106876
-39825727
10748456
4888535
-96011731
69158115
90799968
73235020
98643639
28824490
39831941
-82070520
57828674
-8950818
-93367118
91667365
-73418231
34723746
-86690726
-43937072
93608503
-74690625
-59551756
64191249
-55324136
91392955
60042597
-44230943
88256259
21552330
89104237
26026594
82415452
85910273
45512290
52086518
-44553469
82124262
44804499
-36601575
-28017688
-10785889
-1552805
78834921
-38523870
-41534503
-46576211
-29849423
-90781753
66311132
-30578374
90637567
-90124121
9615995
-55351388
46358269
60838830
53983216
43465252
73491425
-17703973
60993089
77270165
19314032
18525862
41940114
55451727
24019730
84169344
-82729663
48277308
-97862036
-27412273
-98619698
48885729
-41674701
91260378
94764513
53373632
-94591889
-94133889
75169628
-84244296
61934637
46859555
72013641
-81345894
87095283
-1844165
28585584
38825126
74106816
74973489
-16650943
41485016
46903434
81726524
31750724
51982852
45964891
-79658562
-58713812
-93922244
-6502150
97522968
35580490
-99095088
-85044565
19496621
-44315308
28636317
-87482397
93814903
-45603783
29891277
8274221
45322353
60453036
87634867
-97530360
-32465681
-49794320
-3831171
-82904124
36618455
-59162340
20109830
-36746645
-93810483
90255342
97578858
89639318
33945792
-57363839
-12961049
-23747040
30061354
-58615155
22365379
57995545
16710247
-19839424
95776231
94189564
15757991
-35724079
-25386035
-17030167
-37850378
-15088871
2735182
-53454066
95535158
30509204
-67809690
-58260391
-58996696
-21293433
23087387
-25885658
32501509
-97688487
69201432
-74043642
-28002419
-67035898
2523940
-20138750
53006384
32455699
-70685174
-24658555
6422925
2648592
-70949113
97494727
-15507638
-59487008
69044847
3741356
-96101649
-25862947
84968204
-27319872
-48072987
-96732032
33469055
-16344282
-13986954
31962846
25983885
11486130
3114333
68114101
-8227554
50833079
-1018414
99412971
-43555614
64595262
72239843
12720045
-23391913
43072778
-74711694
13760520
-25700080
79146988
-73741298
-99114774
25834108
2018219
2610315
95528665
95909353
-66083224
-38436230
25697895
-3072584
-7567833
27041672
81328579
-1333889
76731036
80337459
-80094313
-87274281
-51873883
-90618223
55847851
11784316
-4555620
-61462252
66953516
63405397
15181323
79060925
-51952532
56840252
33278469
43460376
9847910
52517557
-28707007
-11076221
-73554975
86914895
99359468
-24748383
21320736
70352019
25484947
-95430458
-27676347
-37370998
60606313
-61073228
-80351683
-20388095
-98464331
94431549
-60526473
-93533617
56720601
12158781
17327847
-48053551
-23317951
28388233
42653478
-35942711
91626808
-14687818
-93752914
-36916034
65954348
91865719
64932625
74994936
30499985
72850470
-78033667
6391459
24498365
50533527
-39553318
-1150733
77490638
-46922527
-79130932
96012629
-91282970
-50161898
-30311295
-98796747
-19472364
61175361
53297109
-55073558
-57354765
47841293
-9499721
56455444
10040527
-23749666
-52165147
66707895
23033843
-16259007
63954017
-50824604
-3485560
-16724877
7154222
-42574662
6438216
21913981
52162156
26139410
-64345069
78036311
50639047
64317589
53379587
68502619
61580072
-66014198
-88314377
95648376
37710147
95029562
-37776057
70139592
-39702287
7365880
49608218
31606893
-41244314
-15704747
-98019120
98720208
49955673
67620570
-93548388
-59860830
-78729799
36098097
54053962
9693698
8845718
43558031
-56377108
1478322
-44315760
71683216
-31802905
6552373
97894788
-92007839
9132644
-66859738
-89186448
65644543
-27531279
-36703839
46886814
42247916
-91042931
-35179125
-91672926
82894466
-74300110
-90274860
-56620098
-14657815
-54761608
19177558
1571448
19949954
-42215116
40182902
92277805
19133023
70610075
-43319689
-43494378
44700065
83073815
-33172980
36265734
-92541650
72577584
79659491
-92223867
-38973534
81194991
78009590
78275959
78654603
36658328
-22370985
-93988065
89353853
13709294
33538129
-63546717
-48722295
72600615
40721298
-78619290
33112366
-38781884
4399780
46197625
67990105
-74901585
42284338
95907353
58308320
94534984
-68072121
15110240
-64565836
-6596619
42680805
-18446693
17143856
-5056880
61444770
-78680705
62784665
31997426
55380979
-65318311
-31746680
-69888358
60800201
-98089765
-65327732
-2475874
11467939
-34580628
-35008727
65703790
12068429
13920493
74547190
6586330
-73514730
75258797
28232109
6561855
-21587156
-46360289
-5144976
2365131
-14038631
80464823
130607
-87426544
-95889468
23566863
-41697098
-53995517
-60770291
95642561
8366161
-76775420
64767135
21519213
72647935
-15932590
57238211
8909827
-26853062
89553512
19466452
-73693931
73492942
78710969
-54926724
79095741
77420843
-33927414
46266141
92925473
-39738605
-25203129
77044179
-81336974
-18258390
-5133743
-5593191
37628961
8118306
42248668
-88953205
-28825525
42064854
78383423
34585680
74781203
-91064662
-9587885
32116999
-99272017
-36535934
-34277155
-87897202
-44139831
-23671643
23932039
-2073204
21443754
54642378
-54657110
1444856
81272283
40424370
-89156951
-47103104
-40834758
-85340181
27185884
-29752011
-57291745
-77657334
76020902
5689885
90176392
-51281269
-24607574
-48824649
95481083
-9155202
-64523310
79274152
-15830748
70857767
95268844
52564418
74618168
-50167772
-26003204
45879622
64405349
60026549
81886591
-36377080
-53695245
-35946699
58059471
-83951194
-67313645
-87841731
-64387816
-37992851
94349002
56715720
6110213
-16041435
-14526331
84200387
78349779
-769459
42115692
-27115088
-89996242
58285616
12765098
42989717
12677738
50926337
-45507139
29900809
91975716
-53898115
-5292056
14594168
61011558
-62279360
22147816
-43421109
-21123145
91566957
-46186596
-10933076
90403216
-31564852
78144609
78768364
38768962
-56529318
84314561
42873619
-63040394
47707917
-17240273
-60681950
-83341218
-1588694
-38948135
84628845
92593341
22036849
-9215389
-50011792
78273767
-60878618
95893706
-90799695
86405405
-46472780
18858666
-23882261
-4501690
-7920805
64308438
13943135
41775813
-73115791
-84728543
61449290
-88668578
80062669
-22550797
-54681011
3975998
65536840
-76947336
2118588
49176146
41846117
-48687870
-19043764
78691935
-16785681
90580905
12982226
78145989
41303066
52306020
-59814985
33581799
-33498125
-56699510
45355191
-91818309
47396458
73340867
-70343258
-10572096
12641126
-64665598
-34464586
-34149451
-5560049
-39397833
-46795624
-16787097
36957021
-56008111
64391081
-46529103
54872557
55043945
-26698913
62230892
50568942
-23533086
68288136
24704964
34636683
-67025542
-10472875
30940563
74397378
-9909635
29852366
20225253
3896868
-40067278
35667979
-72327012
25248914
-46812251
1221359
-33742981
-18469959
86574585
-54553662
38652952
75940390
39403684
-52637606
-41100335
16662990
-27278155
78271374
-30141702
10769798
-79981455
65858791
37644896
-10258728
8506332
-64589471
98881931
4780137
12479905
20493333
6235733
78790503
-38127155
-83710868
-82893378
4176151
26010344
32069668
4684697
-86733444
-7232758
92314735
62026126
-36666855
-29710559
-18565838
-91626025
-44717971
-7063347
-70648536
75661085
45780937
81810904
74491760
-75815680
86081405
-87003684
30957170
7901946
-60135530
-11685820
95433912
-83993949
-86337455
-32693097
-63785449
-99785234
89692911
-59941536
-5618336
-48294852
-77421061
-40886472
-9043696
-34068703
3429014
-52508088
-35608986
-68730717
-47086302
-67000239
5768169
36830205
14639285
-86170883
-11877979
88554710
76394046
54262486
-71373594
43964924
-89187306
70504680
-12717343
81894553
39820987
2006421
-72404901
46261106
62816617
56483230
3643319
26410551
2347266
51835506
35999143
41341682
89782964
-38403822
4070023
19497949
-2410104
-64658975
38968755
22197173
-4853367
92489675
81448049
-3640513
-3196727
19453845
49481750
-10731177
12082345
61535349
-42892103
68487314
1409706
77031536
-37565586
-36728989
75283994
-6718293
-35370433
-14090091
-58253383
-4619414
17809315
-50697150
32831062
54963636
-95417226
55506234
44241016
37562943
46494045
97911781
-23191023
-6355713
-42172851
82030448
-96623971
98707727
85753135
17762001
-45673332
10870676
-80728896
-55137749
-48399816
66421232
-89168797
-18853869
54026456
96433861
-64333251
92426005
-87901532
-21398944
-96499142
39868756
-22129425
81850926
90216353
61724250
-36790327
97328986
27457822
-90522366
-56805297
60282271
-64482462
-39726194
14667208
17108192
22442107
-4777503
-3403602
-52585251
50665090
66964142
11004910
-68069562
-654526
68302460
-11298226
20501754
17285335
-9080518
79860937
-92827623
35297430
-46295312
56937007
15834311
-54200185
-64525579
92931097
182086
94801961
46515101
47602694
43561981
90439231
88420564
-5972879
47406814
-14533918
24973832
39698551
-729174
-81299865
49553664
-17565510
63141602
14675046
33826494
-61599912
42402775
-96992436
-22641311
-80613344
77807203
85305226
-77690754
7897938
20111904
81155641
71824605
-63366577
-63594285
28002503
68860032
-31244786
54882097
-13431622
82858856
61512892
-62691298
-4176115
-42662932
3376594
-23024272
-95108482
85818231
-45982028
-18198451
-42342306
-88027872
-72459347
66399121
-83725795
54314846
-5080585
78739250
-26177584
-72857969
39077433
-33971574
96925089
-42905331
-43568235
-79265131
-45649620
99631296
-49820295
54715895
4409953
10695397
-45688644
22462414
7983900
77579635
54208520
16579270
67018021
93298841
-67866504
58882419
-53420682
-3054734
24422349
-90080406
-57238389
41327707
85505452
57018679
79427643
72089520
-59636079
7606917
69194285
35266533
-46283153
-79476262
-30757699
60110334
-57075817
-60658482
-39316429
-67999337
-42882954
90521370
-63245690
73848961
-17201442
60390094
-36580837
-94931729
-1293288
-58647733
87430261
30674670
-86349834
27871931
27740752
38561681
91635304
-75888758
-65565128
-22709775
51630998
36229634
-54274515
-66940203
45887769
-16190752
-95745042
58298296
-76850062
89046159
-41877150
52906620
85278739
-71723586
43000984
80781663
-64828332
38230904
-75452204
67070807
43686496
80585855
-35641313
-30185319
57786885
67206196
-8980434
-4621513
83685458
55688865
-53145728
-9241386
74599822
-49357010
28427688
60647421
95145762
49719372
39946792
-20721152
-25417247
7000433
87125057
92570571
-25406019
-49145283
-375217
-14436071
95882739
44341177
7462828
63982854
21514140
84456464
17039822
-66800448
-71800349
14178643
-53075931
-66587448
-90735630
4929827
85340801
58580426
-36956605
-18008666
96069633
73833535
94130173
43186626
-61250829
49853823
-50238110
-13713365
7809753
82549587
63779422
-76626504
61297561
-86832201
-58269070
-82763561
45095127
10830462
49800783
43422777
43233827
-88131777
57295966
-51748392
-23789229
-21806364
20347502
-61114223
91151870
-89367547
1241325
-54506331
-80815533
18178422
-64869220
-18644676
-80812238
-97824399
-30502071
-63977277
45959442
-95059245
16397025
77188066
6046255
36602380
85396422
89177540
25858381
-35181009
96137410
-2197528
46940600
63904252
43640225
38495411
93942990
77134247
70233429
50389338
22029060
-41053646
-52058657
-46773930
33950035
36800685
-75001865
-78661870
11773051
-89821595
-5192555
-67805476
-47637939
-47642897
13547644
42234482
-91243082
5343643
-81297753
-17063121
539266
72041164
-9500643
42485440
-91243685
-96449349
27487419
64988844
6536179
48779267
-50042618
64757317
54651201
82386873
75823485
-4053149
42313717
-53014759
3831954
-11781733
28412635
-45570319
40707596
42888761
82263950
28685456
-52352121
13023947
-78639302
-23984131
-62144436
-4080244
-84116966
-76992410
-77049132
-30240881
-14942527
-85369919
-97675228
19851520
-80996894
52116399
64305310
-62981408
-20127511
-1184454
91090906
-58031620
-59188667
47634769
20874786
-2522697
36570186
-73580310
-94651697
84773689
19563172
61513219
-70333166
-21817821
4177060
-71782243
74738637
-5590124
-70496073
-48998706
735643
-17274334
96457103
64113489
-15028994
-80977399
64314488
16294947
-61036214
34438211
-47911688
-71609655
-9577170
24552976
-23690762
-91785217
3792685
74497479
16472654
40289909
-41025898
76161909
-65256391
34756918
53632151
-15715699
72453492
15458017
74281372
-63537563
88889202
35196824
62671074
-5569712
57488958
-7297806
49398500
-28101312
-27341748
65232282
-65307050
54352470
-69397529
2461631
-8453500
61145037
-86647590
-94777602
-78691943
65892402
-1997830
-48213389
33077392
99079199
14438315
-89863155
2980120
-64963610
-9447907
60613252
-61230442
-92510692
74313998
2233334
-76860515
-18763538
-19858989
5454480
13013623
50089562
-50809021
6047441
-11939728
98469602
83283196
20644038
27219921
13251579
40292451
62537801
-55980804
-87231681
-48017450
59646544
6477288
98432467
-60535620
-40230742
73069183
58855164
25648487
42443038
80153436
96838956
-46252808
37606066
-99585007
-55398905
-1391189
20851331
22026538
-75575137
9868373
-50585147
25426626
-32979170
-4054062
-82394278
47407731
-58592323
-53812655
23429135
-39439312
-29732164
28461060
32588916
89343949
-59799383
-64644362
50019750
-71306085
82875222
-52755864
-10628890
-58775491
-81032260
49054176
-87318004
64047689
-54311238
-48526802
-10741486
17791581
-32350069
96567120
-26120452
60835606
-12906420
46678527
-13762179
-27824057
-14951269
-33832595
85960124
-60127080
75162867
-9961763
-19082293
-32442453
68196653
-37109842
55325651
-8580023
-90947856
-49427843
-15789360
-46794644
71430968
25328276
-77378844
-85205742
-1148500
82620437
24013360
-64476114
-1947128
-7747412
-45454103
13062400
-35646407
56197371
24558399
-65811960
-59047983
54799874
66163281
15343429
10550459
56896544
-9321072
-19526613
-95921239
-19293511
-11991457
20249213
60194425
-81796040
-12397235
60436783
-42546211
58759908
-2497832
57666923
-29852642
-48839325
67363958
-63752254
48935207
81712952
-19787464
-88251208
-38902061
-44826927
-57639915
-2807461
89227956
29769853
76913574
77189407
-2498976
-8485447
75109797
18384574
-70976332
16996946
-2409937
78846045
-28708036
69363651
44027074
5563569
95709919
18989159
29486475
-2804802
-78249162
-33436623
89072831
-77623130
-27981548
-43280805
41860944
-20379295
-41618641
-39871562
-59964213
99270242
46668509
-92156926
-45350899
-56266245
-79510371
-64176172
56678586
-38976151
40638569
-43795306
-20695720
-19726525
-92873833
82801150
-56071473
40506223
-61969159
55539583
-76123180
-32599482
-44378851
-60561664
-42795676
-84176032
-71492941
-89702313
63942672
18796614
-36248322
30752275
22884819
42887099
-48500884
-20314806
72607290
39052939
-77837970
-90978177
-48873047
13113133
70228262
-32306239
71054533
52959683
38626232
-27964169
99073826
-59845043
-25907383
27300094
3120559
51201867
-29752554
-89982635
49818430
-16376787
13419852
28026941
9507063
-73671293
-85062015
42445176
66566277
-13227865
-73574623
14160091
78490386
6467723
29536641
-45535630
-82891186
17522265
-33468287
58690110
-13706549
-16657957
69609843
33204987
-37602279
-76630319
-14269515
9651754
97640528
87974669
-94736037
71221134
-72607020
61672268
62380505
78606142
-97389598
82407575
-44849696
-24775930
-7898170
11226175
83492429
25907820
-49902907
89699747
-29984111
-27129279
-38256707
-95879790
21845628
164999
65028222
40214960
76520847
56356614
-12077661
20796528
28792361
66447813
61969618
13480265
46286707
-71158240
-10430307
23853411
-19091614
-74828971
17894659
-64676677
95961341
86659790
26301382
-25253513
-93344993
39070134
65303821
-45554398
-47998498
70367611
-23305367
50946883
-82780445
-36012051
-94899068
36687386
-38610214
67542369
-1756765
-54160555
-42124350
-26689398
-24479507
-94880926
41752823
-29905806
3217470
-47570656
37713648
13322330
-56194798
-14848161
47630989
-43638256
-39071008
18043554
35927958
-2757424
-10729902
-44084139
-61628212
-33519657
-3315060
42930984
-14885826
33332562
55406875
-30915851
61827761
-69616270
86015568
-77861318
7663711
48176852
-53611526
-36588047
-24129125
-17526127
28309358
99731636
16672971
-72870416
-60599381
31305014
43790354
-5707666
-76437759
38983923
84754714
-87955400
-73015537
-71371704
-14794259
-63520134
71601351
-15309502
8518960
73767629
6601437
-1068706
-45012335
-76198049
1402721
52725849
-85495769
-65484959
71046089
80032322
-9478486
25283567
-19874565
9484996
-4688619
-71274308
51354213
-82364335
-52997082
65963283
-83697318
37297431
-73160646
41498712
-55491146
74209693
-96542834
95858978
-74181797
-86187277
40027358
40707988
40559869
39037584
36118621
-13035265
-52934201
46360381
95012649
-91200821
25732498
91413466
36211069
-82710937
-89577098
-12657463
88654893
7592993
-5640967
-76858237
-67696736
68659467
-69854324
21218595
32641216
83953259
-25891992
80713041
-6838657
94836665
16524366
70336617
-86895039
35478114
-13203296
98027226
-21049195
70801344
-62437286
76180419
86766884
687449
-72932306
-95844709
-71425681
-83470358
-57790280
73112666
70354186
-3758109
-98198339
-58174399
-68701468
14555327
-81914157
-93831151
17250484
-52876583
-53846368
59841884
10826514
-1940953
27619058
-93655351
51561906
-65994771
71879152
-54685285
-35956608
-37454954
-80250951
-97687304
-66995298
-96089327
-66001283
82814549
80637878
-69176455
-72469059
41500261
18172626
47884601
65890998
79604528
-47159585
88449322
52639154
11631583
10876066
-48910393
62447422
13524457
23691058
-27706003
26549251
-48766266
-66694732
-57721070
-55275975
-47246712
72293325
78768528
-18526266
-63289027
-3326905
43717914
-1054222
-25908276
-88180162
56567959
-39214120
66977189
-29118730
-86345111
-84184843
3327515
33841601
-883996
28413359
-48350023
-92427127
19598699
-32849035
-7766188
-19788581
959645
-80365188
-33534145
-97268843
-14282583
81192031
-27316983
-9667187
-18752116
35134548
82665598
-57871104
-65439338
-41093708
18559634
-47284380
35477686
99464537
-45945684
-22236418
74028681
52369714
-53290124
-82218165
-4376916
24297294
-54852686
-78853521
5402128
64507491
84816976
-60259325
-11578691
56354585
-41443765
-72301336
42453027
-39893263
-57459649
-65507283
7026244
34325441
-45796535
96751897
6031705
3523818
51954203
67465873
49281535
-91969293
-43271962
27746584
10524220
-23501041
-11590210
-43903357
-14427892
-37637376
68349918
79059564
10342530
-46481691
4280622
-23890448
18181757
49608012
58718430
-25992573
49119812
88309040
61645320
-55889461
80352343
-96358284
-70162530
76045130
-58319866
92059249
64692783
-77600540
-76843371
14678846
72850494
-14842597
-25677117
350372
-33818613
27006886
-18688410
-20747262
-15731715
-97708513
81168984
70206579
84938854
5725563
-68488549
33057391
53588164
16025792
-77258437
-87612737
-29886284
-82197437
75583888
-23555917
-25823860
86686495
-4484859
12355328
-70766880
47859886
82660155
-88605392
21682706
-11690408
-65443583
-26207866
-81203676
-2408898
-71765313
55942567
79426864
-75589089
-53243576
80533210
-8089849
-40875767
-81388888
93270881
27772734
-60528987
24557646
-73391835
-88617177
-81354448
12229228
-91553682
-30551284
1314248
59221877
85976473
77270151
-71944789
57476570
21172827
4828368
92736892
25735003
44781598
-26742588
26957623
66760399
-52380626
30548060
-48766618
-67832381
6065967
-94870081
98157648
82596144
18900920
24230427
61188334
92555911
-49999667
-5998058
3452425
70345201
88218444
-62688768
62677945
-19834721
-78352889
-84649253
-88126175
-8861549
75950428
15641143
97384057
54920827
-16415900
-86017349
-77234438
-86529195
-70505496
73944163
-97606626
8862114
84465045
-88683978
32302863
70876563
-33080916
-86006246
-22888939
-7062964
-85818875
56303989
-6532578
27183225
5121279
15883406
-85255971
90798050
-96758378
-15631111
-22313978
16843483
-33505217
-49916057
81452608
32978426
-4676771
9490606
-99456303
3402928
-16813285
-73910753
51542242
-68380473
-19218550
-68475271
-33160016
25411981
-18172016
97132268
-27198671
39608725
-75374579
-87628567
73203565
71681292
46612398
11334589
-61626284
59785515
22609196
32602781
-89395532
40480561
-73788532
45560056
36212609
25973509
57707173
48498563
-91137176
-29770592
-21531066
-90418984
-59535916
-39807564
95444394
-37604843
-24272150
53035994
-10972847
61663653
-34497077
36190551
-62243755
-37502226
36706826
-53259994
-63480464
-34652642
-29460923
-3319948
29539665
-13090270
-85874099
-69314259
15561481
-97402579
-18791821
-16638190
57919589
59814218
-73929995
57380123
-43093938
45738605
-92373015
-46781620
86142510
-27195681
24612006
-93503248
-48270343
-77165990
93304519
-9814098
20720882
45238669
-11331149
-93837258
-48695417
73530882
-96592549
45524234
15560067
49600520
-35201034
45163708
24405167
3616648
-69943747
90157615
-94251271
72819598
86492530
-72215416
-7537241
-85547962
1268168
-65648211
37175418
25487150
57104215
81995931
-84604919
46166704
-35673452
97805469
83472930
91549349
33831064
47859259
-33384566
4997806
-30515103
42907362
99426558
-69847285
29253056
-11051892
-21435087
65344436
41759110
95039879
-91512849
84620611
-16705921
57957057
-29346327
-42903803
-51486568
-60161021
28944690
16914135
13052054
-88593573
6677612
904926
21665551
85782267
26422177
-66320488
-14514124
93093810
68521335
-77402080
-40730060
39601288
27710068
-25121165
-15688829
-17492580
-31000505
92045729
-7427963
94679550
-73334407
11670811
13714506
86454692
-71157188
-65570321
-40962908
40450694
78708032
-77470234
58766114
-64713713
36340444
59803871
-28105311
-68840244
-49355388
28798836
-190603
-90680074
92078922
-26249682
21720514
-18760796
-10510593
66022758
-18894137
-97482598
79597928
58013406
-14038681
-33361238
67074034
-14619786
94226586
-44105181
-45822489
-61521206
55924345
23302213
97445184
-27824844
-6788011
81474719
34801178
3827902
84409007
77914093
45843380
31932554
-41708245
-99503499
-6510526
43161784
92802828
-64150968
45202987
97086331
-80019765
-29706771
-59386152
-48779759
88150082
-12803636
-66351705
-31389840
9129653
-27426818
-91335443
10334725
64143959
-21642060
12896513
89405585
25902359
-76771476
-23303885
-47268253
-17693585
-31167890
-41600424
70172978
65969602
-54977803
-76485272
39513017
-21997087
-74472681
27253457
-72321188
44649941
-32099717
-50924315
66655030
31007454
-44268593
-86857359
-3367163
-53065692
18286351
45872334
37227219
-79993031
13673749
85304205
98945053
-84256301
-68234116
75322793
89029860
84004390
-64064486
-84323837
-65316385
78362872
66560294
5863909
-96142012
-44161495
88703712
49091293
49332181
49689381
-40445988
-53616061
-69730582
24650099
-96392895
-17726061
1839878
98458542
-38550273
3297292
66745054
16995864
58363502
53472090
94163268
-8324125
-34240050
90679651
53918600
20117563
-67338234
-18543790
-71875465
64520554
72371099
1094526
38711822
37269101
20602720
88001744
-91105849
27703898
-52995315
78441194
85051886
-40889951
-30592796
22069124
1254769
-52783704
-33364501
59514565
72235260
-42821590
-64179370
45349587
79361529
35596207
-27453412
53787709
-15726646
-92954645
13688223
-27675954
-78332682
-26603968
34134747
-9313782
-63028875
-16899435
71159252
-79598957
-308783
-76913283
73281761
66294905
76037333
-49857389
90056561
94462236
-49713335
-4818167
-8264243
18004163
12225016
-36796292
-39185786
-6205876
-42042932
-11783656
-39887279
-10797890
40311002
58467020
-93251060
82168203
-34814948
35208072
-24110655
94369282
41558781
-79477746
32243149
68773615
3346917
-99070336
-21374450
10370482
-14574069
63719926
10445849
28561141
-56775159
18106371
-24090422
60969960
97495002
-51511274
6848900
-55090332
91950032
954244
3310502
61984928
-51748905
-13413190
83042627
-10213648
55494815
83687173
2636485
83491576
-20208157
28000567
-57482278
73101415
82152368
-11928683
10550061
-37114621
-35279202
36899213
92208277
83698951
21826025
-29500823
-28224486
-95590321
-62727628
40604722
-79194821
58357186
94305612
70912590
43645401
-91250913
16562931
-50982399
-95682313
-19536245
44501981
10239749
-3743160
2966040
-91287586
23692672
-99859214
-59600246
-65580647
22710595
-48633905
85429459
-61192663
-69444488
39229379
-91752919
-14645840
-48460637
64243009
-47270361
55704277
-28227667
-57930446
-33114453
65012784
-68081632
15450078
-8720233
-15160918
-57859892
-93312234
49462359
73647463
-56001301
89340059
62975654
17269892
67359191
88053100
-18413816
97508822
1517381
39265288
20631464
72080771
-41301412
66616074
-4972098
9454513
67767807
56689920
-77890526
56755581
-59141157
-94240452
-93229144
98216180
-37832344
-58860655
24030826
-82054832
80667979
61798508
58450185
-5662030
74964755
24964953
-40679908
41752311
20216727
23668233
-20101538
-44875246
39744550
64670584
-51619991
-966072
-79051983
93360058
-73313687
-75092804
-59490704
-12710523
-50868118
-38712826
15066729
-63144846
-45682272
-7622436
-56694955
-82665359
53307213
-25074023
-80924055
76534258
-36442030
-54405023
-11460154
-35804081
-37613484
-42964066
55081345
40463840
7882790
-8183313
-97779931
75656095
48647921
-48275746
76394599
99671602
19573553
-52197282
63013427
26992467
89406702
76899657
-14743709
-41542799
-71915049
-48965701
16343783
-46381776
-16946967
-36485264
88223870
89487220
-37754708
-6296783
-83051365
49418857
-34536647
76629420
-12312173
-34760074
40742189
36086138
-97414495
51896402
39695188
25627445
-13765885
-45321759
66811450
13935858
24149421
34966857
-86803317
71961518
-15675050
-24903993
87051930
42639655
-96537090
-99231940
7005869
-43236977
12596735
-53908226
94460805
4600353
69369332
-20717868
-42093048
59345116
94345471
26534157
-53264719
-90781255
87549443
-62521618
87219436
-17631094
-81066221
27348953
37688200
-65741782
36221421
-57809662
-19990733
-67298067
-87612221
52888689
-8985083
-29747731
-31765702
-19415587
56814235
-48921602
-75321208
-76989927
-51408202
-76125943
-84279976
-91559286
-79102866
-91586981
-64444422
-80920183
-1765378
44458008
16500962
52770963
72343390
46578759
-97521223
83001584
26797570
-86785371
14812872
-69513231
92813967
-75938636
-92494534
-39834108
99174408
1760395
-7758009
90273645
92424232
59302081
4321847
-67315064
37452975
-91481660
-54304024
-94366106
13721627
-56780462
-47931168
80935608
59966912
273045
-42050130
-36163487
-67356119
-87300745
63019904
-44675625
-4761078
83125880
-48037680
18849399
-2237991
46779486
-63446979
-46543543
-19939400
3781117
-44823119
-94110070
-41952625
-79793062
86098545
-46984391
-29077326
18612040
-55540901
15086265
13183709
-17680038
-95272293
-11757383
-26425451
65443630
11117802
64093444
51057911
38890568
-62878856
-74131130
-19781835
4470011
67579042
41461174
-52962469
-48269571
-13213365
-23597023
-1608300
-718937
15846345
44395231
79544169
44840221
53895639
-89594144
-31328203
-60540663
-4320175
-58476414
-80700518
-27474164
85717969
46032533
-87357444
-25168367
89384409
-11329307
21654181
66314036
-77253948
55694055
-49304461
-98527032
-66507489
-16086825
-49255322
40366594
85970061
76113479
56521653
61817495
-1075586
-30525455
-96022372
94812100
76248537
-74274274
-65088585
18223761
1507614
11785638
57294729
30512287
-57554539
3857017
32053245
-9548726
-96844168
-29535290
64643189
-99399385
-70630140
-17304717
15889355
-76501290
56940276
72670969
1277045
95747647
5869118
-35328848
61527571
-52211315
-41297098
67942850
-83747765
-21985377
-13084211
-71125587
-47913709
-70723239
-47821774
-25947322
-37910507
94032338
26441436
-85396990
62279263
93374098
-86284053
-19127128
39767940
-25738828
23286569
40966836
-48562998
55708650
-97602069
32798114
72845592
-77266610
-51178767
-30186153
-50792303
-38668580
-2343462
-47260954
31873883
26465458
-93707778
-12039424
-16483599
7756959
-3757623
-83017414
-40204814
-75322713
-78364269
-61666229
-31048184
-7955868
67545591
-76734275
-88849973
-55361505
11367882
-32365052
-75081915
61183337
25235202
-27474218
-50310512
-98643
56774556
14581697
75147960
58733221
79609
-15894629
65090142
19876166
65929443
71530405
98809472
81191309
99585502
-95308579
-96566445
19109438
-22086203
69399789
-32797523
-46934467
56765489
3517206
-84818472
40629771
15246801
5516790
-40671364
60500439
12331762
40227437
-84269515
-33735589
98496423
-90357489
-75482144
6163763
-66148307
-17005400
56533629
40216649
-6848415
-41286828
90937623
92431104
-21844407
-25987933
-22364444
77291031
70327039
44658322
13205548
7469477
43052878
-27412117
-80062633
21506350
42106203
92823107
-3233807
21708002
25402865
58023413
-80931824
-502538
90052158
-59046737
59824026
22985256
50962232
-99391867
13424079
62104640
47542227
-33091578
-1719052
-10527759
-2595711
-14149634
-98780660
-72582541
13405126
52387219
38218426
-94502687
88275928
54884676
-92977953
-8846430
-96004854
-71343936
21036345
66698847
-76662505
2970940
75189210
43456979
8887748
17504316
33825374
49130808
-50104294
-46907428
66825293
75856415
57534306
33042224
3258935
27664951
93582835
-96376662
-12292896
-33642737
-73190343
81154706
22385393
-32474293
-35749236
49473217
-27196549
-81386004
45714632
29802927
40340705
-18233431
92816684
52875381
-89949533
36772365
90398553
-44776547
-97233628
-78781324
60841870
22982873
4340542
10203964
-3850842
-32276151
-76297136
72296354
-86898873
-43006016
30893647
-17855512
96665896
98484689
-19367747
47089085
-83541313
63387475
83260189
-39286176
36407322
-39815627
7963942
-84587782
70546202
-38562550
-89752507
-90057892
39155129
-53267973
3063769
83509864
-86846742
92683091
42131240
-3375842
-58869961
84663958
-70498030
-73060014
-64950889
-17801123
-24640668
-44197366
-18383612
-96820731
-43156066
91507268
17636060
44652022
-4142065
-21150289
71309659
-97760400
-49365470
-66168990
95652823
34219256
-34638808
-11453427
31079669
-55322704
-57828396
-56764052
-64865040
99435966
-33901087
-3124837
-4839204
24702476
18810855
-51033588
-6717055
-55274242
51680614
38411788
56752664
5179146
-19253887
-80665243
36578389
-56333818
-41840841
41892678
-65161878
-56590944
-37853612
56637903
-5963200
-89837454
-63851178
-13605228
-5020821
-7008698
-96969982
92362483
-6277987
-32692648
35952516
-14868766
48792271
59262949
-11169720
12899228
-5854144
1207845
-50351548
-71863515
50572027
87395104
15123768
9402193
-34238264
-32322356
-11616736
3577257
-24640946
-28553533
-89244134
-62435879
-85923560
76366454
-69737231
55113625
62611414
-17579822
-39634809
-84602069
81507184
-24758853
-60993729
25709251
78296402
-56709179
47915710
83344579
79933499
2649609
1101979
-31676660
-19735620
-34564297
75245534
-45080117
-91265475
-51622733
-17371779
-21494628
-95225175
-80959717
81355805
-44180415
-16203436
66634308
-88502677
5693217
72993442
-23576529
51845043
-33766031
-48236542
25846842
27139637
-44044953
-80425679
-15899747
84442642
58142473
17956150
-72101763
-41926714
-44199312
-92395293
3576914
-48960372
93830871
46905890
99899687
46717549
-35262794
-15930573
-23501555
86614417
-6317744
-31518721
79398680
-61039542
7101823
-94285386
-65185687
49979480
-74928415
98528377
38471157
99579951
-73809438
95559014
-38319318
1821176
-35902950
-70541561
-88876377
75966501
86692155
20928351
-97978374
-30363220
87665215
27910898
-96409465
-8503607
47005203
41842015
96100457
-67973250
92939428
-52026466
-17120424
90126705
-37900871
67745352
-90313720
-43566009
-19061941
48299933
-46577995
-8784033
64771879
-32128938
-70846285
57604969
-50743122
47956022
-15577430
8291694
21787305
88960469
61267900