62431123
17392763
-32788759
2948884
-37030033
95021503
19796911
-70744488
96118093
39977173
69067498
91955273
-80427712
92164474
-17321975
95688452
-63423838
-18731265
74241391
26327862
37357222
44462909
-89588765
98515232
-69853974
14307450
80917386
23298245
-23643276
26510753
-49527572
38291083
73748209
84177724
69835211
40708092
-38509293
88781162
-86637629
82168059
-73700183
72412737
-54406031
94700534
-83997201
15016927
-32529843
-20251560
68627190
-72475562
56205550
-76235244
-3022844
-47435598
73204059
32028254
44625998
-67974108
-24277190
-73672451
-28573401
-20349212
61992790
-94670283
67183769
-87330505
92682387
-7032500
73641450
36910425
33427569
93273727
82080982
-5417547
-84909380
-92781805
78812589
76661395
-19742858
24337806
12912593
90714101
-6463264
88500394
-65225529
-97476256
55877690
-79170079
40513292
84986758
-40951780
-66356029
-55054529
77173323
4029866
-82498860
59077526
-72989979
2934976
55141905
-22837294
50863246
-72454731
37552519
96742843
-75691899
-27792412
30324450
30294023
40512668
23308800
-75442209
-96069398
-53244322
-2669761
15111227
51234949
-73864680
-78777350
67042331
37582314
-88382080
48476427
-23250606
95142348
-88801835
-43773765
59446667
9459160
63890519
-9526565
-28863374
99056433
-31998632
-1964981
-41343279
-59987084
-21650096
-93535202
-60953227
86477089
-93283560
70455739
-50098374
-86821970
-7459246
-74054523
55290291
87772594
-45437666
7629434
19942275
-52265008
-14007266
-90269393
21028064
65539030
73945526
-35440979
87186288
98766322
31028732
88471307
-97192998
76791872
26230208
95896994
13660926
22325334
-23225957
9253581
50768206
-30757002
-92873227
-48476219
-99795472
2581736
66918491
59920322
29563390
-77087710
195865
99601766
-61430624
-41953811
-81520064
77539788
45263372
-93983794
-30323336
42401260
29662368
38610119
66825984
-69815346
-80773220
38590142
-63326307
19900483
-49118055
93482886
-97717701
-47025647
11643727
-22002824
-39469686
94821670
-68475824
-51428490
-32812160
-36187333
63561553
22303407
8399484
45345168
-80404020
-78413599
16546410
40520109
-31736659
90356258
15313658
58761585
-83691490
75705284
-46297618
80551478
-68343575
34034226
54405086
64685133
14089882
-84414277
-22687326
18784187
-20719762
-51604124
-54210577
76252250
-69261907
84803452
-63125194
29601355
-15423496
-72143248
-98722185
59241057
-7481658
-7870940
-62547902
-34819909
-44133802
-92358710
-86733667
-47099221
-23675970
-3003497
-36659845
43878185
-74782194
18117635
16065837
57891060
29420395
6980444
-57555871
67896402
79902860
-74030190
9465784
47674585
-22702561
22711016
18758613
-13522118
65814502
18778036
27945962
-16588431
47993236
-98436015
78955042
-82299819
5577131
46455953
42495560
-67214091
51858627
-67258134
57160348
-79027436
14839933
-76969017
-57266330
71999242
83290690
27653946
97581612
-508399
-27323207
-80094622
48545001
22650491
85247505
8818684
-25108483
12542629
32206780
-5294020
56841247
-91046411
-64415264
-91930863
-70024970
-95980307
10893852
51750948
27220764
-47460898
17487794
-72254002
72182054
-15659997
30140485
-77461161
-81193
93465956
35470516
-14781781
-67771443
-89206762
-70979047
8899326
-71847300
-95102795
-36863994
62493726
33303919
-61707428
79331675
-32669700
-61470150
67661156
62372758
66201224
-19983410
81408376
56760887
-69053260
-2133291
-99363152
35261358
88031523
65160889
-95917844
-31676418
-91998199
53992990
61327943
-65730057
17314796
67561882
-40899014
75398139
45876514
-55282050
-34113158
59201023
-26674953
29762872
11278712
12904540
60447092
20830854
-35343312
-31169925
77663346
12678136
-31986027
80513827
-20226039
98741437
-98066497
-6115467
70638717
-98067574
82996332
-52618800
-69972907
29002103
-5474135
80133612
-61760150
30286242
77497844
75119188
60416087
88932970
79157769
27916444
-11960866
-60564250
12759646
4424967
13984704
67693404
-47837217
28348055
73212373
87079537
-84914102
79675099
9442049
15109438
49503386
51483979
66940892
62939492
40708651
1566198
1457714
48460394
-55687774
5153669
76390356
-33963683
75489295
-67529901
-63987141
-87729363
-10062366
39827121
-35717725
-68075542
45353558
-74955241
59726606
-33390505
-1861462
88862170
31754597
8585741
58064338
76751517
29656554
-12674392
-91997201
66475289
46915472
-45129940
61569519
-7836248
-58322909
-87937853
73436528
89972360
82294780
28309250
2202396
-33264016
-33582956
-98988774
-76198800
-16515288
54795714
-8130933
66151322
5814015
-59463406
54044668
-78237324
42522891
-95075186
57569143
-60871036
-49323229
-65630005
-96401705
76981674
-68048186
28219230
17166171
58524927
35872713
71684950
-10981323
-76684915
63109866
32290463
88594830
6324721
33122042
-39501473
91854893
79856330
-81770665
62844656
-1576030
-19900827
76937229
40347723
-95670437
-49433419
76283771
3349209
28858406
-9648906
62476992
-51069107
62947379
37569668
-66235479
70858747
-5726182
23202844
4087471
26090813
-57758670
-56255486
-94707515
50294314
-57208914
-84239610
45636960
67725899
33941966
-65816391
10190544
-90987669
71757649
-93756418
9479555
72404657
39699010
-4751440
-91474159
-97099991
-84683957
19325649
11760508
-46163725
76496854
-27548154
-27609484
-88007837
85315349
82008544
15397063
92410949
23033541
35689026
-73834419
-15197226
16651638
57186709
-18873557
62590565
54482416
-38258738
80674490
44955274
-82082911
-74054058
37733250
-77014966
-5623469
-1744200
-80651069
45661427
98535677
9538673
80962801
-87333173
-73785497
-91432373
32892372
18892820
-9508528
8321262
-50843034
-18989808
-67324875
75905813
52016256
-20265687
-82000994
-3434456
-30157213
-18465869
9935450
14112831
73566395
61798920
17610077
-87136061
84098787
-85994613
76695757
57166559
-25866554
-52225043
-11095319
-43733961
41354902
-26939076
18551224
-32032048
-49319212
-38977428
81679368
-28036969
-35593493
33861817
-71954795
46643078
69011802
91442217
87922026
-38126688
10575798
-70479426
-17249273
21161692
20885363
-72157896
14952180
15114150
-10792541
-8443817
-45420926
33509109
-5331270
-66710574
59087020
-34224583
-77668938
36903762
51171060
-12770620
-62743005
70706181
31424424
18559932
-1939140
79250085
7709825
37500527
-82781022
-95524294
-72864983
-22736520
-62693947
94028662
-136889
-34623862
6303787
74921578
94383726
-68565436
-14458554
-93670017
70154280
-93807985
-69702448
41197848
96007853
25797217
-55921958
-3710899
-54450901
-33928531
-66719451
-93686147
-99658721
-90150212
-4052073
-77243560
75124407
-86471655
13245617
-93578494
35302191
51108976
-12988462
-54487698
-9944447
-91967535
-99492241
10507789
-28074021
34110731
-64358394
26291620
49909783
22647133
-73526028
-87098758
89872974
-81116304
15006679
22328379
3652746
33599778
-54501457
-47702408
-80861249
-75306849
63773313
14677194
-60929642
-58424656
-89756027
15301536
7005632
-19808280
96535096
-90343788
79199477
-4217047
-91800372
-28897395
37463335
95376721
12779683
-93197403
-11900610
-99900252
-27826939
-94304988
92870927
42762653
-23321535
-89018098
88907678
-15212466
-4810156
60436660
25850210
69569293
-97429402
-9567425
78074167
5040062
84845354
-96215727
-53913258
-35903639
-37306524
87185723
-73414057
-80353501
12863024
34718598
40121388
-6238035
-58996817
-78167957
-53765191
88788796
19420658
-36883564
34341497
987112
-36811783
-9157354
58308314
98310198
67654264
70850695
-76019156
-68467505
40085947
8260065
-82657185
-11799881
57619941
66962589
909141
61166211
54760206
-22102149
-41629158
82613241
10351999
10650594
-20366390
-76517500
-99943833
-72091916
59933929
-42058264
-94145676
77275471
33664899
-60595601
-69103841
-60427452
-13768469
-88134609
73062483
90595988
-31752627
72778661
-68574753
94402362
-14040987
-69536863
-48621361
-35793957
38140842
-4534351
-37820838
-75992186
-63969028
66958527
12152921
-15714102
-36115721
27278822
96197695
89171437
23132219
82506361
96832502
-74910910
-23653918
30709315
-87552804
-32137245
42733581
62297599
11190301
-39924283
-73284513
-98078054
-38548380
-80383926
-85726840
-95783352
47637471
-77099884
-10504926
61623096
-70549786
61174355
-67793885
28038554
-4285605
84006829
58498105
49736858
-15632045
28330191
-84113242
33235326
-89628604
28918139
82455127
-27366523
17415337
-59284176
-70968464
53698237
86718365
-26246496
-1219483
54036014
-4314258
74369857
-778464
5703691
-60434667
-26511484
5224405
-62889100
3524644
87779360
68424321
96440664
-79089062
4876920
-35244510
-88984861
5801435
43394057
39417902
-54245394
857422
-70799820
-88652668
42772468
81396380
14120273
-4385565
39031513
57588487
84070984
-46219617
56889577
-45491279
65389794
-75688054
27854767
-3027170
-42534988
28039286
-56817347
67360005
67166468
73951291
78453586
46532892
-162072
52838249
29743810
-72014812
93383254
9969783
-3865840
79106558
81543078
-95100733
86276068
-42326595
-19675679
88926246
-1192181
-15534778
84342518
16275460
31482509
-82900645
63393535
25642583
92642904
2130709
-9405225
-93952115
-7465764
65740655
28627927
-26680465
47848368
38546974
-82972434
-88940956
85213105
-22692873
-21921344
25138718
57179689
38787590
-28253515
13369855
2240000
59952706
-35635372
-67535866
-13656532
52852455
40996275
77027255
-28281845
-47044791
2836990
-4057888
55918865
-23260758
6013688
-85342450
-11919747
42041867
66658600
-1679221
-6456739
-2489806
48440769
95858596
5464460
-22481036
79170144
-17357743
92372689
47228216
74347950
-1370000
67644097
31496815
83662860
-62011262
-44183436
34653924
-26783061
-24655644
91573615
-12060526
-80806559
11391673
14477599
-42880754
93904536
77018313
-8204773
-20499095
50489212
-44492366
-61505489
-49771716
72646015
-73303660
-22805937
95080201
-29375182
82022262
-93814433
-62522857
-92579239
32514951
-89964239
78947176
-28354996
42887817
18574396
3287837
-21786268
-34977176
-39830186
-47188444
-51877266
7493868
-77436791
-20831877
23165920
-51645755
-22467777
-60764450
44115024
-12447153
-89016667
29480253
85984615
79861578
43789265
42955481
83709476
21491447
-22286388
24220567
-76307374
25837483
-3808339
4682084
66211429
-76238962
-49411551
-57395039
-43130635
75934987
38658144
8244147
59382406
-1427708
9566315
20487726
-58222979
49379675
-53515056
49835571
-98060464
-27734255
98434294
-59011842
92936754
-53332773
-21478624
68673186
-43787725
83157045
-58937276
-14501611
-34034427
-52344129
-48012824
12773746
32147632
-32117233
-77178080
40369064
1927537
-64373314
-98056182
61106467
-41568365
-29969521
44257470
81574880
62300194
-72188306
5290593
-70705203
14745918
-16814293
-77786180
-53522326
-87813085
-34444929
36115161
-75583312
46829227
76714736
-60966707
45912237
37231192
-60993758
-50397655
46628027
97529240
-55208534
27462768
42915668
16497653
85486534
79519524
-41509768
-82416181
13850894
-65832216
-483846
18565194
53106317
-29587864
42242713
95900043
78565202
-85426500
24139111
-5734327
21012796
33353158
18331123
-21084953
27201531
79174299
43587860
27468699
296624
41800198
-42451789
-40232908
-14722896
1442630
-72260922
-42307810
-87046793
53448641
78411508
24593979
-56323535
92276071
-65910783
27587334
-73676909
-11760762
-22932122
44609235
-1527356
25115710
81104163
91706410
-1266536
-381200
80100256
-33064422
-98220175
33296569
-57461347
-30120162
2686965
10768419
63210079
66025347
-69055978
12330226
-75515905
-45012583
67314969
39822571
-56879173
16311644
76632010
95592748
21829238
10271181
50795480
-70307848
46407533
-74530840
-62891474
-40341679
-13795106
11967317
-57844590
49598496
-91030772
4477575
61579373
-97160201
-12718402
15974525
-93368732
-56390332
-20272691
73095139
-13381781
-88883020
6576597
-18200713
85401488
-14841933
-36324606
-84201892
-57185994
43895854
93932132
-17751729
76394118
-76793917
-80198170
-48755347
-83224355
90623661
-1490792
-83258
1805007
-37049590
51716121
72511576
-13183433
-21944236
95828029
-79846886
47253784
-31736618
-70314372
67792430
5812362
-70833048
4290671
-87479271
7913958
43399057
2346375
-10927689
84553872
99119065
-52528142
37207995
-85786657
-17101988
-18017395
-12181452
-84899925
-69525841
88388494
-1731186
-31626787
-89949879
51484997
17649022
45115451
-3480324
-91170634
-87037086
7563986
29236028
41322731
50118356
-42069498
-23942555
89249039
52982282
-13824040
-63416926
68591982
20926118
65010025
-43575467
65361356
70706410
-88067973
-30329605
73267590
-18206148
83346791
12906137
9108797
39339911
83712014
-94523543
41265235
-38869535
41135931
-46868334
-89788656
-95931404
85850543
26138262
-1913517
-90484314
-57215326
-39213914
69272616
23530063
9107728
84074641
-49279253
33049
-2649451
-92239979
88754025
87096636
-90976542
-600518
-51196426
49258859
95281212
-6261977
-22664253
98170455
53416077
80486453
15581507
-75775518
-11661258
-79018381
20676642
89340212
-89786792
69194254
86260337
-74726525
-89423742
-84071951
85844075
43772583
-5052831
-75599966
-60017334
-50948934
-13631265
-6478791
-81422531
55507804
44864603
-64257766
-71769997
23618430
-49307948
61742031
-23221182
75899313
-68500746
-43392387
-30223720
-35260141
-23076687
-19859917
-5085458
-7643313
1877834
-58157547
5270543
67321354
-44873187
-34152209
-60238533
-28754900
-74323882
-95403805
93402062
-86303768
-23975703
-53202265
-44932931
-21123669
97898552
86689490
-94434795
-83432824
-5415250
-39984156
66594015
13346197
97059208
18931660
-24033202
26933301
27269131
-51929624
-24978483
24656249
61149374
-63211419
44996225
88292050
13744621
-7126904
24588473
-9976938
4439582
85326912
96700053
10036738
2696124
93080753
-70426999
66885895
-82405650
-23737796
-15465088
77295484
-88667536
3998375
-84943305
66150079
-74573131
-13435222
-9274013
30531077
50236120
9403549
64184049
76938991
-86592459
-9472879
-97667419
-23767899
-84844602
-95200225
-18570880
6485908
51289137
-81093283
-68827943
-89795950
55396576
-52265946
-90443466
-54733332
-14207418
-76307154
95071149
37190181
41535670
15424412
81067211
58258351
29655472
-45354554
3389753
76194900
-30307363
-13882876
-81150275
-33750593
-30321360
-99883938
94931142
69281798
59178094
-37735395
-83211068
13940244
-68079258
88757775
23510714
36120600
32469424
61385517
-30860462
-49319168
-95439558
-80067123
78641292
21546953
54255939
-80853115
-93804949
-18365242
17242379
-8065555
-96194189
-18000939
-68777647
41098127
97135090
-14084365
73147628
-6891073
79578792
50644431
-19105062
-22447601
72213888
76592362
60979308
-25091679
99529586
-35968524
-17511281
-29190369
-93582288
62570786
-33407859
81311819
-1293878
4796934
89917560
-50467256
48809905
-77683645
56229162
53700980
7193724
-81698734
75629936
29120761
94292910
-74206921
-59772201
-54267618
64963770
-54865376
-48181657
89583014
-36813179
-39142027
-5637062
-12136704
97828232
33039783
-23027883
50948553
-97741115
1378310
-17823461
38835473
13431378
-45181799
-80664731
83635229
-9050268
94937481
67482503
-39860665
-7851975
-46219482
24086838
-62889797
12319608
57031193
-58291964
-72476746
-63295005
-41900192
-36738532
13388930
69758548
-25371991
-94192755
-88730699
19673957
47036481
55437674
35129462
-96133288
83305111
72171594
90272156
-94252206
6505585
-69595219
-34482937
-6180566
-90568121
-80580702
-75019137
34515697
3246439
-63702386
-77367774
-59189780
99835884
68751236
-93705107
-29772925
32019228
-99698534
-78423597
3901850
64560389
19527552
-49958342
-25297470
-26073519
49654271
4054002
67799480
72491701
-98384155
37515511
55354412
87998148
51176362
428915
-22777664
-24398916
-64343211
-48570612
-96142050
58313370
-47767054
-4800745
11925899
-45330425
36997121
91107869
55307668
-47230427
-4473717
99558093
51129984
-62282290
-86505597
-34720684
22940515
-88118635
-98932478
91150765
14732491
59541595
-63021571
17089703
-11526015
-31455799
85802800
-14472122
-99859251
41551168
86396827
-51124079
-96441877
-16977327
76563990
-89613978
34815322
33546119
59161009
-3357804
-81862859
83701373
16178899
71805627
85128849
-22864158
80748618
15680571
21529211
77881723
68777211
-53691446
-99228921
16733826
-62515245
-51526673
71573496
-85481280
7588158
-12238666
-11556146
27255434
22484698
65800003
8117543
-86540543
-11585896
77540884
-57023090
-47443692
-57671829
-84285881
-82769021
87518422
-33627758
-68452362
-59723611
-10438827
-22951061
10518542
5897768
72606028
86501896
17914002
68348785
91246597
67577776
-82884713
540644
-22381401
-61023295
-69085101
-488260
-74886577
81435395
-77250059
-83764677
-34515519
44542630
85736552
-54835746
8684300
13287573
-46655148
-41861404
86551286
-47467356
47642711
93957588
-17439468
60375890
17321819
-80568757
45140516
-95612985
-62703971
-59679384
-61663042
70585466
95511300
-31916457
8235484
47597766
-39873262
41547227
-69198537
8746408
-24366886
-32516697
43676228
76848184
-10365502
-5410075
-10792087
32781173
27847009
9764271
8214890
-88597321
-35440304
42540909
-95808236
-46138464
5778404
9653551
-96321468
51701995
92969747
-83639922
38126257
28483727
-31992763
83748340
4593689
59455969
-62056162
-63239144
91042710
-74476199
55978563
55228633
91492650
68279000
-83886212
15705106
-16333226
48013706
-89675943
-37848168
-87596059
-5333174
99626165
-29190640
24859153
53023302
94626555
-53232137
-18231322
1227497
-80138124
5658728
91646434
4830954
-9262121
-48183309
-21989140
-1540467
-25900311
-27021335
63685165
-27907652
-3636112
-13301893
78979023
36410576
-35671537
-72263312
-42623130
74694397
64738246
-38450097
32052978
48375681
-29656106
60702123
87311186
60239994
77014914
14498772
80059848
28726664
64394155
82225477
42521564
-33993466
-9983437
-69751281
30174222
-13186643
43810627
33175463
32180684
90458359
-95671556
11831943
98755431
-30719967
89926869
28376529
-53341454
1558464
26671978
-41122669
-73476820
70090189
93247958
-78045291
58589936
-50528127
2137620
-95134758
-92072046
17412061
16556769
4745459
-67846676
38516755
34532363
-41084930
-30002915
-77089256
2112392
57279873
46096495
23842283
-2603939
98777350
90836051
-48172118
83393042
-5018862
70248970
38207323
-2561001
74573795
-55938116
-62544465
79772609
75180002
-24188004
-54507030
93880234
13320597
83835714
38615206
-78798309
29111889
-33167858
19027650
27751525
92075222
22232075
-19792514
10059906
50715069
34411180
-4507935
-97171021
79419943
81038222
97255251
37480851
-74837348
20564642
71679053
-42752006
-93303259
78794261
40919069
-78525106
-74525338
-80031824
-74363658
-84514877
45682694
17197271
94149221
67271928
-24272081
-47880453
27981953
41235040
64278297
-9607706
-89862289
-71258410
-81859843
73700026
-48029641
66181044
-85929108
-33943191
-98691531
65409140
265310
62579209
1486909
-13396273
88021215
51454189
14100677
-61372587
89562383
29199132
-71651800
-96522579
5979274
35657986
87724325
70702928
77953975
-70083607
-78826036
-18461255
21529065
47213605
-72439465
68006198
44055268
-50451952
65600907
28897790
43986336
37802465
85754310
83344163
56172561
-77662222
99981826
45799924
77134886
-13609991
3353680
-59351089
85132932
-59054064
-93958680
89531954
92350825
-17991300
48474937
25049094
-14210394
36352334
58501892
68844793
-20169247
-69048548
-45908938
97752188
-29432264
85905588
36251712
1605279
19358631
-19639561
-61012072
-99116939
74758748
-89463842
-87067437
52340264
-76276113
92534761
-27786347
86965439
35846852
-64158169
-64803653
-42999517
-47364763
-69974569
-54237092
-65164290
-44071622
-61498524
-30463021
26280589
80694400
30904462
8376988
-62756728
-35224103
-12693536
-21953228
15078273
81271082
9385997
83261189
-65856168
30254412
73643614
-82022494
6308699
-65748244
-17317877
-25080715
-60339511
78447335
-95337854
29040244
82921505
-57282108
-76577670
22811183
54258801
42276859
50344039
65521275
10975108
-88797281
-67853411
28617668
22858305
8007694
11180197
77629238
-76306846
-92916350
-27317440
70145481
-94643837
-32054829
86750628
92937300
-51679596
-10488516
24505117
-2986385
-54234124
-14996745
13536743
98328449
57284972
-53441089
28255073
62580311
-30587158
-69647331
-27022204
-59593542
-27778912
-9507631
-12005069
79218070
82657413
-42016563
81842359
44732214
48043912
97805938
-10694521
33307781
-9244459
28957262
-92085100
99880767
52933236
-64325916
70774926
29190009
70715959
-90949034
56348529
-78650433
63345033
9736904
68028159
-50315666
90289942
38881581
-85212490
-30882996
52634737
13696584
-97031042
-8272026
-39170738
98608695
80593084
-40834644
-12816939
8898153
4418734
-8872166
-17568415
16884800
54171304
26475563
58480867
-84124038
-36184388
-92973417
69171738
-82396948
87331641
-95689221
63320603
60874576
52192133
-49266030
46825163
15386658
-80985349
89669004
28524989
-73408351
-20870159
43147433
90656182
-95643361
-60874278
-59594247
-12593651
72091943
-43324818
18161177
97703372
-71703141
25868683
-23490759
-42084701
-35996970
-90902012
-92485794
17534551
-85577252
46192480
70339482
10065697
-99087150
10198688
-74245150
-53634344
-59768574
-86238138
-63773667
53562345
-89562217
-17656525
70691264
28352814
-43535234
62349349
5768422
32429291
-3441306
60470334
-92997649
-79813356
25461476
-46309052
6691047
45184071
-73314679
-15162754
50956177
67963491
-73272964
-35354976
2650007
-47152029
462015
23898797
81898897
4804596
-84669217
-70477981
-25491975
98894677
-37082692
10325054
-71354434
-4600684
-44251242
52778092
-55187127
-58394463
-27442534
38960405
-34709390
83333461
65917195
-95918379
-36962622
-94945119
-21357124
63391773
-77673852
-25771986
42124196
91537371
-33033723
28805594
58252301
-58777090
79011357
-58801168
34799456
-91114664
-53032514
54174990
31387042
-97052417
-59224816
-73242071
17929038
15622307
-25924980
47649604
-16572110
-13499278
11019245
69420547
15504676
-58173952
84524234
25713412
-46813903
26259661
58028250
50050353
81743988
18599316
-68160614
66524545
51858335
-51853776
-22842881
-5561917
-86806189
50397241
-69264032
90010288
86928247
-40055174
-32244495
54919274
-98699169
81616726
80338965
94544704
-33153408
-90943788
49688502
823638
-76653525
42503202
-2840835
64163519
78152560
30753484
-62559502
-46690201
-79470020
69879732
-70743755
-57030829
99731514
-38714533
44006449
-41160525
49897005
88871399
-60154724
-27200979
-55037913
17272390
-68817057
31705087
91546669
33988936
45892132
-95323404
33240949
26856261
-95403492
-99782215
7256362
-69610988
29386483
-10751864
66854318
86627838
-60208680
-81785882
64212158
-27470534
-66501245
18008157
-67010872
13909799
69330811
-12082250
-24142046
93494176
-4445387
-62713974
-19449628
89169832
33047024
-45210712
2348962
41492997
-27977226
-88225772
-23885185
91787508
71233734
-55199559
51423508
92760146
-94436703
-64044321
-18193831
-45514583
48259016
-97361364
51540733
-82399976
81382941
55210521
-66529778
-39717518
43389664
-97519724
-24069650
-27849525
59183579
79815060
-1312081
-92673915
-39167908
7336036
-69221334
-77844820
-49882590
-49288161
-7629226
61627138
25946653
-47707079
-78103360
3058590
-10415988
361461
92444184
9409778
-21983872
-29105610
59345559
-25097374
-77500337
-500125
-2677977
-69379644
-8966714
95712188
879883
9090178
13549840
-29613580
45081637
15572947
-93862299
60097256
-85728883
24291685
-85402181
-58317057
20530199
-67627906
-97211113
5483386
-21569654
-90622148
-55240818
-53101843
-85701939
13245093
97181098
3021577
-32751333
-54238575
-35122120
-62811854
20561421
-95191344
-14586327
98736870
44428091
-22980163
-98574596
52246391
-39427777
67205656
-27029996
59239936
-65671222
-68371839
-43340227
-89464269
87304047
70048399
-46075213
16869469
-29694118
-14370802
25093630
23873528
-76256805
-34060113
59027242
-91722359
-93316854
-37466982
-74401281
-86286325
46348177
38450419
20180015
69165458
-50330925
98308611
15099487
11199924
27649776
7660080
-13552613
24137126
78347
-89375979
17069244
-15709692
3039686
-25654463
-69734414
23391512
-65255240
-58617005
7899510
-97089044
-68549243
70914040
62128154
-46894842
28605336
21426726
25491359
34358109
-18112779
75563725
-21624080
-41282169
90595815
-88723059
-16284283
3649386
-16692783
-67123254
81857494
57123041
-60964903
61299152
-78261313
-71649672
978495
10321081
64068712
96523257
-59882228
10201518
-83792309
29871078
35966276
85273784
-70238063
-98669492
-78182112
84263613
-13458818
-8518774
-99289774
-88745265
44696847
63228169
-97747135
-78326415
-29935370
60432531
-11540242
88045478
18924152
-5606611
91741412
-65941071
67878017
-25648697
-45687572
77264066
-46859618
-60073800
-59206934
96894516
38032600
50876629
-95746650
-40525191
89775604
1581209
-97702695
20196312
-76736291
-68011268
31815769
-86000741
29941627
-39672361
-90231345
-38774918
-44283520
89974369
19291961
65518865
83803531
-80162111
8850668
66339474
-69093880
24134055
26431078
12363173
-18512199
54156175
17567546
-97266188
-3521738
-90573787
37687699
-65223128
32999439
31309179
-84097149
-45655473
97952084
-45262455
4922798
-66907641
-46351225
94888387
-10948478
-82426021
-54255093
84483639
65663208
-33361364
40054788
92635901
37679846
-94108505
38087330
-31224874
91730095
19907379
23971618
-31274834
35369264
33946838
22420249
11242540
36268377
59603042
-34235355
6201388
87624475
84328183
21897420
75157151
-1785831
-57402478
54515038
-52047230
17953704
-79661116
29699055
-14515549
87848323
47470229
-63701762
-68128186
14459895
-66165593
-38842418
-41094112
-37638170
19086134
-86837742
-93607310
-43517840
-11342067
-75051563
55128209
98537834
-62657211
78865750
-67978456
-20004902
23638535
-6319828
-80293159
-17096146
-64048562
18238747
-56359884
74175611
57481437
93124098
90498476
88705190
45159596
74179742
99307008
57992952
65178767
-3946692
-71850035
63956248
7971616
53671717
-28902413
24955532
-82530470
-11178733
97175599
-18371883
-44612393
61511975
67238884
75855448
57611943
33055812
-54585075
32752210
17569781
-22939981
12659412
-26616596
34335133
86031893
-10806694
99789552
-72543117
92868118
15892483
72016802
20803704
19310099
-77243066
76215401
-85067562
-67172183
81738756
-50570598
65886237
10162579
-21671798
15202519
-89860992
-17305442
99486022
84138052
19339330
-41322015
-1084899
-37502535
-36485878
-4089213
-33535460
-8900275
-27360691
-83496944
-43733301
-91612755
2966701
-4770794
23059953
-35788144
-99619002
22560562
-36069018
-63122960
95618480
-59447792
-16121532
35680962
-36435524
64148091
-77522232
-86534913
-1661452
-4584149
55713162
38355876
-91790451
11950144
-45524392
-3395597
-41174706
-29244874
7226532
-85579033
22946207
18357153
845780
28245917
27199424
-66263199
-81179444
-52730432
49545243
1621391
-17631336
-5621331
79855042
-27003084
-55337713
76484058
-23087915
65211441
34738223
4845176
41828394
64302984
96239309
-57036967
45958147
22028858
79824528
94242813
55293894
-99584126
29331268
-35231393
87417681
-30700208
-67709675
38188439
6880194
90560961
-64810944
71892193
-35823829
66101142
94076377
35652118
55126879
-10009867
73857135
-36866459
-76738334
-89394600
18292815
62876633
59446473
42073935
83393362
5278500
40635653
-52397488
-7186102
89098265
-46416748
-12349850
-78616553
-26980007
54606715
58630396
78383791
55354181
-6290768
57572992
-33077568
21468178
46356570
-38948366
-49554292
-99405884
-47521878
4824034
86498243
-9921995
54521802
41042411
-29372045
48235812
37804225
-83963564
-91463081
62289797
-72395238
-94735399
7108722
3371081
9456616
40017495
97149466
-73125208
61310888
81943476
-48584310
-8482062
-57669723
-71286538
86764704
-41738067
55678566
17628301
-71592217
72763612
-75294099
1163407
17764748
43775409
-99473341
-44475947
-75766148
-5988613
-66553140
-15511785
47463792
64577138
-36687564
-4137440
49801277
-20744335
87537167
-62287498
-47060614
89235602
-52651895
-77222661
-16674936
10152803
-219715
85790772
-47213850
28296427
-81889837
-21803535
15112996
94831788
-45074882
-71117628
-73309654
-34578130
-67302247
95388637
-92376291
-31478197
-90306780
-3241609
77359858
8598867
-80645619
84389089
62373129
99004165
-92734432
57821365
-17675292
9739129
88035212
51961529
-77257810
9188194
-50218531
25958228
-85095477
79226922
-35884407
-7713579
64856876
75942899
-97306328
-40087938
59411456
64463178
61733041
59583710
-69389092
-35858188
25604240
-11802824
67510058
89002598
61105879
86184044
78050954
78462322
-45359149
13991991
-76783052
21012017
-1891310
-96878101
46913864
97756391
76691792
-58631111
-72945282
39197671
62221168
8952761
-29665642
69916634
-3769613
26177136
-73510925
-77828846
-21703144
-14068322
-33432497
-97763993
88998348
7013050
-21457810
-94059677
-88724535
-58736029
-10163743
-41787593
25474755
-25882203
-79467241
20062330
-40217590
-50012889
-87693809
-75454912
63496735
-21233369
71432106
-75234598
-30006890
-76240776
-46118688
33395187
59287893
84693050
25436525
15327725
60486432
89082645
25092738
-31096934
-52713135
76595531
30282795
-71184274
28638373
-6358559
-65503107
84970947
74930745
-33649178
26659111
-72977295
-71880059
-81148799
-60576942
20402060
-75361979
-58616979
-89026497
79730646
-165504
23712691
29304660
80053682
-35713025
-21382212
65308156
-38318198
76659444
90549114
-58958043
-68486834
76144719
-36778594
10451611
-71286640
-59606387
-10203930
-9863592
-75082897
68328542
15089545
-36971214
33374736
21368731
-95138330
-18282231
53604488
92589137
-41334908
39183468
-63477480
-30714827
29576768
-66626043
70327382
-11340450
-53241617
-62425721
78987776
79742919
-84327519
-8466360
-79695373
-93290254
-14992802
-98043207
34243601
-66680350
-98457052
70777999
52228733
58280824
52917582
-11687979
-23261966
-72877767
-19310719
14216897
-1208707
-19892871
-4565974
-93540150
-6417359
35046846
20926619
72195862
-19815333
-5152514
98898808
62160007
344354
-81227863
29065501
94499317
56519245
-64714372
87024166
-58581821
27340041
-42626507
91445792
89247206
-72982304
15902256
65742355
31533877
67379513
85882389
63996742
-55856378
-53942916
-15539523
-92813557
-77675016
-98875542
21167145
17464310
-93549506
520582
70734764
-85750768
66454642
-74458762
-49749507
86501040
36986301
94514190
64125653
69834246
87220188
-87760478
-46915127
-84837735
77613970
15898674
11445990
-97105050
-94115711
21564314
-26471680
49764041
55324135
58649613
-26150151
16905944
73394314
64128393
-48105840
23262637
61535094
55350381
-33142928
62682981
43394296
-58015778
-26714084
-17415155
68779113
-4039161
76483297
-74635983
82134438
11252609
-57514564
80728507
-34035506
1483107
-14242740
1768727
-71894531
-96867524
59851722
-81648486
-20876353
11564651
-56419069
-40359989
-17194941
53353859
85019310
-95078004
7367897
-71456527
-60129992
-14707949
-51006410
-55182535
-83197469
49991520
17173221
-96296096
48915647
69765469
-62766722
9150620
56050040
96730437
-33858709
24579787
70537559
95808685
69814679
-22287692
-99990648
-68445496
31166319
-60369916
64974942
85897315
-73461079
-41994086
56380684
91248800
-12999621
-58477593
66792349
97676189
44944732
57820621
9313320
-73207659
-3602349
-98085839
53736733
-25119452
-48993816
28937311
-47292813
18633598
25271208
61826746
70726432
85725908
82616571
27147452
-59064044
84857072
15787277
-76493140
-38430741
85045438
98956928
99996538
6089840
-31002175
-4054679
16387059
84905023
37657185
42683082
69013070
74166759
-59073474
-64880842
59914510
-6289275
31282713
-48597963
11123361
-87145936
-21197443
58789475
1582384
44862662
64517901
96401223
35608572
-11398088
-19826414
-96691667
-91926748
95396942
-2874093
4543838
61228507
-88949557
92644479
-1642928
59364921
6435049
81152565
-58941013
-8724717
-40060244
42731070
67685623
-98028840
-57276106
-12872013
-10628148
-48310436
26721375
86949418
56697904
6749850
66427438
-39984470
-47210033
56309573
-7850878
5508730
-44777630
-78196009
-36251750
39545660
32077103
79391530
-1356641
-17135758
-87737641
-93387875
-94850729
-44349883
-12187182
-8836416
-54952993
-87121909
-39237404
-87643979
-66443763
34453311
-82205073
-84435029
1092234
-72957724
-40560477
30723697
-87095128
-73528750
-44196116
-22523051
76420999
-67402569
-82064484
19128978
-26170010
12467361
87055220
34541349
55305986
-32525593
-18827556
15344525
-27695358
56028917
-44307238
51191873
87378021
-93146607
38717146
-63368128
-1693946
1720847
51044808
-12633322
-54821985
-36991358
-19128750
-82197686
25304975
-67724393
3458260
-83197697
-21389128
48378994
20092290
90957899
-57873456
-25818959
-49857127
-99405500
-90096439
97943176
-66122127
-17691681
71442399
-15443224
-600007
-24330705
69793442
71765523
-31346871
-21695019
-95447045
-25672648
64889099
45194804
3844277
-74328525
-67534135
-8733618
-98269542
-97103731
-74786405
-71530154
98006599
42172987
-52167550
74897506
-59664498
5847038
-68845611
93591448
-11648377
6505874
6110777
86097937
-42584763
-7367434
68510087
61633831
83662854
-32275924
-65426177
-82147131
-46022094
94587026
78349143
50702013
67707873
95109851
-94535574
15894907
-51384851
41363649
-17462206
86273437
32978147
21809995
-21112822
3941110
-10957215
78690976
18632347
71257874
-70175611
6931066
48233481
73118023
-16512858
62920603
-43152630
-91781445
-42078217
-4033756
65054947
42677844
47834981
26964744
-56747235
40957772
52936301
23290026
-10002073
-57963243
-96896080
10470173
22174470
-34469465
838669
-76415935
-60498242
-36726443
-1459373
99938633
-86267816
-4818917
-57151999
78840782
73674942
-42829435
-66779898
-16844527
-29101980
-21102728
69310399
43713903
30309919
-95661585
17455744
16737455
-64315876
2298768
-80805249
18410312
-67823797
-13985057
-26849051
91536778
75535940
-40435062
-31305974
-11557826
46796456
83612020
-54229009
-89622212
3416951
77641432
81354375
20633219
54601370
-6505198
-39803919
72456661
-5012060
61251616
18910498
-29710809
58917144
4441541
-38341282
-94609825
-87693129
82501660
40165881
-51140062
-14753953
-13696610
-2699598
45273359
47733852
-48785425
40875224
-96296438
-55752512
-74198282
-75923345
-55452699
28993761
-6956803
78118891
-53675033
-65051893
-19573959
87635395
60404639
-34629946
68362246
4429500
7214631
62308660
33239990
92626693
80418854
58523657
92426639
-13876153
99444386
-89404664
34150781
-47652834
12683268
18766767
-25795176
-44187604
-83379353
-17955885
6345833
-12766819
-87433648
64284572
80546190
-99765935
-21770227
-91794905
-54791772
-45351282
-72514878
-90209162
79772875
-17022851
-95998888
82684574
11008802
90688193
2585214
-74313571
13459538
-8492691
48681723
-62960761
90686290
-74863144
80780479
-13199166
-98950327
-92848934
-18539651
77400436
-21035422
27611074
-92216831
6835200
59540522
-40401180
-20401376
-83256402
95559032
-20107567
-87398598
-98763183
-76460012
-35043547
13662823
-60989350
-46003735
-22076914
-22710973
-19788645
86972911
19281183
93448778
-84141379
47776407
76443506
-29055494
-13330150
44584419
90779236
-17151135
-44399740
58966812
47494693
-11472516
-21621901
75141185
-66890041
-39623912
34551027
-69292303
-44516149
8718193
-30406363
6648584
-44422993
-21829335
-59342006
853218
66291121
-69978033
-97512536
61063455
-55888012
82767529
77501635
20928053
-48730345
8102569
-82538847
32578943
-93104816
62367558
-843286
-71626881
-7962569
77416032
-2439066
-83512317
13286078
-31892310
-12919322
-7377479
-41422001
92051423
-73458999
56171689
86212558
-62735780
-73301642
12710938
82829079
-3982989
95999578
-50825288
88741702
-61210886
-41629405
16520123
70671679
-73522125
-63632533
-48297102
88960028
-22427502
50399657
15622957
80934252
2708524
63646417
-92781731
78104177
53165192
-21237884
-21867664
93404846
8920848
-28749554
62277195
99068016
-71268899
-68756674
8604648
-83953226
-26996269
48666664
86630609
-18072063
81385982
76460953
-88255208
-1741259
-99757515
-2198908
-6860363
67439570
58189711
19500962
35549679
11281534
-14247681
-73506857
7709569
82298098
87900189
-56497574
18817961
-32271170
-41733713
-8500729
71990859
98435422
-88532245
58834750
-90524909
-76659282
8169262
4600501
17594910
93854991
-23727500
42899936
2599208
-86744606
-75624329
-75181926
-89486354
79062309
34285709
43985449
-16735332
-73619940
52354805
78372410
64368916
-159993
80590939
-14812739
-58887463
9962185
13250587
-54875034
-2634719
16201456
-87545235
85523830
-99664028
77911360
80586488
98187407
46041081
11354815
-46528360
-71062153
51652257
-66209366
-70876075
-79162597
-1549145
92114100
28101449
-82690746
17381592
-69913824
37886590
1516498
-50310949
51221906
-99765062
31704421
65584705
5089669
-6611215
62742536
79264327
-59120850
25721401
-73951933
69133582
29419089
64151677
-80426561
7036851
-11472506
45269682
-72737614
99102667
50501124
44623783
17231743
-11009471
46198465
18852648
58400147
2339628
-69776174
-11538759
-93012568
-8670261
-90987240
-22054148
-8356771
-9418800
-17678736
-45200140
-7140318
-93794670
40580757
-30041478
22996787
-68793696
10006892
31899374
50369281
19690565
-44519771
-69856383
-70833569
75470398
-52608188
-13534428
95181041
-13672640
33487730
-54260663
87382988
-15190958
14209629
-78906856
-67162326
76291121
47070501
87642924
50933022
-2723262
-77245958
-77983247
-51385004
-24107189
37980250
-18067863
-85416484
87358862
-81363803
40523901
51753666
37634151
-29842073
-72960258
-63111233
-37705818
-52251085
54749587
55451198
-16908346
47026435
-47063104
-66394555
-3948982
-63924471
51792749
38712185
60463799
-81443065
28635658
-38002187
-85879307
-90603850
-23702434
43238833
-83242233
-31845929
-8704508
84757727
-95409822
-62411378
-35886214
-37687287
8698854
90984711
49528762
-23781303
83278482
2627886
-3488247
-17506131
-79804728
46623411
62894515
-6653040
-47948969
-17197320
-91556291
-21063282
-51309839
-14754472
-62986893
-27589714
42051709
74998615
-44420703
-25761329
31552453
-51895012
-97231876
42440763
-8199169
45188335
29578994
60808932
71158026
-34737174
94683858
-94343350
23770634
91382280
-8749927
22732382
19552704
9125459
-46067323
-11111504
28810737
94140659
-86142024
80229396
-91296759
20979647
89384691
63612663
17874870
82362121
-17280398
-73380883
-34554121
-28911813
-7046114
-29644217
14817210
-68240035
39624627
75888361
28786095
-84303321
-69849560
41350390
-50733588
-15839334
9455322
-84504658
48695802
-61441219
57772972
-88467489
-78409829
-95957044
78883334
54984319
25486915
77157245
-83131040
82619391
-41692573
-78432800
50540687
-44058886
-51499429
-39969350
29088090
81356049
98940144
74616167
-51038637
6529171
47076460
-85046638
-23064479
-8194689
-74947839
59378533
-23730246
44089356
55401004
-59643530
-94527584
91016660
29372831
-35166478
86101371
75872045
-91904687
22477844
7190079
-42749478
43180453
-86230498
25127735
-71672090
-57149989
86711274
45331052
-3446685
-71393342
88935171
-70953103
70436754
37071152
65948615
-27836094
-41702248
61146338
85305717
21948485
-75714599
-74410820
-83307721
14853226
-21333789
-16321704
-58852158
35308270
92936361
31924835
26927333
35710886
-46387442
57548273
-31167807
33620788
-38792451
30796614
-62568144
-81637581
-66808316
87834782
-30220791
83661635
-39948687
10802091
66125255
94551023
-25534479
42672088
-95847495
60872262
67208966
-81922377
85537791
-55601571
-16280030
30147615
-30550569
-92541918
575248
11942179
-79086633
-79249242
8555740
-84542553
-11626575
68440065
74781542
73766210
39171488
-94862492
-28561325
12588885
89244961
14906121
-9237390
-29365428
-72525123
-54549214
11475748
17351339
-33934903
20766460
-48372737
95573922
24849850
-21129303
-57554451
-29945904
-79563861
-23965894
-31158679
-58659562
71548270
-88212744
91293007
-66608024
43339717
76809119
46968942
55696287
71083397
-53802453
78443197
98932693
-24941819
83736098
-77452637
7423677
97881831
-90327759
12533992
6129832
4857456
-98969900
58835463
84797298
-60434452
49435780
2461985
38420614
-28528843
85782904
-18627760
-48540158
-50535969
-7066106
-80441368
28460355
56364415
-9607996
24636001
82207933
-84207844
21026497
-14775774
-7751727
55140768
52244855
63509198
14918744
-3339191
-87032331
-58954256
-46472087
-69179624
16621550
-92991516
-92786131
-4514699
12854371
3700853
-31489865
-60943313
-98217953
-83839850
-31069372
89731154
-59798264
20408313
80291635
-81698259
-64268935
57544626
-95791871
34946462
771516
6888038
-84138222
42644845
72778496
-61327504
-46450221
46266926
-6895307
-77949847
-14298899
-31839363
-43262207
83654815
56224642
90862276
13983491
95187058
29396233
-39372450
-88345726
-12927306
82302820
67724965
54509956
-28887274
1213535
-21920075
89887494
-33768707
-87511827
-71908903
98815622
27570268
-53329670
-30112194
-7215815
-26234160
-51414475
53730304
30590603
61959125
7168554
-6829801
96993685
-44840541
71253146
34237957
25524903
14381629
-33028934
11126798
-62236667
-80724967
-18469641
-88265290
-86901805
25331629
45194866
-89610021
-49236186
29839325
-51333711
-93985425
5705141
-23075602
45937594
61597827
51966259
27645403
89179606
97173632
-33098863
-80562700
34516805
65503709
17661944
-41147135
-95564538
24671019
32562807
-23959357
7160997
-55913521
-52135152
16392664
-62225584
-84177344
63496228
47256973
-18639318
18943545
-7418750
12915481
-75882210
1617707
50903977
-69573002
-19172223
75472540
97525713
53428810
91965628
94065142
3599835
44531088
-617539
31426899
-72965738
-80208652
22366708
-16637367
41021626
-36546973
38479140
79305079
49590615
12762050
56216652
27708062
39846382
-39366124
-6034973
-64855752
10398358
-40386151
-75928085
-2342347
77801060
26354308
21449433
65892717
47186896
-90744465
39533070
-10901345
33031807
40542994
-33652421
-26206232
-17963477
-98446897
46386585
53754078
70869876
-1174606
-69431581
-26080296
-77702204
86597086
37749524
84873885
-69671921
-61011299
-41404636
94104029
3184457
-6155421
-20919046
60653314
-16378252
38673865
-58925267
-4754104
11206564
3448694
46540304
-3926840
38152365
22590340
-97682172
-29986471
98143536
65792125
-67686865
79450957
4234712
12548027
87332904
37367664
53865601
28059067
60230934
27410894
-7321455
-15477736
47301279
-58657310
68964794
72011855
84564490
-49006634
-20164863
-47715602
36447390
64789927
-90239453
72801207
49177802
62447076
73574311
28445090
59028817
-78305977
-39027280
50734581
-34139715
-63817868
-2425787
74844197
-46270958
-62971588
-46287555
-56222963
-18927805
34920723
25030751
93140291
78452347
21130243
-90480418
30893603
29228050
74632440
53685957
45014135
64490691
-47418155
7338
-67663731
-32559056
56287525
-26317325
-9619032
67827444
-64852895
-50128595
90413734
-49770364
34554345
-56437067
-64494708
252468
99073820
98944025
-12899964
95874801
75325057
-43194366
-7928476
-69529843
42743635
71800098
87188760
76155932
-66787351
87163690
-56604942
-77393054
-42269426
78146525
29129902
-7258199
19194877
78154944
-78560601
56618628
-42627443
-7435618
30856365
-28672532
-48948148
89941597
39405364
38602810
56891672
-65101755
41567669
15272230
16754489
-63241925
-31307713
58570355
68220080
43418353
28246511
-91993344
-63947786
-86937900
-58691601
-94028960
-55234385
75060256
77145467
-52314406
80045944
79121776
4186685
18190001
36068506
21192875
-48368271
-30721401
-96843946
72797975
72144433
-82618178
67904255
96332751
-2708116
-97625182
-9238498
-80042339
54359887
-1493721
15925209
-23731322
24093058
-92306039
75081827
22084054
-56187480
3674736
51359230
-39468172
85906479
-89508932
9401520
63003146
-89205329
5714974
55244357
-27614134
-82885875
50053451
55546743
-17790936
-66482893
79211370
-6971042
14694040
-96629690
17930695
44863303
62855275
-39034746
80976364
-60919072
63803955
-69132074
-87239242
-29839171
-9733811
33984624
10305551
87342072
-85114156
62218109
70744013
75617519
93625185
-74871849
-64534971
81382962
-85072345
-43100215
-96465697
4338952
76784713
-37805559
59614536
45979073
-71454823
-95167006
81226595
-59762698
-4233915
10527975
-41222642
14584113
28351244
-26253693
91824961
-16575516
52768817
44264792
45257659
85429093
-89878287
4282574
-30780029
-46564210
-7234155
61124588
-55594417
-47413885
11500400
24468505
87533289
-30937769
11948139
-17999806
-7036709
43269582
67355851
-6904556
-72901675
15406894
-41491247
13140913
440829
-5516048
-74800324
14929006
75589195
48234329
-44510154
-40468260
-54959944
74757186
-39248021
4533369
88216718
-23681010
49579605
40561114
-65467725
65958153
77095923
-50380478
-49746104
28988694
-87866667
-76824142
-49626494
96858584
-60390555
38669704
92768256
90449475
-34449428
-20658699
-17453321
75327471
6412897
-13795436
96897152
-61687642
64219439
-92187808
-93833166
-63898065
-66526819
-84415021
-33743740
-5715571
12872455
31815884
-48547960
-64009221
-57908912
46372923
19406738
61574069
-10374538
62250789
26473017
-72243220
32615758
-85170795
70548271
-94478633
6449483
24522970
35721117
83635988
41644913
55519415
-58315486
37338297
-36659975
29010300
-77974989
-10722876
40158141
46803906
-692613
11547150
-88733585
31683344
45060267
-9859255
-53293564
-26572342
-91936768
-78258837
9005335
-80254545
76463448
-81664567
-68109302
60941259
7087211
-62472061
-46085241
16889836
28955426
-79485302
36932902
24874416
96639550
-45039413
-37507673
-1003575
-50374221
46652929
80264283
-95215684
-71907421
7240022
54829148
-37555316
93250655
48334587
-82823250
36173683
-26057899
3752074
-16184826
-87355912
-36680336
90543189
-93605556
36373026
-13489646
62784102
447582
-21969365
86173126
-88374841
2791071
14688068
-44142052
48218985
-32806443
93102037
55018288
-66349390
-74793099
-26375553
-91163787
72830200
-33398133
-2193681
23742739
65186020
42185599
14545652
15474262
-17146253
-27015763
-62769094
42022992
1360290
-98290770
91387941
29135581
-6835515
85905331
56576240
18103131
-41238846
-80583937
-97426972
-91440638
-30549045
64142198
-19843428
58260914
8423882
-84420493
95245442
25325376
-50646165
93742432
-2936596
97468445
-35325384
55378955
16331688
-7854408
69227741
-14722510
-66529269
92394241
99712097
-66315018
-70961364
-86575439
20131656
80466358
-55642846
65235741
-40148568
-11421092
97341846
-7334546
-50204354
55031305
-66013228
42877008
98047745
-69180443
-15489968
-76082970
-776362
31711022
-81221251
67361016
-8571107
-48468052
40934521
49603249
-21106178
-96819348
-61738914
51916837
10769603
-74161814
18662640
38875254
74597088
-47337720
-84023294
-89673162
-32844834
97388417
13553606
99932808
-33874223
-90728231
95996052
-48405891
28887060
84675001
-48861301
-62160830
-65073012
-21598213
18274711
-72107940
90862169
-34517138
93388076
-97826614
87544996
-81187157
-58544925
60223118
-5289434
-70240219
-913833
70972943
-61338429
-63592972
-28229924
86031558
-38286147
58344087
-54977674
-49004265
46682296
-2372280
48810833
-97490244
-6443731
-52416503
32546557
29781202
-60972182
-76046792
-95882618
19785527
42546118
92957872
-93771323
-85378027
-79598038
-23427813
68499023
278035
-51589094
77100786
6786847
11630706
84228412
-11686323
-61265367
-52829815
-38308861
-79325171
-9909530
71060569
-77244341
60139558
-60417413
-97123891
-69472568
-99223385
78796586
-11065901
73783389
-14290483
-42778735
-6501672
-81950594
-90838762
59339589
-81106091
-4469289
-74318410
76165530
-79161513
58573333
-8518665
75340586
-62635971
-80576597
-52310040
42377212
84281539
35176149
-24316216
-83051913
89009882
3775668
-76176836
59409547
-39715882
-30998660
61726173
81413099
-3060046
-63756580
80318110
56230061
11546242
-20970639
-73883456
35664612
-21048216
39317834
352463
25703046
-16632277
61925996
51319518
91350577
-96237764
4782353
89171316
-86852760
87240784
18804117
-8540612
-71256699
-63035366
13926797
-97332082
29310170
-75656980
-73167142
-54590956
75506673
-12472889
-5332607
4749502
-10111764
-68952332
51054353
-78086405
40366349
48592512
-56959920
62298677
-56698317
95877951
-77578991
13809492
-32251217
-10210774
-3774282
-15318569
-96566264
-53599176
-94547909
77925007
69451254
34296289
-70878068
-43684484
-69093575
95236359
-32316939
-74836396
93719262
-26165745
-75505081
95038651
52078989
-20040301
14657881
-91674124
96805519
-39008492
93768756
-98591193
11210286
-73089553
-82982509
-2900907
-73623981
69415494
-67314915
47122976
-78757345
-11476662
76209812
49902438
46363456
-58481061
95110950
18455366
68747677
6650513
33956495
-4758818
-11668271
59654457
-4862221
-62369900
-37853114
-69152609
-39823287
42596046
-62137988
-29357555
-21256788
95047537
-73416872
-17790054
75542385
-87489341
-18759183
45652831
-69593747
-72148344
58604568
75175224
61973596
-55412519
-26407420
10664121
-24965108
-72088088
86414270
50275836
-31469708
-1349195
18015247
14978641
29184941
82167815
-69494941
-30817386
-37011812
62003159
69282645
-49834730
-32460601
8119389
43353652
-15363829
11272692
98073699
36559385
67534041
31046656
76465049
81316476
73086322
6531657
-53298512
20204769
-5620537
47708771
55871411
-56363477
59027375
20354409
7899202
49803261
15276538
-16470351
-87743030
43485212
28743388
33243128
99916842
6461899
-36108738
71385802
79769063
-53619763
-71374628
-32022916
14406635
75934467
90651122
-55023683
13186395
-93893986
68317470
-24642865
31759331
-50372738
19605519
60723433
61770899
-11354975
34320136
-88047765
-3668120
18042747
92979512
31642136
71137597
-90074332
18345521
13819347
30585050
77313904
42698607
-16945022
-22080550
99974958
50933117
73285913
794357
-13884526
-76599631
-27115781
-47120033
24430584
72418305
-16551979
-25868436
-70840829
-28742003
98874224
83652886
82765680
-33544291
1808643
57748153
-67866214
48542648
76895820
44465872
-54425335
-67706404
-30160422
-54793495
-44739929
37245984
-53761523
57277922
86550915
368271
-67332166
10995295
65197430
11218824
-37351850
-56303551
-81833643
-20225968
-9765694
-84866305
-17833833
35251010
73786066
-36672709
-45811039
99495915
-98761237
-36074489
-44196112
-66855689
18983846
-30859228
43703905
54057384
83977798
74545665
977722
-51680864
-32603209
-25177851
-5855900
-57755992
-60723274
-27945742
-2820921
-13153696
-85792615
-21235961
56631972
-13372507
93794545
10091
43321015
-83033957
-62161113
-94226077
70377585
-9675511
18500766
50987007
-26578753
44545676
57459227
-12101768
6974270
90836576
22911551
99740842
2134831
-40961491
70850628
-66035478
-38944176
63140465
29657368
-76858040
-87848095
23394042
2053385
88138568
-22423916
44980137
97646478
-11815975
-3533022
93496899
37477338
29345931
53056300
1683314
2049951
21230784
1134173
26032299
-29883653
73911567
-93057782
16887675
-50269558
60600545
-88052150
-76556685
17138195
37609949
-17189889
-36215818
-66532154
86197120
-44906606
-26265367
-74498463
-86870190
-87415391
66698400
-51827202
-88084700
-24132718
-11340903
8684534
-99241253
-55615680
-65002232
24085242
-83270157
85262253
14481402
-47005172
-54028477
25698525
-46374667
-34466690
27034072
-98381863
-55768518
-77465647
-28803029
-73711195
-55957819
28253751
-17926324
-41466298
-1740868
13530212
51609216
-83454355
-77825875
55084225
-97614045
68274175
58267529
-13060945
30737020
40684369
-31514784
2744244
97962501
-34534254
-1841998
80122888
88177265
-15681176
-43960962
-67382350
6658835
2021563
42666704
-11163792
-94519800
-30396260
94877700
54209561
72860446
61143101
80396160
71665583
70754084
18501142
6581586
69726499
-11569648
76076567
-93134522
-37481061
-3214792
-54572920
93685342
90170922
15316179
-16092376
-589208
8129452
67222836
11954898
73196203
-18874080
-55878493
-7384148
-79225389
-77424559
-59115267
-32820622
-3066184
87478649
52498916
17808464
-19437977
89930659
66904505
55380045
-64760565
-81840190
-33049335
14270598
-990623
-57872425
-33796904
92833388
-48846379
-20455119
-88276166
98766597
-50418870
-21429615
8058281
-78056432
58424362
-29805545
-63729188
-4201339
14137927
98406888
-61459338
-75867168
22698195
-77757809
18940874
-38688598
-56846082
37305971
19978415
27720990
-77994319
63913322
-39256609
62429503
-56385959
69602712
50255516
-15931257
-57870325
87798655
-60362521
50400781
14172199
-48686126
-62765803
33679898
-44752398
-92824462
69061903
-88367333
63281792
3329617
18840902
-5656661
18633150
-3951746
-13536141
-16515891
-3288698
-38549345
74832488
83160863
-7249152
-5230095
2715721
-78669231
81681367
96341029
22097841
6454174
88949715
32303236
-25219820
66222247
67291801
97188653
10380031
-3994394
-12954500
24097522
-6692872
-51065371
-22565802
-24183096
12287077
92266173
-91846401
60969413
-59763983
-95348997
-31424608
5970022
2777779
-91563577
23552580
-79695482
94063568
-61132176
-61188156
-84109186
-56227685
8990440
-61325595
-86617972
12191170
-59854214
-95784670
99135619
-94690533
-93049434
59091490
-80351927
-45871602
62076295
-14217992
26323944
44946591
77374388
-86387453
-47843260
-4818186
-76752167
-12238088
-46285198
-31658975
-86888982
-74670129
6592956
68645624
-51779668
87057209
-25054642
4203546
99842693
50580152
-21661007
-49876757
18335483
-75080869
-67392825
-77995330
-73248840
36326478
-54778641
64085880
77893601
-57510464
59634442
-25005871
-52035271
25354602
33687128
555642
73333365
95340679
-32404833
-63080745
84928420
27311148
42237465
79815811
-51772918
-84257438
-99269029
59724119
-28795767
72567042
79779849
-33825928
-71569847
49717192
-17413875
-961423
44661028
-60696406
80630984
68195370
-7279350
51556332
-37044418
-49904157
-16593701
55389738
-45437802
8573059
-36093303
-16724327
-10930813
-83007531
-95750164
-13514544
-45796538
5144461
88621270
41243604
35721934
92711980
-32682957
-14328701
37597423
-80772494
25291162
-11289324
-38202193
-65663328
-87909678
-88442683
22146176
61761722
54239248
80860132
61213377
44461390
-4563975
72925459
73322468
67844547
-56213855
37151746
-97927817
10048914
62978954
22332875
-88167560
-80360251
32739904
17068016
-84811105
7313790
-97416332
10856732
-90715434
60395181
-31420223
67025974
50626276
69978069
56173339
-11317396
75846671
-93538249
76990959
-38244456
60979480
-73227639
54881430
-66155648
95393516
-78106509
36392676
-41300629
-41976648
75321298
46530229
-65396171
-60200751
43438915
-72532555
-44578767
-19272384
95080953
96108379
4544234
-22692730
65098114
44171881
-53457233
-79915884
39805818
-83670636
-98723037
8364966
-91416651
-45741359
-57148956
-59024620
-14830235
-18304388
-29923358
79706947
-85904162
-29242627
63709423
12269221
-66429741
-30879035
65355510
52791041
-52967049
15015615
65387870
4877413
-35438907
-57221847
68668639
-51617119
44641662
14564644
82295941
19257976
29189251
42993490
73191524
66010527
96064350
4248242
13562760
-37708323
-17556940
28309854
63792950
31062392
87474044
27569372
13574343
52474729
12226091
12402094
-87125138
23877838
-41382871
-5658178
80407105
-6780015
27944276
45979761
6843123
35535650
-70290131
-47127198
68803003
-24240145
-50606329
-29520078
-28623388
88380713
-90048217
83788043
-81671207
74462860
75436032
21429781
-96261735
66464420
51759579
53096260
59818310
76186494
-64708268
38573964
-45858778
25804417
-95245024
42895868
-13480507
-15408649
14227933
72414070
96500234
-90084510
-50851234
-55554252
68907407
13290129
-28963489
54040407
45678981
-93190103
8082739
35172191
-6147524
-7656653
1993059
8198904
4593915
-40277037
-24713401
37028507
89199358
-99862915
-47859013
8149671
-11875864
-91151153
5619048
-77254166
-91878977
-63964228
56612905
66171444
-98773997
51325675
49536319
63738481
-28224284
-59308026
3603863
-13171564
81587236
-78484979
-58222855
7124347
5586327
50837211
-98375771
-67639817
28233591
-22380274
9318174
25958072
45649829
-33695666
62141090
-27280228
-77352851
-39544852
-45832979
99610273
-7573819
-67778642
88337020
-61573544
80315659
-54909401
-93526015
19730783
35191886
36234418
-6486005
55698599
93819646
44149769
-51979602
18222041
-29112918
-74776330
-55014677
45618638
-94662838
-25197922
31763659
15891135
41408765
19644931
31675545
68437757
46771539
-26663879
-84935053
36660724
-26613839
-72839987
64401338
-38292676
-15402224
-45418239
98415223
3211820
23431772
29267192
27248055
85746887
80772951
-32503287
45817633
-42947937
77766010
-85196466
-37345359
90856115
-28584724
2510657
89899390
-64843797
-68708955
98208055
22458547
-15710205
81007261
47997869
53099860
-76791320
-71969373
-83606007
12906775
97366922
34730788
-1523229
49986210
-28642459
41660103
-97713038
61311477
-44671758
70251195
67630711
-67224610
78042063
-96508985
48027096
-59279316
68335822
-94967602
-7683
-96637120
99138010
-16182032
21437939
68189489
-14723548
-19745600
-62885591
1504963
53745022
-15844529
48271989
-35035184
-16500505
99452677
-53274886
-41784262
74983310
-87735591
-81057559
12843158
-44757839
39170380
66817981
45067121
201164
50292765
29993537
-12348868
-81757267
-86679757
52932047
40652428
65615875
8834773
99099146
-94500419
-96516168
22989981
16802027
71233063
6614382
-46609397
-51712540
47621346
-93652068
27917762
-42597062
-11966576
91604949
-22184366
56213106
32535604
54048868
-26735706
21426878
-91519181
66251996
98026004
-69700915
88303466
45471399
85172780
44504707
-10976602
84140341
6638025
-81838136
-98249810
-62861920
-59563926
-71977003
-31612147
-79770112
73804358
-67697390
-29594708
-26293111
44771064
-31664234
80688987
38797298
-86476050
28639862
50865668
-248354
-32663022
-99305112
29246060
41546383
-96559654
-29017275
22768258
23056368
-95317248
-33972900
-64392328
-30265239
-52713627
-70238408
38808298
8285532
70717419
-64077032
-53334320
68425611
-9649694
-513546
92656250
14316777
-76974560
16463421
-76483797
60600679
50390621
-80359900
-65876353
90961527
-7941257
-94278679
-32568802
3433161
84165696
-87274838
-47103760
-35005665
-25366247
6407745
63472071
80866023
21538534
96205085
-48801927
17002388
-90201345
-82237841
-61340738
-94719412
-91683365
-20451358
-40038526
81486025
93175134
-42078153
-58920605
57200357
-57101777
27795167
91959925
-84776367
35927805
-92406994
-26046378
-59983966
64715900
-14482164
-44837579
-49702124
-95922694
-63429873
-62233479
61255759
10663128
34268440
-24562728
-13285227
-46165408
-28346406
57859713
11525045
-14111731
-87990421
-37321822
45796074
-81142974
-27992534
-90650887
-35670338
18669778
-23173023
59691436
46601996
76146563
6487065
88116567
-4183486
29881854
18602503
13637579
-3931896
27208612
-19339535
41660784
-62277950
-46634267
-63883281
36250292
-74226220
-8315368
-61972502
-22278715
80434512
-45180930
52946766
-35753653
24345596
68726366
-40310351
971398
-95247872
-66914145
17824536
-33423554
-5518173
38018321
-55650578
-16590028
24489578
14291083
-26842105
-96576965
34059841
76670982
78649578
-11134002
9601724
-51176877
35498813
-23764594
-86531461
19260941
43810078
89710331
-30045984
90402179
92354522
16384079
-7797923
-90428151
29018242
-57818531
97989570
77102833
-88641012
3351972
74737821
-41717697
-61588783
-81763153
55849657
-40949522
11656272
-54049007
84403423
51392680
-32767052
-47580109
-27711870
-48089197
-51606317
-32738655
53593823
-60028660
-9639195
-8357188
79405287
92780677
-14011591
76130022
-75653037
-32503998
-74641766
81348365
-32006328
67991683
-1837881
-33387589
-85541928
31785063
42292585
-51451818
76290463
63575874
-88099185
91890219
-64266874
79470996
-20936734
73552908
-97833604
-72699459
85925743
947258
42002196
-81276047
-1735817
94835424
37912589
84210731
7048679
-40954702
67117964
51060942
77059458
-83100512
-48855269
65378844
14657009
-54697742
-45764037
47662258
24786684
-5997214
-57547340
87156453
-5912769
11174987
-17532382
-4953793
77401846
89153301
-26659982
-94909009
29157501
16524634
-9712463
57777859
19079424
46436718
15666604
-22729882
83698683
69530502
41248377
53151542
-81820721
32339424
53468487
-76773035
28832650
-49402952
-23430021
91104694
90482226
-68564961
-94879504
54699501
-72760257
-66445695
8354757
-4542819
52365870
-77733120
-77830678
17238768
-46327947
3579650
-95896828
-22790018
-24973435
-80875220
-53380575
-61019768
73871246
81220660
-17492414
-10334956
-56801396
80080699
64102828
19416340
28438365
59233237
75151279
-69539494
36184211
-46314933
-74431136
57421127
32767460
-28380582
43926981
42273876
76433022
21709257
37093402
-90699282
-68912944
2235790
-39948708
11875427
-63619165
43647146
-29124351
47471792
-70218316
57527981
-31317770
17379056
91245815
73144665
-71827841
-23795206
-50427904
53760226
-41951077
-2890786
-42324873
81089045
-64302337
-32459333
78283859
5498371
-22680287
70836711
66557090
59724978
-66267270
-40746500
53916702
92370261
-11995260
-64710892
92911384
75049742
-35672936
35330929
-44108965
46069484
-9356848
22928717
92256222
-12704885
-20398973
-59226104
39177245
17149076
34889301
-18468808
37412626
94832382
49781907
95162092
-27399015
-89133698
-98223854
-7963829
92559185
-76371046
-9048187
-89093652
-58324719
-34230124
-62846655
-93821700
-72694063
27275761
-73526544
83292011
-84063041
-4567547
-48823769
37526320
4528902
-44801530
3924246
58887514
71431676
-7817393
9514315
41246937
-78968950
46869665
-31247705
48312633
84664676
-93961575
56198198
-67906440
-20480949
8166959
32149456
10872535
20325140
76150560
-52460754
43594359
-2231199
25746053
2257931
57161609
-21840542
36384313
14308732
-81414398
24600717
85194335
72532418
83299715
72587662
-63549327
79377078
89339133
-61186421
-28544814
53816049
-54632399
-1782956
93494837
73861287
35458348
-6070287
-74585934
-86469714
85069260
89747170
-55111687
75920842
-17061303
96107828
8251754
-89272880
-98916541
-84776829
88737045
4844926
-51720438
-94779513
19956952
-28361514
94589380
91382571
-59072103
-67876560
10469335
79075820
-5367015
-97193675
-17391104
-30310396
1880587
-15067681
68804592
-8440336
86844380
-27925853
-48416331
-77341499
-45266942
-78957865
97142157
-86083361
-63694609
-33697258
-70937511
-30857035
36942507
-54258187
-3648268
-88753206
-53251781
-41925534
46802427
81327959
-73517535
-19135005
-5626371
50329578
-52713938
9337907
98357458
49500239
-88101260
75288694
-94351594
53628665
-76936450
-68487070
38988901
-44213830
60881714
-1305980
-68488408
26397639
4094039
-19487057
16900229
-88351125
-88905405
-53337125
-13728866
-16887570
20263949
43178664
-32013289
-99942231
-75882240
-8946519
-96383938
75615870
4258730
-11292838
84689735
51645285
-22414457
-3820058
-14299558
46316510
26188385
99960128
39836512
-89423775
37906412
36814279
-82768437
-22163389
-4202290
-9705639
-2187520
-88715029
-80749519
7179337
2928520
-60503352
32104064
52406040
-27396222
-41015680
-45263955
57109025
-29833621
-99787398
-42130663
58270365
-9001663
-70414980
-85592348
61236563
-20783661
-88806632
-92019774
69777177
-17360150
45072509
52882471
-51783999
-17944645
9217795
-97955721
77529751
-55589726
-61361319
66356898
-2456665
-47260500
-95141299
24733255
58610365
-93765513
54451781
-14677830
67925040
-93229780
-57365662
1802367
-42360694
48192305
94632990
61002037
19766024
-80157687
22339484
36204294
-70268091
29646049
-27736537
32147597
8659171
-23851934
-114905
-17497690
14535774
64027675
-89926301
-40715641
-77435566
11647634
74933241
62250334
58540725
88488977
-21919304
20565543
65017103
99030462
83543251
3184546
57544523
2101311
23147678
25510712
-23169617
93856907
36462042
36510555
-76433666
76371475
-61016102
-90583170
89547834
98011556
99858216
24693183
48404919
-33641275
22047201
54982423
-4341200
-19571526
10492758
56995652
-90871552
-42102683
-92808681
8202058
3295318
35750247
2434709
30056367
-38385413
-65205193
14337115
-61033234
-57885782
-43089492
-7521278
76882019
-71319576
-80839712
20143773
8019655
-44295148
36164852
-38428494
42110740
-5203120
-13689136
-89668372
31561512
-68980731
51886100
-69903247
72714583
-39975108
-50095958
-60110730
-85782531
83611827
53209171
-1588839
31585435
-62545606
-52630656
99517878
-16792023
32650207
41839384
25255824
-40374556
18515125
21466608
-27163415
-93793768
-69187142
-53187969
55652294
71629879
13375251
45581196
86828999
30162797
66752989
-67062984
-97905617
-48716428
-65953449
-74736204
34508903
-13706350
-86911766
-98063763
-45237343
-47947530
-96821128
-97232792
89023210
41931470
26104989
-79019322
33322588
-75269052
45005575
23587857
-85346774
-52047773
9315202
-75427530
94209095
11026163
83680266
-42929078
17017241
34122160
42214755
-76917206
-89985354
95936003
81725641
99407485
-22304597
92819178
1013566
-76673397
-23185124
-75691825
265642
11563596
68972455
-15908034
69370980
67524417
-53657546
-83860804
-30658478
41646080
-78193236
80259285
-30988804
-54507253
-80093884
40827970
3847123
3452116
97169701
6411372
55414455
59163912
-30881953
-83557369
90402648
81981731
-62194112
73454432
-53206191
52854668
-26190665
31826696
-18145962
31161209
-34486317
93480103
-68560389
-4759991
97448679
54094293
34834809
10510059
15626287
86467364
98039390
57316376
-53615335
76388475
-62865819
36731016
73882711
57315458
-26618394
-61553277
57994386
-26466200
-87690392
7724926
-65660859
22902617
-38388898
-42017691
-85041704
-97486279
-22317531
28778006
-65759556
14110935
-30639593
75626847
-24923861
30252041
-43645034
61901161
8541027
-23146762
23360410
43422552
43170237
-14381735
18828765
-37209732
-28711082
19643838
50258056
-8593594
-79931570
-43707849
-49805440
-49457422
-12875087
-99855163
-5937290
-19589738
22683927
56110174
4503169
-83935314
25785735
42927684
68190834
94088990
82430353
8017360
-18313234
94453156
-35111624
20052446
46985079
-90006551
-45908354
23649965
68977078
9672979
-34085789
-88227809
77823864
-70520353
93376728
-23989326
57332556
-14305139
-61321521
-65683697
74692580
-88445161
-28926450
24914815
-86960956
60379618
-4809493
-6450567
-46665551
-61078591
77091493
-63851072
-22095137
83212451
-41140246
45973619
-92039205
26724351
-39629188
-30119461
-64217493
55517894
3313703
40498814
99035336
-64764097
950967
-66910800
-80466849
62166901
-96772165
-95161085
39668717
-4130631
-39185895
24839122
68900228
18360086
-38841924
-74421618
-25133130
30228497
40497331
1328177
1807184
8374747
-45506231
61307898
-55369559
-34354155
-16432314
56109958
58690908
-17806339
-74604468
60042196
-57260665
-21738853
-94990553
58343654
84540019
17163723
-93680672
-76882504
41758279
-55767182
37615786
-37121206
-38970092
41443330
-59962258
-92592240
8135964
-60590093
-45291825
30323640
26945091
-38527687
85260424
-14001601
15262708
-27805969
-44058584
-10573532
29243008
-47990603
8912029
-23944358
-74561858
27666334
93018767
-16401668
-42725631
45894955
-91068970
-27742567
-44010010
-54020166
84577868
-87445060
56494930
-10647483
79246565
-5844014
2906924
-29897172
72589060
-91551862
26475796
39513973
3155326
29451625
-37330414
50503440
-92229681
-22952912
-56965722
-13874923
-12586
61808648
82861441
24844446
69011621
-15580206
6769509
99511243
11589500
72578244
-2898285
12842879
-70453379
-837099
7635610
-10717353
-28173528
-64289666
6897382
67524191
50770441
26006900
-21756308
37637253
97452825
78500317
31068227
28374720
-77147068
-60310768
-26790754
18980254
83633966
-59726633
55487918
-92121353
-46046998
10422010
27763481
12884840
25228891
69322610
-2866219
-29234610
44365542
14745316
-3679747
-19874288
-88807905
92632539
-16828542
-8728112
32956128
13283100
-71870695
-52766925
-45300606
-64394966
-96292796
-97070686
-99274190
-72814175
-58832085
-63273693
-68764790
-52888893
-51627329
-57510690
9957080
-89507533
-45306129
-14854342
-77372971
-31312636
-98712717
-91366370
-20055364
52727983
14140715
-49760692
28895053
-28829851
-62836939
35163299
68253368
-5560208
39340112
22175847
-52659440
-63812309
56517435
-24330545
-75124179
-23379161
73711199
-46654694
-3332365
-91387107
-77671357
22386916
73083184
1354057
28435990
9949589
60319618
-3832477
89526848
33555356
49901200
12952999
9603754
-57077455
43733270
-98214016
-26669437
-47855934
60758226
-25258107
68339757
35367793
15472618
97240692
12558219
15539936
-70760011
70096412
25317419
83509393
-37403925
28185627
20303252
-44148202
71802016
45649530
73610727
-97200889
19223636
-23088613
-83482764
12321589
33262137
72241831
-60491956
93587243
10873698
-72233856
36959233
-56707396
-19332184
19012695
-35417125
-25451769
81458526
-98191211
50802251
-7163646
-19211824
93508563
-13439189
-70316452
83711888
-89909154
35575990
89926555
28805452
-30255046
-83061243
7328909
-93997727
13481079
-53045236
65652055
-98209348
3582677
-71897059
43374794
-12332418
81995314
-10899503
47832717
-10137357
37831219
-29405936
-63296990
596174
3818114
-29650875
26338617
-80243771
33023330
-61085380
-16087977
42033188
12822961
44736493
-23393038
56847371
-21314876
-9523614
10240770
-70375990
-96295515
42798959
-52155284
47115454
-79401866
50760145
-20790658
80029932
19831915
98614845
35380448
-37520997
5617251
19295273
48679777
82398380
-94927359
-49383929
-3701688
-63698012
-58438860
63931144
24075185
-47315744
-86502388
7482558
-34686960
46936597
-23731014
10895472
83783202
39352573
-87025331
-28738568
93371562
-8444402
-15388141
54517368
15899052
-87048281
-18104681
80134577
-14691660
14134164
-20139976
36182951
-68110901
57556108
-11680328
36735598
-11381654
39776587
2692387
70120445
14105034
4179259
-48549845
-27104815
-60475847
-17943755
65748080
10613653
63779545
30996700
56640881
41071858
69242366
-42053798
31085580
27433075
-63424
80457963
10052948
-81596477
-45716945
70559270
-24153168
-50778430
-89011578
21623016
34832837
-61625035
-44639563
-87852759
5480638
-38210277
2817979
-80347677
-49988455
-43204878
39350345
-60857586
-22551090
-57735757
-97677454
67859173
97930347
-67966977
46309000
41563299
-59803745
54076972
-6950259
-9472094
-27985342
91478095
-84727302
33060221
44480083
72468244
-41162733
-70452907
-64385874
21221893
-96904749
35461749
90338750
-44703578
27288214
1011482
85616211
89303609
68275286
71079798
-92825175
3147867
-76848290
14306478
4655417
10164295
70168021
27766054
-98470857
71335523
-52446055
41925809
-61020717
-29388834
-52663762
56397728
-54165523
71280135
46042412
73012411
-27087942
72228058
50192117
-58841405
25496308
12733150
-14393652
-90892504
59480647
-89895055
-9467923
53804632
-24723851
-52998650
51222690
87413968
52122386
-65805764
61458648
-60016892
-48917997
-31194401
85267774
-43817817
-28364547
-97925489
11193473
9948040
-69971382
-78850854
79657294
-86712547
-20570531
-68084496
-4904995
-5471790
52111382
-40261181
-64059025
-56659330
69630811
73803612
-11300230
-45290067
-60161753
-31929423
-32958240
80061703
-64291639
37421628
-35312217
-34396257
-99634553
-7037972
-56409794
22085061
90833982
7823371
14889809
98245420
-84834120
-75637940
-15431930
50852352
-75670592
-22620747
-84797477
10761660
19851609
9716980
69313077
-44915923
37452772
-63093662
51732850
-22512802
-74336587
61347728
97761692
69809126
44325236
85797041
-39944004
65145407
80322543
-5642921
-64624655
-40856524
38224072
86976781
-41410585
-71046823
40149608
42641512
-86891224
-17785376
95047943
49931220
32462326
-54852018
-62373142
10579704
-75726924
42570896
11422061
-53073480
-62940131
-29217822
73838814
14013883
40041418
-26197967
-62087049
-66091555
12651206
-21364173
-8484973
-65603973
-25704681
-65469164
2370094
87292701
-96894748
-56612958
37978923
20852817
93595688
25381783
-72203759
-39967896
57228241
-63831501
67539131
85310916
63607166
88511064
717731
45137752
-45053745
34970799
-13128523
-23825595
18904086
14368337
-82780127
-48735695
-71155552
91159987
61128991
81424456
92672014
-3344556
81401703
53439507
68938584
-67213549
-9358452
53503075
-79640144
31930148
-70050373
-68967867
-97848314
-26971367
-1259775
-88514007
-20556742
-56870360
14108369
97186152
84679089
1391671
8058704
-62852157
-58242019
-83216806
-29191962
76097099
6997834
18696918
-12835773
46159293
-49398223
-11018470
-33779994
-48370174
-93345793
44300179
-33693588
69475178
60392038
-54772026
-9279359
-42201911
44197123
-56471590
-63907603
-95578357
-6734529
48908323
-34812045
70496275
-42246825
-27479020
-90572064
-25649490
-54213301
22672163
96913448
-80470786
-81497256
-71665931
7302118
-39366327
-60919416
-23550275
-44371217
2437781
55237605
-36660656
-28554881
-64459924
-23098131
-91785956
23240748
86256353
10750481
-86270548
38639593
-81473206
77797683
-47044345
-78825700
80888763
-92486797
30200952
-98632676
39540574
69334143
9702678
-57173141
17976798
97794860
12716612
-43111373
-45289688
15739865
-21437756
55230369
-73438757
58148023
7744983
-59458005
-65424816
66259909
-33512052
-52270033
-87613701
-70568555
-7759226
-68788686
36858251
-14195437
54594858
71408588
61657575
61127288
63121563
-45329522
30353502
48994411
-18000816
-91003111
60991065
16860415
76720865
-58542708
-4720335
59413008
-861227
-81038425
94807816
89017516
67823871
407559
32652744
75624214
83587155
-52466383
46515523
71760684
88274183
49983693
-38960052
37676195
-49639341
-33354035
-46812791
-7295299
99438095
-65632270
-81310531
-92695847
80909819
56620657
67095120
-56199110
34868961
74270323
36146816
1885788
-8555611
59849996
84178624
-32827844
48521313
57254029
49983775
27739461
21905383
35555199
78151639
-32371456
2641107
-94153658
-85337881
80803706
-76770334
-42233889
14391473
37192804
78568420
-35574532
-9027984
-53131714
51064935
27560542
87060997
45764349
-74073632
-59247701
-35074829
-73846427
-12587869
24372689
88177141
-49898352
-84415651
36396694
34808768
92320977
-75554482
32741780
57287104
66278490
-60986948
42422634
-80766729
-46177109
-3525602
-21379647
7153403
-8480630
-27015428
87404877
-7290657
-10739045
-36338377
-75072034
55971763
-39336092
-88994243
-55536980
80795313
-63166871
-37342595
-90347836
-93444005
-11773210
25468284
-90338788
-86441913
20265753
98856698
87221820
-34352162
-63865476
-47119252
-91766070
-74671965
69261616
-98016673
74076073
20886753
59595861
-26646622
-3656317
-62852932
-71984217
-86439584
-83244267
-11062361
57206785
-98053617
76647419
36551243
-14939336
-78613178
68468473
377141
-4762325
-5164215
-66898401
94873679
-69810883
-14195379
-63823733
64064829
9032557
5697193
49712861
61128446
27094812
-53407520
72536105
-12069594
47965346
-71989483
-17116971
8642362
-46883040
51763079
41227039
-64924263
80582996
42545645
9366497
-70690317
79143427
42307443
-42845288
-5970299
-36095020
32708939
-16037996
2802846
-41047037
-62806662
37885582
-36572123
96056157
-4937809
99850448
-7920076
-43885983
55791115
50849152
-53001585
-46820427
-83027415
-50093166
-36485861
91936253
-48556856
-7138117
41234022
98636116
-69771641
70964554
-54001716
3495275
35838740
96255317
15483036
-52991070
52292081
-29973700
-917131
-32758168
29965828
32905492
-86501751
-20149395
51691561
19182799
-13648737
-16983989
-79540926
95930457
-13682668
-49499661
-33078096
98786487
-72939260
-70129053
45060847
-28010896
22798371
76530759
-51107095
-2412936
45155017
74694067
-90766645
-23000768
-2244717
24571656
-12817245
-45776123
-46718528
31787456
-10892456
41020516
-94665193
-48156017
-24260179
70422539
27232586
7200278
44381009
-11122374
11077670
-44056226
-27588397
-68488572
-96959466
27504910
94907057
96964779
-4798423
-68966479
55577190
-82385323
-26759354
38393256
17911608
37031069
-64743352
81811886
-770603
-65503312
-54091598
-94989817
-12085569
-78090167
48495443
-11900620
-79290402
49582982
-77046564
-27906029
49665615
-81737374
-4178943
5539006
-39768237
-14787343
44680948
-18863794
-97620224
-26739341
-36454615
-85650461
-44520306
-5841619
93944441
50130437
-66730401
29584315
13559650
93193026
58648509
-5933311
-19665521
85824354
-24329662
78946992
9529624
-60508775
-31213914
47256639
52432073
-72092856
94793463
-79397718
-26737469
10760835
39565682
-71467971
-82501903
-13273559
-13239600
84258895
-60173079
-87691414
56733649
-26518691
-30832208
-35015889
-55597591
-70431011
82507638
85225052
536681
62479095
92646641
-24574204
71975184
-64144044
-79166303
95367600
51880695
12642744
24962826
66660984
-35179383
-81094454
98069797
10035638
-69121035
53120507
-24064975
-29723754
94835716
16426191
18276154
-17217490
66701970
-76990085
-67939513
31863523
38371486
73424722
84805142
99959050
64038801
37859348
-74675112
73648699
21044958
-51467701
-58148425
18039354
31569789
-97649200
83522155
-24038634
-65503053
-79079704
-86210561
8011863
-37827023
-51842306
-81949637
-58480144
23395380
-9050711
34111
-23591270
-29582135
-39928813
-26221498
69400968
27950758
-80848366
-49222871
-56907045
-28852863
-10400766
12430912
54664613
99481702
42036163
16762667
95980128
11846969
88607507
-1648618
-43627142
-79107539
-13381738
96683512
-41307966
9085677
-94597809
-72450025
42634310
-23969973
34693860
81485406
82498097
-6670603
24512545
-23027068
-87767069
-48903448
-67655945
-91170770
23470217
16628446
-41788341
34455022
18302040
80419228
14914792
-84650736
64552752
-76034465
30507035
76456978
-45979263
-89511544
94445484
-66126183
-94640336
-37571026
63374986
-6768489
-2856167
90094595
16360899
-78259497
-80191253
-496485
-17665491
-50500561
70727900
-35128786
-4474608
-65401986
-32980304
-37984952
25217377
-9148948
59603100
-76511449
-43576793
63271204
-88476135
-60778387
54173621
-70350628
-53743276
2681320
10318088
-65064428
-4019939
-93786102
-26256419
9107086
-31658949
75581482
22326929
-91189138
-5511810
-68346769
-2062019
-43089420
-27926616
39323223
90245762
73392099
48158616
60652652
56595304
52149560
-20121144
-86013498
-41386747
-7504628
-7933941
-37794224
56939859
-73328232
-36686341
4116057
-67918898
94320177
16665789
64184746
-74983239
9124230
89439254
94695424
21126637
83389759
-54861919
17141740
-3290821
29251922
91141489
961525
-43453268
-86019548
64555012
-27435443
93892386
-2544927
15565174
80385713
33553739
-76839985
25644785
2582038
8138030
58976049
-69164332
-23263045
-54928905
-14048471
-59767912
-50595948
-30887241
-66782587
-76695179
-10621035
75952038
47536599
-92055999
18738730
-87520758
-38258505
49905341
-78717354
-20816860
-79949788
-17246205
64921579
94070348
57206336
-25267884
68261134
8220230
9753047
-34288152
68973879
-42735719
-43289896
-35459412
-32588144
-51153171
-98892365
84387006
-30214755
-95154574
-17975238
42010287
8741619
16272505
3287817
-80032316
-66732208
74014888
37937144
53280613
31435496
-58375659
59981545
46178871
37613506
-58002025
-44732350
22999180
-38462585
9284910
-66815952
-67608912
88037373
68175756
-951473
51797188
-71515932
4441261
-91533308
99127330
-4950274
-25561410
32487827
-58297679
68947455
-77442105
-16825012
-89260045
-55867208
20693519
-26109847
59348819
-10820993
-18957937
-12423705
86128284
32407437
41692290
28613801
64294604
71077598
-33673646
40018393
-96921804
-44331755
-78456933
7603161
-39305676
-21937156
-49911152
-20887785
28771401
-2929310
-69746276
-82312358
74544165
-74978122
-74588578
-88389790
38130682
-98706814
-70920157
39730334
-81704250
70659066
79066327
-87823241
77942387
-15793318
-71804489
78016178
-91030346
49162507
-54068101
6717607
46794708
81708746
-41841608
-93921768
74169734
-58952804
-60831872
76889720
-15041639
-47102567
-74556321
-94239992
-29320109
32878249
-80661656
71572923
-14307129
41322147
-72121495
14484705
12978233
-72561888
-92699201
15465276
18982500
16194611
-73228595
70640405
-72584368
-92378686
9708625
80254109
-1211975
-92523879
66356504
96379366
99744938
-5189889
-57571355
-6177545
63653126
40768945
7274033
-90441907
60499197
-71522026
-66048535
-43704677
-94262446
56398823
71902250
-95798388
-50485339
63421546
7015069
65794263
-65656963
93742054
60535564
-94476584
8754200
64267442
-82520539
-71649751
11077258
-89522125
57808485
-7677193
31104782
58079953
79526829
-29771933
46617420
-18273629
49287069
89453708
55731051
62994123
-59416393
95492305
-68261415
27041198
-26919940
71136554
79365834
44149322
24504417
-84001184
-24180298
-76960908
44901248
-60985825
-42380556
-2701251
96685676
-10690337
73530495
58166776
-74467309
71261012
7012599
-8320953
-54966326
-38349104
-23300838
-15784757
66927868
-49405963
-38547816
-9922708
3246041
52462465
-20003141
-72735098
-20532445
45379184
-70658373
74111603
75371373
73041879
20328565
69498922
-23435547
-83031534
23187633
-29538996
42690397
-76436867
9670977
18004631
82957594
-68681695
-28087296
-72372512
-54236356
53460677
-46257466
-89867012
-53569504
42263029
10991987
-69508629
-40440387
-60348151
-88493144
9948524
-28716378
-18257494
41444172
-23287494
-3825187
76431563
-32580560
-29283348
-35702918
32569770
-42256285
-7913793
43778724
70420140
-38221112
-24102136
56344295
-82780942
-60282933
-66320604
-28156227
21538458
-82037798
34033754
-53213484
-65640824
-36075495
-79771643
-3041342
99231969
-91614104
60597734
81677791
56031630
32372461
-27025519
-20800276
-21198554
8923479
72813426
77328941
-40821055
-1295345
13108148
38159797
-29994458
-60702742
18477173
-89182517
4911563
55801206
65531907
-80809656
65895977
-88280437
36563682
-35393660
-56595125
11661312
89384041
61352856
-67220731
7176127
54193534
58166551
27081466
-49556499
-51369341
99292483
59227861
-56001944
86819200
-62264697
-76320081
-35584774
-40638271
-36318929
45740808
-19080700
-88226432
-71493818
-61043204
9672726
-98068033
-94279900
-57693340
26948627
2128014
47165261
88572287
-89346573
-96241675
-67597103
39786053
15673238
77054876
-76949814
-92102860
3728696
-93708367
19945948
82137482
-768728
-22223636
28717891
-94845430
32954729
-70638729
-13529671
-89967359
17916260
-87433726
-74606855
-90192017
-27735263
-45171757
81629540
67522802
-90154428
-42250582
-89042827
-45240168
2609831
43323937
-20244294
10157702
28731732
-21975035
-49975130
-79244759
-88548361
1539477
92571058
73584969
41407333
29212746
-94431722
96027600
-8764363
-47029366
93591715
-64983734
-79957019
-68131272
15447470
-3757653
85897913
-32916571
-77420237
-25831991
-16311409
33953874
-30811940
-57849561
-26107336
-11462310
77715270
-71598307
-11712365
-67189900
37891892
-79505739
-96061927
-95478656
-14107545
62114273
98142296
-22986321
-21857271
-44552804
-81771642
-61163728
70642466
45824718
83098861
6669773
-36267378
-41976003
72712647
-52955503
-61183563
-85753213
-20797695
29922138
21245377
40589236
79624839
-23095595
-35852837
97129492
17772464
87493564
-61699131
92466470
-75076012
-77489711
5579847
-63874685
95496895
91112753
453299
-39425632
-64761633
-10217788
-30030937
-9798537
-75514200
-20901921
-33207780
-15802755
78156385
-32825148
-70284974
-33431404
-29095268
-67529030
-70345969
-67129544
36694409
-88501572
90636997
-51309122
-96099293
-70102592
57701681
-38727238
-611659
-15282068
-2256416
52921414
27789344
41893500
60693882
-24049790
-95716245
-30928970
13100858
45824818
-42369382
-52122386
24794952
-35840458
78332648
55088616
44267841
-49584683
3198870
-16861899
-10138859
22622293
-76745643
-54320485
76048710
-81690987
-70725040
73058082
26753168
45366541
-71780356
-14389863
-53870518
-99240797
-99958597
-19611419
68959492
-50368106
8755870
1869328
-25979413
-648648
-38680720
92463258
-85787422
90682842
84393226
-23848859
28993105
8131112
-49774211
-58713669
60494028
-42062317
-40283366
-43555654
-37135109
2595014
-61062481
-65469300
-83878841
90279648
-52960508
-25814813
-68010649
54169337
-52653070
-55261203
73092400
8985485
22915902
-34654281
95498852
47945732
-56426364
-92644026
6720427
81770789
-26760755
10714115
14123748
63359477
40188984
35954386
51408327
73634649
54698714
67280205
-15627964
-80877665
65319418
-70483111
-7520571
77812626
17993405
57218119
55126621
-33302605
31331843
-66221317
12594518
-43558429
71279947
41669086
-50395080
76116445
15223795
-67562462
20987789
7917643
82828059
-87941623
-50365851
-14443569
-98092847
-77770316
-79453135
-40624928
-97975704
-49519563
60353409
80791609
19655789
-11009675
73660878
10869411
-94900519
16404121
19932863
59532556
82431947
-27302478
-31894667
-93759493
604644
-79572066
-41065327
-64264513
90627984
17979904
77195259
46133123
88091844
22206767
38332526
76834867
-8280254
49061496
-11759399
-99478139
-80313093
-90084603
19386932
-77611292
21585694
3579627
59464620
68621098
-86524443
35503098
-37824878
22672494
23893264
22927117
80412594
67506978
27784824
97775498
-8250958
60361454
-66987085
38906367
-12284282
69666846
-92587009
-63118791
-85701732
93306182
-34189425
-47424181
92249126
9283915
-49440780
-40635890
-28503436
-97203295
-22270135
9629924
70162603
-56975351
-32329476
21308529
81760848
-19669308
6939243
87195061
93163568
-26759956
-44889889
-81533711
78640902
59402947
-90028738
14859235
98837539
-7304287
-48941244
-3104451
-72053936
-59065338
-32191240
60427482
60391308
-80087803
-64600621
65276873
-67057134
19266080
-83796843
10881295
-74929785
-4735033
-2961157
-42433331
-87307372
-18001740
43125963
-25456936
-15878692
17543024
85642166
64536986
-63715327
-63735810
72383861
-96803436
11499614
-85093164
81460537
25928714
-28656172
-36690664
-71199582
52913785
4050866
73626196
-15043237
-77767533
86625995
-69700080
13307522
-79960113
-9733017
-26151762
40474304
-3626501
96798797
32172962
91392212
-68207222
-32347758
-24697355
-946275
56377150
2244365
71661958
92431575
31824268
-35799412
-42623715
37384103
-38782595
-49459919
93378256
27733876
47449952
3693368
53306711
-7281498
-65639297
-77930102
37844396
-19679913
-95202204
-62858449
-75643822
-6660501
-15745855
65612727
27492534
-55390738
-94437916
116215
29550828
56559706
86079961
-4558194
-7720885
81357560
-62492464
-34065214
94577473
20169262
28302921
-2264068
89772263
85150413
55289320
-59266064
-69427449
-4226155
-80590058
-96824950
-15701493
56997826
-70705742
845361
52732702
43281484
99638257
-29770444
89958607
27579311
-3904877
-30488789
43409428
-81739165
-29458739
-61862351
-42962810
83097260
11823587
26990175
50999425
-71631392
80403935
-41286845
-18890396
-44984397
9006797
5753920
24821874
-23341831
55448742
-85085086
8689507
73729737
-97110312
-2892491
67266367
-90258971
10932563
-90233612
78623269
82128909
92882776
-47187537
68769668
-70555781
40237979
83448747
-33988334
51857019
-49781624
-28507983
13877345
10404678
-79325792
93758159
-36005155
-86036022
-10245400
77259739
666306
-22562929
-52188554
53850236
90030314
52289660
99879365
49146531
-67959053
18143866
93760717
-75756871
-723419
-43018267
-97875384
-33833993
-72764421
-88688049
26924830
74468703
-71168032
77873806
-94127735
-86469131
4600330
-10607216
-52330384
19920454
-1580132
-66494240
41164801
90566157
-62125597
-53883601
-78573254
-80071300
60676673
-42051321
66559864
-93837142
-19230510
-99370529
62740001
-59706904
-79703500
-96910210
11133207
-15675553
-88222721
-13210685
28676409
-41370651
99580622
38835087
99010172
-87081295
77346504
19386155
27994438
27376464
91178726
-53695049
95695038
-37097686
-49128617
43682990
53633772
-54699158
-49811610
49421314
-73604201
-80987622
84976592
74470539
-91813949
-68082527
60995518
-57456376
20667011
35026683
-62268930
-13704201
61091201
25284799
77721571
31021493
-98651269
12798440
-17912324
-85995361
-44045699
-5442061
-79667665
-58711288
-42150875
35644123
-7053307
-35243339
62957203
24106128
-79997037
-57567555
-66532299
-43203631
49630152
-33975391
4297801
32787751
88270158
22832756
-1947131
-7479239
53962415
76653875
30733607
-27711203
72920850
-61843707
6400884
-41188129
43908344
-41416502
-56792613
-20301450
-87674093
-976940
-47719973
3117160
20932955
50598103
-76436318
-91568912
-63692253
-95058399
15643534
-16968522
94166141
-15697312
-95495523
86826153
82559505
62060405
35759765
95250522
-50745144
-10025138
-86322023
-86336132
56560865
-95651347
82726824
-8264206
-75224584
30863049
-28032346
77857757
15818340
-79447132
89889119
79882332
-57115777
17647757
16901714
24237960
-47415081
-15383140
-22275069
-98106747
88781638
-66625241
-98395401
-38232066
64902953
873397
4415433
-15867128
-12854141
88817925
44177824
96729562
-7756136
-74282959
68457525
-1338201
89465766
65771709
-78083496
2134070
46489478
9894124
-8175629
-73975018
13226750
79449555
62518658
4548808
400960
-97065129
45415249
86675139
-41909541
98348841
-31209989
8736285
37944085
62871215
-60720569
-86493258
-50699509
79787303
87757500
-42097607
13644827
-89205018
44858412
95777830
-47148561
36366470
-54213544
80490101
45082390
10951793
22107973
20645380
96887028
39191822
75751887
87383665
-23829573
-62947619
28529861
-91198027
68581340
1057815
-72161351
-344545
-52049379
89526418
81500001
-28969093
-4559599
-93281687
24579017
57683303
-3957053
8223608
-53739442
36450790
96900167
-67539099
27654162
11252073
8514457
-83622917
67071648
-78172988
-97477103
41698251
-10835369
13730745
-43875221
-1587851
23981319
-1498464
-2040537
-2337278
59537980
-94143251
-3289312
-54755189
15751790
-97428168
34761618
-24401263
70330351
-9567
-48638762
39945510
96149614
62475227
-42677614
54726791
33258515
-31943136
55592159
-33342353
77333803
7481148
-12484446
-29381395
95698376
68449740
-23592699
74633234
-77514377
-93396833
-17515548
1835006
52224807
6868521
-80908871
54982565
62371126
-37958348
74432577
46491210
-6238358
-38573229
10882169
-78477937
95509888
-467168
29072307
23725082
28683055
91949559
-90345523
71165638
35237637
-88926956
1129592
-58524508
-68923730
33422043
85108619
-94668495
-97839739
-26200775
-23252475
-95976469
-34148817
-95949550
73259828
-76811641
89180286
-54939490
-23071313
-61027153
-73761657
-62670601
-63297472
-70821331
94520906
52617116
-28348867
-97103061
43614314
-66382197
51414
24235168
-81043057
31741888
64635386
-17696321
-6515745
-73757335
95134602
90669573
-36271989
3681322
86941016
17052119
26520794
30535245
-20622513
-79191637
36537475
-89056840
-40393470
39455415
-51287225
93554317
43928398
-99134609
-84928445
-92206140
-10543898
99578917
34640670
-14212067
58355303
-57122934
-82974401
73645295
87817394
42222482
54753864
-71932051
-4065207
97378876
-76815279
71214308
97181319
51047861
74728377
-76770299
41682608
60240858
-94214680
-67747159
-64982951
48682323
50815827
-2369833
57235801
-80217524
76761504
81068598
99660914
51789292
-84406303
85537992
7735877
-24195111
97078353
-45042636
-46085893
11927728
91095688
45443028
51245050
-60282843
7376533
40380593
-25121104
98527562
-98586370
-5456556
963137
58607982
-12562686
-40016234
76276711
-38657312
67139996
34406927
-50201309
-65699048
35519166
-92370537
42943997
38428821
62431380
-14397304
58788585
-96104231
-15616019
22058678
42408792
65542015
36053859
-57245361
77034587
-55314956
20943943
-65716098
-77444954
-57895237
17751072
-69289145
-6349097
19083815
-76015509
986025
-710827
19345077
79157408
-80442978
15793156
25921288
94366889
-12308624
-13109349
-26644469
-19266666
-7730573
28294072
34062328
-35347114
-55374416
-13148015
-35543209
73453960
28892516
7336795
64639357
64566511
51107444
4266553
-94652105
-78611047
48847298
-88290178
-44498550
-76650016
6743841
-52270399
-16201842
-18302659
63062340
48002679
83389215
74541772
-71390155
20168338
39825455
-9453943
-76644794
92719034
-50931275
-56327966
-44640974
3630111
57209189
-96917184
36413738
49597724
45182643
41526280
-78606322
-15708483
63858621
-16986936
-24610498
23843236
-73997792
-99885827
-17725383
-6202140
-73706423
50535053
-73652815
-9336679
11978930
68491580
313141
60313154
-74291120
85781191
76014669
-79262654
85712797
-97567524
51155810
12232117
-95497980
94158920
-44683181
-37812567
64244542
-65812416
-18267330
21317621
7185331
78770582
30121958
21380422
-80934494
-75516509
-43355774
-77768087
-83208058
-49449878
87404797
65514904
-31286526
61708623
91146858
49166020
45958226
-19133222
-53249886
-98616276
26676327
94679177
84134847
92339875
-67628980
-33069582
59367662
95370043
-26652059
-24646203
-4547266
-6131179
85893294
-47430052
1066401
-28685102
-37064299
98417031
-23612717
-93400633
-93002318
-44839896
86783762
-88352041
31904706
56460345
-9822937
-26051329
-84645508
1179803
-37736692
90513678
-40405652
-59478556
54567182
43667999
19394085
80079158
-47869628
66271228
-76758743
92538864
44397534
-51941732
31875765
88451897
-97177470
81458283
-79792635
-4801060
-85275544
-73100334
18916707
87455782
69326502
-60669043
43450244
19608444
58940844
-72368298
-4661964
-26933542
57580641
-8302106
-46854767
56816636
7385533
58293966
2421996
53668545
82144736
-32025368
-27941764
83899783
84578436
32694050
34311695
64783638
50834011
63497765
7428492
-42904505
53488011
-9353635
-12491964
-53445740
69305587
11214062
-10870009
74301345
45283880
-5242275
49495496
-27499976
34344075
-38541489
-97210572
58533
55910766
-37162320
-67673511
-90740066
3870487
70185474
21493440
-6882636
36880906
99392453
24319517
-34582098
29497512
-40347024
-70209842
-35029640
690218
-51354548
-44091565
14526989
33167805
-84855226
-8438002
-65713127
-22216282
95140851
-95558685
18014819
-51471704
-95275174
77936764
93625979
76607123
40085652
49714731
-68159160
86147864
-84256673
-63358852
-71657097
44708961
36735436
-83053937
14961442
53519909
-91444310
69600515
-67609013
63070181
18854720
-88243496
59647071
65495517
21661295
44094633
22196237
-72642668
78046040
-22866644
41430021
36069349
-99609202
64188416
-48879940
-49061517
53695554
-66651122
14326937
-41146984
-26647164
-84723975
59900202
-67097834
4826774
2461802
98857157
-33907336
-30015677
-33065244
-24460043
68239328
1362715
1976383
37779761
-54905507
-92438472
-85188367
81198592
-31619846
-2719815
-40075413
-6130215
99965802
-72256433
19882355
3901954
-20597834
-92363746
-32306884
-61232249
-2528338
-66180686
63277437
-8385313
45539132
-98156467
92118740
-72489436
53383581
50061953
-10494814
-92988079
82093112
27146073
-87621462
88748305
5325814
43207481
-31845533
79086956
-37688704
-31208143
-28492262
77745945
-32127006
85129013
29811015
-5776117
-1354030
-64273655
-3314141
81895541
2561595
71928030
83129455
26599934
58243957
66645546
13010406
-35503626
-65479787
-98347886
27275446
28895398
19267798
-46067049
-10986483
-1896186
-63531364
32490931
66098541
-71851963
-96478513
71304556
19863575
44111927
-7683298
-70408281
-29640788
56284389
60354007
69797702
-72740648
-87915262
14492428
72602791
-36421510
4371555
18877448
32762613
89275603
-97589174
-48960606
-36635465
-93649679
-67642476
27794036
-36905257
75893118
-41082769
21042156
97573954
70238268
-6585058
38915940
-19781278
-81115941
29932568
-88918827
-93500197
-72196383
-51329797
-17268272
42241846
-92447648
92031549
-56173108
-57377000
73796253
-60771687
54589654
-70870596
-53891893
-53233401
24925530
-14618198
39252185
68381138
79664177
-802224
27845572
-92541785
33413721
-88071922
-69180594
83013448
-12801629
-30150148
92460855
52965225
71501994
-69761404
49620604
-85315104
13372285
-54428762
46076341
11050549
16857960
49273759
-6572794
38459226
-22732390
16955994
-42219344
-30980749
-10877171
78096591
81165332
-59337354
13843627
-68239130
-51220394
-90561075
-28591846
30578274
21087023
-86564604
72350383
82860397
-21133429
-61148924
12792069
-35264909
26994983
-72272122
88381506
86645223
-96945667
-33960167
-13113711
2785444
-87586442
-63610760
81233588
47213748
-9793948
94854471
94548877
88996606
30025709
31486507
79299198
-21247909
-16576992
-30934476
-11042138
67571567
-3965680
95655758
-70357292
-85285887
-33463451
12574578
98205646
-97712712
26972292
-57299240
-75025948
365154
-37506683
-12111606
17703956
34026977
54005364
73188250
-40719245
28538678
25654909
-27275023
65745347
-37260035
75195420
72881073
-53839573
10676631
10658695
-26731528
14124466
-36640635
94666019
-95153119
-7574422
-60850442
-4144357
11782993
92160109
-55610932
87458624
-41546766
39738115
16716110
-51314983
40257403
-54179232
-27745515
4817674
76077895
-19794659
-63013845
-79668549
-62585911
-96993764
92047833
11269008
1157253
-68534704
-8359953
-6927381
-43877187
13022535
-80043267
22629769
-95527017
-40902560
-29650779
-19235564
18923011
62876397
-50903878
-76372621
-49288081
-26092788
-34298455
-38623275
-12820865
-83748828
-79812055
-6965517
-90878452
8444080
-23214419
-91378200
53989995
13736758
77645515
79211340
71052799
67401232
-12112436
74010688