61276877
-63637164
4290505
-64960634
68745341
-44625723
4415773
-68584907
-72454086
-96378615
-80734769
-87348724
-46720333
-27978503
91774599
-72423133
-42765883
-98444858
-71950423
-93217711
-96310528
62875720
61936721
-85734150
-27095203
10293770
24801129
89416409
64322060
-66565916
-28024661
45748143
-50453879
-19173997
-37162575
-71333945
39884658
-14969755
-15994413
-42560674
14371188
-29671872
-91214381
79490578
-92643180
76757108
-66474196
-79363569
27514078
59353259
45627708
54584773
32037176
50140467
72454996
41210784
-68658261
54306814
-31270930
91639528
91204108
-86877698
-44601832
21519948
-37269844
72896416
53847990
430344
-18346421
36082412
9330489
-2252336
-22360324
-31748906
50193629
-71473199
77203456
22908238
-32378105
81871762
-10209080
-59697847
34024980
8691794
-85579756
68281399
-37878957
25367486
34191469
-89175389
-36605114
-52229808
9510469
-65706694
-3475083
-36159038
20018617
19261917
-50593610
-42316477
80710643
-72729931
-52925731
-31540391
69562878
-16521193
5339887
36209431
-7242765
-73839509
37602134
7512733
-75604836
60714240
49319623
-64205462
-49490417
81334988
-48280947
-44971990
-1683391
-52848466
-70071306
-234274
-12740954
-7514030
90369080
82204429
-78451570
-16343321
93607673
31610583
76358120
-88714107
13365536
-6783978
23857136
-50994576
33784604
-7840873
96830092
-39930301
-63714923
46595824
57205817
-59671669
-61018382
20426410
-66624141
-88204199
-65417987
-29287892
89242892
-18349134
-18896758
-60702738
-27860760
-60413498
-97660531
19919592
-2393874
86669354
-53346069
-64652624
-18117820
-37312720
18235720
19484604
47404023
-81031125
-57060937
12629936
71630475
-34933423
80596294
51427797
-21347499
-2437627
-45908748
43890237
-15133797
90419344
44024228
93201615
-80906814
31847258
22148068
66543665
41847062
71101752
23270267
18526166
13601592
35343982
-71371844
87367418
-89561724
53119618
44826900
-14373357
42009507
-86103329
37386748
-9981937
-15742441
25037997
-42444787
-98573615
95450162
79206314
16640889
-94973963
697011
-29133109
42128841
64711796
-1291208
-53330352
-93150072
7162002
34257163
-76203489
-17145134
-613977
-96266684
17998477
74863749
-41739091
73009917
-1853439
-64898281
32094204
-38682256
28127650
-51852496
-12050664
-9811206
6543777
-96830830
8681187
-31547550
29788992
-91702027
-65209835
-54983551
47539924
28126314
-38549924
-20164141
-50047534
98154977
99103374
75440914
31677422
-54521639
-87005845
81159847
-8040656
83884517
25726380
-74084194
-66077284
39317379
-86421541
53401114
-89507628
-65921251
-46809311
49376856
-99289917
-11176841
-86484259
89362355
-95189636
5237570
-38868992
33349819
35635608
3721207
-22439217
74840808
-92839429
-13356674
-4281318
-815782
-94837178
-37788812
-22660271
-51866905
-15908577
31371527
70655959
-31603447
-91094635
-53056570
-53537543
-97122732
-45550800
-29823850
-65936481
-82715078
22246981
-5777649
14650481
44658289
3489330
72875822
-48004209
-66716311
-47012985
-39112838
43809920
89913413
90931071
74568967
40418964
55144539
80309120
90937191
69737816
4902753
-74338070
95945451
-89091091
-98938392
-9320357
-68684760
41495263
55593493
6934720
407562
35293862
-48783237
14873572
-37094451
24766201
59391649
-16205494
-29089677
-64527187
-71842610
-78352607
34824598
-63641952
27983215
-53408978
-285894
45893590
-59368957
-12112067
39207277
58413692
42549123
33009655
-69728905
-12521681
-1753673
98735978
-58992211
-86299384
-96178948
-13794707
15749477
52647284
6292721
40291010
-65693535
20824885
-95512578
29662751
-5452456
38234712
85113554
97291163
64712582
-59309125
76719397
7823347
27671703
-95610172
19243386
874800
-32202146
-26133338
38870697
-16533810
-44670300
74443971
6612127
41546059
-40834120
-29160252
-12325915
59545619
52279828
-61285107
92545369
31416394
-99806925
19479206
-70093636
-98970
-89153516
-14900693
-71790758
11884881
85997986
-92987484
-32141250
-46270398
-99523751
-5610524
50148823
94474241
80092043
-63391869
-92935335
47267193
-86728813
19805903
74951853
-88827120
60485633
-76999117
7470215
26069202
13954354
-88061813
66930634
24695958
54566941
-55958259
-47852340
-89319804
42424481
21751684
-45011947
75141898
-96141835
15526810
89153424
79788757
24200897
31170164
92153604
-97605373
15027087
55751903
69723915
54792871
21534783
-37175832
-8030275
7686461
74595269
11234555
52314007
34768484
93496327
-80402966
-19606849
-99725978
62452901
61101666
-58319328
-33162142
-23879900
60114671
-76526364
73262140
48371402
82496526
7586913
-83653136
66419261
-33204281
-85706208
57163057
41598595
71937408
12758734
86480976
17482466
74469295
-68784710
-39595840
69768085
-62919237
63920078
99032559
-74290361
87112760
-64800304
-4779734
-88017636
36593449
-6723415
82558124
-42512817
43333925
5735897
-21657995
11836341
61761810
176791
-22282855
97502825
-73991538
4901658
-4195764
69011555
-2604252
-81001210
-53737460
-60816076
74316567
-10587381
-66261914
-8757356
93993039
-10606924
-2263002
-75047187
39906276
-54180480
93086384
-84597243
22418013
43983635
-48255602
88656376
-96094981
-22149771
-44677195
39456559
10069393
-81871349
983109
86662367
-40990037
19863087
97923075
22375399
32706774
-68068235
-80768291
-99372034
-29727006
-74223686
43771624
79369392
-14008386
18103625
50761770
19639225
17960719
91089210
46838171
-97881288
-1527256
-94817073
-65286088
-43996124
-80253879
-36326463
-42462226
-70082948
-30261192
-32437904
14532903
25183628
29785770
-48310682
-59335080
63384923
5346704
76716711
18837154
-62884001
-18053634
95829021
-81109753
85428224
57024301
-69446259
-71068755
-76535905
20739687
-27451843
93932910
18097754
75863661
-47744557
-80074324
-55988898
76987907
82927635
-506449
-4572458
37481525
-99596956
48988549
24471527
-89924665
12654744
7537929
-82565738
17859509
39711469
-83530032
-31035305
98315323
33406762
5675565
-65929145
74080073
-27604255
58641181
59059753
-88048116
-63799678
95768824
9831493
58004023
76351144
50515444
75810456
5178553
-40539267
-29519016
56488237
-32020398
-84306664
-15992016
39231296
-93233465
63858123
51960059
-94722246
67086327
6688620
-21520126
-74739988
72976265
8483711
-15188248
66869694
-33990557
-65992321
23740987
-88584048
-86771009
34865627
25990590
-76346971
96581906
86074955
-53312404
78999480
-32584135
-44276008
63719797
73795091
23360010
-29487609
61423621
-93435588
-43396084
-7910563
-97877995
-18121780
57190880
-9716535
-46375925
-34695848
24037472
-46917890
57011794
19797702
-84089202
77052879
-93011196
-40371079
84344964
53323477
-91525311
42506168
8458692
-95809058
98823726
42359584
-3791923
59671950
12180500
-22390945
-66412168
13339138
30413205
-45788035
-63409470
-17868594
34554365
64904862
-2835080
4099951
39865863
-68418844
-82707292
-25335617
50936176
66455281
-17254622
-39437089
-57198634
-61782571
-15996925
-29050128
-64257611
-38759507
-77329222
64355054
-48362875
-78245737
74782901
15598176
-54107057
95028246
-2282750
4695813
72639430
76834815
-86241040
5285522
-35654507
1536967
81830324
-9397932
76977184
-88869151
68465257
13504958
98167870
-23251269
33225515
41985329
-78696819
-36193858
23273172
76409985
39068977
-89330246
-28130398
-72870245
67970452
87305080
52488792
66940310
42463896
-83431550
-69640689
-98280569
38317695
11276246
22028749
54375500
-410393
-8404123
8146475
-4751142
-63547476
48680363
35924053
38892471
-26554155
25554438
26021702
-87773332
53886937
85743358
-95326372
46634677
-78750140
63499150
-24454174
56944751
35751554
-50888232
31430310
-26464751
95329719
92691612
-25171065
93458729
-90786971
55960484
-98781240
10355550
67532525
-52825695
-21243039
-48576807
26275031
49452011
-45473834
67716202
-74618070
-31940582
65999218
-39198271
67945750
27971383
-96473182
45558255
-61855307
51385215
43667926
-22957520
50426417
-5440284
-47134330
-62742797
-49965644
-12799729
-73200375
-19027268
-62005702
-35149364
-63560508
-85009825
-40502465
-86145589
61445884
-95547192
23486984
-23477486
26325612
-98115655
33704541
-98916484
44333627
-83076994
-3473305
38965386
-62460661
-49063997
92505038
-50488851
45161985
64371413
22028963
-69130428
34918014
3609117
-7715240
64781053
-72502703
-28349380
32384853
38749448
91483408
20232793
89850221
50851366
-94688744
-93755486
13925110
-52537537
61912265
69215372
84651470
-47828229
2291945
-62801244
76282940
10401394
-64636561
-70021677
-52718974
98922029
-85044491
-7812152
-87595037
60616778
4229467
15796261
-49510814
-98089028
-67174952
-45786731
18286445
-74473579
-99722363
74016468
4110206
-96441935
-80826662
9373912
-20720560
-62426633
50475614
33791304
-23557634
-4638313
26806380
89886224
40784203
-67781391
-66058231
86883580
-41638681
7616084
39928451
-2982311
93265912
-38309136
48738080
-44090362
12929878
-89805028
96893590
79461769
14053283
-93273096
-96776474
-46207390
-75988515
30154929
-66315724
-78871671
-92386999
80198308
-61513482
29061088
-84055337
10950528
-38390043
84962415
71495856
11102459
-5127636
-3649899
-33135438
-16354085
-60649283
-50514209
-49011128
77786082
-55976242
84868674
-2857537
-99272714
93476117
59109381
49793674
92134880
29782179
-11258121
32203407
-79811801
75421823
-98229529
-15782455
-94337066
-86211571
-18831122
-56059872
-37120115
-52430428
-23083912
2347846
63556216
13977021
91956930
64212783
-15549160
-15390834
67033238
42740510
57744105
-18289411
50684983
-90230259
-19889005
22420796
32014996
-90201379
89033876
22206122
-87844210
-22752217
-2830784
73164111
-3483520
42074009
78058595
31440199
-79000665
-60253076
-56968613
-11278766
62418456
39581036
-89380917
47882804
-19334950
-91879562
17986841
-77336101
51092752
-89892101
-75002452
-9243840
81347693
22368653
81719106
50232400
-87726750
83091075
-82931461
-60791565
-6892801
32881265
260791
16585726
21170029
-16902054
-37947782
-24452658
-63961612
-27789247
-90094249
-42415643
-87348936
76275679
84722537
-36991806
-41605810
-76878190
-95221528
-48801611
-24164288
-3953865
-79867834
-39321852
61787271
3584366
-5150300
-58970124
-761439
-34445172
-79616251
55228740
-6569243
55931475
-75736005
-35363492
39089237
63483167
13415751
-13893368
46164404
-97428042
-17416616
18134025
-40811649
-82541416
-74010131
-87602059
55661084
-42293113
76562913
-25110364
-41498852
78363847
82675407
-8883397
64759145
49355461
-50726268
-17599512
-5768047
-43887114
-23502593
-42368505
-19765035
99298889
3673074
29870372
-98818823
-85653930
45989723
88660977
61289326
18844184
-31627963
66843358
-63333266
28612996
-60657559
-93600791
29591062
26210032
48497681
-95115356
-594258
44510954
-13210353
13403187
-49308763
47644831
-69890245
-28406345
95754529
-58975623
-73584324
-43628627
-81957797
96291346
95290409
2824840
26990613
7687623
-34108325
53285784
21249330
-58834455
-26739792
-40863986
-65428365
59999310
69454360
-214024
73836368
-53501651
-62092481
50166280
40025491
93957819
8046160
-65988819
53463999
-57335513
60873690
87230210
-76433172
81760659
-63738539
-55282835
-37466268
-13964349
46408450
-25706265
97285207
54610140
27298646
-82365133
98173591
55456714
-21934294
91345646
85872900
19971524
-2631998
-92337992
27030920
89215251
1770648
-36741725
12349138
-78088769
-9669661
-31656861
-87762033
46713902
22825695
81188490
1454039
-98953102
4897687
-6500146
-60334600
38984785
-41106610
-20852834
-34047166
10409325
-68538148
38908766
88019492
64834038
-22219510
87911930
-44749701
-75767431
-8174154
98416799
-55059884
77679746
-66263235
-47380966
-81712136
-76133155
-36041815
59647464
-23719493
42015520
80199633
27210037
35045380
29588890
88813186
77023985
-83019340
8482646
1296859
85822806
12793916
61940514
-41700565
-41689312
94639797
38177027
80564285
-29286896
35961353
-41334896
-53387908
-66184994
-38968963
52571654
-44629154
51384306
-63495251
38398451
-11317510
-6675731
-10287230
-92997983
-55751474
88443437
-2519188
9691215
50657523
-38602093
-47389051
-92575533
-91458539
-39470686
51540603
-7304719
64334350
54318728
-54773555
-18202744
-2365676
74791840
16971487
-64727861
-25274750
98735251
-19948136
41348592
-36683169
-21524160
-54040678
93376155
-98555312
19910390
-95087306
-27499852
24611203
-51486546
32546877
95300508
-22468767
-65665733
-41930439
37190746
60064891
-65415961
44492498
-7254221
32287607
-33038424
-59838391
-81054729
13014383
-94513416
9851106
-8315715
-75361750
91971268
-70102720
90368721
-96738948
-30435084
22884991
-71617989
-49092529
-49171457
-18319663
79017686
-99173318
-35836295
-10645867
85368284
-33643951
14214332
-61030845
27203225
-84320640
10199660
70407000
-82727731
43945289
-51753974
-29446532
64457812
54516979
-35347958
90696460
96889932
66289241
77172920
-6033888
88079198
74957969
-33498858
-46354415
-1421440
-29405397
-85981419
-29260767
-30877363
25795462
-19436483
68540438
1460794
-46844359
-11126235
93450650
55437318
29797690
-73897694
-56948012
79334528
-55186152
-18713045
33186824
60312217
68389617
-72105793
-24443120
-35656530
78902305
75427214
40652938
66626833
12848992
83556628
59746712
32294472
64317771
30410985
17328272
4791603
85053348
-54817206
76470422
45542013
65827961
-52989610
9504547
-61931021
8700561
-75957605
93583802
66071109
-76041220
81526597
-39741531
-672299
43580965
-14761710
86881026
97449371
-57556342
30907385
17493171
-79802299
-28458167
-20290873
-30956844
43483039
25231711
88470102
39980531
32631774
-30388014
36990052
91227344
-71855410
73266003
-75133239
60926249
41665865
80585190
87761990
37673204
94922604
-91508974
14149762
60027009
-3436775
-44717979
-71380302
-93949516
-87460312
-40259327
-14442758
12183884
-95116735
-64323206
-76906095
11178871
57497652
4060648
-4893627
-74611170
38186702
-21256855
-72126051
32280343
551673
99693711
-26066741
-92670572
83471145
4668312
-17837622
-61020854
-58777327
-17542650
-35900576
-74613346
-78139216
-38452976
8018838
-27830537
-6294637
-13107113
12071491
69316887
-54976368
-78994622
-2173223
-86387624
-74235657
-28061099
-9856670
68341579
-58791730
72632364
73681087
-87105686
-3217415
-47920061
52407855
69746388
-60000036
11349219
41401058
40091982
-59125444
61974489
-69043449
-63107547
35589841
-12326713
63228924
-74872189
-52265150
90789849
93434567
-60875751
83757925
47101589
-19378795
-28717425
-45129918
-53204382
-62925565
-20414792
-16513570
-84463452
-68916417
39987
74682627
-31739236
-65434023
-88951214
4628628
-89107023
-91450231
35391670
44803555
98646512
-90653316
16797716
-30877215
90866127
-81914887
95389257
-6623542
-12872017
-38055455
-45279659
6588827
54758844
4164425
65105236
-58363904
9881380
-8662342
57135405
-60025445
73503861
-60661921
77541704
70807891
-63210982
-80843190
65892087
2107762
42105635
63296514
35959043
-2276522
79023613
-11223100
-35563904
64005227
-28602976
-8062140
87488821
97246575
-14604846
22931495
44563459
-18123543
71684650
-39797819
-69036318
-3038108
-69744778
-70193986
59550321
14052623
75134494
59486978
-42419896
71661967
-47352678
-12775985
-16427864
-56887136
26451259
-40640073
-76127466
-35425468
-54441991
23203054
-53714815
906126
19288850
23721431
-96030256
45811991
47689353
-11468487
54949980
17827356
75984366
-14522594
-53653285
10857995
-8655651
-87027848
-14410743
5439248
-96383401
8785682
-64935209
-42089777
43506771
23655561
69794895
50815513
45773908
-58925203
66256621
32400383
49949256
-96519812
-14656009
97113558
94426227
92578353
88604152
-97733013
93171050
44798264
-49056962
84542999
-81066046
63792486
-10294038
-39318454
31739097
-78224081
31772265
70902968
-19512737
-70260516
-14115397
68537305
-53901437
-89476653
-70932968
19392196
-42858662
4687298
38319099
-27560627
-18157334
76929451
85150307
-390413
45832742
73294321
30978750
28061483
76492440
-72743719
50878280
-48446113
-12549622
-87627274
-20797715
-72887426
-9348341
-297942
68367741
80241473
16999216
1981404
-64653348
-79556554
876402
29894440
94396120
58591218
-15881669
39260540
26001830
26387434
35073187
31402522
30594847
51641231
95905268
-63888179
-86408724
-23125131
33905498
14964125
28068503
69846954
56623224
-19852346
-70843186
37994304
6912649
-92138382
-3951264
-39138335
48277741
90996278
94135411
39196033
57400625
8486463
-43874900
-69761984
36037733
84585741
-31084340
27454977
68634045
-36212742
8670384
16389447
25644980
-66950415
-3301832
-65388015
-66997715
60211713
76439915
27095877
-25451639
-34113428
-82404396
3403134
-64258948
61180758
-2115512
35055846
-93047697
94779721
-60020637
-13384189
65418395
-62306521
65242114
86093738
32206792
-48759215
-12851803
-32963606
-46761155
-93492371
95323080
-24493986
-26345295
99225877
6702778
-56935377
-63417341
98592245
-16516375
63839973
91060149
-59862430
-73474795
-67343620
-4936321
-23144471
1641913
-66188438
-82178391
15291699
75459819
62338936
69756778
-892951
-5071632
43502592
22576837
19599758
71860241
-474738
89200729
64693282
33466678
85678586
-91522204
-261483
59724413
56683277
-66846155
-13858802
49992328
-93934865
73525143
-18740696
-27904468
4336463
-71265122
-78042618
-51081434
-73785937
-82074778
-52806868
46411959
49628200
22531613
-41708810
81641384
90014632
3488560
64822475
-20120234
-96263851
28944487
24791005
-55508300
-14564792
40048457
62550672
-46444329
88266885
41466441
-50525214
68934927
63348276
70387671
15002744
54665124
-97459081
61767389
-87519922
-73737694
-82815691
31017762
-80043891
33559811
350771
-86426538
-35500055
49844661
36820290
-66337967
8387012
8379475
34947736
-56495246
65501163
22175930
-96415799
93563096
-13069330
31016004
-53415747
15973938
-99961027
53965916
21408459
-97358806
-24061591
-21383679
-41882981
-45140790
64703112
70836362
-56023729
97148103
-14115913
-6405581
24810024
-79025950
-43585291
84387847
-50773666
-12426227
46143389
-93554694
30040295
33629529
91652761
-82807031
60726199
-76429840
33487701
-53836043
-42717527
-32600628
-91371300
38620295
15164456
-74221583
1005182
68207110
-85131026
148206
94207417
38539114
28532744
86271017
-21883699
15938906
-45773046
73932664
880964
69048953
-9848029
-68865000
-13322079
-69623267
-38462398
-16821551
-95359143
86396407
67145434
71703764
-10947026
77687449
-22827649
78135519
94763636
70877014
80765844
-30960022
-72021458
-98835570
-96153502
-26340387
29789771
90268410
63483555
-31567960
87718634
12722047
-60766178
-65143198
-66404918
71259928
-6521331
-18782070
94404158
-50820215
23241980
-69948982
-97034821
-62938017
19407500
55998729
-25907392
-75181584
72851906
-46720691
-29222683
73705547
82450159
-58026772
-84294387
-95605983
-55700935
86379103
96711731
97684759
20224021
-71067927
61377599
93925095
70497572
-1132353
25240324
15062048
77363495
88807152
-42250423
-68345700
-42884680
98530563
-50613811
-40495307
-28089852
90807173
-93550607
93469384
-551472
95689708
41374845
-6889299
68165627
-93720288
82847657
89137736
80563742
15928638
94442680
-71923328
27652253
-66138199
-82295480
-95100803
87596929
71595716
-10662899
-88825726
76615642
76393022
73858379
-66380876
-98212387
-13639832
50375431
93804900
25855327
95455424
11661673
-18408006
80005813
94700196
-62255676
-91201254
25474779
54341759
-47325704
96008598
35856579
-75270724
56151407
-61160483
-78043231
68524485
-75149202
-33690846
-4679850
-16282778
-63470451
-86394199
61095255
95790010
20463011
55884495
-3265004
-50223219
64138471
-7269455
94320232
-51622012
-89809766
-45651487
-57309961
-91427933
60372112
45013910
-78555855
-59082556
-89512116
69880195
60582599
-4806407
-64000962
72210461
65395236
20518365
-33078092
35508589
67297663
648239
19394117
48228248
45872943
74817654
-50171199
-82425195
-20182106
22821642
-68995183
35584867
59995216
-62603425
-66192735
50114138
-8386759
-17834536
8744282
59200691
48866594
-81646904
57654524
-46396892
-29743389
69225820
-43441205
26742936
-45140043
44537522
44431546
37677352
22784118
85748519
-10932159
51853883
48338215
18455475
-56097475
-32721236
-3897549
27084125
88632150
37824550
-95468941
-71088901
44354785
89814141
43116215
7526099
18827370
-50537368
-67629093
-79031658
-48380378
-70818029
64851597
-95881583
42183930
-14740497
18268118
63344408
-98020895
-4655806
82162748
-23138802
-59763761
29549808
24713527
94210176
34757998
85152673
-92440581
-37908614
50877237
-29753308
61934858
17375004
-51410472
-43985395
92635899
9131786
-99887100
-32363315
70623586
-71384363
-62847779
-7831140
-77806674
-89939520
-1911869
-13521789
47667237
89014312
11106712
-51895619
-5650247
-80799807
-64714146
-78596348
-94138057
-80910429
66345068
-93504701
-83751277
40669582
-94206403
-11455190
89805735
-77691104
38311744
-31004605
46982393
-10541761
58296389
69016929
-58354380
-76575617
56331165
41662684
71481205
31224555
50226784
-46654290
77333061
-70864271
-15421314
-85486503
-55721316
3581855
-54716092
-49897819
-7888881
16247040
88450473
22071076
-82396092
30156004
-8952011
-34850598
63971623
-3051023
-48468350
-85402823
-72800045
19800086
35317216
-32467544
43802248
22239616
42321809
-77342942
-1368813
-69472891
-77160831
12522167
19471087
82117341
74702569
59384335
54299512
27788508
27414913
71706057
21033030
-27800222
-27855731
-40992237
15720357
-86857107
-27971156
50693374
95533840
-71796388
78960859
-58923190
33246386
71421324
-53475349
-92118454
-77090799
-39933369
92986753
38011165
59863399
-80785540
27586712
-50575109
55567463
64515978
78070565
40162460
98931565
35441977
11394327
-46014301
-96815053
98179839
56222317
-42913651
73603980
-50646204
97555817
42554081
72565072
53221728
6848679
92517139
50745284
-39511654
75119476
88286100
59735420
36008018
-97161864
-17557381
69973863
-17683052
94007378
-90896932
-67274530
-38016955
2259994
-86244050
-51331166
-71024540
60811277
-17187052
66110512
37353645
93142087
-50873572
52011813
-14371616
91462080
-6532211
-91161473
-13652046
2360663
4901225
-80599159
58836730
-22666589
37516861
-46316081
-87872424
-27149446
22049557
-31020317
-66338007
1982116
-96922831
35305925
92484607
43929227
40622507
17516417
90514127
-31023182
33341829
-49877189
83109308
24092008
-73018987
98207232
47030573
-3512466
-13085659
-93557677
-64620244
-61873632
-51046824
-98688740
-29559881
-51033741
92023027
46840539
66375194
75516489
28701592
48453066
-98079700
-12532778
64893284
-89913659
46879256
-73573650
6024247
-75047356
-89945406
-32703124
-74971015
40531997
-93444237
43316656
89893455
-46519946
18666304
61273907
89889632
-99065015
-27123044
-58697341
-20648347
-86945975
26012200
87158690
22190345
45762235
-82795197
-8823370
-19245588
23176631
43130985
-88226174
-31806963
-32939791
-65661462
1813051
-70506707
14751341
-95104348
-26672823
75416444
-22338428
-56126935
39339983
4129667
-24970176
-37457082
-16424078
-759605
-94071087
-72048052
-82527765
-76806698
-71161732
-45321107
-39402912
79014316
38925211
75590984
9954247
-77614070
31659828
-91097934
-22965208
-90346562
76229223
72527870
-28037115
21867433
-50098835
-63567974
-91702128
-26244121
-15856662
10695828
89275206
-29032984
-56074966
-67095192
-66030569
84005283
56807824
-25801984
29828349
86210277
18168916
11125041
50104644
40156581
-50336427
50244340
67283696
54771956
60797314
-70659114
-20467011
-69271722
-5798991
-96708281
-18004551
-90916425
-14675652
-47252381
-84318790
-48530146
-62692416
-79706715
-86260082
-49357562
-20055824
-29718953
81257811
21435660
31271352
71466769
30218741
62012750
-58966379
-15175021
-23420193
-12280019
41060140
-10029901
-6503022
48914209
78459222
-17724324
32555249
-20313262
-38986644
-34993333
-35018429
42336395
75743690
65464343
-46606130
3752418
62533947
-60531166
-18176269
71444339
-34370781
44440675
54023061
81453718
-3743051
-19400618
-42662035
44339935
83721500
45059369
-59574618
-13112506
-82812905
72839086
-35639004
5985422
53734111
55189559
25169442
78804499
489001
92752901
37327049
54627611
-58998109
-2320105
72114688
-27690748
-85013625
-43444821
40365965
64172189
22987183
-75023392
-51062634
-17266186
-2271332
91660529
-57308793
90026410
34804572
43970606
24112896
-95174313
-45713136
-85883505
78108451
-39015625
85485635
-83794427
-39220746
-52801651
184015
44817738
65412267
-92903050
-26000322
91702460
9994182
-63634136
1166489
48643018
90310337
6567003
-69334172
40488027
-30607956
75097450
-10695206
-72503898
-50817582
-80443930
25734452
-59605824
85051546
-74446830
74829186
7435140
54056382
57737743
66959796
85879864
-51676712
-60067775
63060992
-21546087
-47364528
26106198
92850804
-49255326
-90423293
-63148488
-47742729
-80568526
19512737
-91826612
81244774
-50906434
-51681578
78721504
-62665884
83917023
20482102
-55260705
98440164
-90754197
33241961
-66845821
-68385712
17371039
-43948533
-84897668
50304654
35866866
42997480
-24028952
94392390
-70701241
-10629577
76734902
-14277704
277273
-27867522
55530237
20604092
-80231783
74376919
12517948
-44008114
-5283776
62478963
-20288283
933956
84292283
89827302
72738949
23480491
80662970
47474304
-68131626
-63528333
-39446637
73613447
88933063
49933031
9296322
22773737
-11278417
-46885629
-73235848
-38029639
1967227
9880562
2997286
-71426252
-45416450
53246417
-97556190
85474335
89171063
-43220654
43415399
-6317567
19043826
35172311
-76881765
41199676
66734678
-47115855
-3517565
45290128
-1443918
-80427133
-22080424
-23563436
-83108021
96919227
15693060
14503552
-89850638
-82997657
-38249228
-41640732
5589625
7181814
-98477253
38468987
40868073
-17529976
-78946467
-31131766
45097714
50304856
-60148391
-43021133
-70075516
85978443
31909799
35686665
-93002508
38126827
60234255
-85814714
82495604
-27618744
-72766441
151411
83802184
-31983786
54826622
98922387
19528823
-38529194
26347789
24917900
-74980474
-25181576
4978803
58051554
-38027692
-24931876
30049778
24930299
98105606
-97222510
-14736568
-45326759
29590897
-92221603
6750989
-52314417
-96722112
-91472738
87692193
20209239
66559249
40439998
-5640515
-86121498
-40844835
76362117
-28586567
12981611
78176964
-3814778
-73499980
2289707
73588524
-37158901
-86505963
68722918
6661756
-41004931
41198614
-68100528
-69780611
48399951
12638887
18527592
9082150
-22677704
70018621
-88348508
-70137304
86541205
-11857939
63247747
-25356277
-21497096
2511530
-41199929
-81814802
44747393
456074
-58847331
8773893
-400642
41596746
-33102622
23081059
-54783909
31932102
40992105
-88959274
46403292
-99716397
-25342765
-66525682
-82359271
9640653
34897635
78636408
-97798797
-99915572
51849118
-17466170
-87389696
5565107
87202770
40312363
-25677177
74440414
56663189
-17661444
51913938
-57309228
-42054425
-86650282
-39369117
44640233
11764915
-55608675
-48628921
-61982736
-72723667
-94494554
-9213579
-43721461
-21597238
-12810371
-8334481
65654414
44694215
81678612
-59233693
18704126
36360491
26880573
-79807064
31987384
34883031
95150230
-97649643
-77504448
-18457070
71333298
81058774
-9738126
95386833
-94382959
-40748008
99108826
-78126241
48041927
19998434
-77009907
-8370952
69967940
57263895
-12861789
-66647113
-50811178
97475763
66492253
-12259215
-15233018
88727269
56552612
-60068396
22886637
82246309
4964579
11884702
-28615064
28038906
-59899859
96929996
51964663
4789176
-35916527
-21091257
86866804
60100704
-23067345
-30584776
-14193648
15775954
-14586980
31464439
31598125
-49188272
-520062
-71721327
14654137
71057115
-6769474
-8649364
34107444
-71227144
-12632756
-87615967
13206861
-2203553
-18766529
35075441
-52343314
-51758784
41309
1095198
68276577
80314512
-41945334
-21687261
-26881269
-61132065
-36154697
75999803
-28237091
-49675295
-94072130
-76804976
-14323143
94897241
-30091055
22026657
87626102
63146459
6517285
-40449500
-801245
-25637886
-21682749
3341434
8651371
-83608279
-90454701
72518397
10007649
-34162289
-49354838
-60645583
-64613133
-49489110
-63925183
60727939
-73209148
-89061145
-15104967
-33966543
53563510
-78260421
15308630
-71715561
-3332403
18361499
524386
69684768
-70293194
-31615835
95058471
37690992
47318226
94484516
-60337923
73106173
-8475759
75789065
-83065027
91072586
-13493002
-89417115
-42224457
-38114336
58696862
74042219
-19457575
-62573559
-61584422
63381932
-44156475
-59424859
10347380
-54577969
-98840469
-51009690
73498710
76777768
98951058
-41866850
-17382117
-14304461
42767027
-9400681
-12193808
1823657
-57990393
90229654
6630094
4382264
-33759566
-65120050
-71617777
-13910245
78944040
-62650761
-81126296
-99360582
-55569235
-50854849
-2305777
-12938451
85112351
53186434
-66772648
-31211083
-49780201
-69042385
78888989
-74247955
-7779041
79839429
-63804444
-81305275
-40194585
22994227
-89942306
68771870
26539850
76254754
26351632
682362
-78200277
1599316
33946829
41203636
44641577
-29703997
-19180702
78416297
-76418440
-20683508
48687472
-97584904
-5511886
4369741
-52794589
96329875
64600190
56233448
-74196364
86599741
65505189
6362262
-248244
67909589
-58438550
3985365
91525433
77823666
-13413834
80164490
5945335
77441137
-43150143
83070181
77077544
-86372421
-1279669
9045296
7487298
6429299
6961060
-53490202
-93238374
-68108405
-1180184
43241971
24452961
61301384
-97034925
-18797622
-38706034
13566550
89459971
-17073713
-96092404
39926787
-39332170
-10359103
-75006379
-77544428
96713302
69658323
8114002
-22953324
45803861
-90050746
75836986
90391851
21195641
-70430489
-28904856
-61611981
34065175
82073972
5922729
97584911
-38733313
-26036006
62378479
-95852851
-96109636
20725782
-11086486
-55795369
86906364
-65703708
-89784618
-36566786
-19861795
58142908
40426540
20289703
14675133
92483603
-23546338
40456310
-17326709
-4239899
-44160735
21688165
12031086
86117975
-60703412
34649136
51410559
-78904758
-46222678
74983506
65817254
-4436522
-89107125
48965891
76723540
-73244729
39592680
-46494565
-34439281
50621977
-55375730
68947147
-78399695
19489976
30843416
45589113
26482308
-71032028
-72974324
-80450660
71921333
46751
44073311
-21002183
-28022891
18169036
69538217
57489776
67962459
-93275812
72943555
29504941
-48765986
-39991642
-63976103
-67001180
81592460
20040385
-54646365
51229444
98597764
74347933
-18703693
-26302847
26851003
-79395379
-31988136
64020273
-20927895
-71373682
-4974772
-42513792
92907869
-89930305
-88683124
-57435640
-82159729
4774072
-36427957
-85017098
68035272
10026506
87039824
-46599201
80877991
-91104469
30267867
-67837478
71117108
-51195402
60514486
66297510
18439486
-81320544
50518744
81193072
85344317
-25369250
34270688
-95245168
58826956
81925313
-8232771
52045886
14478401
-8923099
-84685228
-99089504
-94700196
-13905462
68584433
-67981359
-13126975
26053182
38264979
70004098
-7487007
77220303
-51457863
-92438240
-45287660
94964756
63065313
49781655
-70254643
5698717
80030690
-94232503
-54278286
-25053879
93285731
-7995223
33946255
-41228510
-45967847
69130518
7321260
26649522
59950721
-42781548
-5501758
-82494373
-16905868
-6122615
-40469937
-47209458
83726550
84417341
-90834606
34033693
-82044871
21020016
-72013233
-325898
43088692
38175003
95758381
-71421072
39522430
49513773
28097842
12650390
91756601
12757238
79253558
-73581420
85549777
48422907
-11463591
-20659704
35142780
6163732
8294846
-74124172
62685196
66313445
-13414351
8400585
24329028
84636994
-67990145
90021390
-60959694
-63353579
42692646
3720707
-56997531
69135060
14572057
50350593
32698829
-24160818
-90600053
-53581517
48105945
-72476645
-39705139
39480891
26377158
-68250163
-47680032
-77199061
-64015762
-69509020
82670856
-90667520
29918802
-23704384
-77073460
53214203
56536139
3177127
91212495
-36786998
-30818102
-11892201
33701406
-98944378
-36342289
82951727
49870347
-8780394
45856086
-78357796
-69971478
-64871487
-13345671
39783165
5038290
64144784
92653267
43070634
-77372475
81746042
-5919181
-70506094
21693546
-58560695
85916434
81487475
-39030888
66288054
43550986
84101312
-38605729
-54851551
-32562794
-33969845
39405227
75405869
-15843679
24263885
9405375
-52142157
54655825
5785603
92366121
-8492376
55715233
39674007
-53689049
-50907396
-50813129
20151441
92537392
-90452733
15737864
72169944
55487486
-53078204
-27426947
-63868554
-74603537
-79834091
51745239
-46797343
30295831
-8558736
-36972983
-15329869
-96447732
23618464
-39193210
95664011
-30771250
23020725
85563735
-49757046
66788390
-57529498
21526932
-39854542
-63561218
77663335
10512850
14941831
-16844609
-33927034
32215239
-6669149
93907852
80709725
20143661
-37482032
-38811216
-92691892
-4685147
91606009
-38768059
-86971881
-464108
66590146
-59293663
-55104826
36026729
-36544598
42603589
-87101372
76769239
-25449379
-41945224
30474506
-30978090
-31470485
29286730
37520171
-84110919
69080433
-90614792
-54949256
69639057
-92725592
-40573017
-53359442
-54829266
-85643543
98676713
61251540
-63302583
-54204255
88375914
70916362
33831089
-16117826
-64355903
34604208
-68860697
6496366
51161369
-59725970
77072137
93626355
-54754097
-13650713
-11764598
-27689471
-35035336
80897727
-81026787
38675251
16120810
21936380
-35690132
95214093
-43751891
34404491
-60758561
25842760
-1916101
-49723504
57971401
-13647138
41415284
82619914
20552248
-76463916
81626622
-5707005
95604307
45872626
-5371640
1385170
-86857639
82854179
54364107
-52130230
36333569
68249503
-19669208
-18770553
-70103693
-62063521
-61422728
9418265
42322654
39499738
16774085
-28420300
-67982654
-30475094
65588797
-96130913
57944165
-94048024
-4931169
-79591693
-52345080
65870302
76087495
-24306389
-32575835
64880796
-8336416
8152259
-62324550
-12506400
-45549667
73961120
48520150
32243304
-6661038
-2143638
-92768553
58172972
-53519842
-65170747
40320058
26838640
-57715692
49738187
-53647404
66130026
7057156
-16290356
84711111
-9541935
21913795
-41000304
-27951539
33790811
95206027
-90426350
8982064
30974059
48827166
58347633
38834366
42251059
43314749
5090570
-97201717
-33726801
-92281466
-31597028
84038031
76417674
25937618
-45595378
-4488588
75145702
-36447372
-67720965
60929845
59308863
52499248
70194267
13346076
-74925361
-52897816
43712262
18659913
-25190687
-31976759
-38618134
-92783702
-12776208
94832295
-98636570
-74887711
-25740369
28132589
54700158
53392043
63327771
-15087200
24824567
76564903
25513900
1096850
-16888502
35825321
91085991
31053420
96927949
80317675
-31638710
-32749107
65848193
61483470
88779883
-96610983
33567232
42451664
-34717002
-97440159
-35127566
-54870799
-43993360
29176450
-66886850
-58732236
-24835893
-36627693
-39421377
-52781592
-38315862
-4144327
-70782178
83194179
17439625
49776511
-75451830
21496304
34446844
-6506979
-83868170
16820047
13277547
-9209778
-26768879
-76710278
46830167
20176964
38890003
30122679
-64729624
71819968
-19129367
-13756447
18873803
-28368551
655917
95107894
-99829213
-29917910
-85408235
69582896
63358403
72106091
-71943889
4042961
71646007
8105821
81177266
2647640
74974744
-33933139
55133548
-14576215
-86477078
73329033
-88811483
-72168951
-14352495
6100232
-76782512
70594719
-36967017
-51077748
-46579126
37234809
91119436
95129963
76544031
95044375
-67527725
47914384
-41325494
23621031
38496855
-92657849
-59942157
-84816423
56156190
-73427439
-34470049
25751071
33885766
83754008
-80241173
-28191126
-88877715
83660903
98502355
-79475337
-49064159
-53943342
-4330264
-81675323
-49909974
-74363840
73345656
22331566
40567586
-34472346
10306550
-94177524
32172647
78273749
-29528046
-24987037
23206309
49685226
72131595
-22681811
57770718
-74887575
-4551451
42685428
11562501
93183755
-81331811
64069105
-85579185
-90442654
63873047
40480005
12299525
-2722780
-45804496
1790711
73714899
69421147
-2014455
24437371
-32484246
-91040258
-80895858
75612859
48538085
18291649
32893941
-32666630
-26211942
82172989
39182140
-51379185
-8757957
-11348797
-94876370
-98630615
71131968
-41352839
-49756483
-20062030
3307940
91453544
-45888722
-63802234
75845760
76170167
4459305
-85173676
-93815299
88029856
27399970
72850654
-70190944
-87587443
12513709
-69369270
44035454
-31778439
-44881107
78751797
79419548
69382863
-73534107
69105388
-63572221
31798429
57946770
72162015
31519168
-20714488
99970577
-35908079
-49296395
22899801
4624140
-70398516
80034589
-41102667
-8040415
97737306
12508777
89231493
-95738480
69147347
-70785520
45204254
90136547
-87426729
34065976
92959421
34942330
-43445002
-8794793
-66319261
-39375738
-28022788
57464419
-30271289
42654666
48305279
-60562505
-68941150
89238082
-73580871
-15970694
-42510479
60608749
-48678311
95424134
-66000019
73461441
-47410915
52953502
-66838100
-83742364
19580006
5922001
-50304373
81602483
-53152908
-42116936
-59114206
-20430050
-73292704
74192989
36574967
-7131135
-99762103
-80691948
-92303931
-64174127
-34249414
1799042
76854292
-6504219
-4338353
27970564
-54266752
-76578793
-33081357
84389514
-29131658
99331827
81386750
-8814789
-57842298
82108822
-1850698
22912097
-56916795
-46457058
35509389
-53431328
90362076
-20100247
93790814
-24603475
60955195
-65527387
-61681694
90388810
10370299
-16728870
-21491108
5512431
96854748
32339615
-82147720
-47195252
93152407
-62249607
13582932
-92478194
96507657
-85290283
41301311
-31722197
-64758500
23942234
-28749024
-21907768
40223567
-81949074
-78362596
99672276
58785848
54057695
81952462
85877844
20368077
-51242674
4631857
31707881
31250238
54115052
-5609777
-66830268
3498571
10617376
60516900
39829624
82266545
96559628
22307834
9643701
83514032
-50427779
66662455
-17197155
63870123
-21602051
7843252
32685024
-24785421
-49635066
39078565
41633271
14455042
-10636788
-28985731
-26716125
-2978793
68691280
31678059
-86016933
66543309
-14077186
82130042
59188477
-275674
-95784871
-86933492
32267837
-71326808
55507751
34416190
-40422201
12476403
-20360958
-37753034
89875750
83414616
47651092
-96379753
50360022
79691200
98685887
-34648873
-67161661
-78054730
90940359
-69683343
53428592
-45327437
26359966
-70907306
61649185
71024677
-49315151
70006304
77748215
68802513
26171553
-79883041
89349052
10949837
-972855
-10214157
-49127786
-86513566
55850857
-29763862
-96192018
48882966
78290532
-26085576
-26996576
93849995
85415280
10067510
71078763
80697011
99103192
91121223
-71534295
-94869860
-27295312
77067519
-83895335
44311522
-41942128
97643600
87669654
72343023
-12117268
35691103
85634264
24101930
-15584771
-39729220
-83065572
-63363975
88747391
-42994668
-96293759
-94944129
45362387
56655939
60306162
67774256
97144537
-84305559
-62883904
-69978050
14665151
-14277337
-61943523
59318991
4689001
-50499871
4357617
-53556870
-34584365
-5658041
-24890830
36923687
-15091470
35886937
-73894465
-77084638
59362906
92135643
95518429
71375704
-13905164
-5687739
75489745
47075687
-92248362
-44423066
5034500
-8577172
-68797938
95596115
32365102
-79246436
58605462
-41253592
43419556
17414408
22119506
-95942615
-74426502
-80016138
12131351
82867272
-9347406
49608699
78459113
-15440370
29898701
2503401
43489700
9759897
-22563227
82975732
36830875
83832824
-65576951
-4647915
-83563673
-604535
-64556081
63914733
41517201
32431516
30384789
-53051743
63191227
15704857
56966580
-7736360
56340394
7772263
57618393
39731324
80562738
-70096915
-14023964
67571197
-12767787
49953822
87182439
-35540941
980252
-84553048
45870519
9884138
-69767200
37288741
-40267124
-35012746
-4927394
50867595
-88878640
-63905921
-65017112
-76842693
-41387904
-61967092
30448211
-27639035
6531247
-88586358
-94685141
-96215187
-19642727
-29878231
-39071939
-23531612
-43723272
22084367
55227912
19796846
34198896
859102
22318481
85918505
-12655118
56746567
-3734504
-74822414
81214470
92512820
24555504
31867288
91892789
72557765
-53161532
-37254949
82091702
-14705130
-72915221
-50493040
60705166
32141855
8354505
-158717
-34212948
78817471
-99409118
-25711059
-41913571
-88206856
68911155
-83257875
9959621
-42465952
-51691254
25971801
58738085
-76220408
1692766
-41357603
-4921533
-44891394
-37953250
-60807218
-27159246
-63790203
-95745921
73742674
-78559248
-28632252
-89665388
-72270253
-588269
25650901
81362360
-90376135
49793605
-58887810
-83192927
18950642
65713592
-70457984
30777027
-48238754
76509343
6536600
26012978
74277112
67951069
21573337
95046302
26209618
-83834028
95310664
16446787
-39759117
23885895
97259992
-65594577
-34164668
-70736588
-50190430
38180394
-20999309
62911390
45081338
93019450
-76786430
94067743
-65477755
36768595
-10583404
-41197952
36471997
22215512
-25163853
43359982
-34702058
-29100823
86313682
67244743
24086294
-93189150
-56534196
-85175133
81414446
19489934
-34931160
-56926681
-4875781
-38459879
-12782718
-2048056
-39715678
-77388101
71730617
45543941
-75669516
8836834
-95228149
-63593224
-20371965
35407320
-91428216
10212038
-9819298
-73886678
-53167957
66002552
19032270
3400598
-37798761
79308653
85703488
17127103
73490863
71574367
-86240342
21162140
22713514
-68140090
-173987
-91654798
-23410555
-89731809
35432810
83171908
8388675
22198870
-66813664
-22557066
15646939
-54194077
-93650337
-87007805
-41595739
-14914094
31893496
90643803
-52404752
67599694
-65217920
73865413
49791076
-20927174
-79444067
-98745182
-79959579
54386437
-54458592
29892079
-32591194
13065998
-35358853
29433686
-52544403
-72841863
74718898
-34257863
37527506
95934039
3301964
-73164566
-55103795
-79739678
58379012
-96500313
27144552
6726231
-26178788
88876485
-86173284
9907204
72513151
-90539910
-59716048
99119024
36850717
21948314
-29036259
-47117294
-60403749
35159689
22967388
-15917976
94788820
80194186
14808999
-34160580
-48612471
-43541232
9930329
-5045706
68910937
3596937
-9568805
21666679
35836870
68322925
-27159997
-22323514
-95636254
-18517829
-45425192
-62452394
-75745299
58842918
83370245
-759568
67894560
-25849676
83855338
67448037
53453568
-71853237
-52911462
14853383
63506910
-78874593
74711284
71131563
-55704281
-4265783
25390982
39754347
-73890130
15782781
1942517
11826799
-68637965
68012314
-25254417
83986432
-56403916
87804355
33449383
-96021798
25217097
21871809
-63059676
-60014975
43127643
-5429226
-22262546
-11276708
-25331859
88799218
77501067
58806257
27218314
11023521
18912983
-88765906
74264758
79999779
19811042
-32454784
-60563519
38452969
-24147560
-88667571
70585915
92188811
-20589978
-31921171
62375705
27876658
58692196
1793242
18343771
-7111130
48340489
-67471492
31238802
850423
-21665356
10994648
-91724658
-5610712
35444947
73745127
-5342426
-87875695
84376205
-14109111
6926717
95448533
-95959580
76230332
43371625
-69667972
53713962
89278923
-72869115
1415540
67725135
-25320738
-7663346
53962681
-42793487
65485667
97417954
38064000
37421261
16822206
40159462
-77521743
-96221893
-61224262
-19882316
11755810
-64653889
-71939705
-3612156
-63651963
40682561
83776255
7866115
-92704465
-46322848
-94373996
81981215
59127976
-68523277
-23438393
-78115417
-36916348
66141545
-14590779
72591112
-23769753
-54296978
-41541895
-80232758
63725576
22617503
-19508175
-9419722
52382578
6291525
40625893
11552510
-23834953
60307406
58913323
-51447326
77562195
73946526
-72331042
37536214
67219420
17146259
39025475
-15969105
-3377819
20169943
40906060
-46266039
-19425402
55777055
-90685835
-83387258
-17898474
49517957
-8118121
-33776013
84296060
55448497
-85198205
-69772558
73183855
-85272786
73971738
96799443
24390774
81319430
4785134
79226152
-32086358
-11170829
84278755
-33718704
-7211330
-81817693
-27562076
91356908
23426611
16680374
-40509308
-60687376
-10332335
3480379
-92017995
26279972
-34095925
6444079
-20906469
-55525888
-27524967
-37876968
16697778
38962960
70428283
72435911
-27566449
17894022
-76552458
5808868
89805925
45046051
3525113
-93785993
56084635
-94975184
6451683
-51323980
-60924467
71153357
81492892
1349440
-96106973
24202043
8976930
57137551
-4806991
-48453293
98281710
-12238491
76497270
73026089
-47502567
-893920
-17236028
-26039775
14042255
-94977736
28394259
14202086
18510521
51116057
6919928
-75149530
70512102
-96466028
60698369
14957261
-5414565
-13303595
-69724768
-12342964
-30446045
98963841
48943500
13275985
52223171
-60939296
-70532474
-13556648
-59672029
18583045
-8956689
8213459
-28197433
-85206673
-6438692
-38180919
862411
-75513506
3185127
11304245
-12815235
-95598661
26575483
84780546
-93687933
-76645263
41432040
26583239
-2292568
37737468
20662287
95697350
-97781138
43941849
52345212
38231526
-44241957
2888714
-27746953
15490350
1099398
8703289
74492004
-15486249
-65371749
54228796
-90850320
-59323106
-4204028
55118979
-20003882
-58288022
94645723
-25635863
29224010
28887160
-1402704
28154172
-17578274
44889314
-82024156
49088128
-42146491
66847568
-85600822
84566940
99624578
-21621919
-9609530
47993065
-56142385
-25534410
96813760
85652486
-33921208
-34420805
58321171
84672882
71021322
53685777
46321982
60275484
-88095776
-61876380
4261122
49090631
20087442
-1636913
25462964
-40156124
-44368297
-60884091
24372842
71659582
55931415
50790220
-41078800
9840498
-69900907
95895593
-88953058
-51159988
-75317980
30034788
87600074
83014961
40178384
75148564
-24487311
-9198572
-58951546
-65418888
51135123
58962401
-72872744
-25489063
40540499
8447619
84860987
64857184
-16895058
-48393810
53475400
29015186
24441580
40607497
78159693
54606652
94792268
52765581
-73097961
56892475
82253812
894541
76216203
17483937
-26292939
47900553
-32786897
-53349272
-93225645
10310702
-66480087
52910409
61484484
-3831032
22163425
-15164561
-73178022
-30869326
-30431081
70266059
-5093384
26490093
16409002
-71747489
62094868
69875137
76852078
-61843735
-59971911
-2178216
52143344
51007848
22249385
94275377
-19443268
36094686
-3675327
75598969
-76340308
-76112331
-23428702
-90524178
63756731
35444891
95473988
-68864922
-41183861
1628713
75282594
-74645734
78510029
88452261
-63611698
-59330065
-24799523
70899842
39912308
63125893
15256352
97343447
-91634060
-18295141
-3986286
-6268356
-85768068
40493409
62413117
67175391
-74266273
48868291
-68561826
1062497
-2800569
72156203
-8643567
-84829272
-41154305
2359490
60940337
-22659377
-14799190
85196146
17317340
83753983
-60603789
71191537
-56026304
30803785
37157812
39551348
71323546
6505395
-57487569
11410797
-88930031
-74093965
-83010260
79758526
-64129393
-11766476
-88940876
27990732
78373168
-91901374
26399930
-19401338
-94040911
49284239
-22400615
89802407
87027131
-97507704
-74296631
-35681191
-12682234
48183876
34075001
57349263
-75130346
-20261287
-87233100
-28103093
10630727
24715425
38773444
-65772226
41714994
-42150981
85350092
94618368
89168589
14895345
57565014
-20676923
-28353212
-18261456
49751326
32852445
-96644771
5159483
20271574
5696800
-29187392
10003311
-3636717
81144646
-85119636
-29436715
-71506828
65541123
8087854
-70155411
87821089
-80025725
-88255917
-71581682
47518286
-25841019
-57226495
-97903037
24900491
-80331362
-23878797
8993263
25115933
-53278965
84175518
-39414899
-32021023
-70255781
-12894262
-40753829
17107213
8695598
-53401815
-75409304
-91863069
6145602
27693779
85471199
49032062
1230959
77647968
-14797008
-10047450
-46201481
-94762621
96675251
39766541
69041704
-94068852
-90505660
66923313
94704395
-88221412
-69356351
82686537
7054646
75011843
6983649
37233741
-84515627
33097318
-57528797
-59527789
-61160219
-43799491
96611677
50520323
89071237
34737467
26708313
54865959
66082982
68735036
-70336659
-52830703
-60372012
85013325
75741419
-70937714
-39753505
-26076440
10395150
20380469
-56678067
12028369
75923241
71519394
-39642558
-68121576
-61572647
93709932
-33083924
23129599
38071894
74453267
14605572
79221333
-57457591
7287962
10347116
92208018
-439266
-16243305
-82952220
35392816
-59369122
16795136
-42186519
25701157
-47648240
57014379
-68422372
-70349356
74158905
28532136
43060633
-26905258
3318879
18042701
74613962
-5413878
-88874390
86495545
33675442
10558254
-13631621
40746424
-16366317
67163406
81213949
14691834
89688538
44616313
27080437
-92534899
81382808
-98507149
-70059207
46126619
5632578
-55789852
-68478492
-98258405
26226619
77965673
-78519304
-99377684
-12290809
-34704023
-25096956
-87139432
65324778
-80227835
-54057156
86492012
-16522493
30861868
75096171
27642846
-37036939
81506570
-30642351
44022650
-24294889
-72501793
22302197
-51373515
97215766
-52212231
-32217821
67992980
95831854
54640138
81548506
-36394061
-69413574
97546281
71780736
46602627
-31953381
-68674361
-8208683
61411807
-16483170
-72224449
67009592
95424550
459850
-12351957
99753064
-63450547
10119788
16010228
-86418239
75207774
-76175811
63685683
-91638097
-74557627
-86881623
61729289
16322461
-34018664
9112002
2696697
-65790404
94706853
52207599
-95213527
-93099651
-92583291
77338095
57968723
83984902
-1236372
-65004404
-8594619
-92020837
-98522282
-5497829
94490195
-26884540
94068062
-95101703
63916451
-38516596
3896688
-23098847
-87718746
54438592
71498052
79371143
-14454937
95224675
-28577005
-59038619
81402441
-16604776
-5419238
77974240
73113882
-21318087
-75823692
30308005
21842779
62901282
-65246866
9140189
62361257
-56949062
-13564528
-55247794
-36705946
-50383656
17365056
-59492517
66126112
-79082719
-73750054
-84382498
-78597438
-92386805
47832710
-24252940
85411480
-89397612
-37835147
72091581
35392169
45271429
-49966860
-95636204
20109704
-20528550
-38728972
20829785
27212710
50080366
13345686
81622739
-1913856
57272494
-7611260
-57847581
-93952334
-50704098
44796448
20820894
-97737034
53881498
25104097
-51030742
59357676
-76500770
6202526
-71094119
46135312
-24642497
-50269306
-17333574
-99072029
6239261
25770118
-32083983
-75645061
5198655
-38860979
-20281144
23548572
-68994557
-68079906
38572245
38540119
-69875975
6414039
-1781822
97092933
-10286049
-71161514
66940464
-45333142
82138596
68388883
96194805
71798193
-85890512
45145365
-28797435
73813500
-29964835
48350321
99584919
61626155
60931946
67966015
12108722
-3886289
79672899
120170
8743019
10603576
-16069493
17064790
-72638272
-63439631
-92145484
88601646
-28976397
44373170
70509202
29798039
16634473
-91036280
56405022
-19280780
84062764
-66982086
-85117600
59514327
-65269280
19705016
2581658
69745745
-78603624
64528961
64101631
-99807519
52065868
11228571
70142632
-24689108
-40507291
-27711384
28528443
57161280
-91849457
19368832
-30405884
48719198
20095177
-7276512
70204327
61280292
95239972
66225087
-90237611
59790663
99666587
-50892183
70842821
97237822
-69261951
32589275
-68079725
30692160
98057206
-3262719
-64673924
-33830914
-14860992
69689977
-53079020
-58435065
-24144875
-54239424
9012667
-25223679
-51259668
92013582
-36015878
63431665
-36256660
-5846393
9014824
87932429
11242056
-66021970
82736455
-75430844
-12727997
-14850106
61472325
38129295
80092823
-14338959
-77243436
-77994835
-94990596
31597055
98849799
66527300
37792048
-56803965
-13345350
-51373449
-2162260
34148107
-70937791
-63769418
65100382
-32718939
-3897716
-87152840
-77314439
80776427
-64079816
-4860383
78382654
60151240
48742752
26057707
-5068003
35520598
-6928203
-57578107
-62455883
7386160
-30596239
-18917258
-6527383
-71540426
38245460
-23861682
-73178644
-14927566
-71040424
69751267
50446756
-78915852
76368224
-46760058
-52054536
-92676935
-30461993
-92954058
-93020200
-56644478
-64478675
34442437
33570680
95600817
-65491676
95476661
34292667
-10768918
15453234
99044383
-60287043
-65479452
45577275
-65435078
-79074313
-6079438
60523635
-58800374
81642156
-40395528
-42319146
80686410
36882847
-16385005
36534322
89807250
-23030911
74248487
16515418
-31513798
70329375
-48005262
-45505469
90289570
-4575886
-16550602
-64895346
-86290156
-99613256
86316718
-11729009
-19153293
82728722
99879851
-75640877
-31526434
7293635
45514057
57645170
65484207
57147387
-63122831
90217210
75613936
-91007624
60443568
14339866
-49038039
84006622
-30661340
-93244718
-11747098
-56112924
25719104
-32201548
90608369
24418390
-51028257
21988288
15053960
-2579107
-56978935
99666279
29269002
-15888766
-70793684
36583755
10230779
39551466
-55965940
-84666996
66154808
-87532192
-20060419
26556410
99719117
60216307
57947089
-35423594
92017838
97897258
59270162
7182772
-75656290
314077
20552806
68063526
-39927375
55020115
-86640651
-70805499
-88152145
94991017
3835724
-33214457
-4231652
-71397343
-2749986
-15109281
16033467
70142184
-63359954
-52185421
55074809
-24992618
-46998342
-65979118
44275063
-82685675
23524142
68405237
42393296
83526801
37870526
59994502
-39632744
-926193
-23231003
80056544
62577717
-55273009
-92901996
32769308
-13371577
60092799
-37124549
-37599475
-12930488
-17408412
10781141
-93815925
74615897
-32713588
-11549450
49241172
-99875697
-77359069
80179774
99695232
58213605
42929830
70198865
-2862776
77683564
-86936836
11642126
98456692
-17937915
12626596
-93624768
28071243
17837258
76718982
44643378
-37150972
-66262874
-34792627
19465562
-70474712
95186227
-19381948
444487
-71562432
10133176
68791364
-51402617
62231660
-612104
-39381346
80112072
-88952767
51231403
15135305
-40122346
15657881
-53213830
-3182792
8240695
18285809
91484316
8015252
-83060655
94343751
-70158765
89906054
15040710
91992453
-61009434
-20116813
-91870024
81726107
86204133
-29350611
-87433307
77660809
18855160
29482250
44356202
42731417
-4882350
59270207
73616523
-32101137
13314503
-57886789
-92131223
41476386
87425691
-58660364
-33110827
60391639
-22190050
62665163
96205918
50380722
24098728
-25217346
-83366738
25902652
23325707
69880947
-76028383
82357158
-98802639
76943090
-95021624
2102482
-438441
-58813124
-41695938
-15573319
-78421677
-98247429
78644656
59148813
-1565407
1654761
-68017686
-75130815
10778242
17253568
-96391327
-75724612
6635009
14134598
-31844709
58872598
-54549449
-35023907
32860501
-29225292
39348195
-4831051
94661733
-66029259
99097049
62384679
-39331747
-10026440
19327030
91614303
90808194
-62340195
23481673
31939255
98647209
42058544
35632268
66689886
-61050423
90726093
19204635
51151077
76011680
-6271589
11589336
-35632974
-13727951
-67672772
77035358
-65315349
-41220287
-44521713
-30323843
88875975
-21542266
-76148129
64430441
93160314
25171986
50869903
-25898835
-33760578
-9876197
-18208223
-88833535
23905601
-75037567
-31851726
-75893355
61863074
-38772277
46278227
47666031
-88184615
-86058086
-51955978
-96282555
8517276
72333570
6253591
19950217
-27728632
-3324966
89245702
-82272155
-33194785
70465935
40590928
41507154
67766325
49430660
-30261732
-89518201
-57071052
89978839
21617750
62488554
-73541388
23611682
87719344
-81667925
88188365
-79509270
-45277587
-38020539
-1908654
-29795937
-59720684
50277211
19746281
-88822999
62565164
-40994709
-63588303
85715242
68519664
-73365812
-46603028
-81209277
-21362627
-7281104
27972238
-59889190
80092710
-13063789
-66490012
16272525
44549313
-45603307
41862497
-36448625
8162432
-22568277
-97103820
5474912
-58832059
2635745
-1585317
-24023677
16417760
26663034
-52044815
-70481217
88914493
86263447
23677365
-36226079
-26233189
-41040377
-8726185
-35737865
-2109809
-45685089
94341132
-45514048
-19096980
-30596376
-76541694
-8603696
90787184
-86981211
-92002667
48845603
82661611
-62329795
8203919
25670296
-6103630
-61039010
-93191981
66888736
-11599902
14079393
34857232
89324417
-14211263
33878025
-41639707
70271326
-18373907
2999036
66685291
1809515
82445391
99972673
-66495243
45599553
59824042
10577198
-6198903
-68495848
31294960
-60754971
852280
13873275
-71017587
18068309
73282052
-88418965
88281911
-71992710
39806870
-16770831
-37719106
65696618
83541326
82589286
-24645642
-12412238
-58451050
13042764
-4954252
97315705
94138221
36445418
27749607
86492398
8075953
-83607010
-53090727
44549705
51072611
132528
91927291
-64564929
96753265
-60601668
-34365184
21613449
-94265840
69396971
-40289456
-75119281
-77377560
-7027104
90660468
8089566
6155165
11198258
-34724291
11997798
88179469
27302684
98054683
-30436768
-46942962
63456036
-18660574
63421370
-69316591
80634709
-88646597
14103128
85538197
-86588266
-9350788
40624863
60014607
73594234
-30132444
-32111841
57661480
21903619
35676820
-72994065
-41741139
-97369858
-1691587
-67958404
75641114
-86670454
-77996082
43965844
-70392667
74923288
37091404
-38824374
94261929
23507038
72562970
20336580
-56314681
39916493
-46665177
283135
72046598
4514693
29833308
27058689
69304175
31318001
-60649044
35462164
-40196569
86542193
80037537
-84754204
-11405440
-91995710
-97586396
-44456993
1239010
-52429055
-69612829
65578134
71134754
72281242
58148304
-62655604
-73456890
-92160881
-40804979
-51675242
-86243351
14663821
-89223734
26217741
-78808189
5280507
-9589567
-69559540
-99237233
78746295
-48990082
-56653282
-9961538
-35716970
89124231
-36696683
38319998
-4443556
-40457492
7709754
97206999
-58740484
-3394134
-72052463
-45187922
50990015
-144599
81093750
36921211
-64629011
-86139867
40968596
20539494
9406168
1803006
7026374
90794719
-34236476
-63262085
-52044225
-67680447
-91555887
-86630157
-40866532
41999091
-97583117
-60347651
39245891
-67315784
75558331
-86290240
43725586
-14216529
-96642007
-28640251
97679932
29862757
44196370
-66180199
-23663071
-45849377
-64724764
-50011357
4559070
-5023238
-77450199
76160237
-95538469
-83924049
86534133
21546640
52864733
-59933621
28210617
20531089
85327570
-18933820
84843853
37885592
-6182889
-61659935
87108897
20696877
-10401560
-38130052
-23155597
-79306200
4259102
68098384
-82461516
96101997
-60777592
35924637
877428
66668897
-4704107
-83110461
546918
86548436
4076744
34795684
19836405
-13386724
-17107570
66808088
-48237556
75408447
-4973408
-84671280
82113608
35007280
75617776
41653357
-38895467
-60524008
-52474458
-75319232
-49802894
-9489761
69855529
-7544694
48453960
31741151
81556298
-44342766
-11389627
-15929294
10420374
82555226
-76535164
-79886062
-88364807
65490858
72660907
8986734
95420244
94049278
16806955
23058429
26848993
-86996141
89127526
14093007
47540344
77233974
-42429963
10412038
3604467
25334432
-12397393
-76489427
15445739
-60772554
-48116454
32743019
74067530
-2145452
5427892
-56449080
68395783
5960375
38965906
74961731
50590278
-97011778
-64925696
34158423
29752620
-39576710
90593246
64549726
-24467665
-79210431
-45164625
-52205924
54073315
4780933
-98528812
-57403213
46240812
6494983
58497147
-33243310
13176640
-94874097
23364523
63709469
-59131207
67553170
11672716
81797136
95676470
77949444
-50773459
349969
-91728062
35977186
55908882
-33433072
-31150770
-91364138
51758943
-80372732
-57258625
-7248018
-23470075
45046279
90894385
44795712
-92387690
58615180
14275443
-68977548
-85245593
81612998
57041452
-59241171
38105428
-60193623
-61028585
45711768
-55113043
-81898492
-96503029
-94022062
-40805494
-54560916
75951080
4533721
86370058
-15179569
79212890
14729524
-55528830
20796777
-72066420
16366498
2885672
-79960351
54664035
64521891
97037866
-21250683
-76429474
-5916745
-807262
23948611
18462272
77925652
-88285306
-32427670
21198464
28764202
83547893
13870699
57681778
38369852
-2207278
46039577
53203905
-81263188
24252732
94292337
-59937561
24383255
92202551
14811183
27752849
34293694
20148171
18152485
57962861
28907605
-99298609
42786820
-67367939
-43648451
-64969175
-16754219
87920798
21739973
-88200962
-4963560
-186024
50324134
-22544085
83565192
-14062761
-4271749
60495775
-87679673
-5773283
-46769285
95048515
-15296979
44518898
82460438
56300894
76161536
-88062607
-8127170
-29795120
86005250
-24185756
6130944
10985185
-75555442
63359824
52155905
50835550
99939761
71551137
-43920489
85783300
69199943
-86662990
-99795860
-19579202
-703822
-17521454
-95786836
-73162945
-74306044
95354849
-29394143
19025803
44009300
90670986
-77842821
26918329
-98224875
77142234
-34627630
52461330
72077328
-80982765
46577572
-94498910
-692400
-93679945
17733856
-1169495
-38757730
84035472
-30157968
-75107581
-96467189
-65658460
41132519
-14745034
50951336
68897102
7438
23231199
42614302
-7010986
36472499
19598544
-76587268
43264319
53848123
38568573
-36466355
2026674
45381030
-18891929
64629819
-60490468
-4410219
66307052
42406408
-72348652
22571353
-82110829
76468954
-81082218
35704367
-12327068
-76470041
41792125
-26042175
25353334
-12003439
-45916979
-80023686
10635385
81275344
18837708
-37835934
66600032
44597136
55343948
-51061327
-60165812
-73874884
1198868
-73025601
71413667
91957912
86192401
64718827
37293943
-59281967
-92553874
23841593
78783378
-91171922
-43792610
-41746064
-71765808
-71492812
-36183701
63503048
28945505
-77383515
-13414689
15053649
-63835075
-13085629
72343005
20719741
35486879
27161876
42113698
-83764416
-28080596
82036869
-21880998
1359107
35488928
93183614
-69871801
5085600
-34850394
-45771580
-37485436
-53841147
59713465
7602217
29034825
38294523
69379589
23286381
6704077
83470408
-54620765
27273220
18190247
-44049425
-35296992
-2609394
-10963669
28526905
-9078400
89950150
-72938710
64711949
-49512239
14557995
-5797621
8936505
-81677439
55296142
-26248903
30258932
-70058691
-61523582
91035580
9707308
-23709446
-16174386
-90131205
18466501
35857613
-62169958
-58524892
-72796631
61750067
-41608234
-11067948
60435735
13307387
26721917
54634202
-97542389
66739975
-7184023
-59589821
-62395264
19710053
30033111
-88937164
77630881
-71075273
-2862530
18271299
84065708
-34685625
32371351
-49701878
-63013734
76889063
-18848653
86663094
-47993551
-68135014
-34613585
-59527457
69953928
41491291
39792706
-88430558
-20151893
44764742
-86008407
-12145229
-1394168
-8523666
70371285
64716674
13995054
-6271231
-66000210
71403142
-60322158
80262712
-45053799
57661772
52376746
56007967
3367705
20001516
97662859
549978
-82793445
42008868
42778058
-91472463
92657739
10855875
52624184
68473730
79494476
2406996
49016827
-58593383
-73283390
73554912
-49708945
-44864204
-32625675
-11558588
37917230
78157758
-82058539
-31871244
37198847
-45592325
44391838
-36619009
-27240609
45620514
-95063643
69286461
-20562663
71750042
75361151
-16497759
97906274
-82609411
-33967512
74234241
75643983
-22669325
72503877
83199443
-77589736
17022142
-69685134
-77958113
24545552
11312147
-49822387
52079467
67712226
-89308943
-18480107
-4503567
-26813513
65920903
40531917
49486646
19706878
8542653
55699920
-45715979
25598337
-37048075
99380701
27113145
-93120947
24465128
37961520
-49401078
-69535528
-20787092
84103272
-24405449
77172219
14175821
-36609161
73873658
-57445558
70607010
92557095
18121863
17937931
-46913525
-28983791
-75519860
-32775399
-5588254
-78639993
73215700
-79514153
-70854163
59117159
-96094985
-92660711
40425901
41955098
86469755
-36624862
-31563054
-59711348
26124694
74823032
49595915
-24202366
-53875425
-98480575
26794178
24071836
-7667767
59232949
-40820309
-16062304
88171670
23981396
-56542229
73370931
72610816
8847832
24575391
-97389494
-80348219
67716225
-59163422
11051077
21626089
70048548
58349258
19887374
-65637329
12425916
90709137
13249691
-5547001
97772913
-62530560
20669695
1878370
54557930
69084913
-25865810
-25596993
-47856659
-46169495
28607866
55019206
41113200
-56250210
70411367
25071124
-79006669
-78368079
33879454
-23579772
45728793
-8827296
49306954
80674703
33875572
67524182
68943394
19441705
5389279
50763843
29616734
-72032445
43225318
-37299726
14209343
20829090
-97443334
-96534602
-63994544
-36565799
-45359760
-809768
67888454
-9898966
5859200
27107556
-17831731
-74536522
80415621
63518566
-72050851
-87084162
-17105244
86111894
-73796910
-50123782
95758956
-66371474
-81301147
41809516
50814848
-95574871
-56268467
8835099
79401585
-99582565
63087614
91634489
51379406
38779851
96304464
42859333
76900496
-78828198
-85781945
-48890683
42612446
70385664
92869341
-83607317
-33628369
92933795
4044746
1372120
95973558
7240870
-22617729
96297929
-94468526
-89081249
-56638738
44466357
22326425
-43279087
39127677
42710264
20518118
-47306292
-69542399
47483744
24356448
-30927841
-99026237
-64525068
77923438
-96009164
68587302
2012861
88704845
79800891
23506765
65998684
5411673
-12958417
76311676
-58095092
-24712459
-51778420
34774128
41100944
42934027
583889
-45141370
-24550218
-61002209
-97307658
98106765
91384490
-43404357
-47419552
-33839118
26936481
-96264951
37887946
6954021
-54193052
10520053
31381936
18615989
-68263612
7326272
-36660026
44734565
-69807364
-80084994
-93101629
81709820
-61490813
81154938
44848117
476463
10000902
-97044943
56484216
51037814
27058070
-68119161
-88657465
-71194428
82940490
34927851
26594034
-73972640
82795222
-58202545
56900081
17919363
-86520712
-62785725
10545096
-38807871
-33523772
34058855
58325190
22193925
-61513878
89484670
-73561783
92375947
31824475
33964736
88586785
18425794
29862510
-2916588
24722308
-89508498
9912462
50058685
-75030359
-35569609
80806862
-19036872
43200277
-3668149
63582570
203457
-16694890
-49182286
-20004445
-93871289
-21915035
-44251533
73392210
33805571
-40377678
87102049
-71954027
-39463125
59164813
-32128679
90832193
-8222478
89802051
82372789
-31680471
98304151
18904001
-65604176
56639823
-77405142
-11583795
-84542262
-96587804
34222270
67126670
-52587653
-3894606
-17309097
17449157
-6229849
81326676
52633395
-4436928
29143087
-35070
-81785117
85508605
11082785
-53114142
-20880917
-52033414
56792407
-15519372
-4156516
-30014414
25304018
58919422
32751958
43758752
-56881979
-34324618
-71704588
51407611
-89006188
5056133
-66639513
49506975
46519401
12864185
8247328
-63504667
-35395695
-4984580
67551457
3300318
-6196708
-53243112
-47754090
85336230
74221851
6883298
28754887
47066731
15721207
-99749621
-86278562
-89847611
13869206
-67939558
37478063
1036161
44251710
1616255
-31275233
62935791
26422472
-49233074
72303333
45261766
5663650
26110930
-36477545
98591683
65574076
-87214230
-87677218
51641250
-37719418
-29727085
2852091
19600975
78983627
-94451508
14572174
54225214
-64507058
-33652211
17661756
-17046696
-73696266
4237343
88382143
53020559
30411918
-38852436
72666880
57990546
-47464811
8459043
89474089
-19091069
-28231819
49375237
-67941558
-33479954
93645490
-39895897
64817213
-77146047
55699163
-52846365
6235908
-32235230
-3081296
-26201627
27681258
-95060090
16929573
-9793803
-67712905
58428185
-6082265
38235704
-4829039
-53123683
85414557
82003621
-49582455
-46665675
31097481
95813205
-3476086
69041720
23025312
84044168
5489276
76409063
56459387
37570921
-23934992
-4653036
-57500323
-20075767
-83007907
38356961
44134584
-99721052
81254708
-86883366
26495752
49484487
-19227562
-78677273
-28835931
-42372178
-51684738
80694033
8449257
1353194
-55993589
21256106
-44429103
33116669
96581458
-91984000
-46636956
-45876440
99322612
15263812
67188523
12529150
-55445420
82241584
-62674132
86148109
64713000
12692821
-63848188
-6555554
-94638457
-21538847
-43083679
-89505374
16856087
67050625
-761843
4985275
50372121
-99342891
35947199
11198794
-75632964
-76266436
16613772
65906335
-55124319
-90749251
70902803
-15369109
80617786
50645166
80057527
-64094864
-52493377
-36832051
38504903
-79719048
79391623
-65070395
21007449
92106699
-91659079
40091560
-31697302
-35306699
19451363
-37144706
-26658428
-64824024
-73912241
-79510386
-84473020
-28225478
66629361
6537010
-4317918
-72695950
62447585
-20365448
31044669
1665746
-32557941
37324052
59134061
55279758
55463261
-89742560
-2035478
-85111569
86251899
-3823108
15026677
-4892558
-16895870
-52846913
3807926
52627446
51119646
10969401
-7772036
-93845497
83668667
33490533
73956506
-37783425
-83088805
-50560631
54515960
31120209
99655539
61980365
-28596325
47646584
97822063
87079756
-7951305
-19557457
96147321
14127436
18196168
-67271149
-76743881
-52668409
-1106212
41114311
56519463
-27564283
-15885288
-73837523
-58258738
76304482
-83973216
48489793
16996058
58677142
50598337
-77199481
-61237110
36311239
-71218286
43320398
-33884370
-98378366
71900577
-60817209
89433854
26361130
8570444
-3180958
39497079
13397473
-85937050
44467844
-66424181
-28497650
57364776
80990605
19124656
85173991
3466462
1787817
-35778451
55953909
-77379855
-63078930
12698892
65490270
-5915051
-99811646
2529616
-54363010
-83492133
3602152
-13638954
27177904
-99210022
55813228
-10179922
15297536
93565350
3068890
96003330
9249846
-7998319
-17058959
-82433512
-55328030
-57885009
12557980
-63557342
-26015859
76944620
-18838210
77465725
31803135
95928628
16434077
-55075889
-71902019
76957658
28663782
23373685
-17984587
-38328261
14512598
-1182435
-65129336
30761036
-15029770
1073372
74010494
90229879
14958455
-84191862
59342730
-50761416
24358837
-16503957
-1439291
-62037120
28997824
41351691
83254514
35999592
9582515
97036788
24287572
-39152158
-86374071
-74127619
1109535
-8767619
27931841
53843675
-15207570
47351585
5552173
-73750764
-58677820
84677353
-17943042
-547175
-78561032
-86558075
-83438468
-24534479
71809793
-595577
-3738745
-18923891
30264228
-27491116
-82504850
98366953
75413141
82983593
-68520565
-39853851
-40836652
-92547660
-86371819
-94057674
16840837
10909630
-86858844
57028991
-80265521
87107099
-98560340
93388073
82216603
-18495887
75068248
-63919820
-95262481
-54175716
89305185
-61787400
-18219245
57810917
-36550743
-44436270
62318038
-68359467
-34816030
-80474151
-1448441
13654908
40862257
-29193214
-70245221
80378786
-89092478
-64115444
-78523247
22107540
5399801
93198194
-5789716
-24623258
83648049
62643219
80989163
2996835
-98084132
-35911216
-40719186
38880083
93629036
57528294
-494133
15715439
95072004
88770278
-57293403
-11560061
-66645965
-31448799
87766190
-83840629
84030680
51025292
43662217
-99176544
-29107251
43150647
-39853268
-22849643
-56205295
79118131
59782379
-14639153
-35661933
-35695276
45386035
76033341
41257386
-45734536
-62809661
-90207093
-76136395
58626435
-72977300
-38044384
-57859044
87367602
-90551850
-2857006
89630447
-87208450
-43339693
-26166909
25156046
-50381597
1844888
-31156776
63993966
-84037510
-19090101
1578478
-70079501
41497862
-19379739
49614849
60582680
-264718
26120607
26252987
40029722
51421686
94097981
-45789604
2449420
82901333
-91787224
71814988
43941427
-89950281
76370244
51559478
-75492149
32945264
92841232
-78400230
20467683
19366194
-40385815
41786190
-6643934
-29543017
69860946
-63215198
73313105
-18921499
71931774
65936667
-62592524
49534112
25983680
-62621474
85069372
-23395047
-73007532
-79226636
-64664651
-12126701
82100259
49564976
-21275282
87759369
-31156368
61926989
-94035551
21685082
6747881
40510801
55630975
-7481417
80771721
68713786
-77128925
1344618
-50909188
71650697
-17574897
2524350
-71223797
59916100
40483861
82431399
-81041553
57154439
-18502703
66161017
-27193727
21965040
56202091
-57552342
-10954888
76040306
-43527341
-75905207
-64331607
73920954
44703388
-64684851
-84456347
-73115492
-14922759
89984387
-93312156
76955784
35641457
-41410372
63748738
-13769367
-80806316
-71776134
96009599
66819346
65597722
-47964027
99403877
43050552
-61968237
53105400
-13449721
12839848
-79490235
48688352
86175513
6586512
8721057
-21309593
62011921
-77288670
-34199785
-18084959
74350921
-22498564
-61101555
54402793
-2429372
69310424
80852461
82045377
-95050135
49306502
83834701
3707958
3362442
-55720977
-24261891
36595850
38646953
28303179
-6572699
72540503
88837754
-78138054
14752270
56958321
-7887465
-62130163
-45919936
40355917
19667782
-66750031
-81068985
-17275864
-18240990
-88095062
-31644202
-39464805
-56142571
10057936
77658008
-71292477
-28521111
51115565
-81797414
63521528
25453771
22670064
-8015133
-9654028
10392165
21785351
-53740889
69616547
31257301
91393302
58525152
45855251
41172093
85759921
50776986
-74601131
-53903185
7849325
12357236
31263836
24692470
59679811
-6861166
-88820546
68230033
72873413
-76046189
68336193
-67654937
76398054
-9063333
19956627
-60446592
45520085
-11603217
-40921894
787431
27383348
81759243
-11919133
-54713487
-43222763
56646317
94911972
51750788
24398667
-48077704
21703057
68690968
-54774913
47195225
91842378
-57765833
-44969850
-91835036
-9193772
-44300989
77148664
-88755397
-68737447
20894427
-87426896
73993186
49998837
84608462
26971603
25606658
-43580590
76823702
-67577251
74757636
-23636058
-75374418
32626992
77470666
-46944590
-21059592
-72294804
9415164
-65563664
-48401885
-21307633
-12721140
-96346020
92913830
-6540656
94516596
2064064
-26900576
-40742858
-55838780
-47061633
18626749
2173203
43584204
-99658167
20093983
23930994
-90838100
-75506468
-70803035
-69287265
-24753785
25575958
85813267
92177208
-57802850
38495371
-71544840
63779687
-53444678
66584380
86531725
-45048930
13385067
21121143
-56456288
54518851
89413337
-73765470
53564793
-68429227
5794942
44769525
35566616
-21023031
-32989126
5997904
-46182458
-75860436
89564181
-49694709
-40445383
-6973114
-98585323
52903625
-37857101
-31300904
55052822
72300955
-676681
11643626
-53355940
73954295
57431620
24546554
-24043909
6949805
11221704
77012511
-88974292
-60034744
97040237
-84839601
64893636
71223188
92632022
-42855046
66064675
-14397172
-47276285
72814901
-28970346
12040904
-23470198
-87815489
-59424897
-30819178
-78632998
14559973
-57050392
-91486402
-90025002
90447384
-93461425
81442002
-76050077
-84860252
-22452548
-87848909
83299594
-68275339
54779620
-77373194
-12723280
41174578
6543658
83777312
-4279356
-37250191
-57994808
-16553496
84732551
8285649
-41603978
96084566
-10660561
-15167155
-20401806
-65006524
68465981
-12968825
-52638312
33831443
22069916
-88021097
-80926918
-67221959
75370263
-21339397
-20579906
-31904108
-84077889
41701446
-98746540
40581747
-2283017
25866749
19917366
-55665661
93553570
95386798
21889998
44591453
33909945
-78963559
63586371
20319230
-95327321
80380592
61136496
9962991
-39427308
-57273314
-67456506
29032682
16178767
-14193059
21441652
-65367767
80342672
51890361
67462737
50654374
63197193
32201427
-99620298
5650827
6858786
13488903
-63176199
44915943
26007113
90997651
12861461
-10905872
-51427526
-60611569
-25577326
51907509
46854704
-68762266
-90920840
-22360098
-31416986
-50356308
23361302
-43050396
32175262
42922519
8162526
77857575
60137635
85763857
-97097760
-77310665
-92331157
-65461794
86901666
-39307112
-97545051
-77494756
22892476
-96275742
62475649
-95808389
-5644166
-56961059
-76292467
-92332332
-84113696
57818293
-196862
-30834366
-66968206
-29896924
14766277
-88775556
67987765
-19124892
-29480034
-80082663
32928904
75069796
2296262
-32830130
-7882354
98888001
-14761194
43088657
29008615
-21102855
-27855534
48053756
83817732
68677764
69550162
-71889165
88732317
-89678177
-36222868
-99485656
-61711835
-6728345
35221853
-84349306
96620122
-14751388
33022090
-9032396
-36096570
26121997
-43176312
-19104774
-52854955
-13364511
-26259157
-45923497
22553748
41015266
63299146
-70459080
-8564706
-59461885
44780633
-11024869
20147740
20892339
89552739
-61970142
-41891619
49180575
-98112376
93019051
-46869531
-2416878
-88864058
-99391578
-32056783
-1017307
86335608
25175717
-60697425
-73007230
19398295
39957140
-16015362
73614089
90553290
81970834
95926368
-74496541
57465273
76081231
-80163207
-56077401
-77837910
733079
8075181
-63416134
-57015302
61909508
-24782908
7412170
83265164
-86406689
-48354779
1955102
-21825094
38765863
98292647
-65180644
-48412482
-69136914
37477687
27865554
91832586
-5933923
-12873653
-27841127
-38054638
13004963
82487059
91299932
-45678075
55264099
67406263
53513876
-84403884
-24437233
4241369
-41068642
64556656
85309100
68871332
-15768763
-20406472
96007488
-89386763
85216866
87217005
88257408
-76808197
-12233115
-43055124
11216061
36208155
-18158036
-9882102
87370760
-17883169
-58870578
-20940733
-93501354
-47054984
64851305
17371602
-37577556
-511545
16837276
-26496423
79289533
-10613519
86958847
1059922
26170264
-45228585
-5888827
-23685719
-3741467
-22644652
-38894186
-32856172
-54073222
6683423
59636932
-98593339
61143186
86658610
33881803
60901042
-79957136
-98884270
58516223
-58860746
-34517815
14382129
54531665
-42148301
-64894473
88253307
-95481206
67114102
50670675
27639422
-51325766
37884217
-2528657
-11538660
-94803757
-73653890
63376652
22349052
-6995393
-85945092
82518212
70072287
-27124235
-22582848
43091111
79859019
14447438
89113690
-11164977
21619511
-39496308
69160363
-31270543
92742337
-81673099
-61445074
70513188
-39288554
46130560
-23014337
-65512808
21278316
-90204785
45309862
24170958
74429767
-44448631
-40888758
-12973841
23047653
-65851172
-20380526
-37272857
36574377
-55563048
9052725
92178006
-70704336
14508346
52578458
21181697
-59845518
88758609
70867916
-25569864
68795558
-50479168
18635871
42823774
50924191
48016939
-79538376
-48159819
78801932
-80451191
19138204
-45395694
-91847172
93519162
-69498036
19549987
-87048899
48817314
-74937321
27090153
-96330371
92825993
-14695606
-46167162
22974716
99100738
74060459
39609538
-17865411
-13927115
58575797
-51208884
-55885994
-73374811
27950684
-46643652
99108140
-34743276
82860656
63642293
-78130334
-39484535
-78278960
28674184
-12556893
-58451043
38910536
9649967
-20490752
-34096939
-49183732
41259672
20813115
-63294088
29856569
39112877
-10539842
-90964411
91244471
58824824
-3164631
39439119
-85999842
85374894
-79900972
9885562
37049390
34496306
48568916
35093832
-41388884
80000399
-59770775
-69367187
-84969519
-40815515
16476027
23182549
36567096
-32213303
-87357813
24866145
-43358365
-58150876
-73685557
-93873733
-96812229
32550840
48315479
23347416
-298932
16883905
40317732
-75250560
19840602
10381363
78117646
11012219
-21486397
78532979
31663555
12404266
44787105
-20268995
55485275
-18627627
-27605333
-59410734
32060187
47400441
66162289
9929955
58632562
-13435482
53065442
22907153
-75597271
89418879
-8100834
86945115
47125895
-89150319
25318982
87335249
-76239795
-93840151
36751380
87999749
95824876
-55983245
84518476
26710788
-70594990
-64880828
-35539580
45757740
31628729
71206644
35277149
-49896195
-33475865
26020578
65190500
35470446
16609132
35732481
25949054
-55696513
-62534610
28044811
42177140
-50774908
40191359
56425863
77183637
44843506
-52817604
-8065856
90378117
24706928
-84658363
13258600
80392677
-1471111
54446286
58265447
39141921
3533716
85218619
4533063
88418093
8125565
55728715
75374308
33498907
-33287365
12160451
-5337820
4293018
98480528
22738415
27853026
-67301670
-53768138
-1278917
-68825402
63723719
10134208
36415278
64430518
99769320
49684234
30967590
-64103460
-22278465
43580492
41504421
14599252
-28477135
-51624463
-90600075
12243967
86907850
27290675
51717037
91921953
-27330650
-60776156
96957876
77560664
-20130994
-45792307
-67307594
4111118
-69815246
-60768698
83672610
-65640199
-12159664
38939963
14427902
-98823275
-54848085
18192727
61716180
-63508008
-38106753
-13959665
-80997090
-47288997
15073307
40058094
-57763645
103265
-92548206
7739751
-5547849
18309118
25146591
-35340456
33191602
80216228
1703876
-63753617
59125819
-51764649
5752612
-33867364
-20927635
95214478
21974828
56458703
-48441263
45522867
31901172
-14799668
-75249668
-93491740
29072093
-75561473
-45925738
-14766789
63350254
10204110
60773231
-70352672
54689438
-26219326
-52386866
-18906242
-70037375
797377
19758073
-51360891
-69445532
-96628933
16464069
68293426
23616396
-39378369
-98567098
-96630748
-97791662
-32402848
-35796750
73126401
-49616752
47789440
-33990722
18081235
4444084
-38621497
98348174
-92822133
-64269364
78286988
-75363592
73636864
-30958634
-24743528
-11937086
-86124134
48851238
70092169
1950043
93899770
56550956
29529860
42639947
16790036
83638492
64250234
-23031520
28375408
-46713490
12105842
65843516
-66270956
43509645
55865845
-54329119
-1629799
56045235
-57086107
-29798073
-73369741
-17496192
93112896
26234504
-18925938
73080066
30970805
26792192
31690952
71871223
-43637416
98034954
-85980624
-34574862
-13531653
-72203106
87032551
12152973
-29124696
94148565
-32281112
17743249
-27335856
-82470523
97508887
74703910
97104898
-33740095
-14576821
13453036
90981355
94607223
82059330
67206735
-45747192
-88947326
90682521
66370124
-92099046
-56728653
64648347
-47779764
-39148809
65182430
-32538428
56620019
-37765231
-47135403
-30105401
30412127
-94689099
-88507281
-4813251
51553092
-32218606
-45136355
-12664033
-35216229
-72880834
19574781
-49413959
91187279
-40707787
71175344
-13604004
-1871596
-7885634
75192693
35734139
-83449065
-50529684
-6990841
37555538
26336513
-56471750
-92124090
-5248471
48579916
-55067186
64125391
60795897
57470055
9955135
-92226832
38642485
76026800
20965734
-59729542
-69627622
-85344238
66140548
-55404706
-77993449
94558020
45377365
99636431
-43239177
-47279739
-84254693
-33857615
88617799
-14386582
-17361564
-91294561
-42469968
-51530539
-6159911
66666812
-95063698
32026584
49992898
-11560764
-84426619
59798773
-79714854
-38715504
78366384
25702483
-94113418
-85075567
42228645
-12893777
52242995
-80200287
-6209723
52119336
-31320534
-28838667
-9056198
99210481
-77333656
1424547
70101351
31884180
83421982
-94870784
-70649506
-21464030
-78908102
-48113861
-34049117
-31931482
-44394917
71671839
22620372
33814982
-61116405
39406807
57080613
-84780454
-57500057
-43381065
-46610495
-11732987
98426649
-18957702
90714469
80272019
83092395
-88673982
-76102578
-50866650
-56114435
-37369434
-18782552
-68793365
-91004086
44357138
-38978201
-72499252
20075012
-99735961
-38390127
-62597538
13214429
-85268667
28197089
-87458501
50926849
-73637744
-63091673
-67428419
66742594
-49930336
38402224
-41107399
17849317
-30236810
50207568
-96513414
-75610283
78736133
55968913
-49319147
96912525
54847679
-63235864
-54560051
-91653247
49080327
6870026
46471287
-26418205
71757854
-24492221
94057849
-86550068
89721032
-6608599
76913935
-84117333
99537519
-42238916
78053390
-7640500
-48027594
75079363
-97415895
3130337
77090590
-23839804
-19242446
65362273
85056368
-53443361
-86661418
12918598
4524003
-69856802
29346021
-37914951
70422837
31459696
32548588
-45645024
-519830
-85523099
-10851420
-29529826
32248972
-6036893
-72363840
-30873299
-80144236
57689725
48714444
-29941786
-80445398
84481406
-71310112
54655588
9832775
19346300
-14796693
-77856915
-77093696
-18184484
-11533404
-17470234
-36230913
-21747444
-68254369
23493588
55042709
-11846770
-890605
87704726
-14890774
1720916
71323844
22589889
-55466821
-21576852
-9430645
-69850761
-24394741
-13863237
-91998165
-64625054
-86376600
-32856339
81523203
-69910278
79277380
-15435067
-70115581
-81307001
33280175
-69141839
12857597
-45901595
8953366
6270881
13704128
26692333
-76806708
40267360
49864771
40909232
8217680
-42332919
87289807
35385871
-7694951
64530012
78803562
42611866
-92695140
13148200
65215411
-73479628
-33528837
-44943789
-32699169
80185146
19718079
-81248965
-69921293
-3843045
-96605852
-42479986
60819244
65854667
-97893201
-70416941
-61134374
74368806
16197441
-88272574
35618068
60355717
97153488
14727868
-22447640
-89091988
-69469746
47325494
40334441
74048508
64211745
22845737
80617197
-64057016
-73366212
18536019
1274248
-86937431
39958629
81694799
-36254242
-53741256
-75180562
-85199262
-65292228
-92411071
-10800474
80016153
49676510
92491710
47926412
37470235
68166790
2891356
68517068
-78142105
-68988342
-35949916
36259259
43901441
-45856006
64338685
60342438
-36066448
-18006091
-76167398
61722027
3609763
23416511
-80210522
-38202988
19423014
-18796185
59948052
-68611360
94358660
-44753357
52677036
-68564235
-22461464
-67272221
5531840
-80225644
-51740314
79564929
65553153
-20383127
57674754
78141507
99280716
63755521
-76769301
69146551
-96241846
-38737118
29865088
-23948550
52215832
-24866996
-29610624
65054236
38504912
6860291
65723725
98372043
17731378
76949503
54645357
49611039
-95357562
88295926
43899791
-28999747
-17893418
-17601661
-60219418
17485268
60539369
87461837
-10114154
-57053015
-86050631
-22330825
-73202124
-60385587
69631714
-18060667
-85942773
78823183
-5090919
20593402
-99632867
-67416003
-955575
93609154
40807918
55181512
-11988482
84343400
-36903279
-21131042
99900011
92854595
-8107479
-98219111
-39886692
-59775488
5768071
10334193
78639836
94156354
-77297556
-62420795
-83590316
3411755
-70073334
82426820
65766635
-86248000
87906921
-88930448
97480399
-82519396
-32328126
-5850482
92155934
53960179
-16103295
84545203
-27702435
-11072078
-88819234
4666116
-2677312
43060411
-52621460
4026135
-84812885
48532842
-23230453
90026777
9908560
61916774
-82764634
-10845494
64263455
-57801940
-69730617
59254830
51052085
40778009
68896171
-98325635
-91382030
90320048
-6041335
80662947
19834836
94576642
-46849968
84862346
-22009271
8906490
64267163
72552870
-14295645
12589870
49218899
78775471
-98741160
-95289494
-73596619
58367584
-85246146
-95871291
-80049038
34751829
81373395
-80561867
-60744523
-34823350
7622356
4587573
-27826508
98808301
98648042
78872192
-34749072
77848175
-11072169
89122730
-67922218
51022297
-58981170
71681438
-33796746
-10775651
25704106
-63263975
-72678075
-67594468
96765891
45143149
93498806
-64425561
44410750
24989845
-59120321
-92521865
54432641
-78200737
-56872437
35223123
-69816938
-72391998
49036329
48590189
51552538
-27576200
-6260409
-20889659
65163864
-94007274
-24256732
-6825123
74282541
-79674356
-57228270
72613760
-99411132
-17925686
-7967774
-96118931
-58355511
-71761503
92149928
-96602775
-34527609
-296732
36232251
51198986
-37991094
30774982
-28555431
86116146
48459175
36405410
-57290311
-21620594
-70135751
48530748
-80469442
96431734
26821965
89297826
-26254427
-61265545
40305473
17633079
88970942
34238404
-99131897
-32617622
58155673
-54893548
-87512634
62502922
97922622
-25007129
-62236612
87248331
-23092260
-47237922
91584148
58994430
-22990826
-82066950
-41009593
-96933315
-50590513
25279152
-64207522
-99184922
-16579810
86177273
-72117666
-90332827
66057655
40883814
-43735924
67324334
-4205607
40832773
-67264548
-41081734
34627289
89324609
-71172787
52566868
91137864
53323538
17707641
-16529584
-99830023
-60059933
-17461383
-53813411
-2526456
-19116743
-69352966
-661784
-67727944
17133611
-1845008
-46920768
-3056177
66026736
-41466855
94931247
-62514904
40602711
84676785
-16640935
53309779
95637009
-9099022
65593318
-39871106
-74626197
-32407423
37744229
95235742
60222613
95774023
64552218
-10686506
-8777800
-65807979
73351716
56978266
21442163
81834407
-5696169
26160092
-74873193
-43308201
6145186
-639662
-60302976
-31925398
-68605504
-11033503
-77498600
32203159
-2385098
69380129
-19196295
-67810261
12235485
30418480
61080775
-53068433
-40596523
66901829
19528607
83658968
-57369805
16639368
-67696108
66671371
-72952698
34346071
-97388616
-80069307
-82783096
-96910173
-67152477
-73423982
-53938003
-53680908
17846603
-14293415
-40507988
-97926557
-35879113
5584694
92821211
-65608356
27380337
-53005831
93757028
-76170229
68255663
-43221595
90101558
-84940390
84289607
-43298730
34365198
20648781
-78976291
-26035094
-20599765
-56740337
-42476424
42658012
72558796
79896278
16470564
-47629513
-88197212
77128318
-83178368
26328144
11914004
23640465
-69923390
-83503091
-86139110
75402214
81295079
-22378772
-59132019
-93562583
38343254
-99138114
94683497
15377029
22264557
61903683
60668498
45160239
70501082
51357921
80998279
34726287
-19406785
-88634550
36200487
38072160
-31187390
-33014938
48064691
46869818
82272308
-27838100
-17698120
-27041767
85864355
45010563
-51097124
-70801963
20927240
63533434
-55278968
60786921
83390700
-56315989
56253453
58487533
-52390518
76133022
94227060
-7077527
14110302
-42934604
63717892
17325156
-4101570
-85376462
91982891
86606123
347299
6419228
457417
25187249
-30889102
-34696225
13566222
-59767284
-44017412
-50155147
40366947
1044473
99498981
73633997
72648585
-50740450
32889572
-29321679
73050278
-70063195
99550947
11223035
94940137
-41279018
-33427723
-21829842
-60644755
83286551
68816603
3056000
18788723
-90977487
-53769460
-55084119
88438533
35003879
51544529
-80538616
-9699356
54623521
45697144
-53435189
29395881
-33894989
49616658
84171194
-14303357
-91088314
75429189
85436389
61322258
39133720
84848677
90440604
-10003887
14529461
-23813339
-80809912
-29668074
-37505525
-94859547
-57615546
-97908941
-16112157
57034417
77960097
-19529407
-89152730
5798909
65113582
11669387
-96841896
69349389
-48534062
-48369557
52959053
-81261838
29631913
34824815
46852410
-90553051
52789435
-67510377
-21235424
57201160
14549812
-71029676
53639647
22548173
-43210276
-35707179
-13570868
32126692
-48697188
-60865287
88575963
1989222
-30454795
-90461987
-89908999
99347501
74327111
72828707
-10944228
-71348246
-24941889
-79549005
-45847027
-92330076
67592188
-2553954
-79390871
-85563064
98072524
-49916582
-13886527
74645613
48482904
-91024413
-88326692
19240270
24030689
4636770
-76717525
73853295
4615225
56426634
-30055395
38581797
10939638
-23894694
-11449361
34137202
-69902619
19890377
-46599056
53564586
39478772
-16133454
52555342
18114474
48381506
-99690134
4284501
-22691777
-3065042
-57274297
78143846
31858999
65628210
-4965846
1364865
43552789
56905067
-48578347
67905087
40061365
66618983
-64635133
22494202
37573146
38268201
56286837
27787024
40556733
-52871768
77083169
16318765
67229199
21980606
-64885962
50336223
11435293
-80695130
-7603928
-78825586
-799777
-41368195
50753477
-17270571
-51722832
61567134
30399813
35361324
66684595
-14632860
-68768902
-43792893
13622052
-91342957
-18145258
-63602725
78900552
-76242381
27767755
33507350
-89814843
47085726
-1894073
-22514553
-48480654
-50490216
-81969319
74654370
72781897
-40376600
70208388
28245239
3726774
55034297
59120190
56994494
-23886125
-8667102
86272895
-24205654
66523350
-45713736
-27681704
87036478
92339013
-37333271
4570404
-14318227
36528402
-83719745
-11802895
-8499699
-62184058
82850692
-97826878
26586212
-71503276
-93356103
-29543398
-51755584
34545540
64244609
75651797
-97876561
815260
-42456784
-13995969
19014117
-30658928
73792933
-44262019
7999480
63135626
-75336932
-49735510
82513767
61464410
80300728
43213892
-67391141
-78381705
13703432
958417
-2238667
-9914124
57165222
49704835
-95915766
23434120
-94942022
2077247
-85277203
20515178
-92267243
-34955790
-33916844
-18824603
-97295715
2054167
-95989892
68627450
-7980559
-1720864
95675142
1349863
-40176129
-4429376
68811599
18624199
-23355574
-93670821
62398318
-29911100
-32336837
-93309281
32620980
-40033136
-17138029
-38012649
-94596172
-17780377
-89655053
-88920079
-20199994
37050420
-9895717
34634516
92622754
-65137370
44793418
-76504058
21991260
-31159628
30505276
26129397
-72642432
30822184
-5155906
-58015463
-40276778
74977654
76501561
74531322
56886887
32235487
-40446663
-23812027
-7964332
-95164824
5687758
-28794204
36817111
-85980017
16840073
16647638
29586222
-7081374
-52277892
11251891
-20983028
-6846559
37422591
85126632
50755926
-61231652
76997080
-29006221
98765468
21339608
5490007
8386821
-53499674
-31402660
37095120
37530082
-98758486
-49134748
-68775705
24270975
53443650
88658594
36654391
-66114274
27004859
-6028599
82881033
-2882347
86821394
-93453670
11786337
46207942
89429069
-27828697
-5507236
71258056
-590145
19791967
-34946067
91402500
-40850596
98471235
84805670
-4372064
5468288
-75783266
47011279
-50139067
-50753231
88336181
-49228402
85847203
-93062877
-68706049
-82562528
-91213776
-98867186
74907097
84908725
94514521
-5502764
-85067852
52899487
-69534132
85184048
-13625248
30763993
-43799966
97390131
-99763208
-29495463
2947654
29742749
87582202
-49838991
33997565
-92075948
-65799698
32898911
71569801
97289220
-61781770
-53590775
-12838561
50626144
46621374
66731064
15957016
21488034
-78974578
38718159
64562048
-51297157
-87670211
9438541
27811160
-83249538
75907106
1997972
55204974
12150694
12168716
16287646
-59464246
-73488010
-48400238
-84990651
-15093850
51702463
-42357201
-53778392
-53725492
33617243
37517032
-93198183
62995424
-95048533
-11068514
96228319
30382897
-78201312
-371269
-11602618
-39197875
74634696
52564602
-57931723
27793368
8351515
-71214180
-68876144
81035695
30112741
28569853
78884067
86507321
-64320505
41299365
69281701
51954259
-3228883
62288320
-19808098
-28285999
78407138
-87251372
43217393
66237643
-91005843
-77837235
-5665107
-5471243
-92359843
-37735128
32073189
-20639802
2052960
-74580392
-24968196
50781700
-39821483
13814096
59259730
53454218
-84323122
-66991515
-5907485
85211906
36669199
59438784
-63323987
62865197
-13220429
-59582115
32155325
85710215
-32057630
-14444280
14290371
-50710671
-27148059
44623202
-23490600
57114789
-21353213
-26341330
40112987
-26570944
78425311
80317016
-91347275
40552515
-76278600
-60470071
11943937
34639517
65890651
-45283371
-4051035
-21663106
-23746192
-66413862
73789195
119215
-36873906
-26924832
65421865
-74823213
-16424403
31799079
73095026
-6895803
-6912018
-67482371
86257545
47507121
-1103158
99002692
-7557202
16462133
1120057
40968669
-11575904
57913340
-12422030
-5015509
98922955
-11048885
-24635702
-92174511
-39328079
27429876
-67865314
-34614460
-1116405
73163716
70944169
-63725409
-53679467
9547297
-54664166
-61170252
17180610
-19144271
59806325
59707153
-65181194
-62043146
59129786
27260639
-2243332
-65824188
50376770
25752746
43239099
-52394168
-38419757
-30723778
-48381556
88937148
436227
-49200500
77536264
47045650
-34687286
15690137
-913361
-1021635
-49574151
-26078004
-29679613
69724360
40670015
25814286
-84883631
-20501482
75409535
38249757
14977916
-46572367
24255582
-38827049
-24908514
-3934969
52400387
88808016
-47024392
-25677824
-6713699
-28467532
-37603704
72956417
-56597759
29237160
46873040
72081953
45924748
-4325190
-60460311
91865601
25052196
-52512808
95883033
49710055
-64167574
23389111
-52785374
-55438827
-26542280
-63428164
98969829
22446872
7035578
-10368987
-35357434
38581698
1133979
80669546
-17842958
60484504
62172928
66395309
-63868318
-53127196
29090083
-40568945
53771260
-30887801
-58171046
67271934
-29385777
35582018
32555763
-49000282
64959275
24538682
-95807782
94779125
45766759
61461623
-22340207
51708115
67632561
-955839
-92482668
35268112
34133480
-82138801
-26973981
-95280901
-92318342
-1952516
-82909726
-34561403
-12558714
39505619
-9189413
22672693
-61227367
-88154396
-63546041
63019445
82365690
-35075159
-14299065
97589507
-13946543
739013
-60259519
67042328
-73197347
-10457099
45706487
42965165
83001368
72804876
-9199454
25609456
-64106688
18814994
-45909724
-37832064
81403751
-38547330
5994081
-79463802
-62965254
-90474330
91230154
-51463965
35324692
-40223672
-52304678
-65429354
-11640561
50493156
-95652663
-34517133
-98012954
-33812952
-68226049
51599739
-50765163
62665666
50469614
-17504944
-28497816
-90235067
-79212963
12166594
73052935
-44860935
-44156301
-57911903
-78444761
61290791
88466512
17909327
-45810812
-49687278
49988011
-81461615
4233091
13255889
-97022252
-63606468
29356249
50730090
-37880782
-26235766
-66731256
96765113
76690525
68059320
-38794084
-26378259
54151903
1208183
-78780272
29375669
-27277616
46785969
-26523518
88906057
78780992
46536955
-6718331
52661158
36688347
98516566
88969376
-27445514
-60817694
-48079998
44886710
57878078
-19930969
74096979
-94561865
-519803
-9408932
75185983
77133467
-17324105
26444319
46640704
32236415
36081184
65495149
-99047712
-94744206
96122745
-49864543
26637602
-31291449
-56890081
-98311076
24067614
47317465
-87333201
-99965028
-58489509
34355153
-45137737
-29998145
-57303114
-60712108
77165354
24739833
-79722012
-27402595
-78480093
-7101977
95067334
12561427
-98461194
53085407
62680057
25261133
-71627510
-15960904
-83086162
-72296382
-83818123
-36859023
36189079
76615565
-52918098
-37426938
-36233755
-318036
7781105
80417445
46473566
11561632
74906756
10409768
-16072604
-34714407
-23266882
15008303
-7540531
-10910253
-8065378
-43999328
78973073
-39057657
17147734
-55829818
51060539
87981275
7537686
-48457169
56720017
-2355688
70453432
-72774725
52887066
-63535427
-49360525