65893864
-44550183
55973451
49128349
-6872519
-68740045
-79012061
-96225269
85194364
-923563
41115883
67977096
83220428
-24094176
14172952
-23986423
-57655662
-44897194
44816498
16129993
-23434343
-80700420
-94465856
-22213446
64601291
99922424
9795307
83539873
-43592829
-11550645
52239669
20784879
-70246951
-79444786
-2675537
-39869725
61548301
92676320
-80798898
12447882
79801505
-25730990
44209581
69470505
53863520
-59879461
36037028
-64489068
47067240
41965251
25999329
-19768262
50900383
16875058
-22317830
91681176
48832258
64932306
-26947424
34990329
-57393610
58794713
52018678
-50238930
-46141036
-18531184
-80350058
37246481
74516532
-61598198
-47884753
-7026771
88146153
-70185036
-40558618
85282443
41737611
13553605
85476536
-4947059
32760500
-58735074
-35520305
-93345640
-42619500
24074289
-32333411
-8684848
-25062311
-82812874
-70243664
36353017
-66264304
28082615
26587969
-22742956
-24913309
95540339
-26877309
6170827
-73084483
79662043
-54118706
10995688
-22010353
36483739
-96380367
-31062680
-25500398
-6677849
-63541507
-53276452
-40463900
88521623
-76254056
37381256
81148919
23883870
91361171
-54089693
-50649844
-34995039
39315900
-66258446
98864403
52921279
-50673925
89596680
-2777961
82219390
45359263
-81971466
-1725474
83425343
-88651538
46778703
-32746806
78336556
-81216510
10396735
99462051
-16211029
11168938
-937816
79518966
2864654
21928250
-93443284
-53172090
-12367932
99134957
64971133
39453613
-11345239
-68646388
-3043146
-51382429
59677881
-27114750
-10767459
-56500665
67247613
-38388895
-86820173
-61774016
-76941812
-52438599
39291068
-56685951
31637254
63466311
18649693
6296678
69511059
56652174
-31420875
30887747
89813287
-26143829
-63532292
-74539685
89262226
-88455315
-37556944
34231880
69781437
-92097957
27280332
-76462048
12364011
-52674496
-98921371
-63850427
92269554
-97886265
93603911
-39358634
-56754790
83588013
-1407845
56410204
-41134431
-74228907
-7271399
27151064
-10047108
21247332
42370993
7249292
-70765631
55352149
-63306093
-25814636
-51352185
-85659516
50455736
-95540889
-51304144
-24901263
-79343768
-2223323
25147604
66541392
62266745
23484954
-32158370
18731585
77625910
87764693
-27634738
50764142
-7497457
-67516741
46325410
16440579
-32861076
-66912567
33489729
-41804900
-76034262
-14482780
67660759
16125302
-47418722
18402136
-23409911
-8651706
-50611282
52898411
-41582531
-3925815
-56891357
94906042
98619037
-19016939
-81374120
-39210847
-70149233
-20115593
-269624
24315953
-59069437
-27564516
82153403
74817682
-69927140
-1133219
47593810
-32278054
99345236
84071276
65000770
64120820
-2066997
81520065
-15605507
21504444
65520566
-44383175
-8160029
-84960450
-57274033
-27115287
-35325839
-28079991
-94668685
-85789703
15661186
28483071
-60441885
64027859
76833348
-52035954
86093361
16328371
38036425
47073513
-2501806
-55889014
-64163557
-27014809
96124811
-84969483
-75496456
84427834
-25966711
60642949
57848020
78108336
68139211
-61070105
-66970887
-92553032
-19772195
96475342
-93307505
-36665633
3210234
33349664
-7739592
3385148
57577588
71527893
48720580
26529116
-22111709
5695027
-55031893
-79083647
-9225761
56577226
-85659589
-52822816
-20267545
40761456
-28976223
28700861
-23026015
84078107
-44032698
3638419
-39421964
-59680894
-99230481
-95170657
25820862
-34610985
42849272
-42623706
-33652892
-28220446
58130545
82468606
-30022165
-39436639
-26927596
31499790
37918678
-59593583
69818118
-86310255
4970662
-68152624
84639235
70457281
-89824722
-54074462
61563017
18169182
-32493840
-93182078
-5784070
-5466976
-65400881
-16912980
81702089
94157499
-55386974
-27708902
-35886546
-99782317
21576351
57330982
-86936524
-93256744
94267439
42997072
98317170
74820665
12251349
-28381441
78932988
98461818
17768483
-49808710
-74018682
17461643
-18988776
19039400
-44244149
-45824987
-69488278
37565846
-58148405
88618799
-53864563
-68846511
872974
-17656401
-30318709
-43979527
-2477011
12648452
8639482
-50049319
52531023
-91400224
-32928399
83517659
-45954662
-74192237
-15580043
-30565378
-58980324
-76542098
-8553142
36474618
-54493699
46045365
57879733
21444312
82284092
97991507
7386547
-23434334
-54756016
50752575
-36881249
89746917
-87565484
-26512573
-62830686
-85366720
-1684815
83665681
-82845877
-29513684
-52916502
-91959731
-29495039
-8194393
14221884
-62351277
13482753
-4534415
-44864612
-16616108
-44630559
19087746
-10899005
3322172
8819797
-21811274
-56468181
-95094958
-21825200
99923394
7006929
-34876995
52970853
-16256885
-93116242
-14027160
-21078724
51259953
-90032477
3621245
47318279
49053091
-72514771
38310364
61164875
-44048834
36065416
50801358
59867316
46228016
1334202
-16041590
-47003898
39890324
-14937602
-85799356
67134760
-31838212
-75929114
-69964037
-15077823
16383733
-95415530
16956350
-98052038
-87645507
58972851
-67815646
-93870631
-49837915
-36819540
-31244914
-86438071
91271285
-48776849
-95856283
-78861722
-2734482
45137004
-8802050
31901701
91479911
-42229636
-8823346
-86848132
80846191
9994826
-45570869
10258841
40911825
-24513635
73860714
-47865749
17939666
-59301751
80105890
67492055
15958830
53604579
95878543
28358349
-57192883
-16104468
74650470
36161703
22604918
-52929223
-73689398
86858629
58418186
24604621
26165037
-21475317
66078916
73242682
-53977707
65087093
99929296
-84508350
64902434
63108698
-8915406
46993074
-99369276
7654065
-13238627
75622225
-99933216
-96152802
-43965470
38629037
88876545
-28434108
-60766730
-1540506
-91513481
16720872
82540406
-49422974
26080131
-93757640
23705768
-27584606
10172507
49417614
-82955589
46323928
-22787857
-70437885
-23315139
75312544
50585642
97868129
-93583904
-75212822
4524546
54400199
-31210734
-15083590
-7842812
-91572435
46211900
-17686046
82298796
89578549
-9047978
31142234
69335051
-82981439
-94783488
-37708442
19907846
-34706130
-51656663
18360396
-96586042
81217101
85273044
77566553
-20513761
91759893
-53715886
370272
-50299558
776900
99198900
-62728032
-50605344
-40934370
58746557
90698318
58530335
49935749
-76204873
75645101
11977015
-76054010
58401123
-80839156
-60305511
17177715
64275757
-3916730
-85872589
67017141
-91187345
96644267
-55208878
46808362
-23292220
-66414589
-80603653
33053758
-35062895
18306453
9032479
-8639969
28924606
-67976084
43572267
-11877798
3533384
98427333
-42530957
-62217726
-86130616
-46125222
2649623
70332803
68064766
-79781601
-61480559
-3866898
-94910791
-53140233
45469433
-69884122
81281383
57130385
-11973942
90623891
-95630908
-690365
80059977
-54266335
-65574959
61823079
-48215609
71128733
92898730
-36224709
-42676751
-14622265
55861550
697746
21164000
60559802
-65789438
9254023
75010354
31342201
82344146
44728226
-83207778
-60656579
-60939700
-84540520
56543368
69395955
56570108
29155501
51178929
38716138
-93894289
36662750
-64354238
30193508
-43072679
24664645
-52288278
67487021
93606607
42352509
54162010
-79156141
-18628431
-60721317
37179472
-41641421
21723394
26488418
-28414064
-94862272
-98962771
-87817270
-80398498
75330839
-27491235
68039873
-59021577
82108186
87035837
-32837005
15227354
85212009
-97145342
-65925949
-52966126
-78551145
-79150642
59251676
-17431281
13670923
94814371
85371979
-81761553
-34933108
10213070
-41402707
-5675167
-1583852
41195712
30620186
-65551232
49457089
60651576
42403713
-47210801
11409998
-12477459
66367168
-53932568
-23750540
-83973675
18780615
49975526
49497150
49561111
64214741
2877412
-86554022
-94351428
14633183
-38277460
-22162167
21114726
86537979
83611323
55914323
-34661055
6179375
980812
3145059
85761165
-80023012
-66358519
31030895
-8705198
15588765
-88749073
-60746346
-9481743
39518835
-70054117
38521534
39260072
-57975750
-45571326
15791361
68899314
36751191
62532283
-21301435
-82007470
39711834
-47949027
19349248
-53490912
-55687403
-18298551
89714644
-26826410
70166362
93433683
7633698
79046860
-5657895
58318498
54664722
98053154
76609447
75507231
40866983
79511427
-107907
-50964522
-31046183
-76616244
81129768
87871072
-82704624
-12585817
-81937048
40965590
-90859920
-99218699
90883450
48219777
20301442
-62543382
76693767
21432035
29083352
49564920
1178182
-45961780
23306222
-23762376
79990490
-2996828
-53720571
-87603373
-46056590
-1672878
-68589231
-72196481
-87221988
90844856
72073063
-44429101
24496137
-81948479
41199934
61813485
-71876172
21678710
-45657768
-45735258
-62256388
36811078
91806136
94789239
-96863733
66910613
55346540
61106777
72672995
93931038
-17287504
92031550
95700333
-17332693
39003184
41868424
72087567
-31747561
19585041
-75760485
-85815972
51108062
-98346756
-95140135
39299011
-71361462
-21290288
64747732
-14925152
-72953855
93139059
-45566397
97400407
32685887
-85949037
50793533
-6260086
-46188015
80515623
-51751941
11324229
3197574
4593037
-11447655
37647330
-43705675
10526193
8997026
-96334383
-84400430
44205916
-93689567
-915223
-5748802
3819702
22941241
-4204674
46213325
27824004
2486538
-69990236
-34524213
-1166634
-14695895
40857443
-25300454
90877952
-31186576
92503060
52082266
71698331
38322600
75460733
90265542
-90126147
74351221
71875377
-83760527
-80426202
80851190
18013415
16117223
1887795
-39144756
80884767
27331501
-50360292
41043088
-58043929
17324589
24151138
-2244193
8839934
58299768
65563714
-14975860
38415246
63886946
-74526647
-48302826
21585800
20562306
30718214
18786446
85197035
-66219002
77562824
29476176
-4195789
35935296
-64185529
-163689
-31289433
68141217
98748643
72425278
-4311351
85062796
-92800559
63771737
-31434428
43473608
40351341
-54763260
34684478
-93199757
-35118986
89820924
-55715595
78188621
-6937857
6626132
-75281183
-83742533
-29906227
56181873
79573156
31193750
-99920719
-96098386
-81994163
90287189
57437673
-71095559
6067344
-98169333
-32423147
-80511618
-77634709
-27982372
48164473
-58706041
-52539596
11316695
55769431
-80376074
92068506
47189953
-1826906
-93325541
-55136770
11845767
-37128078
36253581
38448756
-81885848
-75854309
-76475617
-44156072
-3339882
-41076726
-60683108
-2861504
-53465132
95667325
-79319804
59925731
99677344
33289656
-56517691
-36293242
18205642
-43751470
80552291
63961802
13427104
-98301314
43225698
-3937870
-52003353
33225101
-51241371
-9603653
90827086
-22369145
5163862
79292889
62256430
15175630
-63248419
-77040035
-68665276
-3431286
5647508
31547856
77417070
47669820
-71014172
68470408
-68500240
-76683712
-24407709
19493229
77098950
-26806621
-70863246
-44325323
-10382200
85892687
913299
-11550909
83007049
-48581845
68300600
-21098922
74189661
13497839
53908572
90938072
27887730
-89522780
-80291447
-28806817
784250
-82558093
-27196667
53848667
41766203
-41323249
-93544846
-82753327
47384597
93392376
30355291
-47883017
-26499893
53427420
15111002
-11590822
-4929526
-31515214
-76512119
-87515403
73594250
-12000150
-26986069
27292198
67344507
-47055571
66829749
42518275
1494301
-54009096
36359009
74612364
61834855
97197619
-48662041
-63020742
-91989326
29981050
-10820119
89913473
88188658
-1820042
19905386
34803568
92597322
63647459
86378158
-66077766
-57690890
-26038422
6554077
80228974
6412590
36930847
-61242648
-4360641
-31671549
-6430442
-49432622
19587102
-76551489
-12611402
-24812341
38749961
-9912608
-14328675
65427846
-4702121
26708080
36826902
59249853
50036180
18337604
-61743844
61527028
-59224963
74098389
-81356802
42580814
13641029
-10593668
-94167622
-50519995
-64349247
91644534
35958954
-87549006
16753214
76947712
37788693
89964588
-52222409
-24432011
-87353623
-96740327
65123474
-98745890
-9009213
-82002691
78668197
55377354
-1085903
86912223
76165539
-76951408
64201257
-86476766
-6143416
32139517
5196011
54850764
-49605196
-39384958
-71784231
-91960875
-98016925
47691906
-87361632
55994549
15623264
85700427
-78143245
-29612213
26645854
53466141
-71346544
-25587892
-92044687
-47435478
237437
-66772588
-76368289
-99140339
-18583457
33639366
37281489
21324948
-2509427
96957679
-33366808
50637828
-34161974
39766694
-72535257
76523872
45037040
-6316265
62763003
-22305551
-56980522
-95813097
90176706
-15937428
39478373
-17215491
48119597
-41930370
42668477
89629607
63864480
-73706069
-30075932
25787182
-9311599
-76681782
42835742
-93903818
-1198186
-54973393
-65057610
-29393843
42089044
64008979
-15163391
40052229
-5342996
12578984
8024027
16840564
-7083925
21531130
-43240044
66003418
-73145956
-52207436
-36523588
-3538659
61508394
64661275
14661473
-97863889
-39446963
-17099280
82448592
72346588
72132246
36128663
35911974
-65692762
42626314
25866358
6609210
20360551
6922209
93126020
63009893
-97743331
62197817
-60085015
-90939547
59075825
27603814
29195293
-90046566
31647057
73521732
-84992190
-36150154
-13869851
52590450
79668262
-6553052
82056697
2181474
63077354
-24783050
-6872627
-16934675
15757538
-36974420
70094790
36439426
-53674950
-27733924
89333132
46326272
51929434
99654911
1855188
5392487
-77908497
-34560576
41925518
13469668
33135991
-81148081
-55684629
48146855
54148521
-19259122
-76327163
44182087
-67380675
68926266
27592394
-11465262
-53701283
-38394590
-16060105
-10596236
62759946
-90828546
42657372
-80660024
40943234
44663574
-84901431
60649142
87107319
27005681
-14255874
-66642939
74339404
-26634318
-42696467
-9512588
67982530
-48800335
-41743373
-89146214
-79601256
-65108347
-92167164
-15310346
26998173
-67796469
33577695
54968169
54306801
33746013
-67277660
59099337
-53234764
-27366616
-9976496
59287404
-25558567
14773687
49586602
-32117902
-6084650
86511249
-7330487
-21646417
-90260032
-93013620
98390740
-53017220
-96867170
54696626
-67812894
57181474
10804544
-50855757
52634712
24998443
91180132
79685855
-16862013
24164191
50995952
85626500
-65662072
-75806481
-5414746
9104696
21209396
-35342520
-38229456
64715071
-78832121
41909897
-79712565
-8559332
71711259
-42766976
53289406
15460530
40939073
12168717
-43565236
-60109343
-62303681
-31522347
-89815123
97936175
76376111
-83499351
-40362988
31709283
-58484692
-56826112
-36482458
79288803
6080948
99621380
72759600
68612330
42437504
-33822990
-26222899
-71380362
-34295439
17376513
-1173972
-93961670
-49885169
39785588
-56489907
-35856192
54157840
86042287
-21291876
-85076153
-49610059
-3236516
-23870771
-60542336
-41230753
80161338
2998529
-40992340
-24622345
23491691
-73715435
33996974
60300952
56587648
85699822
2335859
-51306431
-2369527
-13151132
82610231
61695690
5106623
-88200862
60452827
-2947727
-72373024
77691815
43276053
-54646792
41492577
97546583
-97387536
-42230332
31754252
44032020
-57915616
29564306
-60568410
47307491
67242554
37029252
89671802
-57376506
2371583
-5566956
-85390379
75379536
-55245923
5777167
-41273363
-8689237
6580209
40959350
-73221511
-59170821
-23842174
-26312690
409124
21545130
26472463
-10861695
32980805
-25877364
-87557887
51104753
-55203646
-85500293
-39247083
9606241
-16129456
93556683
-65017363
-8951681
95874821
-85681264
-67818821
-71782374
89998387
84827656
14569246
-47580368
79004900
-98692266
55555423
-96091228
82570999
-205171
-95634319
2696939
48874830
78025494
98708856
-92583499
91018132
6066711
33626781
55109995
31890084
33810939
13909879
-15978402
-25596589
-42831376
99981523
-35686114
1278442
-59946877
59347783
81734847
49944122
-50627991
80411893
25394223
53152210
93839238
74958817
42056905
66898494
-46407113
52493572
92613619
-18022769
21522877
49742840
71959720
89036765
21148242
7239842
-28341781
6506510
9276101
-32579652
-56972085
-22597224
-19337030
-52285127
-14385157
54016843
24624129
31870377
22647783
-92692197
-50175047
91275095
57890095
19125658
64892101
-7578538
56114474
-46259669
-28807687
-6114136
85611826
-34150816
94359487
7629611
82369575
94476770
-47423141
8047803
91708538
3037683
93785074
-27828160
7576333
37355293
-53858188
31340093
32392647
50965282
54926720
23973337
-93186721
9375048
-2316799
-88676840
56486711
58237390
-725090
-99543632
89316806
91670806
60204513
76778640
7258881
-13373551
-78026275
56312259
-89187380
5164705
-2312690
-20374899
53368420
21076780
-90562808
-29592388
-30518495
-59848078
-41900960
36879400
-17394989
-16253054
-25834633
-10978047
73545088
32585755
-48809670
45825777
-45464876
-77730077
82498736
-77032155
24134709
18096725
-71935464
-44069320
74498903
-64050213
85107175
-94168023
46537886
9630725
-69465113
12207641
87851248
-17856527
-27533643
78127126
97240944
98085876
8017881
75604697
7868067
97817240
-7664651
95053124
-41067837
-50155164
49633236
-35603747
-84317970
-10481164
-18136558
64988615
-36743411
27453897
84054491
47818979
-23178941
-16786021
72515154
79026937
56299480
-29956305
-14732332
-64371213
-31392806
94183495
-35880264
51835340
-8809823
-44840940
41853047
-87489083
67154662
-13681143
-81290388
-66737118
28946474
34365045
-41011265
-91284310
96500030
28530779
54001824
77027282
24311398
-31388277
8538559
-19326183
-27615519
-86639724
99626873
-4874786
20531385
39597050
-62478729
63036769
-62334262
-31160967
-19571477
89894905
56169982
-97332482
-1927001
56814802
-18773193
45244945
-55719188
31656805
-99552784
-41261921
45059450
-49002778
74215342
-96867801
-4079232
73654464
53515199
16628593
-15309887
21343056
-84311925
52313052
-14154468
-86858446
64816386
-30118343
-52351816
85967383
51796024
-9155126
32978955
-38552419
94302160
30882673
90091542
17922854
389404
-67606806
14602926
-42018624
33416715
-84898640
-22839056
-48861545
82279635
-34166310
64643191
-16953978
17145473
50279741
69345538
-12653382
52148204
-91328852
-82951103
-51505508
-33694191
64863840
92734820
-36057424
51003377
76756374
11474884
69637017
18287477
66743586
-38442969
83148793
76586422
-32991482
49605384
-79991221
17082277
17882939
49671228
79702884
-52177992
1528450
-85877879
94712057
-45509926
37367372
-88214341
-81578081
-80296288
-5475156
-43686583
-83383151
-21722507
91995429
98640773
-80853502
-86557682
-82893826
9292348
50928560
90185449
-44178713
-50262290
-72033880
53871653
27924497
2262839
55619696
43270754
28458561
35089671
-92759892
-75341351
-54631174
3608733
-76738022
61146086
-87321447
-87441645
-57734845
2303197
-92611985
-52204002
7995572
5215219
23678541
-58751223
-74341541
-81129096
32171394
10135069
-78994765
95647773
97941499
16114473
4647706
54312608
-91636793
-91362334
-81527617
-72575057
99453883
95342873
-53485479
-50128184
-39772171
20660786
62746675
19565346
-14298540
-48269328
-27820000
-80442712
38380544
302640
80770484
79385369
-31764189
-45431607
-79763589
-81390258
83322857
-49599002
-85731700
84452497
-54233881
59944651
-35115458
6631691
71463407
91351346
-16535923
-85818886
39244525
39608257
-91304598
19636242
69701184
73555327
40123746
42355308
-41925987
-52988623
51189460
14772837
75522647
84676894
-28040341
-19062893
39730570
-1482471
35286066
19804867
-18893669
63649053
-38836439
-14471668
-87678537
-66218095
49577668
90225238
43499125
-72316898
37890291
20686781
-17931597
-70350747
-86866553
-82427642
92450672
-90200385
82492549
-27526550
44245201
80353653
-96948706
11986795
-34870158
99752364
-29997068
-80480850
89886838
-31045943
-31080861
-18433746
5586220
96272870
91988756
-8662189
34990420
-89658098
-61408377
3643698
42561224
-21804622
-28783218
60592023
98795346
37595284
93958883
21949978
28897209
38259508
-92188812
72845612
92543424
-16581541
64649613
-96296630
7159616
64503361
74376341
53245876
9422430
14974738
71437418
-19637868
42872595
-12204772
-7507495
53618921
-58614155
-5901582
19049445
-26527466
60590970
-20546492
31736816
-28321733
76658657
19061924
92690548
-86829040
-80782802
-59646813
-2950033
70108104
-29278742
23991002
-54948668
91441366
-62069416
30654690
-43651876
92131954
11290822
13099397
76116589
1973266
-10939294
-17847794
11553117
27741702
33175846
-72870287
-84183228
65101431
-99389572
-96957031
-10508919
-9650202
-81852091
56288320
-95702436
-10620776
20267826
-33936729
8496471
75610185
56309285
-40399367
28410202
-34973917
-92956888
-60656541
7703524
-24302895
-43571099
-90694749
5461434
88380517
99087682
72866583
-84185801
10375556
-71871507
49938924
-48201920
53265893
80847560
-24147702
41100761
94734170
-50331243
27584365
34402742
-262359
-4627920
2916396
-71514094
-80148964
-14820077
-98054651
-18387890
98595250
-69919355
-65099339
-82483605
-18818500
87228168
-27836326
-80041193
-18655001
-14668162
-14189246
39422440
-73407637
40528120
-52008448
11388140
-46787274
90435436
59017981
-75797258
-61349250
25746110
21692832
-88195748
70614703
33719770
78570350
1254895
-3561873
23432993
90374798
50983047
-16407872
-45076254
20163555
12299831
-62918340
-62130103
83187450
-18330295
18349586
-47227850
-86295786
-67101256
-81455078
9015672
-22127762
17270447
18284613
53886059
61699442
47324366
-25193458
-42532314
-10379249
-41571685
-95291516
-44736083
25179058
96286597
-10935596
-8898264
-75324990
62548582
47383995
72875334
-65626109
-47396400
15316369
-46338928
-67297056
-29673695
92716987
89582434
91097911
-43720795
20644942
-77582061
-30304963
81643407
83430379
33895503
-99475820
34023934
48059840
-40354162
54134757
-14877961
61605920
38270207
92417379
89678838
-78881101
53021644
-19352435
70386826
-61000474
78885113
43240548
-68281108
72417964
-99897611
32459080
90608920
14706468
-75156716
33330551
58028684
-38313516
-79996165
41464006
67362734
-40082764
36254335
-42065307
32337529
71511821
12412306
35692161
-45255432
-80738921
97595233
-98658441
43182469
52768850
-86819053
-81040956
90448372
33594684
83728653
76611187
-89435285
75988510
-95991715
-18144752
27123197
-77245265
-30161776
-94179322
83389347
-4053609
-3870008
-78325561
-1202490
-8112100
71767098
5953037
-94985160
-26415754
78315101
-25323194
-5536533
672472
91841690
41455468
66944200
56148995
-84547464
-83983656
-71436332
130771
-90217148
85839155
-87261490
37995347
-18978231
51694368
-72763946
-62236541
85057830
-60141233
-52468026
67921766
-78515798
-14195083
-32639377
26713104
13332502
-33361233
-78011333
-38290387
-59315224
-92163317
76159101
11125294
-99165463
-435701
-6531145
-53369493
-91657494
36566693
69248426
82667017
-6497382
-90847213
-3380146
57307783
-85521462
-91653462
-89061478
-83960997
-34069662
-5272728
27515929
70108023
52871355
-70428671
-69763139
87838726
79232906
-15144411
71237489
22887490
54544324
-67272731
26083860
89831301
-5894077
5447002
13636826
6318500
56523292
6527976
15126495
5989734
-39960301
-58725716
-2724970
-14216791
67180050
42309390
-74619831
-10798161
-11647580
-75847235
8420322
86229644
-25713829
-7962297
54788699
-42898860
-7471560
89728558
70927097
-13343247
-46506926
35844673
67782404
23880445
-60420475
52165329
-73350858
-52895332
65748611
98854271
55749357
-46092589
-19883324
-19346779
56001870
-13583597
51075774
-63449182
72378030
-98127233
98282250
-47361617
44996653
99540557
-72713492
-49461351
5310928
-42493250
55110051
-37965749
-22583033
-62058009
96909987
-93636569
48026121
11450502
1250297
-53036019
79512929
-93503208
-73166788
-69254431
-26397571
-64694026
46534613
-30457698
35351232
-84257934
20653124
64588390
60356361
-78329977
-48890173
72415155
2009093
72722683
-94625624
15259301
40479562
-98277787
-25152691
-43500164
-285540
-67809149
-76617263
53444901
82127925
-88445399
31896812
-29297242
59296729
38011924
-84171442
-77798118
-65401801
-89021039
-32210980
-99060885
28831757
88135911
57635554
10520801
47145082
-68487335
-87649189
72306099
47836784
67540327
14586289
-35715635
-45346860
-37774621
-18657933
-36762940
79595461
30901688
30220175
-54114583
-61026159
-88744530
32678073
-29619611
98743361
-16448822
96647329
28056115
68070602
10009703
72257646
32354485
62596983
25171820
91694760
-85271350
47712763
77402844
68331363
98923774
-89784162
10772205
-24957330
40653044
64506595
5249872
-17121547
-59868221
-17534569
54894245
-97613163
95867695
-38345176
-64434508
24174687
-39755975
-75606505
68654469
-52140080
17329318
-41178143
98119990
-55168249
-70241111
20011693
2920514
13882454
-70566831
-61855225
95418641
1813911
-90833019
-91600109
-85667300
75398084
-54318011
-55691216
-91498688
-13093349
-40368264
-47246156
69805576
-7696581
-41118946
24839139
-66138617
-60719072
-92763079
-57412661
-32853633
79208055
-3111282
12955607
-12864068
-67016652
25310854
-2001280
47221324
16872100
82971780
-1099637
96402222
96449624
63833989
99724766
67922908
31839995
77074533
98230427
-31524034
-89050185
42823026
-47915568
-53221666
-42075912
-9247092
-94087145
92301905
96823144
-71832406
87514445
98494914
21270433
48347237
35260964
41403262
-22851039
5963464
-26663394
49708975
-21099949
-1642553
-30236083
74030244
-2624716
-8638449
-7463093
-45492582
-53667114
-16476953
-22052625
98105073
-27668228
60297332
-4452903
-71312216
58234733
-68813131
-70781483
30130665
-46764890
-93332181
-75533260
56003333
-92053331
-41146284
-72760852
434762
77877487
64014651
44190984
46501336
-79447417
17123321
23969543
4456295
-16065704
-50793644
-64941513
-15574836
-71748696
27083120
-29244548
-8694647
-48563472
90595747
56720980
-36755876
-84204146
-92182275
15881717
6925006
-42671617
-51649538
40110169
-94164993
37238913
-66981045
-6423326
-45927655
-14910848
42807460
92650405
10056206
-16558329
-58753638
49736174
-22471745
27048451
-41500700
-54557717
28289416
9906908
-28899167
-43513806
86774907
97845573
-46119552
44583657
33396042
75884304
37083165
72022647
87343722
52873656
97397704
55148429
49114799
69372540
51158129
-76931331
-50832874
24744344
4294202
36626370
46369528
68518450
40035913
-50210638
88097088
-72803381
-97860376
91447816
42048302
10986871
-91039301
-15224324
-29859201
92659787
64048486
-9372786
44984278
-46521204
-79468149
84780540
10152214
-57384324
-38146175
-24585187
-37434964
-83024480
7039309
29126036
58036352
-40313689
65345135
-73600324
-49097745
60787643
62338064
79252650
77736789
79476560
766535
63989279
44567540
61637561
-36670113
16857509
34231009
-30329791
-76149
-22346994
-49385430
-10194861
-92517776
-55805441
67468251
-50928692
-33133247
14775183
-9749507
56428556
45242480
50444229
93059845
-34763036
-69277630
57712809
-12616128
-29108237
25163211
-81826779
-20626864
66911409
-41187099
29107354
-2992291
-48382137
56026349
-70027077
45566736
26679859
96133960
-2573751
56790428
93129581
76505999
13257041
79611725
99293383
96848474
-59951877
34624707
27011456
72109113
-67628425
-81094130
-91201173
69523431
-88836097
13939754
-35191774
62884204
-37466240
-66738056
1294689
-24978456
86742225
-82020489
74630538
-26439841
12291531
92070882
74453193
66101960
65058792
-27691587
28623845
66480848
86549112
54759915
96210604
71739116
-45757850
39349564
-69110826
-33253510
81999026
-54450660
18316200
76393111
-98511188
-98637635
-98866354
-96297629
2131468
-38416739
83518476
-31034834
3362442
-63404215
70861108
-11432649
-73050902
-39901387
-19060828
-52314383
82575567
-87694471
-82267156
56704623
-80280479
91408740
-27495116
96083423
55822594
-24380937
-23308754
14291699
87654022
-27005363
30184576
-89590119
-42524276
64204520
83873675
-25263054
-63399292
-10158894
-78705650
-42952875
-98424269
-43234395
68725050
-21805216
75329391
-58829639
58469205
-76993904
-75068787
92884560
-50198557
-90170343
-53483787
-55426699
-41246467
-7044888
60337622
30040627
26374576
49252006
-1506428
6280418
70075193
-57365011
-32491825
-53399569
-1907596
-29172614
-29551638
-72802942
9412862
-32988134
-99239933
91944923
9832691
-72555842
-74907799
34607919
90394604
26550793
59037187
74551627
-56015089
70851420
13989985
-79706508
82964690
8717298
35944887
96741811
-66924512
-96842097
-54254428
-10268759
-39944318
-99063620
37473982
82590196
77051720
83308837
81729842
25254361
-30929034
40135243
68033007
71026136
-79046633
19462145
33436249
92548267
30484916
-54249629
76767757
-18269115
22615800
-60073215
-80706732
-3478753
-16782995
34132213
65456013
-60968460
-24815800
91870121
-83546053
-96721173
-35839655
21708673
-63701167
88510993
80044852
-83908061
-21229497
-93785044
-71974479
48449609
86701007
61354315
85038847
-85287507
-45534402
-20784089
90873035
87547782
33175775
86632723
-10181911
86423446
65075525
-84688645
2015067
-78801957
78813848
-61821387
88273345
-82523640
-53533994
-13599902
50279875
-15026786
-23780143
-48967172
76693451
-85657983
-47185300
88956166
18033028
19675691
-91824103
-85053281
91076108
-92151140
94671342
-26900046
11496724
22951579
-73288077
51316042
86066018
-80501152
-60913139
28606983
-54357961
-28322368
68520844
10064011
-82379567
-75818658
96409420
83585049
70055371
-24465461
27730163
-50710952
-91131717
61513389
85887286
12145477
-57022567
95523468
78570579
32835803
-42467979
-89992065
-63977818
47182650
-9120997
37147777
1973730
-23239955
14890218
2706369
-57022251
31189645
-25018710
91292448
-68416438
-60591203
-19877864
-83741361
-42673206
-82463428
71617558
23711920
-40779177
32797687
74325383
49520157
93928939
-7877618
-42355271
-25346366
40443756
86743730
-60159685
73977683
-45493964
81425578
-23822361
57427234
81528304
-15171194
18551823
-10451698
24607865
-40718871
-63787945
-91676496
26554288
14145930
-87401360
5316145
-61658241
-75874881
-9226810
24674307
-38000670
-31766752
40282932
-35421352
-34364905
15148287
42121230
88353058
65737677
-70763353
-21276634
-65515575
-90667895
4121098
20956943
-56102053
-40306915
-37781506
-58771346
79121566
-152183
77746779
96888129
98454139
-14028195
-59970680
-95961928
-57758663
71510752
93626802
93730346
-10811501
66382752
84089161
92528991
-95936740
82875510
32457481
15800262
-40216720
-87027152
-17178472
10220215
-32585483
66779360
-88918046
-7890357
23044709
-16424468
-87232208
-78232650
98372238
-30982870
71845302
-22143214
34248333
45754924
-62229188
-42425212
-27132560
83343208
91675018
65619200
25352256
-8336374
22114158
62632740
-93259151
39181728
-93892702
45090210
84292771
-39260729
27051189
-63782527
84528325
-62362694
-58675112
-61332634
-24084416
-56650446
93349239
-49206059
-14137866
-32359015
-57941702
2800570
-95655367
-6674578
49961626
10013025
-20572304
57390000
2507034
-63980360
-34834203
-15274062
12228219
-62495091
-94333284
-82868745
-3629013
-91498432
-58395965
76336670
-37158539
13052432
-27086567
589710
-39984204
-13822435
68863797
-41968580
-78263727
14914052
-58790615
-20753410
-41863895
79533821
16452852
-958666
23983871
-12652755
49490809
-96447097
55832921
-31049312
35890302
96997444
66198885
-68005895
50359221
-19028190
10741995
-20405470
92701096
-43142370
73743667
74223733
-96692794
11339432
-51484026
-64585096
-52597925
18650786
-63465785
32654781
89793002
-35998321
-19080901
-26268533
-60694108
-84779801
56566713
-29913192
90626306
66988946
21167726
73992734
-27303418
2720049
-29689852
-65277770
-2196690
83681343
-83599005
89064548
-47924909
88121486
50888928
17023153
66089109
-82113003
-33378311
-46294899
-70471629
31398016
55989719
79822220
65441871
87450749
-55095248
7708438
59269779
90574093
49546163
-81959094
89368878
-31619283
-55270506
-62493846
57653420
55134761
25197936
-23693270
8005323
14142860
-39073992
44211106
2201066
-36217141
85454050
-69130691
-5459326
19768278
-22764788
-83704670
18948916
90719020
-18467072
-8887892
-42704906
13042659
48185250
-31068130
40254134
-8764456
80269082
15129728
28398869
12491480
58087344
23025087
28922535
26464589
76569482
-48591574
-41887634
-38111481
-29590522
-64562241
23282592
15141564
96922620
-10552887
97742755
-29466752
7445103
10537173
-66514226
99560618
90459989
30227643
44770435
86136210
47822585
59088542
-5108634
-40646732
-41763967
-1813371
85507498
-15809368
-85410852
-71859455
-14868142
91810376
-94909306
-23837861
49107846
39161220
66817026
62271238
-66510731
-7656945
52485482
-29744483
73707668
99554291
-3942473
64183836
39431149
-6085391
-14495749
-55257318
-33730979
-46578101
72318344
23206480
-70760379
50904417
-18472602
55762684
49234358
-32115081
14974316
43339191
-73075297
81830255
79249958
62629986
58123382
69935401
75450209
-45026644
76341140
9104055
-64465553
24738329
-49932723
-90600103
97682106
-93857618
-65356678
80711811
48447259
10653714
48018049
-83243231
84013193
-30860154
-41251454
-48286498
-12366581
92775509
-43297877
58394707
-36063072
43289247
99556816
-36802828
-59985206
-30992452
-29740596
68740953
44353896
47860241
29591676
21344277
36293182
90148390
9791374
-43952108
-77635263
-50433064
-50617476
-37032360
2014916
-93574228
16109184
80566091
-70257438
52493507
-26498323
-89868364
6943203
-68254371
94599691
90102118
-95552594
48662511
-4066076
-84501682
-95480653
90233109
-26497165
26949519
-31491662
66401675
21157052
14648943
-84299613
26199
75125544
28552735
41447271
-51193990
-13852828
39292006
-83535540
-85819188
69523672
-15714339
-80235044
61495694
-20431794
-27504976
35835317
47568364
-78077432
-51480749
-20153144
-86418470
-28896687
-62063373
67497362
-7654014
52420718
51767866
51254512
-68800319
74541469
-60414474
-18861083
11496299
-5246823
-72735867
-48612439
-90052923
43139164
84422587
15814530
3595644
-12244929
83488873
51079403
-53539939
72463629
2194242
76061690
19899557
60574951
-76409736
16507883
72988597
88285429
83154650
-34003533
94749190
51122531
-49674237
-93115565
-48143201
56989948
-14054909
39196919
99953173
44424041
-55652451
44377511
84312010
76563536
34309329
-90985450
-41603325
53539480
55900108
32147169
56081690
23985059
92609229
75899864
-7850917
13819665
81546063
64036296
68147018
36752568
-79799324
-87704695
-15830191
-96329739
-57027728
-98085169
84482154
14784088
-65883835
18608887
-26553901
-38427298
-62110440
-357352
-55913873
-1747509
-71132280
29545785
11778019
4541142
74668509
-94584684
80261146
-13816707
22529080
14202438
-85962005
-85057538
34611938
15892508
35838841
36747722
-20162723
-38281758
-14683091
4387277
78183746
-32052436
11344588
-60304568
-25397635
-46741807
-51216578
-97665394
-50185825
-26342044
53071484
-44812469
18275722
-95836313
10252402
-18283422
-9461370
-21885113
-45752516
-84965277
51256905
-2941109
-79267550
-29995709
52782013
-72087433
-47711827
-40094833
-88334529
85676788
70644934
-83090063
20570702
-69847917
98159423
-2354289
-36415403
72828057
2542216
-22049023
-85876081
-1789670
14007627
-22360446
-34056491
-1195752
20146473
69354
-90360840
-94527209
-99199377
57658677
60252990
94725238
-81949199
-23701175
70883684
-26326353
85970980
-8410835
-79537120
30805898
-77122723
-61553515
-22241735
-14156787
-15966978
92233624
-32803558
-82252785
-36287161
-77557088
4035418
-61332913
-28244666
67335015
78639209
43775338
36790453
-85309962
-19645078
65487451
-11540204
-47409369
-24354277
-89354240
-22436270
-57425648
-38850811
-6444583
16855950
73104614
35618033
10334639
-42719929
-47059561
57336017
31107949
55376405
-2382057
-8659025
-77052008
1670105
52314744
6360622
62844105
-7338979
39038682
68907622
-7655972
53114532
56384923
98222381
-5386737
63344590
67114929
63172916
-48075261
-98498549
16596707
2507282
58977372
-83924348
24406573
-61326670
66864280
449668
32621020
97887944
24939352
13327066
-11511996
9574152
-50092
-61839793
95433238
-62735963
33817723
-82523104
-24699118
-68988109
-30092043
48924051
-30686809
-31852749
78508348
15810412
10810958
33449628
-19158192
78475174
32592471
-35710127
-56371542
-54975601
19412415
-57100675
93665390
-16333919
-64293643
-56776392
96918512
86588192
37323492
76186453
36989426
61164854
-18486418
-90582173
53009617
-24613632
48817627
-99402022
-32464769
-81941453
62800806
7207140
-82358403
-921855
-95600773
506173
14690126
65360813
74090715
-1482824
86408304
40687247
29176751
30400257
-63128888
71245596
-50993329
40942518
-67540530
-63350394
-15058969
-52232785
56801869
-96971934
86506084
-99915183
-89141960
86598896
36334229
78037888
-65660207
65825592
-90800727
-89943185
65355672
-13464104
54993812
-19286712
55559155
-37965377
57029821
-75642958
-89930804
-76206527
-78218788
23676941
10373774
78077983
-7956135
-86919583
85577115
-71604579
-68996983
-84854191
44668997
-39821355
-71396705
-19260736
-33491053
-6862411
16870871
-4014865
-44623436
93675721
-49549537
94134262
95002734
-71633421
12939972
-91400034
66258472
86043897
69442755
52377736
-53270918
3020502
-75806795
-64659069
-62472911
39237260
-1146314
-82577018
46313636
-70313688
85174017
71364395
43285995
28660941
99587989
-48450598
40882832
2641636
-60495008
26147460
-66274347
-76688529
97672677
-3075036
715223
24787840
-54697713
-75127182
16187394
49285308
1761398
10943202
70648662
88257054
11562775
-89596511
-91889583
34364855
80660450
-29108052
-87893930
-80512577
8758922
90801435
-35172662
-92477820
-73046672
61424272
-3145762
526263
96202169
-35722623
-38985002
16132261
14889565
56577064
98853384
17293236
-98297959
-45347834
-81163667
-59859184
41025806
-24237067
-90013447
48726054
30360776
91644680
-81489752
-3933619
26748341
77542513
6241370
-59885308
20595731
-57530230
58316365
48725130
16223980
20286187
-99763
-26495688
-96318641
-19926192
-12633450
-66922810
-47000625
-85493700
46866509
-9938311
-83028618
-73357885
-83720961
3027382
-52371279
-94015714
76313896
31906267
65703256
-74025166
79682111
-14080555
-38058172
81854295
-42305566
-28827334
-42449741
36753705
-42797724
-58038022
18189135
-71464806
-66007779
-83712574
-10517365
54967582
-85639640
74259963
36224272
75943684
-22460895
14311244
81026925
76534215
36654360
-43667480
-76984424
-72150870
-74988700
-17934482
77647313
-1488822
-25106442
-94219450
52170939
69035149
55164029
-72373530
-73779158
-4086430
31175636
50470752
63958935
64510974
68296835
55704272
85549380
58186952
-43447438
-64687769
-19935547
-82755100
-80621967
68865502
-19383731
78599528
4188630
-94120830
18003225
-82366564
-90585067
-27033791
-68252549
-40625752
-45663496
33726862
85403572
44219314
83903299
-1321597
85982150
-29407367
42458780
-17296382
44558303
-36683624
-35236619
-82979049
-22229777
97145903
68429505
-97722861
-57776800
87752252
73352848
96812305
91932646
-3816639
-21626606
96047541
3789317
-11608014
-87381046
91187565
19354046
67052118
44645190
33983350
-88824927
-23222147
95392689
25384809
-61799285
27207440
47832592
65845654
80928637
22934095
61067718
-76501927
-71545711
-32552039
-21268496
-65183533
-16260582
-30786109
-83999952
-40915873
-99887197
-61074732
-8143727
-67361221
22532636
5082524
3104381
-44660117
-40761587
-77053248
95007147
-79133486
-58917285
12054568
-79130922
37795326
17412028
12882851
17205754
-18757279
86341508
66151452
-51910786
63855397
62224481
6386506
-83588708
29733643
-66838286
51386779
90029910
70844813
-37144620
-40587804
13980272
64815939
83014494
-69753646
24452665
-12216478
43926295
-79501256
54520596
-33035405
41992233
91642241
20920989
-326823
-15033163
-5520337
-46788797
-85428470
70943230
-11598366
-38722479
8562607
86354814
86044724
-79236169
41865906
-27991163
-69338636
-80367253
-85123375
88892300
30605958
62650100
-14487216
-87695334
16524982
-43905096
-76747988
84177122
-33224936
-18979199
61311320
-67462216
58630263
-62135222
-46837690
89055263
-35380344
57432040
-54675030
-97370192
-97040168
-31278100
28387230
-85002264
85375681
-99841686
47799565
14795742
48986760
-36576221
-67886106
-90351923
-80228408
47118005
-39762682
-42460869
80029036
40620438
-31225128
-86481047
54684187
69866258
-36739175
-64292497
-79837805
-5372
-65462835
-91712095
22764864
93343677
24100207
-81830128
58670161
43953701
90922654
-25860972
-37865863
-70024227
82193502
-36288156
-18708310
42477210
67877020
67433393
-11618142
68510925
-21980802
-88474716
52013596
-1720325
-38965097
-91405040
-59411099
9744078
-78387213
15671090
-2202152
-95369712
94610736
90857103
4381078
-27207387
-36621167
-73109219
-10734243
64585133
50074475
15680932
27130992
23180625
-19226600
-41012520
-60683908
-14875722
-3557867
78715059
53924198
-13455139
78042729
-3466696
99726516
55575708
19404547
63576880
-72649233
-22326902
-97002483
-92579066
-69744364
76455312
-81078229
93737085
-85162467
-83541146
-53352570
-68787968
64314614
-56284551
-1700151
67826290
-62152578
-90967586
78443539
2029583
-64416947
61693447
-77932555
-64429739
-60996855
-56107022
984862
-64828802
-68597013
-43170677
23492194
-36888998
-68680483
3043751
-94491875
-47149797
13046763
74718496
-92945798
-11303369
14473086
33261064
-31282522
-19035642
97870984
40387078
87900370
67356388
16470564
82564955
-96143613
65891653
-17150276
-48605779
69598084
-78506221
70446612
78119073
84333971
80951334
90944475
-49914281
41050196
-76639265
-56904007
73763009
-57792819
52692415
-39608271
-21938122
-63772708
67817307
64384744
-39428902
-24388837
65549291
62753721
-94329138
57526402
85051985
13856507
-5912739
-54445595
78221638
-4990001
-12607553
43342148
67955813
-74791893
29653107
-6604197
52090524
58927058
-98315285
-94914800
90082328
-41009040
-35836684
96945795
-43326789
78389219
92485011
50051304
-44737332
-79483542
-72839122
32246877
57649460
41155718
97091861
-17980330
67302043
-66423732
-59777640
33822035
-51438749
-47813163
87119977
-22760533
23381571
10848214
-63183122
72352353
89314963
55476056
4261115
14343731
-6254046
66114446
98035023
90888867
70372519
-78607692
-40947084
-64304787
-98597174
13618212
8197777
71629723
-25036019
25607523
-69692397
-62918263
40957023
58051444
70386280
71614554
-58064929
-62394136
79164527
-54213827
60627881
63324976
-13901473
-63764541
-16099885
93123645
53251240
-87005774
-62589203
-43452876
-82102399
-13578968
-61545241
-65473237
-72041928
68773856
-62997674
-50986598
57702771
48592436
-38948222
84376261
-95542200
55582527
58532611
-59256120
-41065699
-71458437
-31081727
44765118
53404706
11746441
-35288833
-57950250
81714281
-13481714
-31625785
-62566969
-22780166
-78497203
30068575
45246468
-66163921
-93591287
5443340
-84442532
-33322762
-91180419
42278545
-65417493
-40070249
-12300730
-78709375
75805813
53725123
79786781
-65031414
39204632
-37824378
-92507497
-83984791
31102065
22809183
99899071
56128430
15390051
14752302
77644528
-53800626
-70261142
-25549381
55330243
-55023614
17313249
99490872
5099916
-62224870
-19558491
-28959791
86847459
-85394376
2426583
49415631
-10051263
74165916
16565196
-51468827
87551438
-87106399
11578253
49994446
99373870
36779832
-4708654
-35920801
-49843692
-44892881
9132062
10596344
-91473681
-51721397
22469954
-59577502
-12551004
24835241
-6892203
65661222
-42595939
-30159047
25270807
77456656
22975916
-77340035
99453117
-37293209
-65649367
85520547
83877235
-38566377
-1228585
61316449
82412081
57927549
-2332310
-47331079
-97876375
-11057185
-17614931
-67764375
42293626
40326695
-38786587
-41073133
33981108
-57087498
1622724
-14983140
34139405
-37790945
65201674
89102218
467892
-68158166
-28688210
25537395
-40026710
50867349
-15704698
71300320
3908684
20208537
-46967869
-58055016
-28424372
-65074951
-87645648
48126014
-5259983
-78618939
84761985
-8311368
30532163
40006774
-77930747
-88412561
10415560
-28996321
-61245292
-72027502
56152718
-78400889
-10998593
-25371981
-41409173
-84870812
-29583434
-33045140
-10348253
-69929212
24959693
-23832308
-7045116
45604288
-46113612
-9032308
-59009749
91530904
-84028354
-44301483
70517302
88554433
-5820103
-80057522
4700353
80125234
-52588739
788017
76691174
-82492729
79682627
-88822547
-68352967
-6849481
62422289
2249172
-28162918
93643755
78924140
90510642
-44763855
74044800
25097544
-17166795
-27987583
-13375138
27934101
-15413755
43400613
1955780
-8340486
29686372
-81118253
16255265
43169857
-5766525
-21070532
-28009832
96449260
-85184440
-88590962
-70645782
26122574
-42058965
92871937
-18428921
-55605749
98863011
-32307101
44729445
74262698
50884881
9501864
-4715580
86269313
-24701018
50181045
58605259
-73953209
16031169
844152
-83913264
-790327
45419168
-55912467
-51475162
39360028
93889799
-74500929
83335472
-32789292
-82140059
-44342396
94000999
-15853191
-86741591
17533117
-32997599
-22002235
31663067
-94242005
-70581574
7964599
-81185097
-45328950
81495834
-91284457
-4076873
64116279
40296093
36987202
-98467516
-57828609
-33152999
-83693929
27864937
50160643
-26523229
-21133346
66304457
-94115850
73302228
-72423823
-32089020
93837358
20600792
7120941
85106017
-4775134
9692387
-14138707
98831693
-63700128
-13742183
-40195006
-15709442
46232385
-54320531
-38675533
53653927
72220996
94078787
-12730389
95334519
90282437
30920222
85663232
-27801316
-96348561
82673383
-30794276
-2896345
81391812
-87538413
-13372453
-88902494
-22643031
72896568
-20762807
10094263
90262301
16974256
-2158917
-41028097
-73070997
83155472
-93413974
-14094055
66113168
-78696082
30380610
50834420
-50894038
-70179497
26002984
27613709
93767572
-11425530
40015050
82301097
53571844
40494422
-24313122
-66382702
-72634541
-69380838
82603277
-45170022
79395443
50961103
-68958514
49044830
48474768
46595741
92960980
61975281
-11122544
95569931
24296850
-87939632
64710607
-91539076
21933668
-83051574
-85846026
-10742506
5743643
-99322976
-28317567
-22123833
-38784660
17775751
-39569519
-5845489
-40206504
-56890359
99566159
-4783974
97314779
77891237
-39892594
88922302
-87114428
14705877
65148589
-59519512
-17755324
-57988893
-37912926
-89959876
56590424
11907423
-5909741
79769658
-32923641
92405182
17336878
-23867999
-16765047
39477956
16320832
-16680940
-31443868
-20863542
-16815191
-10912894
-54545771
-29153854
-50155093
-32940634
-10094898
57304986
-18115271
-48644075
-2240076
96090015
55204172
-24643521
-29385433
-2069798
-77873281
-2887109
33778152
24606664
71997229
83082129
76355025
-15229711
87366632
11112561
20261752
-15555668
46861389
-45742615
21038706
-92214132
-28637614
64202084
-30822047
-44184210
-84234124
34080944
-15692407
-66924314
89968199
-13882995
-28631484
-12612561
29182438
19629734
-10905515
91739371
-50075132
52243513
35392684
-62362751
72039892
-65002568
-15338327
48875977
-64985561
-7188020
65317425
74610995
-32351862
-6403891
21740592
-68699070
49847251
-61894566
-47526818
90640701
-11795868
-8980629
-87449041
-73946703
-90692407
66007583
68130829
-9975954
-83798992
1642346
-75854221
82684848
-94412613
-53540055
30560710
-16036747
-89222872
43795771
-13960816
81165120
-98717576
80442753
-72264415
-23535230
-50432270
-43570064
-40835482
70631511
-24915996
-90337206
-49977413
39938955
-32489158
-10442440
-6832860
-14347010
-63827580
33642938
25375798
35036350
-62411331
67079334
-17776880
-91965673
27077207
33898992
35998505
-82756526
-16427438
88338127
-74362607
39122128
80284930
-43542927
33382579
65527960
-62444113
33190289
57070373
50003657
-91545799
46284343
68399448
-99315487
-56261160
-62410547
61214596
-46806800
-38214113
55101737
-55068731
-65880962
-18882031
67492316
15211366
56956999
63694921
95984238
-21957781
-50433089
-65885978
-70433833
-83087795
-20189952
30664629
-76690613
-22014882
97119091
-73033742
30527741
22760298
-26230641
91831719
-10337547
34813400
7614328
2721372
41646790
18263258
87394322
-27355771
36436775
88008445
-79988104
47885674
25739734
48792823
97943770
-67451246
-91557456
25174471
-63772468
66620002
-59643430
66633388
73948733
33072208
61174271
83472642
58456407
47291123
-53307285
35521426
-36420051
-71569050
-54527930
-7989015
-73599644
52146446
87013833
14836581
80203480
-82250575
29052856
-55819240
-75585711
-62551641
-9191593
-12725197
1540617
-59446223
90196790
15304802
12209637
-81811167
-85942177
-95470156
53562599
-99166736
-56746752
26908829
8772248
-88700863
-57443486
-90072830
-14962130
20961927
77182203
-65952378
76107567
-1381642
-96328273
-82091359
-67349581
-47760600
-99368825
46186087
44021406
-38709996
-92962613
86795318
14720048
-57449758
-73264717
-63067994
92585885
72648315
-98304723
-92837595
-6988261
96239500
35929018
11504959
87959431
82975080
60442436
-54446905
-82958098
37762210
-88468660
90618164
96148294
90396905
-61351899
61440001
38570315
-79261437
97704744
23950867
38955117
42205437
43764102
84649539
-86739963
-32193305
-57085804
28744003
65121083
95810766
35360490
-95110177
-57220924
99602719
92967276
50619452
-35037692
-55946834
53385876
-66072299
92916449
59431238
-65856023
97001054
87976252
36801069
-90036393
40304016
-23427823
63024841
84667130
-26288677
44856309
-27821707
-69738297
41138568
90245536
-41683370
94862951
4816192
-77902908
20740209
78370147
-3891959
16285349
-23899918
-75300083
22365823
-45725371
56575269
52670209
12181824
-47273399
70381390
-2260676
-95884203
-67397052
82804166
-46214416
58366389
77670147
96659214
-60307744
51824474
-85889027
44550699
-59715501
-58917484
67403762
-16231934
-74237494
79271277
60653804
36186669
32423120
-37909168
-6826022
-43728080
62766958
3306146
41982437
-8834699
-68728609
-46887705
89160053
-24884111
45082890
-54293188
8991489
-63567332
79474311
-85367712
8712664
7522085
5887752
-49623688
-89927563
-97917160
-4142629
-57555375
-52918778
39171756
-67888974
-43661627
58122639
42352646
82413432
-43631863
-44804926
90168080
-25983694
13855701
61239089
-83079091
650411
-35006458
51747431
-44433432
27944151
803849
-859818
9181665
67537782
-67628356
10969051
3865684
13225176
85721532
-18065399
-73388717
13052972
74412124
-25084247
-77415242
38226299
78241007
87351694
-30064267
-66884925
26566249
66686391
32518067
54123278
11728497
29074195
-95269034
-21471244
14360926
34367946
13420506
-53861006
-81059225
61295611
20597157
61055396
81870636
12790832
-43032980
-82692446
90422541
-31000601
-51110783
14783883
46365233
42534182
92842417
25280003
33363580
-5418169
62385933
45185348
34910388
57987826
-20185134
-3327759
-51807486
-55727218
-54056853
45425954
-18831340
-26591483
-17146674
-64675051
-89478841
-60503273
2945650
36130069
31415197
51092848
-87651577
-45556155
-72764788
48137096
-16105431
63997690
99561819
42610730
-3013505
-19328054
33302088
-27775352
95821735
6548427
12347641
-20138639
48389167
7640674
-89424076
-42621885
31705707
-10431492
-1424266
84011661
-9217616
27246900
6476545
-43666443
40615899
-58434107
-5165828
73612219
44811751
69079549
-96324955
10285028
-21725561
33449257
-47416008
40317348
-6479868
68705852
65967107
81851868
40081013
-36614207
-25375064
-30209415
-40403320
-54511390
-8805803
-64598418
78057419
-47921999
-97345462
45548034
70758329
-60742519
-6431916
1284171
-23985022
11467352
12856486
-15840277
3542156
-88919153
-46794842
73042090
-96081545
-38033300
-49361093
18486675
88537723
52325037
21818690
14331103
-51605338
23833666
-70968488
-8490045
54453040
-409180
-95954981
18579505
89549175
34826610
43472977
83031082
-23603464
-27944622
-10661205
-16559760
75517925
61727684
-51947522
61698242
98523909
68801001
-16866447
97900029
46079080
-96112771
93776609
5150029
-9445322
-15826010
35722006
37546752
90810123
37281836
79840903
-94924624
-89863871
-4420759
46444648
-75163313
5408459
24277311
81928055
89261604
84088704
-43149472
53894241
21732912
54919419
18287214
-53478779
36794749
10487661
50481003
92435408
10876681
-42828476
44167000
89967647
60036534
54239542
-67196431
50155547
-63740986
-95277261
71088027
77555468
-72196604
8501405
-81978684
86948426
57032723
-18110931
86821508
71850985
-28849239
63609839
4639333
-11468932
-17361707
-68732033
-32160549
-24871498
-41771027
34289209
92131626
-46739017
-31312817
60827570
2941788
-70603508
52462997
45686824
-10398829
-36178116
4300717
-75399394
-9541423
10759165
96974608
35698210
-92401704
99131642
-55411131
7836622
-11760851
58080326
-89754250
-15732590
33914637
-18422136
32445152
24416261
-98107690
73972121
67843582
-23025137
2793545
72746179
-86071051
-10445218
22960137
20638691
42931480
-63288298
97877943
-54590008
-12306984
96146277
57907679
55764419
-149618
-14758137
39681003
-16308858
-51464275
-21605572
84371216
64870101
-81331807
38089769
-48577974
24506804
-15113644
73184080
83259019
87268140
66104916
-88524111
-95861913
60199283
97384307
-13162783
18941040
53066272
-97619334
-80907560
12550905
-49377662
-28198268
-29530522
16751197
-16954119
40341491
-50171838
-17481609
-82039209
-40564608
77958894
11364382
99309501
21074008
17501873
36632133
-93765077
691847
6713721
-2900115
86030345
20088812
-89493745
98018034
35884770
-6385926
38751934
-74800067
-2111330
-28190832
3160619
99664562
91628694
-55509800
51197235
-28252850
-17357701
-13858350
-48918650
-2325524
33548170
69164803
87962925
87909340
8537933
68258077
30870864
82571505
-97413924
17835917
-33551713
-7408280
-72253984
68269723
46555205
-84211509
47778565
22442260
-16633704
-5880209
83413027
12859630
-86562700
-3577835
-96513208
51344532
46597056
99012780
-26747000
-70368467
-13914792
-70159536
13378803
-99725681
-9628149
-82279900
-44884812
45537586
11577563
20049651
-38868532
-74774381
89014666
83402461
68277170
32001302
73249032
7568624
65312943
40890977
-81494330
12675789
99124193
-63467264
-92359605
97749322
-11566770
-20009939
60030997
52431039
85401085
-20894926
-48315749
95505199
86553036
-63991845
-34129206
-54775195
-14979230
-99272308
-94614645
-51623755
15323750
-63031624
50632193
-90481946
34079524
-92590462
58921133
-33006501
95422312
99231964
32490094
-9074858
79343339
83393632
-21980801
-78384813
-96305565
-82565053
-49994945
32785219
7730500
48762571
70215081
25050408
23425205
-40128476
45007447
-27307720
96746404
-53582806
28594174
10716785
-35684884
45983952
-90794727
16894156
81137353
31006692
-84460872
-40871910
-44199600
36471635
-14970498
42124052
-90421737
-81893435
-61633071
-34761243
-44914086
-23249273
1233093
11412124
20067310
-42471674
-55915775
40435975
10725813
27141861
-25446802
-33541710
-26731560
86815824
-19034253
-46666401
84605011
64621786
6376511
-57095489
64761778
7326741
24892720
-21873006
3600343
-56668883
-47191110
-41189862
-46837654
125528
-58803362
-84594906
-85094060
-56794538
-87233275
-32920548
1277185
-72131991
-7854591
-31836897
-98595266
32585409
-89892240
-11580355
-68676546
62784013
-15974132
-84346802
97445252
-34429481
-62300374
45345956
-36032899
31164675
73662315
-64950077
17933940
-99977307
34948480
-44033157
-53539867
-45717882
99751532
-59411117
-61418061
-44995740
-58498213
-73705741
-81255612
-76508286
-81475124
-82102504
18148336
96515464
-98112895
-54859250
28312049
-91062795
-20791744
-92463262
-34355752
-44032293
31963406
-51527385
22271374
9759578
6108524
75675519
57239960
-25313960
-47268590
13162565
47725572
92650179
39925691
12987307
-27805308
-71033568
46607698
43245377
30241505
-98887911
3652372
-30514294
-61440022
77994741
-3438094
-60022907
22320766
-74857123
-39803211
32818320
64058651
-6475999
-78150996
76140683
-21501437
-76460793
-85637029
-14341912
94981385
90683668
96235711
15987425
-5223912
-31393385
-74197134
51623875
66167590
-9697073
-91383302
-14999312
15278616
-77837920
58033709
67206382
51250784
-26558583
-32028551
59385966
-61925806
92036237
81013895
13367742
1956669
70690071
14553277
32956058
78888211
-10140386
83372477
-72409464
95027906
-7721467
-76401362
98231322
14728567
-86246353
12999895
-30882038
-80762095
90896132
12582699
-71641280
1105183
-88859932
-9868978
58795417
81081849
-47841291
74033342
-99156791
61380071
-92423586
-14540554
-39091444
-66655144
69380463
-83874463
72549472
-28399418
-61286198
-12722182
85354911
-23763207
16417672
94430051
98053218
-57545476
27895830
37574222
-76924046
-14184094
-84834111
25748593
64727948
-87012575
-18224548
35436109
-80659276
-2598414
-35385253
-73814370
19884987
73503611
28064244
69693791
-58020331
5740146
-68666542
-48098252
-2365095
-609602
88602764
68786863
-24824419
15915875
-64846918
-38544986
-31807359
-87327697
-95175775
-4037218
-94798421
72037622
-57379071
64832441
-95382330
20329259
-93060968
99510831
-12278800
64901289
62886525
-99433500
32217331
-9481382
-79600117
20680069
-73350492
-61502884
-63561929
54192051
47552289
51440360
73683217
-43150124
-58037220
-31595149
85657716
72438343
10863646
-2455657
31541860
66731891
-79257352
-53674813
1961760
-38030261
48315220
75062956
33283013
-85060750
84807160
58113563
92379981
-98752792
21220628
-22721394
-23165761
41637304
-47502655
50189458
-80845573
1307408
-79431121
-95365597
-82757068
-17029055
63324576
47451403
-89736553
-7624115
47436720
34408333
31560037
44779207
2037635
-89833979
23059220
-84778902
-21848630
33996382
-17919085
-81171978
-49428045
39022221
946869
-86368029
-35028246
55802231
67975267
-51098028
-35593653
-83212759
-86800583
-74160451
-51352104
-20252349
51949812
-73792585
-21222225
78079174
-73607667
-50949532
-89749682
-46027040
32095794
46903487
-86015244
-41829258
-83927371
58628679
-38261158
93945700
-82175148
-90897403
17510808
-60704205
58983532
-98291251
63463378
80401939
98173477
-90506546
35772890
-46884666
58718331
-44694001
2895886
49335047
-29202593
50755384
-99939431
-64775540
-90193329
46763520
-3164020
-15162454
89403588
-77447530
61787512
99520081
42549248
86278705
-32940095
83489588
-37550133
94753951
99967333
28176418
31571598
-64276409
9514362
-74298862
22482116
38545031
-16940811
94673467
-36553153
65317619
35597567
-83867731
75093843
97767863
63016868
44174518
22145429
55636269
97745465
61887714
59477700
89460678
-97564110
-60164253
-73708918
89748788
-6297351
-44031195
22986989
-29725875
-20096621
-71430803
30898780
-43359621
345806
56820846
95889473
79580456
84047838
-5027753
-76185747
-69745778
-21458991
38635280
36546797
21179390
-77002819
-34863360
-75010892
55626352
-20059908
-51409273
-62838603
-17106502
81298468
-81279428
40333661
15938206
60431279
24574079
-14710851
-23745004
-32608177
-20875423
-7118167
37248000
-64982729
67737775
59719365
-19532725
28371102
81712660
39972128
47742070
-56840002
41316381
28341549
-90031845
6667016
60949726
-43931588
-84400746
60582317
64875081
44265446
72877734
53269619
92116329
24919936
68451985
-82581168
-8280753
10647879
48909535
80948275
20861339
69100941
51966677
83915039
87154968
64922664
58012186
-97849790
35989050
-53830547
67421087
-66060517
56036393
72140140
-30741640
17814338
53302452
-11603531
-74328051
72793761
-29363236
98941883
-73264012
-66961767
-51861406
-23951222
76811253
28513572
49003248
33227266
-53206646
40080123
-69950333
85213596
95175021
10217341
79008541
55169473
8998417
-82404350
-96843088
-25492033
66373065
58841917
-49398413
-73110327
-46127239
-66994894
-88437347
97847101
75866994
76346641
-15236764
72906009
43816111
55122371
25794312
-68873782
66791365
-26720632
50423282
-36454682
-33470863
18816434
-53374620
-48466249
67852204
36997538
-41755558
68784713
65918798
10361488
-61247232
-43938007
97156262
-66182730
84114032
57694757
8337540
-40123894
62901818
-12726423
-36251849
-36649880
67837220
-56477825
-25140463
69137764
-66190583
-88537043
18861701
-53510271
-94475668
39597884
39618781
37968072
76201390
-73229800
-53388660
-28917668
-15584729
53775879
18950805
-57470543
51982183
26299138
21403345
54025756
-62653536
93309962
10391626
-23141117
49841730
55538410
-65241634
-87637026
-31727344
-80109721
-68943728
-14871391
-93493152
-54920950
97242817
74419667
46389690
-65357615
-34380218
74076649
-38367474
-86665193
-94263324
-12368847
86094132
1535324
-58314462
-97211137
-8721455
-15246233
98647532
-76663436
19282610
43696433
-77100639
48996439
-18048196
14766421
-21925957
24466105
-92593688
72554979
81311358
48041173
14680784
5785468
-94574622
59196000
-4357213
-98577447
-68660156
-50568719
-88116123
145488
-6630216
-26938954
-11781861
-56641254
72828358
58498709
73655478
-54240100
-57634598
-69054478
38311232
97510559
-71430694
52680136
87024736
-41791339
-44471243
18312158
-94544375
-51303508
-3913654
66097659
-68407063
-98176524
62979337
72252925
37531572
59883432
-30320178
-43279476
-47645804
-49275318
-9757931
-7856870
77205944
-57611706
9357536
-21921148
13414085
91290655
94275618
-42794979
3784890
-74620062
-51343785
7510658
99019799
36689350
-45355559
52753752
-45335102
-37878577
-65245414
-97152350
-58477730
-82087118
-51923785
-64927320
-1667947
35004684
14288688
56937725
-22597675
-90412825
18954574
61982404
48719086
40174933
-38539346
79016494
-91373491
-39641457
-32832070
-34151895
56192040
36493855
35580021
-63781136
56095760
55226353
91140875
13903018
6622732
98447641
-82519133
51430976
-66993510
76555030
8546409
2017800
18749511
33812537
39167561
48338587
-60450233
98644266
-14260480
-94999899
-55578224
-49822513
9725111
11890737
50130510
15667122
-8027783
-12237123
-85927567
87379440
15485931
-54959672
-5701965
-49363013
87184242
50135863
-40579038
71357106
-94144135
44108383
10923144
-85376830
88336604
-49216897
-11745255
-2746257
12522284
-47106040
-20563688
60879669
-86634079
56773008
-35353253
17704286
-66721980
55040626
32541385
-5368883
23522331
-14354611
63317593
92626692
-46758359
-41052343
-17007894
-48466546
-86754337
69661631
-35526587
57703842
-29888360
-44080553
-64134177
-16514548
-2080845
2157924
33161331
-74831424
-271622
-9333680
-4359594
-52066370
-29095593
94774259
3567978
1134808
-59300368
-22248575
69124786
14658492
-82671699
90170004
2417926
33514378
-73067042
60128246
70460745
40479088
-8927393
88580215
-60910848
-5813456
88601170
39456278
-65156105
34324760
-91130238
-9767686
-22714966
19669234
32794800
-81065817
46500519
-61900277
49835996
27230642
3824372
-33052063
19609551
24694451
90094838
-27221502
-92134131
-42674216
-26682546
-66175730
53439681
-29368833
58893312
45771480
-52170188
-47669886
8559708
-93157506
-28125379
69452881
92473658
82609809
-29092991
-70643569
23314701
-75634357
99376259
55456966
81939736
-85727574
42650742
60882467
-58043672
-2703203
-886312
-13965564
-5287621
51502350
-89743745
-70030902
-10684326
-95163695
-91105516
26965249
98848743
-87389710
-75828400
-42002460
-72088402
23096803
-32878465
67721620
-61650265
-35750930
64456770
74335177
-39849455
-17249169
-83521216
76358443
62342892
89124011
8381726
-18459980
-13880072
-26501137
79049025
27545287
-30052779
-85354046
-97233143
-99068520
-61302800
-56453700
-59343656
-16485176
-39504999
82857315
-71257139
-16365002
91258082
-47612615
2468368
-25124710
58204901
7859978
-70648119
39460221
9447567
-29758277
-92832653
-44103305
74680970
-88129342
-61647386
43011019
-84563732
-42817461
-69884901
-84259539
-31342433
-38430135
-13969519
74396165
-32531399
22636337
-77612807
4971015
44937966
7492198
65499444
54663515
26591079
-92619477
-86178277
7677641
39392868
-8476525
3213620
52278303
-3677787
-11130731
-80919044
-90027545
-45351938
74093707
15791837
-52847410
8337304
10225777
-29496170
37331331
-67687098
-19689050
-85559153
52909226
72525303
-7238530
-87365733
-45887810
59952523
-25527529
56584507
-47691205
-94992600
-85254814
-49520158
16385000
68125536
37216096
-55112370
-19592685
63353589
68960374
19401974
-436177
-74793872
-53753496
-68648515
-41788783
87788013
88477581
-27372398
3989883
-59100683
83224163
-14581960
-68651589
61367115
-48686163
72683759
23053373
88498862
39982530
-42518704
-68741100
1859152
22399134
53397323
14344799
49502986
91736436
18897499
95996722
-58078788
-93922112
-70125616
-58026193
-25815217
24549291
-39492271
-34942215
-50581806
-10538044
96135459
40772567
4902170
-54630164
-96507392
37580870
-81951464
71667929
-84562266
7707487
85084461
-42592433
44077732
75141936
-93362821
-76492316
-80975162
40639028
13086322
-97312919
-64547257
28663644
-51075200
21545671
-48568487
84260427
-7509071
15882127
6929580
-46943041
-5408096
53938292
-2449917
-73336245
51767691
-8894762
37332657
17381994
-54108046
-8487368
30249213
37530378
-35221404
-11540825
-24083666
-67247108
8689063
62326898
96505761
-77774621
61896902
20271132
13408333
-8578237
14006407
-17915080
28488594
52586344
7081223
15703693
-30438799
-36784451
-89245788
22719397
-99091954
80157943
13450170
-1199111
-25629233
-6592437
-86534459
-1617619
-49505884
-12352075
-49900733
-53420657
80866395
-8249189
83051252
87523199
-18544054
91228189
53635924
-1779271
-36454861
-91606892
-17266722
-25011245
-3527110
50151927
-88026269
71364348
81241675
-88223751
46702324
79571067
74486737
-52709129
-51456702
27866776
73573589
-87545650
-64319155
-95071519
74713212
-68549517
44849423
66797921
89399002
-31541029
-79796297
64048055
-64124485
-49707905
-42902679
-65778498
-42402247
-35773605
-73023210
-41118479
-83897617
-62710900
-69133787
81723569
-62410564
-4222387
19699308
77196781
-17779837
-52674000
37746160
-75448085
45287235
-12562921
-84952283
-47496003
-27216466
28033441
-35533249
-99565011
-62841857
25843000
13688504
32104021
70625863
84349722
58884481
84332879
-65491793
-93206887
58320210
-10836820
67131312
-83302388
-1583853
49268176
-24858346
54926947
-55973257
62289827
52959081
-27266867
-54384490
29325050
-17115603
97722649
26889800
29061805
-28066096
-94058868
23534058
2439824
-87682578
1918435
8735585
-12086328
-6810491
37327050
46452427
-17470823
45795384
44600719
-48911308
5118927
-65127610
-69758196
-97790912
-9225167
24826561
-17039730
-45843121
-39106915
50572001
-50218737
-95464168
-87241834
41068144
32706619
-51632911
-4990699
-2993435
19847359
83076904
36800162
99352311
1547111
12054430
99411316
-45698013
-25285477
89919744
-25492536
45079703
5400072
-12440341
89344464
-40212295
-7685180
44385109
91935753
-57133492
-22225971
-35174849
23971397
49911726
90971680
62042506
-38842555
55501276
-7902968
63772032
-27407505
-70778334
79532002
-66989508
51000551
-95876942
-54531778
90613524
21718452
52005623
-49057873
-22346456
41442604
8489030
24591324
-82155341
-35648599
73601596
-33987345
-99374458
-23264065
6026756
68846402
-54291799
-64683706
99739993
-62380408
-72330127
32806234
79870975
-22308839
19369351
-36805040
34416084
-8975315
6432517
25345020
656876
-60349709
28880229
-27038355
-42143843
-86673361
-9396647
-41438585
-36491574
-97086655
-64498676
-94743774
76818880
-77374191
22731922
-17556588
37834890
61941306
-9388220
-75120310
-98689202
48462334
-40353147
71606923
71583682
96297340
35113030
-4455676
10335046
-49916427
82441493
15490306
41681270
48930884
-72446375
80211316
17245610
76896159
85293162
67005655
68220408
-68896183
33807583
97636656
20507533
-18661418
13175898
-56203180
71965760
7858136
32558493
84340006
66881603
-36430736
82027210
-20084700
56222410
82232056
-37905967
-26906402
-80697543
-94051552
-92577566
28127654
93778867
71755941
70504801
-39608375
3105275
6992966
75137995
11087930
39284615
18200529
-90304959
-4269897
-34880109
-60604066
87579696
-84710544
-96534809
-60127960
82968394
51821251
-27015198
-21042435
-23885527
-56266533
91053073
50046700
-59513548
99732916
86771048
80932040
12049831
29001989
-38120
-5753549
98225908
-69151628
-71521963
96073643
43549127
4200231
67822114
80170825
15828808
-14102878
-72209289
-77496455
-40446360
-17350707
21180493
80759769
-96337372
-31112256
-94740642
55512779
-47176188
-1513439
15946412
-8344361
-51749053
-88515837
-49101751
-38255180
56185376
-19611868
-79355863
32278851
86402461
78611024
54617803
-42525219
-66924365
77402360
-31075906
61802203
-44458421
43202444
38558509
-86669106
85316498
18176669
-6872029
-75737464
-43202634
-34565270
69843716
66107293
96783369
65074605
-98626901
-30251213
26394934
96041761
67284041
-99268481
-63493472
24098270
-96980136
-35709569
-43473544
41338682
46530999
-3094030
1416544
87258171
-16019565
16821234
83051542
1733630
-87999420
58017479
-30402337
75957695
-99533368
-88009254
-68314156
36800844
-85021864
86631247
-61340677
-94003543
-59196606
-17538741
-53228511
82226663
-72004074
-77862630
-68048583
38590188
-14189965
-86483763
64131296
18898449
-63388806
4810242
936851
-86401633
54708901
-49311935
-81840677
-67529652
85905668
34263622
-82402906
40090432
-50778255
62294921
613472
13871051
57113009
3272840
-93664386
21893206
79072434
89678180
51760357
6563782
-64795364
28375224
-33822865
-65411636
-12954191
-83728305
46441797
27102854
-1796488
-2564334
-52126372
-82188594
-68855436
68731736
29330313
-75698809
-7811334
-44245088
53858230
33822618
15745252
-64940468
-53502558
89123774
-29383373
-658195
84997324
-80760833
31346354
-80124574
-70167631
-59954982
6793026
10390394
69526822
88380369
84707583
-32113365
85259208
-82757141
-22833026
91224996
-20276276
71684015
-90617742
18785975
-27812721
79209624
46497265
94298893
-45644620
32078956
-30544659
-35012649
90438260
-44529062
54904744
-46602504
-56867621
40529204
-83152235
2442387
-86068965
-31609939
29194820
61050151
75327304
56357463
-51235382
-21958664
89868575
99468334
20012685
17414949
18115651
-74471442
25202103
-35519824
-87942990
-26900452
80115129
-98337225
21975803
-83521490
64982305
25548802
31662907
14256813
-78907322
-23189319
-38198992
84424838
-58611790
23676592
55520497
28230314
52797164
49178712
87335754
-22509395
62836228
99290683
90868493
-99830662
-41460878
18797194
40452567
18210431
-95036408
-11539868
-80155265
15934032
88482999
12897951
-25822429
76805188
-34265366
41046117
45790475
71293274
-57320179
-38540894
-34077188
81067830
65442858
61615053
-81144537
-13845744
16191632
-17946609
17346688
-28160743
42053026
-87624389
21505210
91861783
71181206
-43452997
-63662366
-69709153
89380849
-98853239
-83675614
-31990072
38633867
68803580
15462595
-21446435
-20440396
31889856
-64377582
40944742
67626910
-72387147
-82530462
-2978935
89592858
78633874
-1816290
75805735
76032780
-47494616
-30650289
-45163038
-82397685
-80547818
-65519355
-65663660
-1830903
-78888529
-99170903
-79953012
72189798
-98803265
-28989953
63859651
82762223
-36378634
4359938
59714902
-21110062
44717069
-3680337
86076249
-92775493
-95979286
3896435
39007714
-31534727
-50509223
30661050
15904661
92991788
-96696030
19688742
-82829042
16172399
-47526927
-689508
5219707
-62246425
78723998
48763581
-44912484
-10115978
-25947953
45304757
69664018
13847880
-10346891
-83127025
18040895
-43767685
-95103784
-25229184
35878957
-26748388
-41633343
-70366207
52067358
-20530610
77738636
34969553
-20233306
30245182
-64153627
69409548
-13240551
18150460
-9385717
-63682965
54663948
78591943
70499634
2217003
-1150651
17408527
-85806197
5018623
15087088
-59761182
-53035881
78674683
-81074191
-86651375
-11452777
93224478
81437984
-65182127
-18933470
2884020
-12529151
85726635
54011194
-47000057
55059229
11836579
49613137
86256887
-59837873
-9620421
-25761335
8982262
92348665
-17594941
-26663218
-94778911
31250804
77803512
-44746357
34814263
-85984663
56812662
36800156
92534011
-768179
72952616
80925380
30739558
61742878
-64440668
-6715614
55949343
67217607
83476589
-83325488
-76436299
-6588132
21986287
78750739
-18353455
68240198
-96428434
-52152340
-51067958
3785635
83636196
21803645
60149031
80078182
-23935953
97991696
26884766
-40822576
84871228
-78344550
87596619
-13544430
-47804811
-87360046
-22986631
-78679605
-20604194
-9121362
23744632
-13671803
75041460
-43838129
-25404751
-43479613
-93629950
12948597
-68889202
-3021744
-7995656
-88044692
-1821815
-18525324
72882937
4975847
-35346683
58186080
-28533897
57230953
-12185570
-85062577
-60206775
4061697
-15535074
83238862
19140167
-32927631
99810035
22464059
73601330
-94713727
29749684
-13133111
96480152
15116411
88233539
81777819
-88134718
-43719455
-37696952
35277279
63790813
-89729272
82433804
44056049
-65243321
-92804885
49767571
12247605
-69758748
84070205
-14319180
-36689663
-84086378
-30508912
42642319
18834415
79060489
6959190
75309031
-80419812
62548551
-98147129
-97322139
63183537
35097894
10398282
-27268375
-76211144
5162658
-12332479
95991598
39190330
29013694
-9876807
87351137
42629944
17231001
79482586
-55463298
56705625
2473932
78972915
-41771891
21691233
-23291520
14858191
-4003822
-36112920
-48103820
77752483
-80537252
-85705817
29597106
3768887
17442688
-96122609
-38611470
79871148
88108333
32622982
77325549
50085083
-12481872
8737045
35038188
-73431148
-99082358
-16430027
72021704
-40041968
66649784
58974329
99277474
-5515455
18105390
47755632
72466996
11017037
-88240980
-93563658
84329199
28133327
59745279
-12494542
-97503049
-70083184
-54304842
-6990744
-72081004
88512229
-82112600
-46053296
-4917984
60097049
-41302939
-23165054
31345604
70798168
-48636342
75745520
-77139376
12593108
46278603
-78080489
-96887684
-76339261
-27971200
-11496715
-65609194
27331608
81961391
-50620436
-29667888
2677511
94972360
-54047865
37797103
97517557
-13674640
36429337
9056500
7599835
41936534
50938341
-72049881
-93369373
-73613279
34329855
-74907881
-823670
40128882
-1969672
7532363
55003214
83073744
37612051
36762605
-54988953
-39280373
1265324
32687400
76771349
2000625
61376311
88889747
-43107095
61216333
71407934
22829824
-27585938
-99432591
29505765
60068245
10168812
-28002677
84822026
22478480
87131789
21761909
-52920868
-86835452
89928800
34791803
77065119
-6781920
74051000
-7702366
64675253
-29908482
88669891
-63748225
4225756
57453349
-18982190
-9515586
-96231303
-6201815
97821895
33899755
-10901551
-73671668
-70345159
14843305
52677322
-23352629
-38853841
-75048482
-67180167
23602639
90449775
-42303465
70878647
98023556
-69461095
98664407
23284743
-69517511
83555210
-13238453
95536250
-12982320
66725585
-57798166
91973780
43266307
-14445463
7523401
52827574
-31473327
-63257047
-98300126
-19798480
-78477752
78848529
35304770
-81069376
84079616
-99817286
53663446
-94722782
-4991348
-46239764
37740741
14361723
26264237
83330651
-13513193
-84962324
83946618
25161771
67525233
60793258
63237395
-93131632
-79589831
-90694685
-57616229
51964350
71524441
26502148
-38964889
63249782
-38602364
89776831
-80224520
79905776
3884625
-62844430
29623345
-55904496
-62218231
-76981813
72671422
-84502487
4085504
-3401748
-19989652
-56961310
-62921315
6178290
2791369
-82021386
98923931
-74916657
60792642
-52816353
-70108459
21430963
-22130121
92391660
-9366769
29831670
-23779672
-58486379
-82833826
-85938884
14584472
17395168
-16678349
-47514446
58157223
-53470547
10826172
-6529455
95759525
26986899
4226511
61557585
-11998345
44505274
23763632
6099621
75846413
83871384
-85917952
58475210
23328549
72976413
-42719010
73148560
60582117
44356775
76862014
-61668086
20359339
99658865
47376643
-81047913
-11692304
74213075
-671023
-72443610
64011112
22862045
9076803
22650749
65793259
26979315
84421549
-6777309
33130568
-23231683
41537702
-94728022
28502120
29852203
-68744483
75565213
-89222762
-39913088
-9842629
83622254
-28262100
-75923374
-26410249
28687995
-42160655
-6405954
-49561201
35928865
-60424372
92998424
21088330
-30061897
-62770946
-6385163
-64258255
89557417
19088009
40125485
85954998
-58454305
43809069
-95398593
-41321476
-24984172
-42116926
44279851
-775184
-81876892
-35647556
35592072
-28900829
-89550305
16796434
84826107
86807978
-95937873
-71459991
-18598544
-37245338
32701666
-70222821
54587246
-5784735
55338618
-90543209
-68688837
99979342
-12531018
-3526259
62977619
80378898
-32247292
53667900
40738109
27712273
-64412090
-2545078
70394007
67080467
-73551092
47327541
11159680
-17804727
62314840
-77191568
78768598
87075443
19832816
-86791319
-59682811
-8939083
-87259490
91364654
37956177
-67509911
-10390635
-93988829
88495092
-1915357
-37210983
14672000
-58408349
-86178659
-74998649
-48188035
25553692
-99963051
-13006111
-83056872
73743930
35920900
49518668
64349762
96868933
14476089
93245773
-92741792
86098165
-85869238
-53344934
-38354033
6099162
78358494
96035786
37115338
52843839
-54248563
-58422096
-64345445
-16421666
96454413
2198008
77427799
-48346478
-63049984
55713054
-94567873
-59793904
87189313
96201326
65229351
67764804
-48653290
11614408
-95727560
51848752
24508409
45860519
-22548150
-15380062
-74738401
-89184483
-7938389
12783624
-21253678
-8802215
81339450
-14170383
79887377
87041744
45475391
-62183788
14375558
-59162638
-41495043
-60170699
-6807035
3636116
89196583
-33799195
42456914
16424792
24032783
75255778
40076635
28017299
59086538
-84398276
-36407417
-45091776
-11227329
-59427526
-41001391
38349382
67098527
-9063120
45679615
40597596
-33540675
-62428914
-58792684
-81008433
97599668
51615372
88483723
98574483
35277696
97358574
-17853011
27383096
48301809
80104319
-87998166
-24404409
-78389129
13127804
-8492426
-19393915
57605701
-92298518
81615384
8701569
-6069594
76331179
-1905079
-29059798
-55177736
-91630186
31091288
48574101
-59802396
-18687807
90299445
-64817437
73585007
87991492
28449612
-24215171
25625710
66109065
92667521
-32986200
-27055393
85040960
-85072915
-32318585
-43689584
-68761236
78222356
30771457
-98114593
-42107087
-38945336
58424337
76079325
89309919
-24852155
71621124
-70025378
70729629
-24449183
-18554889
-14315405
74957834
8539134
-21173167
64407174
-5810866
-40967774
6983991
86844418
-13116141
-83477938
7512510
-4410601
-76249716
51806221
32934960
98124123
-13714047
68955216
40517874
-1489581
-2261922
35797830
-47491286
-25359165
-53699252
6938202
-16259069
9561894
-53553753
-19541051
-23369396
-46054275
57434340
34515529
1996213
47731619
-20578957
-75367308
-92895521
-48566817
21580520
85777565
8715967
-14797587
59552416
58322553
23436348
15510136
11006852
5011581
-23612870
89991010
-36178004
20220793
-3298007
-42454020
-72221894
56795428
74694008
62472808
24729815
-18931406
87555815
-66373154
-67052311
-25883879
84660103
13111358
-61604266
-3267364
17258423
90848096
-91594887
69428001
88391833
-33304211
5560249
70884996
36778243
80222317
30554786
-97492825
-13532495
86039632
-79587780
57810656
-86500181
-43416032
99048643
-10698703
49131710
-85214952
72734346
43067987
-4349093
40209110
82290042
-9169918
-15181796
65029607
93447294
-28170720
-11494423
-6520935
-15935992
33503320
21548170
-38113004
-29368381
22757484
-98732585
93901180
23384368
17867949
62027761
-21812634
14301282
-33919841
-76427599
91264785
-83678565
-24751563
-89801839
-34503855
51740002
4936118
-99794473
65468792
13566558
95527526
8759740
-92386729
94788432
-11922732
-71735480
-89875171
-90572000
49913175
-7164636
72062202
-97859515
17006507
87086174
-84513070
11115527
-25909990
-40373227
66770319
28135404
84201783
29729065
-34423057
-60627632
-33354501
-60249790
85986820
-41531166
-74183077
99705298
37302534
43741961
56337615
47521372
-39087094
-58081776
-65530246
-87564249
-23330086
43367834
25224839
617968
-11433942
34596099
75285417
-8753435
-51259221
42622003
16857490
-53158301
-6880338
39833425
26907458
-86047843
-58038454
-23286427
-89125365
41818592
-79877933
-56733113
90950641
37030813
-46887992
11658176
42436370
-17370771
-80292833
20061146
91332814
-56832941
85453898
39318056
-66386012
80094913
21517619
3248149
-54881047
-38621651
-19219786
-22666692
-41988247
-81770272
492527
19775275
-19264161
-40848909
3462233
-24851614
89739797
19808537
-29039898
2828372
-7573158
-76966322
-75445350
53029070
8480643
93845576
-3700060
-24721073
-23353955
-58336500
17236002
93007335
-3007170
-44626454
26814566
57928812
80233670
83574125
-95335314
85297352
-82445743
-70358393
92882783
-42104346
-67444938
19923322
-71315564
42582808
-6299400
19391971
-32269474
-98960349
60942334
21266693
-41506559
33152157
27811073
19722414
83952412
-10404438
127086
2659024
50421612
55037089
-94162355
-72520153
-28368710
14350028
-45329314
52976968
-20229840
69569142
-83861218
82652033
-74868247
2156990
-24339219
52093763
48865588
8967955
57706840
15039035
35396130
80213201
-63349809
8185539
26075547
-31256267
-92727756
46694624
-68856061
65190078
-32771199
-89057585
-47813693
56952704
83315430
96023355
-22855200
48917622
37325631
34799090
-14223860
90002615
-91601002
-60611088
50836189
-97736338
46800899
63098235
88033187
-85209768
-55471650
32292023
44046692
18213267
-40352646
-93557548
-61425369
39127307
11580440
29441490
-60587277
58824312
-55890236
92030850
97745750
59872847
20108446
81556292
-31984003
9042384
-27383099
43169259
-95322051
-71035308
7859681
-5844350
41699681
38159650
97774562
81371024
-1622411
97201300
7622695
81440346
-7532983
44038223
56219314
90631186
-49250584
69589509
-16988511
-33477239
58221876
-57533411
67444441
-98357833
526525
-52429749
27955670
57726393
-56898127
-59917463
39919076
-48401465
-87986681
63251813
59703993
61270047
-98780
57326410
65810544
-48686447
-36698736
-83481871
59230826
-1792944
98805604
-11330638
79950520
18634578
-90078850
26003205
71915671
-56959362
33580163
-85668402
64261639
-71977357
-25083942
55539507
44427470
-65377507
25916879
-30161826
-71622791
-53641746
19455516
-75924794
67381878
62679849
-22772307
77583625
81725976
47894675
81095898
36728724
-13858360
-35008297
64435116
29214309
86401547
25938018
-42213414
68776306
-71919915
55266350
-45202887
62728175
-90931424
-53009406
42390501
-40614106
-19436871
32027511
74063857
-82437612
83293102
22322114
59916578
-14874926
1616631
65194808
-4210633
38809117
-99433811
-55437988
-96504623
-260880
-13016012
-42115458
-83677956
80756795
67887009
10061870
38426981
-26576678
-91722444
-89346807
-62661117
52264835
26504699
87980903
83471289
-46097153
97131084
-56468965
-61135784
99317281
-19134922
75128920
-63986885
-90136455
30892970
-68108715
-43784042
-74171143
-63496135
11721391
30534924
-85438285
44167924
11003198
43542506
-14138129
-40431751
75894223
-46515401
-83015089
69485137
-88466444
88409333
-10796469
-89540861
26622135
-61219153
-40870668
-51476834
84928903
-87574865
84024396
1269394
37234061
-61101259
-29804450
23907920
14045690
-58321948
17180905
-85721813
-23110781
-21016980
-97446323
29057986
12381145
60732297
69744950
66952142
57828518
7620297
-96351047
-41603238
82558175
6996152
30338397
46888822
42403029
-35141119
13539242
60685620
-90240784
30532996
-67849065
-6856591
59022803
-51017401
-10806858
-8468689
-16053970
-38702736
33566561
45239415
15502929
-80778019
49720462
-98478801
28094740
59803518
-60146870
-51953608
48068858
79585260
96145580
53019276
-13864903
-6904887
-3635078
-76822820
12596114
44985254
45331784
-64918406
-29377107
-97495916
92612946
25123443
-7293339
-29877449
-36692364
39899464
-57478686
-99518653
-24481068
-42286669
38768475
-95219081
95388851
53646942
-7805876
-46106410
-7169123
18138787
73811684
48066840
-92488041
60248667
-93723343
-71630675
57922549
49851406
-78105747
-80491926
-60661486
20532410
-8351380
-31786342
-92971974
-30754598
21197495
-46939524
-92571715
-78578671
-37216163
-73701318
35357997
-79427706
-69053397
81027966
98222399
87473218
35197900
15053492
-20875061
59235879
-97611805
-55726175
-26555478
-49270275
-29521554
41934860
-68192680
22309304
61702326
-29510545
-38352201
-45679321
8900024
-81623258
57694442
23175252
-94002389
25456126
-3628965
-60091034
94733592
86436811
-83539178
-72717336
-95076823
20818258
-41091215
22369960
86884524
-39452195
42937066
76397662
-84554338
56639177
93993426
76863118
-72871677
-68188571
50980086
87817962
17863370
14925215
24930837
-47463356
28828761
-69959381
65394322
-90190647
-24971228
-62564695
-93725018
11424985
97534732
-87335711
-13974025
-27836539
58066131
-48531783
-91494355
-90972917
-20589741
96735001
-57646632
818618
12713055
97969350
46216982
-70551269
58933435
-99422372
-4877008
57106859
10089389
-3746920
-78800058
31988461
38455497
-88657712
-3342354
-21267889
-52683246
-95598647
19245590
49345688
-19046363
41463563
64207090
-79970364
82335293
68814113
-50654468
-31954969
9812708
-82154435
38302799
63842375
-38077011
-91119654
18421118
-79107376
12133545
16498613
-25659956
-26741742
77432606
-48534280
17631609
75523020
-44364728
32707807
-8380030
36944911
90491798
38521994
-53195090
-73449595
97210690
39620173
20952784
-41426667
-8515086
88712470
-57476990
-32311911
30806020
-88688139
-66289005
20776508
46470077
-52389749
-81894284
78683716
-78173166
32258003
31369193
15340041
-27136678
-1625870
-51201524
68403282
-65664758
54732652
-83965812
81894949
-73396665
-80899803
27410964
98439270
-34825030
19931532
82120930
-54810042
17895024
86059431
38873645
18987957
-64183542
35796871
11523576
-29267407
-74817323
44029589
21882259
-25600707
-96929934
-65681079
-55308561
68881295
16522198
25766842
-93028302
-7984671
85794896
-70725224
-48012202
80454710
53276694
44428009
-75649528
7729388
-28409309
41851980
18698097
91176540
21529634
6480900
3067498
-58771433
-95794519
-17419138
-34727571
-21884219
-57074332
39682427
-3272410
-86697514
-12701092
-4999964
42674837
91895096
87871370
80878183
40839132
8794016
94900089
-84640227
-44265056
49992839
-47034426
-16969019
-97491152
-99343287
-54712484
86271666
62900987
95494883
3219430
-2103788
-67569
83387831
83383694
-31287820
17746477
55830002
66466406
41047314
61605611
56456677
93908536
43322379
80271910
94459608
-47438679
-45522069
60951794
4942865
-11294981
-3974627
-10543954
-75191755
-92532479
-97275801
-42357664
53708406
-18348219
92576695
-25772029
53435725
57362436
59077809
83305992
-82865472
-88479813
-88829869
-29574397
-7933331
79748745
-11441832
95545631
80719535
14438543
-74094209
11591702
-88153004
-65277088
34970923
82934705
-74255810
57520512
-3817385
-67904971
49015788
-37586757
75538841
-24980342
39314380
-23983655
50407287
41557288
13269923
27758687
-90382758
32395276
-68194519
-61175828
-88216929
74822969
-82138648
-20687299
65052453
-38515382
-3067804
58943878
-80381660
19762228
78315968
20895216
71694818
97346929
45194542
90890893
1007541
26764556
70770740
76459781
-8855170
-15484778
86131153
28344934
35103614
86494603
-64162510
4437902
-42336167
-5952586
95178429
45318207
69707007
47918413
72201595
-31741957
96022923
72091356
-66992568
70459910
-14283181
-98125330
-56954434
34700993
33435831
-2420141
58864580
-37202920
2707257
48616695
35367498
-74949736
47131539
-64385934
-51442739
64437653
77331241
6327590
-12375926
30736250
-70387897
93795259
71797333
22479817
-1035701
-33939609
17432690
85195599
61012510
77325686
-41038211
-22638483
65396740
-8314166
-46690888
84701981
85628803
-24056940
68458904
88552871
48253045
19393585
27938609
71345581
79912538
-74164224
-89579095
-10504818
12645833
65479462
-58364192
-52347039
99880085
-2096907
15093708
-75466602
-13435856
-28496347
-92475038
-94895608
-73712812
-29679104
-86489874
-33895371
-15232702
-71995496
-50743911
-11613837
-45100322
39384601
89342302
52101360
3449668
-87497187
-40792708
-88293377
-42944761
-58596467
74313010
43372830
-42595686
-59488737
33616458
39976061
-26289670
63305901
52482125
24103752
-24541992
-504017
72156277
-2844995
13138788
12049599
26234970
-2104993
-47188062
87741862
-65434274
38428721
-60164362
-90793180
-27250428
71859378
-94188221
14957420
-3678694
-7097523
99611367
-86501009
-83299854
31715970
38530404
56205996
-60712435
615889
77141598
39358627
-21946803
55966048
60111510
11776491
34108907
11762957
-65784911
-51215310
63876519
46545994
54738330
-83585828
81577518
40317980
12339807
69571152
27577482
87565377
-72682563
26394623
14562539
73238066
29551966
29029562
-98050235
-37930549
-1930590
-14200809
-56404427
-83462348
88982015
6606867
71738468
95339753
49944389
-98341868
80931604
-31375215
79952539
16280450
-78499248
43461906
91006780
89985569
94321791
80949388
42531840
44035951
19638270
-5415849
1916819
14285616
-94380027
10205980
86855018
80368940
-9920471
63827937
46160352
-65011824
10845525
38990821
-73353976
-60527678
69195543
28346082
-23880886
-21815251
2486706
79606540
-85269170
-79129199
59908301
43667408
-44316217
-29057369
-97885674
38119669
-24819353
-65529824
-54387473
-9961051
-76768677
-98161046
18076805
-35728363
86154815
-74176762
21262135
97703719
66960185
82372844
-16103146
-76394709
70934004
-25403691
-15854991
-19462079
-36996664
-82458031
-33453950
-55874927
-24972510
-97047584
14941246
64077187
34844835
90688788
12231009
27104565
83389457
70348861
34846198
-79767069
-37748674
-69067499
19551852
-25984163
52112358
-60811802
37100901
-1379939
23859454
88101168
-542994
-40856181
97625294
61030862
-57848077
45680388
-42780954
-40785002
44665718
91317391
52398425
-25922882
5784895
51540663
-29682636
-54498937
91460172
-77200092
-97086044
50210585
-23216966
-74700559
-77926449
67915356
-82526836
-91812045
33152355
51463684
-58910782
-85972817
29264242
-55487790
2305906
-67537593
83476055
-43216721
-4429045
-1946856
46525391
-49874866
-9411423
53354349
70855248
-16757355
86550442
-77342537
16514319
92857403
-53206942
-34328352
52723628
-44864066
-66737766
24323226
34405576
-27029740
-60248884
7488747
4891511
67125747
-14571574
23153082
-28696457
88883139
15069492
1935992
71792051
61734924
-75284369
84107294
-67865182
5756635
-90155975
31801104
87635316
26522171
-28076763
-67930565
90595897
20922340
52665393
43783230
-46118037
-84898794
-84811907
50337785
44158614
-3727749
-71535292
19230413
92703209
1532962
-53209898
-24225203
-61601269
48893382
-30800953
80835064
-27491548
30681831
95611137
44036649
4295905
26617714
-93911461
-83504441
-57258085
-39960036
-90350560
-41546807
65281214
16521002
-54053783
-32788195
-27388887
-33060828
55451959
-44847576
24572626
-52995635
44165661
31679280
36929815
79479891
-17688567
-59642820
-20468532
-68300121
23847670
-67489984
62040580
-62071747
43935539
1864166
-96579203
-63046476
11914987
-61754871
4668316
-4664116
2830770
-5072571
-28520672
-17320497
-95882818
-17480140
-49243395
-89680856
-33214877
67905840
-86459497
-21015961
1839874
91702190
61700086
57650536
39093428
9992507
84014968
-48762990
-9865350
-67470616
-65822785
39195607
45752180
57874945
-21032069
-48600619
6432114
-97377109
19893151
36084496
-43034139
10284336
-96925032
68551370
64880517
29172416
98981603
37292791
-75735783
6626933
82774279
53175008
6174902
60883140
51612575
-71602515
68954872
44195861
-82165935
-8750196
56969654
98932610
98184654
-75214415
-6766904
76331127
-74885151
-52883978
-67466023
64988899
40860123
-48458083
62604846
-98525400
12678374
-37494178
80102554
-55734689
65783497
-31243504
-22621276
63579265
-48787925
41871154
95229901
-60553406
-54648369
-78766874
-60395510
-86437371
-3547814
-96794355
-98905287
2004592
-38264200
11935866
10049721
-48234447
-78392848
-80622023
59447841
49072326
33609796
44494372
-99517508
-971740
15193850
-70462167
-37636067
60619159
43529028
53409514
-1614188
42420051
-11772104
82112561
35852732
-83172877
-80887302
7476676
-77407133
53223195
-48811591
42014520
-61373297
-93139687
-84177690
-49991144
-20706402
-43224876
-96377377
68786498
-61324149
99346217
62510190
-8398849
77104664
-31191923
36543117
-13916036
38936730
-77231957
-19452188
-51810656
-48281563
-4160811
-15779395
2755355
-97082984
66697320
-43134789
32004825
44455229
-59985458
-16131294
16438411
-74525874
65470661
-57389923
-3270603
-3792955
-65454064
-14459144
28244729
-75378146
71515051
-30168515
-44088556
99498072
78314341
64035232
-72017881
97465025
-30931501
-84940039
19887377
23212656
-34580625
-25977125
26289354
-55321635
-38313685
16607445
16734406
-66117068
15848052
3991735
-55412828
-79494371
26964747
-37451467
34772024
-95993574
-66758283
-31549749
49977848
-59471573
81981533
54189700
-31488655
-31908462
10545185
77782756
64724963
-22671983
91054956
-48044721
16204531
59334718
85410352
61091578
-72606310
79997655
-87745218
20652161
29505277
65761727
50812081
35997044
-43669327
73732835
-53382472
27261376
-96726336
-89776326
36467517
95035807
1849156
-57140425
-6487694
37826982
48359059
-58515659
-80312898
43936608
57417489
33493341
-24486600
93013660
-6713208
69393143
85207354
12741664
-87818280
30568240
83016713
-39158497
-63550657
46482222
28317439
-15188691
98780255
-66096008
17733940
-52816956
-38029750
33254734
72252990
43105033
13935952
20203408
1778962
21792632
14499158
35122025
-39361950
-21478186
83556243
-58815301
52379036
61375088
4083557
-64628358
8918760
20583205
17960342
92041802
-59194574
25009389
93238962
-80355329
67807085
-95354391
-38281078
48454759
18357494
2106999
91873385
-80004927
-99603382
27076151
4454795
-90040351
-96132514
86996787
-18835856
-79447926
-76477009
11273839
73400820
74603673
-95756795
78690145
7640845
-21368521
-11335540
82754861
-63339056
72211254
-29309851
-97726214
65468743
-31816963
-17021456
90087177
-17615772
16241073
-18565172
-80195947
12026137
90441047
39745557
-71807456
-36708227
-51974399
77313650
-95783674
93552903
50823729
52819641
-40861980
-2477163
17860642
23487340
43014712
13223286
17006846
63020078
38485006
-2275715
-13611915
-9542975
54444063
30688512
-6411927
-94200038
52577864
-81777624
29559843
71156275
-6340518
-10449742
53234414
98410995
-28048004
-63840213
47967445
42132108
-88035562
81629515
28889765
60786643
-73030991
8966995
-83247429
85238742
39790847
-39984418
50811913
-76156942
-73536339
61446258
-30847857
63999658
-51192568
50765010
36666313
-68879985
-40448456
-26785777
23276096
-31270325
-81521561
-83170134
-61798733
81387978
-89295089
-38721676
-14063693
-54688307
49076657
12643036
-83290671
-20732341
77495843
76583735
48015114
-90425290
1288365
36716928
73423631
14127483
-35913611
-40533867
-74118427
-55692217
30346368
36822734
37818703
-17754561
32789576
-84897265
-14314118
-52889681
-71692552
50637678
-40110717
-57724155
-33137861
37797910
-18071668
403687
99333156
61855311
24814003
10967294
-93014470
52623626
53576077
56137276
87561841
-33780299
5791800
-15254528
-82686413
70514777
90066112
-6100653
-19498699
-86090937
53390939
67110742
30485836
16461475
-72122522
-80454766
85895486
73676185
-70003861
56533872
-55502738
37409709
-39278645
63837633
51146770
-97278954
66160697
70262812
-77671742
54216494
-46350888
-39905146
-56570075
92989965
7730483
-83591990
75419389
78747269
-10978956
-85758177
17083530
-18549470
69650157
76896369
-97149256
20058497
-84440831
-17064673
-16049753
68358804
-14099403
-87096998
68793336
16300889
52456764
-32064914
47302976
3290627
71206701
37360680
-97401063
-12881824
24770956
73391210
29854168
90563666
-91064494
-94742623
75879873
96818609
99610071
-49719704
28106572
11761948
50064041
50225823
93626465
-63632473
-71173990
-53001728
69527263
-68605571
-23697119
8030388
12895167
-25160620
63771170
-90305533
-88079256
-89850137
-89023204
-85389244
-73436370
68199572
41739732
19795914
-45391061
99789936
-72080018
-11196047
-10835539
24789372
-61945688
-82639641
90512425
81949408
13631550
-81613972
-11013891
42450516
-30608849
-48970068
51241102
-88787434
-80613473
-50977863
47580165
-32224124
69644252
-65851542
65753995
-34622186
56641066
-86536532
99218777
58604060
-63483933
-29513707
64999409
-44499393
-50394126
88609299
2349903
29051513
18326554
19202608
88797210
-67778396
85848281
-56010566
-60681427
-80604490
-91491671
-17048898
83059939
-6259019
42966064
-38313113
-28758303
-34080534
8794108
12099891
-69059617
-13830287
-39896373
-99029975
88950101
19877220
-66083994
95415992
45651890
51476428
70993240
-52793545
-18699667
-30165512
-11910396
-18926668
69221438
98296756
12435082
-63552847
-91506811
19101962
-16478165
-5142884
-20244770
78932358
-3088525
-87415427
43610023
-75144907
72355248
77819299
8419523
43456830
46881201
-15659335
-66337380
10844193
-78107617
50117035
-74257655
43314577
-55217231
-89986329
25706102
44738558
19120595
70560150
-81215714
-26318984
-99123470
-80206538
11208584
37480115
63075718
53937587
79474414
75493678
-25792932
54194862
39706340
91727154
-44095428
-12844348
-78337757
49140098
-55844795
-63875671
38180710
-89123388
26093385
-51045022
54649139
10327281
-85112631
-79161580
9487073
1193697
27976363
64677389
-70490462
89796709
2573141
-7987969
10943854
-87528070
8997746
-6232012
-71990279
3951027
-59703479
61548725
96291038
71123575
16680409
-45336218
-14315990
83013573
60313860
-11159510
-42495479
-40861659
28784940
26600089
-19285536
68319988
26546785
68646013
81558732
8052602
93999640
86048376
-8689895
41343291
-57312072
-88947878
34767045
30576421
78128468