64739617
74419891
93052715
33735194
98902856
-36453283
10654885
-58943338
-21065009
79376683
99594301
16106684
67670039
51190868
93991104
90505998
-68787987
88652471
68764725
72130250
45990725
-38093622
47836678
44426198
-3209168
79467915
-99300558
70256803
-29947645
59409182
-91417506
-90219564
-74404736
-14620123
52175117
-54513676
-26654313
-78432660
32436167
-80762220
63574064
85646109
68824767
56721491
-78325919
46900415
-84656687
67618798
51726299
-50341396
55181414
-91013045
75840396
39431577
-77679996
95796745
87291166
96561082
51596317
-36670012
54010588
2699314
-74896542
19143092
59247520
30829880
42947672
17454807
-59929636
-7134106
72956566
73107038
60191635
81158415
-1485280
-83059325
67593434
20555724
78719661
-78404013
-56172289
-11948772
-23147268
973552
-88954889
-35206201
-27908575
98273617
86343738
87847513
-3264275
-91150361
-12952121
69885332
59950818
-21029601
42102338
-67540731
50191292
87990059
44585652
-38978524
17643269
44466660
-92412138
1175199
39263595
-32273812
38732726
-36903840
60425959
-17079824
-13509422
34955251
-7894639
24804471
-29259770
-59250187
-86119351
-83223339
97833504
44146716
-1762070
45520657
97561409
-61343764
-30257555
42506044
-70431178
62489536
-71170713
56815158
-97465889
98588997
84471553
15603508
-47471063
-98849481
38570047
-28800635
70549216
-62075590
36000174
-73841106
63444063
-3610296
52824244
-5192857
72707361
71473342
-70064776
-27893393
-83515861
-43419905
96704299
40319358
73126828
29278572
-87534566
60000381
95525253
13779844
-95734039
42083181
-15525252
93218353
-90897976
-94627776
-70169998
-3637666
64695223
49969846
-77918836
15193027
12665705
28252465
-94826852
-75945998
53722994
-53902049
72155627
49989147
66244388
-17383221
41293838
-122311
23152775
-83280446
-11609354
96939195
-40579516
-62683783
-34053029
80686967
-15403011
31929059
29772785
-93538472
52016489
-69005402
89985710
-77880532
5561572
-92769609
60991072
-9428161
-14615568
-62003460
-29089422
69580139
590700
92776775
-94248143
33791664
38687512
-99283900
-66397485
-82385981
-12161763
-4719584
79477896
-13920140
73806477
-42800779
52509893
1284755
50027895
92510944
-63957565
-28101790
-71318407
-78532129
-7731249
-67391467
-26617104
87221007
57319956
-14022978
-53627312
87034463
-68588475
73424518
9537861
33104159
-40726944
-8055116
-96710609
43522888
-86214023
-20056180
-87588023
94018196
79543965
-34957491
-44841120
30115280
-11580769
-10371625
-53527492
70482233
82190835
4881347
-20510090
-65094361
12828587
77535039
-69937103
-15367838
96057532
-53348686
93130509
31099237
20711411
-18939239
-85531834
-38139686
99926192
-25225854
49876950
-43070204
8555313
42234140
-66719778
25907330
25188150
57285515
73311498
94750204
-17720087
-7099492
49517314
-82521271
87183239
354149
15935095
-83545816
-75820905
-62448701
41459840
-22195812
-50483460
-93695457
-76216846
14900544
13535251
-71919813
7969421
47309655
63703433
21864875
-51718799
66346850
-52078847
-18636030
56549470
-99963473
-47315644
84816980
-54139950
74169023
-45926624
-92466361
48005546
-57377389
16070219
27656717
65982698
-73343094
-22995844
-84386855
30355687
-30532463
69736137
-56317037
48008795
-23900554
-91231966
-30224888
76699367
-2826179
-36849898
543415
-94335811
45721766
71694259
34811556
-17514088
73852891
-66987630
85684969
88081914
-88257460
-46654740
19245973
60775685
87393258
-29247057
-83726655
-67667741
-40561879
26572630
-27168431
65623822
20026602
-63753089
-73263558
-36874075
89703944
-59996172
-87786136
96822435
-10336509
59245673
-34325824
-32662191
39907620
1636068
-40980918
8764393
-72271605
-41018628
-29985842
24984966
28312136
88240069
-51846376
95968835
-18656715
51374870
-19864100
81246222
-80011908
-61843413
-56635332
96805312
-57852627
-90920854
77462801
640370
-31990113
59702573
-18477890
69247990
35196535
72433436
10221703
11558886
-76116822
-30693534
1955549
-64860222
-5986454
1094414
62353697
-81471138
-95932126
-52007908
-52887810
-37566170
53447192
85699155
99881230
-12472230
55651986
45187738
76805670
7908790
-32001606
-31508579
-38415668
-196175
-34645932
40733808
-32272659
67514051
-20384296
-31586245
-22981753
31891121
-1050810
37584481
-11091981
-18643264
56323393
92491623
68197513
-22756807
-40690273
49535981
43816356
-58851653
-12612129
15138703
22686176
-49330438
31982745
41284341
2013973
-97160226
-71875488
58683235
-38591946
8862791
-7052742
90712210
27543097
35228700
-54632119
-63788951
-33318608
-34811307
-81478034
29158410
18837217
55139684
46291839
13805393
3179605
-57273844
11010276
-73899580
-73275785
59558358
-3577295
-47222145
-51918785
25507396
-86095631
89239306
-52960952
96891755
-35376455
-35546455
-57142962
3360744
-77731530
29845198
86872981
-3731715
-95507717
-71172210
-36701929
-7427495
19761748
11709810
74693896
-183086
94411227
33992953
60688410
49808974
5335753
-62106788
-30249960
76180838
-19292362
-18869195
-73299976
-92622169
71911667
-17608848
-8425808
-36537159
17474507
-90988264
-81448808
90059348
-26983856
23215365
-35259447
-79747158
-13710948
-94292445
-26255949
91787872
46740677
-29720075
43762713
-28958205
-48578660
38321840
95155240
62171135
2297295
44052396
3967746
59907918
-98147420
-16991953
-18126340
-93262227
-93505833
-98042605
-63131755
97441497
-58635138
46205669
90205710
91008102
-44555295
62204266
-96958226
-69054033
-73880886
33501259
93257922
28701693
24127389
-97264621
-25595830
94235139
-82281553
-8523780
-8114295
6110550
42136825
-14841601
67138415
32357999
-20412882
19952062
-87276640
-81281423
19738221
66690662
-41192459
-79628730
95201897
16678136
-63807727
-43119193
13563245
30159803
-25926037
8048303
83471566
41319391
84813848
-13733340
-7864968
-71898491
90691951
31096640
39891559
-51342212
61653885
-58919304
12402515
29692986
30554267
-98043575
36659834
63348116
-808230
32469570
32560253
-46093595
-60676121
81112533
22666855
-60408362
96110498
-58429015
-2519616
-95941115
-16174527
13796061
82167507
52041469
15697729
65905446
53327847
-1614912
-45630260
95669216
-19459819
4456851
90592081
69773938
-15172417
53587951
-79478941
-59020946
-51047460
4636907
27211549
8521033
-95656435
-15247847
-48872096
-37590678
19432406
-6283134
47502865
-21705890
76357566
88690538
82361187
27625464
-23379312
-87702742
-80842025
59186552
12302145
38187374
-29108279
4442462
-60081479
-50204371
-37265800
53912539
69248899
-47806969
-51733445
49138043
-38222822
12881967
-48375315
90313686
-49971033
31042426
52760022
-10248052
-58363984
19546253
-80635923
-59501130
18213930
-58843876
11828777
-45707252
84826242
-41128341
21543609
-81684854
20883133
10410649
15625864
-70825502
61651437
-92180291
26226695
-69018272
-81939836
-69553377
-93909040
34163611
48619495
-81769810
-32809584
15212684
93185856
15313564
-43606789
99859337
-9711825
-66159911
43669789
-37658435
-97446721
79997770
-48078816
-64645229
-9286028
-13959452
-68592528
67782902
-26187309
57809529
87677756
-64586179
-4682068
-92112461
-47760091
95852093
83776162
-17001224
45527874
27331528
747851
81081981
64210875
70030649
52248149
22898278
19053831
14468730
-21502042
-72452228
96786989
-21376191
6707226
-94223790
-58965645
19987326
15280257
-60147597
66375182
-96118268
21937323
-61455441
30851637
-69372174
44473860
55529617
-12969299
-20969591
-11958082
11563095
-10976259
46083033
36832563
-18790727
-73185470
-54374001
86103995
66852679
-70492021
91930467
72641515
-76298438
31696293
79471796
52781583
60243100
-78951937
41881501
3616305
-49659777
8219170
56988317
-18321147
-73291566
-92465716
-68556937
-81657251
36958393
18777032
-9154706
-66387624
-99692369
-7251184
25300497
-99355684
-35765913
-14205818
63004284
63861321
91892137
20579118
-5322297
-51504929
-86431433
817836
40864891
32807835
80201706
-56375920
-73068516
-21264931
-15713850
-14232032
-68490230
89220232
98188119
-80559821
91515440
95606238
-55775041
-39358179
-91270647
-73757060
22693683
-59830784
46459096
-77156911
-56144878
98420468
-56193045
-86185739
-93347413
667053
11675737
-54506625
-14593281
70608810
44254277
32351886
-65606995
-1584051
-1091878
41639679
30054883
-71578594
93547464
-4813625
-46073704
-9549711
-19809961
-81649249
-21642873
-91770091
199204
-7216069
58149011
-65117405
-82074424
95121715
16258842
18093489
73081917
96372554
32181578
-28130041
-33202245
63315118
15844394
97110723
97033125
-95584078
80202481
-52044466
-69020604
-52150510
-89968572
-60168926
54769379
27654125
83562581
-65968612
-58656762
98929174
67254105
-2985921
-26632787
-11561461
-11599264
-11719798
21405685
-72734972
91702338
29756996
57547227
-36939173
50260583
43461028
99253058
24250324
-969795
1260298
63989463
-2781956
58992175
62294557
-28934202
-93661730
-16605946
-43899281
-89944872
70442655
-22002854
11736483
96979780
-16231846
-15530547
-92659342
-51961506
-92152572
-63769492
90920475
40413311
-80991597
-90220706
-35222386
-60350259
-53021924
-60496821
-34847990
-3476947
70888969
60164037
18846567
-27688124
8213355
99863967
16182882
9404246
99778820
50535609
-11550836
16586490
46021998
26538253
-64602022
84392128
-83777031
-47845818
-10549567
89265000
-28342942
-47448852
-95019968
22656314
60046514
-87911217
89956724
-19578935
42057825
-96730678
86424269
-64126500
46031652
39776166
38100704
93068412
-40767367
397246
56210359
14635536
-64272831
17683616
63974059
-2682070
-53393168
-87972663
-31371260
51840268
77421447
73762412
-28544530
-78781846
69875783
19089300
85010293
-59978313
49941736
18382781
56352754
88559556
-98911449
-87577426
22478982
89313398
97915695
-87189993
8439573
62855884
59786219
17919596
50409955
-57927703
44951259
-68603052
98459591
-60710222
-53869328
44379649
-15055218
55269307
-3209325
-84519704
75240386
56789666
-93293081
44662836
-87060602
99875936
-91932624
10042231
97257873
4907029
14242534
-50631431
25999463
-64975735
6190624
23494849
6017475
-53360809
-84497583
94221409
2338799
98104630
52593321
37643761
-47742108
40040583
69640771
43481779
51978758
-37244308
43235320
53392002
-96529943
-91829641
-221256
58817117
-78422004
45916983
-34344631
92122999
27940190
-4166565
-98647334
-96020173
92948160
77163215
-23686835
-10358797
81780169
92774101
-14984772
33905767
23399353
-46874848
5564992
83767822
-49040656
-93221051
84725003
16078561
94302858
-13696655
-36972648
-94661384
74959709
95959909
30523223
-76923918
-24526433
-83414806
61199200
23206181
23810577
5013959
46690310
-12769275
38965151
-49585561
15457027
28213342
97165988
12922283
-48384198
63016374
13700283
-94599591
-46864991
-69652112
30977754
-16183436
-9785671
72457571
95979420
-78630104
2337603
-16532308
88264919
75004
-93114182
-49014999
-93213706
-35593771
4755936
-16971864
-72436489
-31922692
-87470274
-44816459
33349938
14937074
61322213
42823293
49949389
-90261743
-62259068
84069979
22822749
78120354
2824207
97535402
24129089
-93960498
-55770341
1203595
-56397167
-14549792
-26981333
21853418
-40802649
-26091808
33498825
67901113
-31430094
-2952370
-21283716
-97845404
95366704
-58962788
-44148301
97909999
-96620521
62079969
9413675
95282856
8415778
-49980042
99415185
65381412
-19192790
-3762295
-19522491
76888798
33967388
-60092021
-65898078
11801272
85056960
-54861118
3550462
63501544
34865679
56970101
-99504892
-36857054
-57866297
-48222687
-94989282
56712829
44416358
-6404900
-96528980
-1692692
57514091
20566166
11697668
29074690
-18551337
40110565
-46310691
66295896
-36011920
-35972825
-557082
83833482
22123856
-1149311
54889911
-61816932
-37575352
56063099
-36396942
-11138389
77678844
40685134
20453893
66614060
92013724
39585147
-84421848
95541806
44338003
60651459
-98104182
56475241
-49106995
24347695
18135038
-65740996
-44008508
-3353019
82173637
4934398
-47537846
21010382
73401434
90107432
72818954
54910857
32473872
-43424626
-1142579
-79927134
-45838711
28405209
-68997516
80326958
27423310
-61875597
-57458419
79810788
-69298167
-92356612
-71233977
-19280627
-50940164
22863303
71539999
7372614
-88035427
-96399867
15413187
-77504772
47084991
43917432
-32366691
35538290
33888198
-24904348
-99571464
-54626412
34484326
-25071986
85787783
-33700182
-35710451
72955483
50310815
21798884
84039224
-25442764
-54821510
31593884
45899361
539650
41258429
-83415552
-24246874
-86905911
-46124102
37720342
-30893384
-44582239
-44229103
17354673
-79781181
29556372
-46868466
31447870
-44207878
25084428
10636279
-60151091
5678085
12199980
-62700767
40649258
-22164931
21837924
-66885698
11503039
-93631733
-26326521
12484783
33745766
21474585
-3687085
66593029
55099925
-96651812
77550337
71010260
78758792
19116036
-78093804
76456340
-5394627
-15811415
-46568218
6942479
31437630
-58798478
80183187
16594116
63069832
89776787
-48473839
-36329853
19701143
-68354334
-83087347
-99519245
-78718354
-92963894
96840421
26008019
-26707464
-1406728
89107289
16806070
-58929945
58030725
-35044224
-67363318
-41051486
65973323
17770148
-77680744
2611630
-19071091
75191198
25659711
2583566
62646410
52870989
-40964595
8877421
-35152798
-92233399
18938835
-16325637
73892786
-13193185
-81995734
36603693
-7393704
-20011170
-73097269
-64384715
91295438
-70326218
70235082
-50921158
-47986153
-56855864
25607192
81295201
-40737561
25729348
-59964134
-62953723
-67859006
14523819
4059070
-42845979
65463121
95436565
-70885901
40432515
93491229
-55862381
16246823
13379517
63744958
-62715126
-33725103
-79747072
-64500409
-93035969
81918367
-79010973
-9100451
30666940
43045737
98099550
-55416380
-56095167
53631583
-16152730
-59600594
-32071571
-33171242
5803092
-74561935
-28760680
-43725601
-80825247
-10136710
-50571950
12299407
-84729616
-13018796
-9259493
-50666876
6521068
-6011086
81970410
-22188608
-82127293
-59709950
-59488498
59442023
-25858445
-73437588
60650443
-35821104
-59996622
44783060
7229606
14595980
-55766459
27428248
-57238155
-28321357
67508094
91408186
-39943560
-26262495
-79883841
55638753
43736808
12341513
75791402
77440728
43370353
62102159
-28456828
-53429415
92501183
84084083
67365790
-401663
21091421
3171304
-1982240
-70928843
-4216964
-82162768
-44184319
-93074941
2571802
-42771492
88734746
-36517448
-96492758
34870627
-93608717
-56687253
-39917278
-31776865
16186962
86801016
91005667
12509187
-66768850
-20533723
-23151497
-42308191
-582107
49036127
41260261
-82186949
29596784
-78814726
49283296
91467507
-51489443
4112797
48650958
26069934
-93208005
76382811
-79460131
-77756400
-19136945
62728863
97938521
57451014
-15151461
-1271800
72896547
12285296
72942407
-61070154
27407001
19232461
78737997
46690161
-58845711
-94296949
-16954214
-62512588
18396850
-63695884
-4095318
30803796
41648415
-65298504
50146467
-60536562
-93253271
-35748006
-14827494
-73968510
-50686148
-68528512
94831916
-70039759
-30389541
57809708
-37809101
-21599737
-13542909
-30380878
-98747923
-71978185
93740
84635745
-12196214
-69710947
17913950
-96443746
-80744678
-85418357
5435170
-64947807
-43554356
-63635110
56104228
54316192
-74965665
-59665090
-62908673
-29401004
19432312
87210051
3364252
-68295229
-70475850
-66755117
75019016
-4812203
-9624587
-95833776
20115739
-69598326
3216510
-43830245
-64570337
33549993
51710039
1114210
-5673632
66011751
-36090502
-62049200
21813664
-70403775
54523512
-11401989
31539191
-89788938
-37877352
-58094636
35455697
90854394
78896796
-82267879
87712446
-37645527
97092238
-1322725
-12620213
61858940
-88641471
-86388406
33771529
75667141
-79509281
-40827821
44136247
94410875
36267395
13270220
93723067
2724733
-30639518
-98163473
59971308
49929553
59053003
-60373118
25910574
76707090
2689407
92497857
74767297
6089146
-73005696
26358664
-57351512
-38808270
-73400410
-67996592
-41973265
34042406
83105565
-51632878
17961103
37172859
42524358
61409240
95271831
-11284231
-55931136
-30010394
93137630
50010155
73092973
-35828369
-46926890
-47871013
-34287818
64008938
-87704707
-53513883
-58514706
-29152493
59964813
-14069870
-97740043
93319460
-81345693
-45512493
-99556082
15232861
-64999858
-16815615
29547264
-22440479
11216712
-73345712
11454904
-66755963
-13420701
88629536
8263969
-4757729
2397014
-56374733
-14444181
-83268332
-49090943
63410713
-59869242
-27438554
-41219406
-33731209
-92468035
-80560707
54638363
-74743240
58040772
-21658848
55220562
-60556717
10390659
-27196281
90391419
-18146237
91872763
93345744
-61764955
37608697
87107554
19137051
-43950329
34297463
-55130231
-25258758
-31503096
93791064
70680354
31905494
-16923298
7656863
-67423070
17138994
-22258477
-89395543
-68623731
8377444
22883637
24110624
51035368
-26088331
-6921898
-89182855
-50287914
45833797
80452200
4186347
6747731
9566681
63648311
95594446
-53698694
-88615599
64561864
-34972141
84350107
28379642
-46321590
5214233
3496457
18725226
66022072
-38888605
-61470691
-76457392
-67851357
51015667
79394486
-68594477
71420525
45537123
-77188810
93925100
68513317
-75776039
-40841857
-84765921
-90514130
-1596592
-42797902
1144490
71635904
6437718
-84763538
-20333225
-61132307
-81766550
-71119470
4118781
62805586
-63225318
31295962
-91195255
-16280946
41649296
-76372717
-81416987
-65832460
-84632318
76098723
95596842
88633945
4136842
56344885
10469521
-44616409
-84878445
35908705
82057254
-61601221
-96756539
-73996234
-85839578
73111294
-43166275
44997285
-32986859
-1435198
50846644
96409111
-76577908
-31284083
38648396
9020048
-39999482
-86976638
79539580
784207
-4146725
-19104199
86750648
14671593
37832730
-9915635
27011082
14374838
-20233729
95692769
27692722
521561
-36490166
56145709
81793834
-18419279
12116657
90311192
-63404976
97583411
60238569
-98593041
80200643
-35418768
36974795
44584280
-84784127
-46010462
-29484708
42486405
69353450
24386527
-45730546
99860268
-18232898
-62290593
38226246
67905808
6699283
-15073573
31776693
88243798
74227385
96790276
-62247477
-17371342
-55945861
-14107481
-8462482
-40599316
-45581418
77863579
-73879151
-56696417
2941490
-7957482
-90782379
81492647
85611398
86392281
78352458
52150436
31305725
42480075
-84082647
74428213
-75580708
86349312
87133378
93713454
-29197240
36931210
11336361
18261886
80111743
-66770065
-29845707
-37624063
-30691788
-79048058
912341
-61237627
-10271144
44528634
-70211002
-31237399
-52299714
9790756
-52918222
53300577
19907157
40192874
8183168
-80965394
-39622534
-85053231
-36303057
14586402
-47300076
-2152101
-523527
31249595
76562824
65110408
-10737314
-56729673
-12963954
-58880980
-89825652
30173988
-95011337
-82159343
94890936
22337099
-15547854
89792284
-16157916
-51037166
42706783
24514361
-88395560
22724933
-88893274
1898992
22526750
76103736
91160167
5073871
49291606
-45448500
38177716
-27537270
-65102120
14635018
85737179
53695828
-65613025
-45885453
-86993291
43535442
23903975
-28676725
94972891
61903671
89703481
-7954027
-43003522
36738586
-59316522
37356392
90120307
59940043
-25523861
46742242
311818
63342947
-91698306
-57139059
39623072
-90512859
-1943831
-8051403
54141535
-63965203
-43418660
90027527
5987883
17769495
59221975
27388497
-91714870
80646429
-97958110
76738547
54631995
-48440170
9946758
-1142962
73862341
-47243187
-68499382
75436517
-86520116
-27259244
-39406407
25703440
-34197169
28508991
-59282172
-20318520
72170649
-2080639
37022944
50231311
22371327
51764827
-89713950
-9819462
-43889625
-94324479
17866406
-53338094
-7280870
81029657
-14388867
-77730581
-66293974
44970077
50766709
-12022056
-123295
75082952
-67266235
-23471009
-20530431
-9173427
17188298
-74453354
45813636
79795318
-59680410
47064769
77151145
79760835
83905283
38262836
46895365
86101341
63444619
-87723206
54058856
32665779
-59738549
-48497613
-75169680
68306177
-57194770
-63395140
-78964082
-81103752
4760217
3904035
32192659
12132336
-48320128
22106979
54752655
-22658019
-15127353
41308562
73392510
-7512243
59518528
-55735528
-75242481
-86351149
98907953
62090570
-98787091
-86251811
-24824595
-14788011
15720868
81565949
35035134
-79985981
-74916360
26889731
-83148851
-34084126
75344574
-29788809
23913655
58165281
-70687217
12385729
20973877
67200254
-16433279
86849953
-10044074
-59595680
-83337375
-58937647
87367357
-24081968
63567944
85577097
-92594267
-40292914
-1053292
49995325
-35981911
-19626247
75941401
15904394
-82148783
19913840
-62345559
76847953
91221035
-66709981
13751679
-51905755
-12309522
23561893
40542429
15019128
70084266
-38941625
20035430
-49174499
-20984669
46793585
-63150160
86042717
46472774
6354226
29161240
48829670
34619118
84687032
-44289703
34754327
-65063336
-11302617
42896337
-83979504
85504618
52904238
-64244894
-54472057
-43355626
-93898494
41776469
-13264986
-94527537
-7542314
59942879
-4384970
1085697
-70256479
-56469231
23413579
-28490543
17423234
96700011
211858
1515291
-77364421
-73923738
-89708176
-20420290
-91842502
25252148
56872954
9509621
-32291744
-51564970
-20374537
-47536094
-5326291
-45843429
-1765693
984765
4388806
-33069536
65264035
-93105123
-51946147
48620955
10687648
50006059
-44292295
46652055
33413047
-24528388
34274030
-13355444
-72363462
-24601853
-68893126
-52181439
46077246
-90986988
-31060543
-6624101
14611238
55884290
68802014
-73410812
3807523
-41040502
66234572
-16492391
-56219089
-42781357
6726109
20832678
-78137395
-36720997
38439753
35427305
19438688
-52554893
-62752459
-42615176
18615774
90827450
39170942
-99803819
81609713
18684609
34532563
-33834708
-59895342
-98569158
-91847146
-19450535
51118779
675690
-20370209
-89642987
5153526
53058710
-75606898
23227363
-54976540
-95498548
-96666249
-99431966
87571092
-25969038
73102710
-95833214
10203332
-66885572
-65877308
31608913
39918687
-96040545
33460218
-62190162
38593812
41033943
8217833
-14837910
9409654
-93402322
-72156132
-77552688
-8220584
46440163
78721382
9836146
89327035
-30026803
-2410625
-15107388
-64450021
-33255348
64974463
-33352896
-79555249
24943283
-1927072
22944563
61407499
39032849
-18097378
-79037637
-20935003
38507576
-72072935
20718968
4087910
46931245
-31838386
-42756207
-44610700
-55298675
87684746
86838201
62325633
90053152
55263367
-75820711
-42518288
-52720790
-25155383
16516901
-33797565
86623573
-48906984
-64766711
73198630
-98311609
-15877248
-78302819
21556713
-85766079
89885105
74721162
-79049606
56004634
-38047211
-78458074
-67084257
49083102
-69212490
-6064641
37845678
-11202223
28362578
-56471800
5331072
33921939
-19985011
61032974
-99292158
52953861
25462917
50809912
-28898870
-33440801
53252577
-31526422
-2204440
26853230
29379377
-55538627
-3951426
-13752609
-75835051
-90018799
564415
-22862488
-98074234
-81370993
-8378034
13666256
-68764227
-80844098
-8640180
59795575
58171752
58397975
-25200922
49834305
-34635498
-14501165
49665054
-32860347
-81128455
65370572
-45345462
-67189946
99373818
68833387
31107495
-91167066
-394429
-90219798
16816068
48570064
39380363
21342644
86479484
55500337
18610773
-75634358
-79235240
-73782394
72846933
-77009581
3657173
83040185
73032958
-49359458
12639355
58805433
-20404814
-5501846
-72437783
10919713
-15872185
-97575772
-67987717
-62925010
-33605099
-4693506
-56173897
-38804416
-72657786
-58335618
-94042369
19861376
92693874
42766253
40798289
47549890
-97597250
12069019
32337638
36872882
38616898
-65214453
56992027
-73641707
-17334640
-92026878
-56763583
-29644446
-5628027
-43438484
-24220313
-67650545
53056226
42765682
-49600521
-73139129
11736873
23636545
-34298936
-90559387
21029726
57151595
-55394854
-17109160
-72328400
-20740980
-39077386
-2000369
29379019
-64777774
86002417
-22733256
93447302
24658087
6804170
-59561131
32664295
59538320
-18706813
43671796
8725190
83700997
95017744
-15290935
71545886
-33574902
21713100
99932517
-14527538
42099888
-95120208
-28260685
-79218116
-74681821
18293078
-51674978
-70990585
49176576
23974929
-83373543
-97270948
-25376617
72486786
-46075296
52105705
-95680945
22074747
37505240
-5230719
-8304963
2369326
-69885510
-27983274
-41792067
57044050
-28535383
-13787791
-98655400
55765735
8318653
-86671063
77074208
-91560631
52474929
-16324228
-98646941
12532031
-52195831
-93609435
22868918
-73147004
-85412672
17379916
80731515
89300456
-89551560
20374894
-95109249
49769999
-62016318
61722252
-70555131
-54475529
-38257391
93685375
-85129370
-19981616
48644620
84488063
-39162301
-58300504
-46362715
-42766456
-43354359
27974348
14044078
-29761949
88145579
53634830
-49332380
47982728
-37242023
17168523
5663486
10854986
44888518
87843891
-99667384
-98660952
-61590584
10430095
-72883667
98792635
-29135597
66020194
-74481957
87851030
-51529419
-66677353
-72518330
-3256293
-21817404
-34517162
98414286
63651585
16119692
-4448974
-58144382
47334983
-75322090
-68899634
40930085
-53264228
73209321
29489962
-44228972
-76616956
-85669136
-28720462
23949939
86514284
66788945
-36515338
-48088317
-5808274
-83324657
-23117413
-99119805
74304185
54420855
-42291803
-82360669
20609905
-79054832
91658610
-29256348
66767430
-78300830
-40797797
68834583
65992185
6511414
-8966672
31526549
82579684
10016663
70986327
-24145680
89901477
91839361
26822010
-29775168
29681508
-37743522
78444447
-62620000
-65402024
-90748632
95629177
87897839
-80851845
78559015
67898857
78312598
3099761
-98078600
-5588855
-49234991
-56677928
-78446008
-7445096
-67950830
43657075
-4046432
59073567
37490739
9029127
1913393
-75700464
-44340766
94875527
44524520
-33683481
-7515195
51085584
46713428
-98326684
76683020
93932193
-26024262
67533990
32968070
50127841
20153465
-16594272
42425531
64067415
-26653921
10058774
-24443045
-97696244
46348250
16124047
14740564
38023375
-14148354
-97173819
97215444
24929407
67533971
-76267168
65914155
-92655719
95256703
60586062
-80456770
-36833530
58119339
65383195
36620607
87413247
-63409950
34618278
72027921
-78517370
97720029
-76138751
-40520686
72383130
-1658524
-31618330
98773428
-39291608
-70024598
-43433245
-52664049
-38435998
9655089
15800057
-79417680
-85760581
-87478220
94708149
50157006
35303119
-50308453
9395719
94315814
78933022
-75143277
21324905
17471338
72529130
-14716682
79912428
-82907725
40322977
13165146
43371725
-63944227
27857565
-68639014
-89079875
-75270572
92621849
-31748914
-86526074
-96192803
55872743
66827487
-49057007
87952517
-89221779
40081102
-40175504
-73445725
-35426049
-53461216
33821536
-27383513
31192926
-80261720
-92859458
-26536561
-8768086
-32337629
-51999931
-3048494
-47219064
34295101
61796024
53297099
-418544
8335494
-56655702
81331248
-94928334
84054150
-15834070
61440640
-9056117
-7991775
-29828460
-6696449
78843753
48153052
-30699118
60418058
69010348
-56249242
-76265401
72867148
-39351488
-47775129
53553224
38476171
-10088592
54580921
-59068834
-43320194
72460660
9794212
4377097
-95342741
52507079
-26259021
-30212675
2696623
20283856
-61463769
65373871
-47413941
57387202
-25168613
32527479
-14761530
-50245615
28630075
-53382534
21143474
-70422937
-17439787
-93459642
72036940
-73489777
-5247555
88998714
93156333
-53737722
64844228
15123039
14084328
-61819851
-98158646
-65572544
35824303
-97385996
16901087
64880479
-51981473
-47280738
-90281365
12682063
60422970
-22449009
54483615
-64849271
59773590
3727774
16578319
-24539499
-41329344
75825924
23576629
-61923606
68843703
-59377712
53386454
-1539130
-68923882
-5425691
52396142
-94012915
9137942
-44932963
86720789
95748769
-90501426
-57691242
44057380
5900520
-25557705
-61672777
-71374844
-31109599
82885275
-16356085
-84292802
46002133
67682609
-9364187
-15931642
74005149
62062738
-82445578
-38211227
-37846560
73721624
86097853
66718906
-14593473
-29079827
26446506
17826181
-80408327
30350699
33033749
-14023331
80305700
59049975
-38694163
19742095
-19119218
-75471027
52101924
70274400
22189702
94762519
90142477
-12669259
90770954
33488375
-48167931
-77624986
72405014
57458508
18461072
7945240
-4952540
16964796
-85638699
12707440
1020905
-90647692
96687704
79172602
-92996776
-49462412
5737135
-81849409
-58950035
-62347189
-28560281
-16300751
-42678297
-38860534
-47764497
55792964
77224714
-7992993
63901439
46260537
87197275
84689623
-92159632
-36587975
93685573
-46354187
-12092949
58618948
-65814002
247614
45555738
-33792963
-94767428
-92557574
88035134
-9578298
82012150
-38376675
-49604475
64025773
44964865
-74498388
-25879674
-46969515
6097864
47095965
-58784077
89253033
-50478264
-72480293
15857288
44018840
99341614
54617461
-63093244
-62147865
41528548
-37358180
-75216022
-98430360
-78266365
22428487
-50132636
-21739339
-7129057
66227834
-99938920
36678223
-18273851
-13764365
53599375
-2433714
35816008
-57170651
38082873
40924728
-39807831
96603071
19178265
88006701
-9612676
-41091821
80900635
-1659965
-83619412
-31799933
84513714
14655869
-24475616
-69505049
41042195
-28654306
63837970
-6455296
3899409
74206679
5035279
83456814
34197262
91611897
70347942
69840528
-28975156
27926693
47806457
-31178839
-9935494
-2798477
-33501572
20474746
32669888
96216075
-62661886
28443528
-43568250
96713482
15046800
-35343583
61912554
-50586341
78861143
-53149715
-80625575
4359482
72893004
-1377444
31939137
-57944318
-19910266
-47689209
45308518
-15133943
-98201336
55767418
54819049
-69179356
-45197186
75201993
96334547
4553265
10201910
-2984558
-77140153
-8876666
61621519
13452296
15201414
15272473
-58869808
24035571
-42034638
-68683492
67656971
-90127467
-64325035
37914462
-44762030
-6977743
-67498471
-56896310
-23029112
36596825
8603325
-38316687
66736616
-36333600
-98998511
-20679749
2901979
28477160
52551625
-82706528
-77426717
-5803777
65525343
-12409241
-76466538
-43596786
-97258315
-48917749
-63286106
9142215
-76031941
-85280430
-46432675
-41409339
-34560037
26433908
-92985653
63407932
-35753693
-89876108
-76650144
98638539
84384373
93215162
-57664171
-87444571
77049050
89908931
-57997617
42129132
70720925
-8963025
-5349000
92720770
89658807
-92527378
50027531
-82701365
55566518
-22567689
-4608068
-89111027
83722819
66305730
30132484
-17554512
17350379
49648520
-90544835
69172233
-17113038
38506710
60904858
5249808
-5085153
47288373
26191252
99535739
26126537
11658826
63039955
-17921732
98891559
-19810632
-55423676
29380874
-33178425
25425534
20463632
30762558
-52988716
61382897
5793042
68829564
25184287
-34394755
-80660724
42869213
-60709319
-35426321
30424137
66244857
84136444
27547175
47311561
18707286
-69572875
60706346
98301230
20928240
-35972171
-21397910
-7693665
59695768
-55940050
-81972823
-21779392
-1139437
-38267717
-94752034
74848312
50425403
-10822868
75489262
-34027041
63170322
-26909916
86860521
66914546
76001971
-98443995
20718699
-55792116
64342219
24521016
-10444033
34188782
10306523
68290433
38959122
-25124762
12923926
20358272
10932635
-57120591
4057896
-77858980
31653502
16081531
-72739
76465420
99302853
25895216
-64170712
-81822677
-9308147
-50118868
18747598
-1624469
22061049
92040107
59193302
-56450375
2299151
-21712408
-49372565
93713066
95796521
-29933233
90641739
51266276
-12398838
-4577644
33867910
-46817258
-25878478
-16432875
63207455
53605759
68283890
501155
-68879223
90614667
28119401
33886800
-19327592
-62474697
88025820
78217362
-4832569
-81254164
65566132
3630035
-45287321
-61376593
97615478
35033088
5964961
81572891
12753049
640186
-40878545
86528641
-99257697
-32283125
64232196
73465015
-54231778
-84966678
-95527554
41464786
18520675
22720543
-33222965
-38892442
88193707
25865177
29481503
-8258370
-25538413
-40745706
-21196428
-93664226
48157800
83736020
-72990518
67640560
-19730971
35508066
-5212503
-86948536
-23240141
-78704232
-2101849
77838982
-72667983
-57280534
-96781426
-55155876
-96568024
6573963
3477336
-13743673
-20160295
148925
-42626626
75367802
-75668457
66747363
-91935915
56639481
-77748574
47549374
-77726613
34245640
-69110746
-42510590
-31268233
-49765199
97393032
8014322
-56441510
-31464083
-73671574
-32358608
62091401
-56982328
-57456904
63024975
54978726
84195761
-24994779
-54689840
-86544357
68914511
-59201599
56106504
-80778595
-40390664
-9027435
-12435500
7965509
3155474
4592611
85632391
82519126
68071894
70768399
-19508881
-15903872
56203047
28190141
21098803
82255802
-23186783
71714841
7333115
-68270330
11003915
-88803424
-67540774
-21309918
53245059
-46531992
10308541
-22916451
24546715
-7391768
41605410
-3928747
-90539881
-89489284
-88477904
-56736372
44242365
-29355012
-66450971
74319719
-33536909
42224434
-42147151
-46594261
78388657
95887096
54185055
13709161
46200904
21203782
-19492773
-22935468
-72591352
-92089020
-67864573
-54173636
74236733
-38660494
83542928
-14205739
43161885
-80414613
-8370331
-12385134
-69509551
-16671144
58592737
-61368135
-25085193
-12617769
6829744
-64499345
10404084
-55004849
-18301707
11238787
76171783
87648379
32637521
-53471380
-39186658
-71592176
-6612449
46259542
45110374
-43205594
-35319300
-63207628
-88856025
-29857458
6576705
80961362
-19748299
39791880
17557992
15199171
-84916075
30641189
-71779303
75856296
83027038
13185798
62827923
-51664298
67016194
-81466636
57239743
75919660
88375116
22329052
-11654372
23942939
64042008
-85809645
-56101306
-42477132
-12523346
-19131343
83109253
62932969
-70999895
-18529997
-71298751
79025803
-77122416
-40965747
-45097476
22795407
2204952
-98835694
15349881
66767018
69684937
-96851672
-78319362
69519390
-49172449
-68905121
-10130969
-77562992
-33859085
-71580879
11641774
-63432476
64154109
41388548
-60036024
26920978
-18740459
-89873170
-51567846
-18888130
72148427
52703770
74673261
-5655069
46478077
-56681060
-30502967
-27926397
90943054
84956082
77569227
-25083850
-62225988
-50521585
-57604891
38165745
26506289
-76541369
38123556
22561324
88429072
44858758
61825624
44319598
66388858
-78738482
87514160
-17317980
13821498
30768203
-30827791
-78265891
-8498262
3257279
81255358
-92282535
-97912948
36192071
-46167962
-61748857
66973869
-96279811
67319399
-24989456
-82646588
17820479
1798277
-92218963
13832932
10553234
43077856
-33039558
49211901
7017686
-15430748
41529580
43127133
98508496
-31533678
448282
936341
54355678
-63916892
-31262834
-97403957
-38086702
-22396856
-49566084
12770179
-59378822
-55327677
57296253
64369519
-78666975
-79140686
-39954412
-30425968
25350613
-99695557
-57807780
-62235510
13525458
91121877
-40118862
54117243
-56257685
-73272925
37183170
83712161
43684488
18267250
3334530
71446794
84463509
18650253
66949738
-17064857
63010193
34673452
-29432724
46973733
-74402469
32579908
-74866302
-27997614
-310716
15072888
-7137224
-25221695
-62026006
71025872
-94185555
13942841
4566011
-63601080
-6325979
-49915029
25016041
50239913
63800048
-43998005
69996265
39630025
76761264
51126413
-24486191
-301067
-53232431
64411717
-32380862
-50648755
91315465
-63281808
8480824
-69569793
-96700638
-65854441
-45134969
-79825192
80283526
92924378
-27537661
57831798
37122405
-23906377
-52499592
-36578381
23009144
48563102
-61650222
55642521
-27724993
-68555399
15888244
-23867295
86013598
46949406
26628149
25027872
38462430
-50619685
13259078
66968011
-19774048
-35560729
-78542842
-11658863
17137120
-20781142
35223918
-40526618
99259673
-87078427
40260465
56680229
77330166
99192424
-32981569
66254733
-90729275
92872886
-98457484
-47943191
92911398
-71068676
-88790263
68362417
75662492
27131647
3266869
-32122134
-14465179
26433667
-82146250
89909166
-13372804
96728146
-14492161
86746926
93385119
4028639
82807972
60693906
7711354
-24323169
-9497805
97747729
-28017702
33752121
45427342
-46368486
73370716
-63962109
85927417
79151475
40422867
-22907182
-20282486
-64065589
46804574
-58793253
-48503823
-26685583
-91453895
18330634
-22799822
57399257
31929963
-43054953
-83551903
-99876268
5514049
-5935123
60992540
-50370893
-40970117
-24074536
67302580
48029586
-65476509
74152949
50741684
1384227
-59825040
61309246
-31082742
91964927
54927710
-9404749
-6997035
81180736
87950108
11395637
94680795
99839574
-10711412
21148539
-76035203
-89356951
47681359
-43469473
29435573
-74225864
-88370649
90426580
44446907
-17760884
22722383
8210348
-49098132
-12924170
-8448858
7848113
83300970
-42370908
91253241
-91268969
9803931
-99856444
32572314
-49079530
-38131023
-76841083
-8355074
76842307
-42430773
39905341
19556130
89811650
-84644314
-46889410
18659600
30630875
75880155
30984198
66471736
-255937
-76413694
4820339
56282985
97417573
-59208186
93428851
47878984
84740524
-94460161
25092683
-46644355
-7419177
95583463
26970254
-61735553
-42062509
-26732887
58154184
-5552119
85208373
-41206153
-84718224
59143715
-13818982
92273358
59641345
64745642
27570675
-30864539
45762611
-77285187
-72673906
-3376782
50656337
74666676
-63754454
93435771
-36191595
68260717
92260657
-94624323
74162873
-46401582
-71104367
-19620132
2006016
69919826
99316901
36897284
16320440
-27411971
-91380189
-43077035
-12712089
2557417
-2602646
-27279605
15962207
21472548
37401665
14607716
13827311
29129776
29797988
78791962
93194839
-31174901
44631871
2673197
-122756
17468142
61066420
73276007
96798609
-33332349
-7259078
-7668933
66408373
12960574
-27751253
94559561
-84318233
-92452988
47276039
40019420
39215704
12682110
-25078587
-54193476
79834879
9003343
-90631312
30291018
-91260784
3693988
-70640447
-19670791
35590697
67964315
-32812806
691211
31472451
-27915101
58653025
15320305
-85236578
-70387126
85988074
-15873411
25911731
20179115
90366179
31301241
16348831
27734119
7993025
69704414
77222207
-67176914
96422043
-56525181
25552432
48137572
4672667
-98289607
-56296787
94609136
47624877
-52514837
-23603969
-15775557
-70814429
-7524793
-55797842
-52860411
90374747
-2737736
24263531
94645208
71743893
41301623
70512226
43617706
55563288
-83498368
48114658
55267289
-36622551
90060056
31606836
-6391996
-84124428
-31448352
31029604
-93073402
93538447
-74490871
-11265964
-872540
58530113
-9012196
-29573224
-35778512
-65747678
-48101864
-33877980
48950011
-58393966
-91157914
89314207
-10787141
-45315484
30056795
17990870
49408595
-98820043
66834267
-16902353
-43121331
69008933
-55506565
-78754797
-47865616
48083034
-77014480
48318985
93025519
28545993
-7612957
-92609264
36254903
9896272
-91210750
-97743079
-95291291
-81310347
-41178132
77292480
-25193383
68855518
-77244400
33327060
67449945
-68988077
-52661955
61005408
-67719288
-47272581
-82653183
-729750
-46456395
-71162641
88979477
-56823953
29621102
-26080748
26783232
-1543225
89882445
-21411669
-83202990
-23453831
12196840
71645865
74808597
30104797
-79533344
40659383
-53419013
97891943
-26988279
92397383
-81592748
-76920847
-74359725
-61596895
89589770
42402453
-33185817
-40000563
-63230706
78336823
-3216464
57561025
-53027513
-28979743
85074928
85250361
-48634887
80672514
41457540
62017445
-81400212
-85907771
-16099197
-91503530
30442752
41473327
-38528602
-18555113
32870408
65909200
-52193728
99852618
72071369
-71997535
93233699
57511217
88439804
-46735261
56927721
-16153249
-99164523
41139940
86207917
-86294440
42292031
4075114
-5647656
-43611013
55606356
47396679
-44859375
-54213183
-2672919
-2077048
-73188310
-37540425
38167233
-35932281
26478008
-22523467
73696815
-15158767
12220215
-15013424
-209536
9887234
-83635964
-95437258
-62241036
70737115
-69135976
-54022169
1194030
56531454
32824870
-86835527
7416028
-2636273
-22917627
-50745547
-90850601
26172860
-29805150
-95322522
-46662467
24002167
54148958
-22776323
95806681
71064759
-19794238
85880221
17977723
45237175
-32670928
73581117
-92853235
81895853
6018061
-55327897
60243912
-41665209
-29809972
85063091
31683086
-14376464
99743940
-51475406
-63284339
20515363
-92480486
-97161925
-38682149
-16558091
74940865
95495032
6538823
29833943
56659016
-65374300
52341856
28685797
99043735
-17801827
-5736743
-6570224
48605859
60617089
-32432267
38561401
20737417
-89721454
49017199
49886649
-93531261
-26465640
71521802
27610793
2973620
68577547
-71717625
96384313
-88920177
-43414469
4337063
84208623
21154523
-53485251
-60483967
80221538
78441250
8230101
53952471
41209116
-68411189
56710121
75693397
-17846404
56627763
45948888
78390924
-14057970
11827912
-76118734
-95892682
71055407
-7577175
15039409
94485376
47267037
-12978652
-61447129
8779418
-27284905
96505224
50744559
53677409
-45351490
-37400198
-40515455
27690297
-17303670
2643094
63857695
-68458825
-71057084
38851619
40847596
-99267384
-5085504
39324872
-93190020
8522428
-2078911
-42548035
-57707490
-35370970
91250588
797761
19261161
28464424
-36552778
58851319
-35155932
7739557
-26089432
-93889007
10029233
-44582035
-88757471
-40142426
-88985520
-93150143
-97528802
-49460726
8917051
87271113
92535865
49196616
-39690891
42075717
51382025
84853445
-47676696
42440768
-39814396
80911070
-63759447
-44889684
55700375
-58774961
-80744037
34545734
-91627515
82822083
-84213474
79789886
86658821
-33526877
-90024802
93264998
37153984
82772597
4981106
39182483
-68178683
-14694247
37551140
-85392354
-61403756
3531711
-53740712
-27984612
17514764
-25248224
-83020788
-39732515
-51866258
-60935759
67820433
-76430656
-90702838
82121232
95100976
1010101
23096586
-33633837
-34943867
80128888
-31557382
-89693315
53442107
-96295524
-47598662
-99536980
-38033366
-1504981
-81373387
45147698
-66677240
-92198930
88103462
81292408
-71789433
78362326
35880623
-30992065
67947747
88901060
-4171665
-7542548
-75900839
1796671
-2232832
-85434761
-13969000
68974263
-63457894
-82024196
-33354143
14542238
-99596246
53922161
-58750180
-15875244
65024368
34918716
37437039
13392654
22933645
-98792191
-4524644
60066321
-41038871
-67547126
77246721
35543131
-95303847
-4562555
-92807358
2277794
-31280661
-65654247
-17509982
59883251
74751455
40512587
80292165
-42960795
19508610
42011007
99042901
26447335
-63164098
-21230689
-50863202
95761795
-78541893
35461521
-85600271
95542719
29262071
-42621720
-76096987
-39746802
74600680
99985922
80997896
84731095
-85622224
75112667
-87466756
-62244193
89943232
-21386941
-15271363
-15768604
-15341044
68035365
38198269
-26882810
-48284256
-8844318
20289069
70263693
-10869611
92242505
-24719869
90877792
-19068581
-57248429
50837531
92855882
80333536
-15214188
-4779714
68642531
-27150756
-97511210
-16060144
-57674037
39791735
-96532239
-99186896
95096471
10088823
-99363948
15014655
76746123
67585822
-54202849
-49072523
31388744
83243348
-98875446
-33428871
68666615
-28312113
-54534530
-44657348
29143703
41999422
27317127
48157563
-50134377
63469573
-53857663
-86264707
79341983
-95002931
-83763301
-53570106
37423327
-84105488
52040056
59228948
86438785
-41971382
24096155
54563884
-39853948
84106923
68761048
-88116568
-67443529
-67720962
66159177
-33712142
31969123
80705492
-1015977
9445834
-41830985
-27068027
71369713
-96669475
87807736
64234155
94733411
52431928
-46918872
63169211
26579176
-26603043
22659284
87826612
-99112130
-93615259
59702497
-20624994
-56946017
-98860187
-96090668
43966562
-30955406
-56158303
51170693
-20947299
19381212
2550093
5797276
85069852
-18430220
58650578
-17036126
-52403060
-25580701
17235893
-94301486
-45274327
-3928948
-61796797
-68419743
-73197270
61279376
-73202894
-36086622
6214462
-90693914
60105489
75019561
-21030682
74456754
-19854487
77716610
-11477759
-84528169
17491242
84742030
-19189078
-6054565
68357714
-146005
40518675
40356285
13613668
-18987894
31558018
26238170
-49721190
-93414309
-42082484
84244093
21308966
-89559925
-53257820
-18417110
-15604037
-26652686
-34322584
-80115284
83884444
-81458811
-42656738
-27500279
-76123207
-23370673
86820080
87540520
-69720101
-61242528
86841573
8227339
-72445568
-25294696
778285
-89161221
98751935
-98461201
64008923
-36853218
19152072
53239425
54978513
59823939
-2792119
29264880
-82811453
9299695
9292445
-10962121
-99231537
-82769425
51889315
-78588390
89603880
-95758921
29793766
5970915
98455967
-52732603
77684325
74109678
38416764
56675458
-82182909
-37300414
-27072108
65559079
-40868941
-16969900
-69263973
-41032687
81025745
73263880
27842403
12202126
74123251
74080982
24911877
-8238036
-66294985
-61453124
-3594639
73169173
69844329
-502027
-85919010
-89625530
-69131281
56670113
-43951908
63228093
59246454
-72293902
-98599990
-81274838
-65789705
-81821378
-26177726
35576092
56976310
62817091
32160668
70393985
14268878
-26958599
38838461
-25492255
-70153759
-70044365
88736077
81161157
-57146090
33275169
64481732
18981337
64846393
6062944
90438438
-97293893
-34879292
-3947227
32290777
98523641
-93722183
-59199626
75920194
-8161187
-5660346
-83167503
64389081
29148310
67173982
90928492
42996444
53847156
45985956
17338399
-49258761
32437487
23459065
49579451
-79940172
-22348035
99166789
-93293443
-11023622
-32168309
-96676209
-20717964
77970546
-51600739
69812812
80147571
-92710418
-90739532
-6457750
73023410
95159788
62795339
30779391
-79124240
-5557100
81928416
-60606677
33137958
27958351
59990399
10891250
45233156
-25779198
-56283958
-67287424
-5882131
-93268035
64361175
-76228014
98998675
94647525
50500061
83360835
53118260
-58985965
39974873
82531489
78373780
-58246030
-80774748
-87311765
60972124
42936609
-18171141
-46997245
-8173969
-35716198
78842286
-67763140
-55553192
51430970
33639429
25320849
-5305568
72265785
-2224611
71974256
-65425612
55086204
85309320
23855506
21270639
60494782
78749592
-43694469
99468733
78460800
-536368
-65690152
-73735620
44555597
11167546
-97525599
-42846103
67427380
-89839304
35406537
16081557
-97993863
-3551863
84645138
-76208948
91420278
48667876
-9838205
-45024490
-91838854
45202077
77291967
-49789217
56967636
-11026510
-73297008
74845653
-29446766
48727466
-69252008
1399707
85662238
40364471
-59799315
-4454694
10077182
78090272
30053511
-76292319
-76680241
58064240
-83994782
-73596854
25734737
56645644
-68897955
-75482429
99203940
-40479772
77146524
87836384
-93168237
67556901
49811582
-59480692
86726230
43480842
-4909947
-77643231
95082358
50029102
-69354841
-99314687
-18158968
-60452953
-26999425
-90741539
-33136225
-99360247
71111485
-86919983
-95096921
44186451
83932581
-57054474
27057412
-79688483
65013354
-55706935
84164782
-68837559
10844667
-82083913
99814838
98952523
-64029377
-36993373
-78649024
47616009
-60873908
12975997
30833407
-81888593
-44593739
-8609868
-43494807
-56279791
80990912
-86595501
28650337
-81573192
39455896
67342954
4591115
67595869
95303608
12851744
27884994
50304257
93940408
44507588
-53842195
71674729
34226957
-68112909
88203894
19262324
40803032
99339760
86312614
-39325416
62071963
-59182560
-20852430
22650889
68454167
-2092513
45371215
-86420918
69539113
46378390
18504880
-87189986
-66370247
-77466353
-40511136
-84240361
-69962
81735715
29685858
-61434272
-8748697
-32366054
-86711302
25122738
48341778
-71276770
-10982017
91855087
-9477106
87269217
83266760
92749891
52675113
99164720
59706707
51410174
-30752170
43825018
-80033521
-25495277
67045653
-91750630
-58920650
-16335972
80590648
-28454919
-80236659
59621262
-90479474
-51091122
81369329
49078724
-13212834
-11757792
21525670
65181790
-18694767
-35016680
-31723150
57247424
-69686605
48197194
86791607
-31185853
85072332
-10584324
-77601650
27826144
-81614985
73248464
-54158241
20126402
-67174742
35142922
12924162
-85670343
-89769421
-96720314
-81188831
-62895424
32939681
91285255
73602522
-76412279
-6158233
93886651
60408776
-2225375
-18492575
68375215
-37153807
-82522451
79114249
90007802
53923136
25297599
88713265
-35214983
98294267
-11783555
-39650094
89239214
-78438773
96140459
-50416050
54350343
86583670
80917542
7309035
27123651
32130510
45939921
-7360386
36896459
-43451402
-47017598
21927559
67145251
-18750222
66974897
-76328179
-34428582
-16960271
-21161408
33334946
9287144
46740129
12283362
43430195
8440519
12340732
-34320440
-71867182
-68418902
-70426459
-67634334
58054138
90253201
15442805
12415293
68711476
51045069
20630235
-22179930
63278068
49378753
-95019426
-61224348
69419648
-51568263
49427378
21226594
-22839618
-23071200
48285535
-64477855
-77459072
-33794283
-52379964
-82892287
-98440027
56925771
74563455
-35536684
-12424753
-57197248
-8287367
8090489
-6494786
11273627
83346895
20612999
-97521978
-42862641
13413596
80334628
-19510308
-77663796
-74537684
63989745
-16694626
39542530
19135630
57089738
-44863817
-79948757
-49508742
-72319773
-28823943
53171746
-12925272
29615669
26830909
-55062852
42217467
85433825
83379004
52700392
-79302234
-91112435
-94996158
19598550
79608845
-56057576
44111800
32311089
54295637
11092242
34249128
24618130
72167287
5991999
65700875
-58225157
39121265
26522802
-38572576
75789707
-68288490
78434416
37877546
91629737
-38902307
41066772
74683883
-4122974
-89516111
-20145600
-46961163
13005174
66943202
54146416
-98784711
-79795688
-7060622
4829072
78697700
-76062557
46335545
-61941658
95294464
-36504930
-33056093
-57836361
-80526321
-67862552
62135567
-82817705
-90054921
-44362167
-48132813
60830145
-78950589
14817155
-12452136
-83303269
-89863920
-75000073
78060725
48888086
-14080545
-9897573
37896249
-31978129
-64447102
-62228624
-35212657
-66875425
77010870
54113967
60496032
-32953281
-110817
98646617
-59520947
-46114696
91327269
-86147395
-47239987
-51164350
56086349
13282300
49893850
9795910
70967375
75730206
-24483333
61929590
89959441
62421592
78641355
1940026
-43584066
34657715
-21532621
11522050
59701737
52123897
-55977716
-30839453
-7157107
-48378680
33742211
16862919
-48833314
-13816623
61135027
-21203543
-63478128
-98050308
23075920
57847120
-97685778
35328537
77467994
99494305
6566207
-64675501
-49921555
-8341690
50959588
65543536
49925626
25025763
31571920
-29694407
-79738587
76388256
89051413
36224360
-6082659
-34081315
13688335
12354006
1679717
-43711780
-94979865
7240696
-29104654
-10529643
-27102406
42386826
79638264
-87378744
-42076089
90421038
-52993673
47383319
-91894623
-63024898
-63397854
10747791
14325370
33045154
12675757
82228022
52477598
-89428517
94877248
-17814853
-14162142
-28703743
-88451468
73473878
-10776763
-57492336
11413625
-49282703
-30103384
-30609223
-29907291
38240083
23463757
-93348213
55455968
71099861
84071476
20954028
-99040902
-85128733
32610204
-82240224
-32727416
-36275658
-24463656
59465741
64085063
-65940619
39807345
-75301580
-29170373
66635862
68706720
54938303
-44159491
-50656061
4816659
-73984103
28930472
-17042575
-10302128
25859534
88291570
89819171
-60087414
16318968
20583710
11993698
-45417928
8360223
-23268393
-18675715
33013578
-5452753
-57090441
-60338470
76450581
-11583779
-97490880
-63302910
-15603626
-2902161
8210718
-75577638
45710002
51401254
15504876
-12436559
-85705429
-97082329
-19656660
33972764
-1418505
45804797
28864550
-72505233
94897258
75179834
89457513
18018764
-7428308
10829414
56873256
-2277645
-19152034
75042314
25091019
-13948017
4424600
47536494
-78753437
-11452232
-54315999
-88204653
46476586
-16793180
80900490
-8027195
52244050
-99967340
37768570
-36768138
42970959
27379704
61896292
-2281206
93895052
-27919405
-74814702
63607093
-9102132
11704965
-3597732
-51023338
53536973
-99043521
12525118
30147862
-20002435
82870668
63015536
-19580824
68634705
-963671
16279625
96622810
76425743
-38689503
82179126
85681795
13395748
86811971
-99069481
71884881
-52933695
-87149718
-19431492
-74578913
86642221
-70129289
4006959
-51690117
-5531681
84022019
-12527949
43203250
-8233078
-48313273
-17994984
-25010946
7793101
-74536667
1869588
29387273
-93111486
-96263542
-65773540
-13400182
84624345
69172740
83646031
23089522
87613791
31990293
-68481733
67941336
82343686
88321183
-67508726
-60108956
76208532
19066039
-27570508
-97505070
77599039
79228308
-197543
-24672155
-11753570
18892728
70097342
-93926591
49085099
-54689806
-46883925
78032895
98345963
-5949142
-13584199
-52810111
81826234
94522788
-29251837
82823440
80093677
5116904
-86407903
25786878
-11729488
74576078
-27544388
82806061
94523059
-50971552
-12704411
-20918861
76145979
-23804982
88517124
90595366
15614690
99466692
-4990147
-33395422
30449365
-52348845
79750285
99015634
-53323065
-83127773
-43935993
-21170453
-23146120
-11202423
-88760533
3714058
-4688916
-47947574
2988506
35162653
67357321
91802424
42296510
-17510734
-85212610
67119533
-80692213
-99459463
59672408
-78044985
14847766
84530947
-12825975
-498807
34992042
-15639625
59637047
45855706
36258868
-37055367
12949003
9814935
4553855
19372697
32178795
20795706
-20408884
80456745
-57379596
-58846209
-77908034
47885571
6026399
5047895
-12214140
-11611089
-65263017
62899508
-24935244
-99551701
66296035
37629224
-62055292
-32738136
-84965447
46258702
-51062282
-10486703
-76740112
92076460
44499978
-89643541
-17299933
34859943
41378913
42435038
-97962871
-27711993
50991393
38525307
36286899
-90474823
66830407
36843266
-90482633
43228415
16856247
-27616068
-20817590
-46123289
-91713084
14233685
1918530
-40555712
-50137306
65729168
-65041990
-78093163
44383604
33885716
38279572
72440844
-42192936
15856209
65455394
-33362351
-62525145
27642343
-20932236
-48041800
-98116216
2493245
1099048
-93653032
-50500387
-89078215
-25533120
66740690
25779536
-45393677
-74292632
74630795
-2821820
38716271
-84076917
-42423680
-22403309
-45316238
49247470
-20029032
-87144975
-27984852
-65551452
53753450
-81588702
-10033294
56355891
78417988
-75162752
-64012186
-77868228
38275069
31952646
64167503
-54337881
-44449798
25297912
62474743
17071296
-25021978
-31308313
-69440719
97068457
-18041569
-37334576
-20987600
-66485252
-69889253
63745659
-71966983
79412069
-44722158
-95983784
-42122022
-84337373
10573573
-67836247
73653848
2207537
4569281
-68600961
50240183
63246168
-77476414
-83462588
81093302
81268492
-38064757
-78340696
-81491433
-34178500
33823107
-56891102
-402585
-43726868
67695897
-30233707
43270319
-78895736
-87224428
-51946680
13282432
-49225902
10418960
-84391138
11641655
46704042
26705798
3665148
8677084
60722608
-97287237
-96890557
-82303529
-65347936
-44014787
-90893645
84893161
74022614
8624815
54327707
71186504
14231378
46459917
-42071503
21858129
68771916
-13234533
-77071103
9074875
42126901
-99061802
-97187327
32598373
-76838785
-36937280
94734144
72897611
51472283
28415059
43143196
-13606769
24840682
72917007
55285237
-46003928
51423927
-87764200
4613536
-51660937
-53556798
37460651
43418600
-95786286
22650939
-16924163
14737009
43140764
54277362
62096006
51266908
-51255268
-86679870
74264492
70817784
-73948496
-70056876
3792976
-6704449
16845631
88696865
-40501646
-96824680
39731927
70483025
-80730197
67067949
27114696
-51644756
10818509
98270263
43291210
-36635619
71220134
71992210
-62633785
-8656794
81965832
11578719
-83869567
61152464
56537049
-73952930
22672286
81944337
-99252485
-9456253
69280893
3709105
83705566
47297112
-76957007
54876509
59705932
-91196325
-40356987
87177054
-61078927
-6072688
-87190938
98447384
-38140908
-61601289
-22641657
-27483177
-11959234
-81085393
24487062
37468189
52470833
9630270
-69185048
-64799140
44353253
35923520
-34115166
-2537587
60152865
18147961
94099820
16897370
-68696478
-98043671
-57414275
-55417262
-17098082
-47532984
-23582452
-74071792
-86351827
6153649
-28175594
-26190685
-20779775
-85247630
-32507401
-41075236
-49358818
-13785605
84009739
50236442
76319840
75595289
-7712376
9039150
-66136818
-41574355
-57920170
89358252
-48871630
80398427
94872156
64303597
-17890173
-48324585
6080670
82250546
-27581513
-14720229
41693263
68244970
14063806
-83614825
-31816105
58940620
-68535841
-41261053
69971673
-65707721
54114816
-45343428
11905590
-48644118
86280477
-83443185
-44489444
-21108133
-45027644
-8522024
10390525
3228788
-74198870
-50253781
30303606
74539363
-30785163
45644739
8788468
-23955854
-26202223
-51682696
14818867
78769440
71521885
1067581
58451275
-94144692
45379480
-1712280
-75554699
37276692
77422236
-51384289
42110767
35493015
-20082212
50074986
85349776
80277950
-76226921
-89593829
-66223498
-71107919
-17023227
33564464
-77249735
-70620055
-10180060
-59017401
28072900
55478666
-20711508
83306945
38489422
-32229315
23051074
-21352383
-17116513
-8188553
40808392
-1559863
-26710471
-88303798
-86750100
-17984414
35478719
3766857
-37400849
33685552
-63150204
-13866554
-82845373
-77069906
-2416572
29266763
14996139
-7489252
85871780
84903127
-88922271
-43025759
-20723086
-30471624
-31460602
72209169
-53251001
-44582571
12333127
94867595
26793518
-64890062
-9860040
20985253
53547171
-64657299
-93416317
-41676
7196574
38108079
-21096704
68807794
-48248911
70867125
-8636696
35794702
-35520408
-6378603
-79735793
15148102
30561549
-33689900
56478315
-31932832
66979903
-39645793
-90298476
77070575
94760081
-18795505
70505138
6184983
49378677
90139192
-26047852
-64726673
-78737649
-96229890
85660259
84239991
-85012777
95342669
-5648825
66605817
-49377574
-86461151
12050315
-37493213
-59366667
37176992
20252721
94951309
72654504
-28599217
83083122
-97000886
52987883
-34047578
-39576949
36143467
-22924712
-64390551
-18159551
64215801
19422676
-72057231
92414458
-50777603
41856493
-56536913
48440878
-57870775
70995852
-14306252
-8215233
20134979
-99588239
74594420
-75847483
46072269
-17517475
-33837057
11676293
-7212388
74802207
95030622
-79713209
-35522435
-33600475
66096553
-20028315
-57679460
52865191
57043662
52761886
-82011848
6527312
44209156
50044765
91813886
-2021208
-55227167
-78753469
92545013
-62019602
42265863
99554043
1804026
-3877822
-37742854
18478048
-86010816
91629645
-22446811
-42460653
-80182826
87021530
-33721585
-47124203
48501767
51554590
-86657860
13278317
51588636
-61006341
45267207
-54255944
77465888
-66411085
-13146019
-16071863
86422471
-4810810
68542101
-27857594
-82872340
74393520
94910520
33587261
-81231064
71356680
-96313294
-88783270
-67399943
41367741
90486721
-44472900
-71008570
-91365647
-8531029
49845395
14137476
-18668062
-51899882
44573900
-90181577
77709265
-74379365
-49574952
-5714041
19820485
42151582
-45401789
-13936297
-71393835
9042743
88718246
91674580
-23944150
-4972060
-55346296
35892541
-86399160
29882260
-60528734
-16696560
-81281629
-61952892
-33239735
69476916
-56729555
14623316
-88595679
-70944394
-95666161
69820848
31919217
39806013
65465582
22128651
64243309
21182076
30633515
-5417089
-72726220
92931417
-29179593
-49579413
-21192326
60600626
-88318192
96934801
29197472
-69846605
-50117305
-27344936
-84299694
-40634242
-43925006
-48018187
-96601440
-87115755
-69526886
-52346973
-55183499
-4181067
73329989
-9130556
-51867697
-89806303
-26768058
99449579
-2426793
19017786
-54019108
58736198
-5010984
-36494182
25882053
42889741
91882049
-56209980
-19402225
-64212986
82568720
-11281296
16682162
-16166152
-34884738
82526641
95150488
-86417384
-99802677
-68658362
-41174064
-9465468
-98212079
85679393
-24670385
76025807
95241303
-50730240
-84146475
26730489
-45066770
70985900
-49893898
-54547460
50779061
86948220
-58024779
83149568
73779438
41282229
-41997748
-36851908
70865316
-32090185
72180480
-77202881
-50191089
-88825983
-3295048
58645914
-25646940
38573482
78136244
-52808228
-34634555
35049779
-78596982
-62134466
64888556
5190755
-9334749
61887935
-18890648
91452519
34091654
45208
-66961080
87795974
-21708469
-69213425
-83253711
3974752
41218794
55518269
-2452995
-34215765
-87619181
64499439
-40557658
-69483142
-21248879
40229016
-90297272
-78001050
79098708
-26415428
72145737
53880247
-3487936
-17583352
-3163486
-86489517
-33668387
57491392
-34308831
40771497
-32513040
70582590
-99043565
-1048865
201955
28454894
-76273976
68887535
74604313
62524037
14436711
93945377
55412895
-29671543
34755508
-18456478
15880917
24679125
17268048
46024963
29111845
-36084166
-74408044
-28532910
-45903059
31943247
53221104
78657158
74706596
26378312
-113065
-76143929
-87031170
41689147
-55301439
-22660844
-63620487
92192756
-83260243
-8410685
28374881
-54944753
69711781
67967629
-43958253
-4826744
-43424940
74192094
19869492
64000771
-96059839
-13576716
11850043
58920664
-96163154
95778819
-72394831
87535390
65865716
-40986218
74710052
-24425713
-42771224
-26952978
64199856
15308863
-16561900
-90208303
93792390
-25631311
-12791253
-7820562
29918792
70281840
7216943
-37541403
81255757
89865701
62511435
-46601738
95111069
67059483
99558887
6198040
-76246310
3845149
24773474
50093532
69975733
93688297
-38093813
-47446829
-64020668
-27334417
-47244874
27643979
66070259
66792835
63971705
-83334797
99073745
76569390
-95673806
10512043
-79558598
-60964344
-6894023
20706311
-21666058
35165061
61671492
-74703088
-73193655
99153138
-76939464
6002830
7531585
-80816726
-14813847
-55213236
-27673046
59969681
2028687
19870048
58902243
-87647300
-98625186
-14923259
66514593
87451588
1390667
86968502
-82833261
-64620512
31836745
53198340
-61918173
97718173
52813613
61189683
-71168043
-65807635
-39121090
29973211
-97796273
-46896687
85927371
-15986550
-20287976
63418476
30550860
-34136578
-52419089
-43292385
63276477
77669932
28437577
82662729
84313264
-55452687
-94870757
-90384584
3726747
41901740
-69717364
-20961410
11292592
76029058
-11413314
21997845
-15297975
-78053014
-76414322
-42766512
49937015
-35090876
-18614062
57176825
39218222
-57876268
55817701
41152997
-17716181
25196609
78213331
-44690111
-34262902
-75091496
-48154627
-62034112
13493224
-12315112
68349368
90118470
59747706
31985472
36924436
-11285939
5000634
-67542443
58861597
68616310
-73895185
-15390689
98586674
18195101
7664434
-14878974
-56784281
-48738469
55457770
18563182
20714705
92447727
80592756
-17924962
29124853
-95435826
84914925
81264778
-23244656
32912546
-8940512
-42412839
-31668499
91289447
-30845573
-76049207
62278665
6409077
57553443
-49643831
81548365
81478867
-13170102
-4140419
90019276
2642113
-53833825
6064228
25819222
-1970945
4614053
-43901600
-76656951
-45788206
39645814
-61709438
-292943
-51259276
-78492282
-66854213
-44871029
76457527
99868275
-72198358
-71012156
70722160
74004486
77412036
59666113
-37200025
4060414
-34815020
-25923518
-85112483
99799492
17225871
6829831
-65449575
33786950
-9362565
6939220
-54430901
1400552
24614533
-94939153
-97862852
-67429213
-21264784
-66878842
74270624
-14689615
43265491
-26279389
-58568087
-80554762
70650073
-61729153
-94125362
51070467
81007097
-55013074
-23749693
-1700599
-46158901
91285510
66307595
19523324
90801598
-10349744
56569518
-85044873
-19599246
-46586672
63854636
-15361875
-4427848
-85630170
42822579
-26581947
47612053
20637345
57654893
5232866
-70514342
83976989
-1756081
-75498895
67841047
-55228213
70949150
74776037
91734566
11688528
79724594
-73463976
97470891
54208253
36451045
-7395638
-31329106
17986354
98753108
69171317
74913681
13532948
38210226
65615982
-89567171
-78517421
43316684
-25451099
86756837
3150426
41112301
5508516
51276205
11784920
-74313405
-90644588
-76836637
63774932
82848822
-1163919
33988814
71863228
-34863665
4494605
90742547
3290751
-17691619
18253369
-37304524
-6751652
20201000
1146969
78000978
-35875901
97175024
-63603988
56173780
918822
-97924392
60622239
91773181
60798334
14370514
-84074888
47366149
-91059203
-18587233
85426476
-34466251
-25632114
-43150469
-63480403
92012065
20416066
80142657
91272727
86887674
51164287
94077671
-62572744
10892523
-49042002
50081911
33089228
25066098
-7916116
32037254
71989393
-33823261
-45502203
82279698
42053496
85697960
-45494083
95480537
79862744
-83407815
-2691368
-4044902
-62494851
-18705779
573969
-34818463
-46814638
12574079
18745614
-40285751
39988363
-26416625
79666907
-55040917
24630826
53224774
39992002
57021143
-39653840
95229788
-28998045
35698120
70268346
-11120717
81270685
-26907975
27781268
64470553
81326374
63880393
66571165
-74328174
-28986665
61269688
72700937
91143884
41760320
7970265
-85491373
-51577486
38487050
-2489084
58480799
-15209543
-50313539
89604820
-10531903
41785087
44262887
-45230470
55292785
-57187506
19138904
54013918
-77054450
-49016349
-20722198
35061356
-91813260
87242813
-55668825
-43598456
-10932841
79460000
38902319
55606596
76778450
21546180
90874690
-43620636
-94312431
-10807526
84347501
77632645
-83689944
7173099
20715287
152009
-63724588
71363033
-57542046
4387056
-18409106
65501716
-7244356
-67808086
-20972781
73228878
-97999716
63511994
55037911
70310944
-39846293
3082747
17813228
9104467
-9855594
50530912
43103249
-39900458
-88756806
-96899062
61648610
-74123222
2008725
-93270084
-14540606
53177384
-88527080
-10927462
3920405
-22523525
-28641181
61387435
89674879
28768047
1636692
48530679
87202380
-35355992
-37300476
70472636
78968441
-76092425
-64395548
-30920852
-41926083
-1862541
-37318394
42873894
-69214695
35900051
35508983
24634971
99777539
8222887
-25767194
-60931413
-5250535
13571378
-54782320
35953111
8855478
84552865
-59080001
94457649
-68091179
36546569
-50577486
38973291
-47673311
-84047477
-54714266
-49114962
-70678055
92523598
34518246
67505849
81379398
-61650397
-54560865
60899701
45151687
-65836239
-93043974
55600609
22479887
1150001
-16500801
92144881
56770836
26798331
-42080741
84697101
-56528120
79456234
99913689
-2903045
-75823110
83929072
31009831
-70740382
-5575520
11691336
49451641
-43439824
-52512837
64426796
97402011
-64345747
-70544894
-69433364
38697624
34337531
31166277
-73265774
72858188
-54290365
-69167666
29949474
-84088687
-50210880
-54648271
3946877
83470739
-48791212
49147083
92903695
-59899926
-54329302
-60897464
35289780
-63734620
26372776
99068534
-65581320
40476170
50040163
92017784
64329969
93224813
-5984430
-38405474
-64506655
-84392098
48507352
48284551
6618317
-13495570
73844230
-3739236
-94300323
-23910836
-88438928
-50586799
46828147
-17245279
-1150136
9730647
90033735
-466993
-54513640
-48853043
-7317594
68665751
-79355875
90920818
-72923270
2538529
-12618602
28272893
67973224
52823032
97803492
28656350
84147638
69411437
54066847
-83934642
73557353
-43940059
49652000
74456217
-90567880
-81010006
41821406
-7311228
98549673
42387965
-33394407
42300430
92533978
-54000020
-79643182
-23611931
65873386
-20785897
-59415816
45408954
58837640
-10302422
168506
-75890338
27595067
63027951
-59567913
61074909
-56711170
-27919351
97219510
15390464
-4662857
-4912565
-8938491
-44587680
25329957
-13938564
78096579
96977918
-82158239
-1085998
93853364
-96462647
-29577992
62920804
-34617851
18538937
-41508854
-94840863
-73659086
-48784051
29569163
82897979
40258918
-81797586
84214707
89593515
32216853
-11335219
31879057
55881353
65730946
-52656063
60116922
79621267
74709110
-21672677
58401263
35353107
-12598999
-26172480
38145629
5493017
58928184
-40370507
-73606611
-31711127
-12058138
-33181944
-64057491
64438726
-55889253
-38055043
81068260
-81426939
30936444
87251303
-36628470
52407667
-56017296
-33121843
8145724
67675287
-84949732
-82987300
-83831397
81542336
-87783922
37614985
94137797
74073451
15873179
-79590678
-71458162
-44575245
-8132700
-38140012
68876144
43875019
89765462
82651568
-75952386
-37949163
-72594515
-70779210
89622943
-85895100
40058455
-5430416
77537564
-92573045
-42050663
81375458
80477450
-50193536
-52381035
-78867853
74020028
12685491
-80231024
60827876
-98138226
-11134355
-88356172
28739949
37887261
-54466515
-39506586
-2572807
-76470985
-85941080
16752593
30337279
40680381
-24210065
40822627
43890189
956398
14810314
39686883
-68372029
29329774
59011714
5287888
-91086641
-19670011
-46423661
14662322
-42169546
98190972
40332807
-98806969
84948817
-71105283
72821951
-83060906
-78292299
-22921569
64902714
36238705
14121401
-704931
92479252
19976271
-72740447
-1835808
-83112513
36669131
40747619
22271815
-12470715
-63212628
-91966867
93124546
52516304
-80703000
58283482
-15760558
-45191735
90180782
-1047453
57391161
-21335631
-47754603
3968386
17986415
-70643697
89776697
9867334
-77125133
-19168880
-47307452
-93593804
-82958060
-2731733
-52206958
93860371
41145805
-91985629
-75953915
46387238
-29317094
-17694298
41817266
-77586507
-85011404
9836529
-24187190
-23149145
-35000903
54549724
48667527
35121565
26522130
-13226033
957254
93868565
-92191552
-13237993
95561587
28953915
99080720
73078644
93477733
42757448
92603109
50243140
-89530805
-40242077
-77040555
-85522023
-44178494
56891078
-63389271
-59436343
91918634
-64403178
-6414732
-57590739
-13962118
-26009744
-70866762
-92233959
-94404606
-2110070
-20745906
-68532418
-69537648
-25758713
-9553167
-12185969
98426633
86916400
-44950509
-63728851
41623936
-86385554
40982477
-56459939
24894015
52506957
-15408314
11956644
87074860
63251291
-27935315
-20878577
-43304229
69497155
72262909
-24434795
-24034084
24241466
21509270
-51432398
-97879877
-32016306
88252301
-93635767
-44743504
12288711
8823671
81087476
87425147
73177640
44636205
-91279116
-50782936
-77476769
-87437192
-36262405
54115815
-84897745
8715198
-21098077
21533800
2516303
-37748485
-43914610
-54894618
75250283
-71033868
98019953
-7986865
49117291
14795001
-56416329
-25330992
38663506
-51749716
35312318
-40185227
45346124
-38374965
-74158172
-87194553
-58275641
-86415700
-74636655
-97174421
-51513411
-85496297
61896356
-29945320
44649103
42668735
23599255
80284364
-8329375
-14372524
-96554939
-19646609
-67687925
-31484141
6457299
7148441
14810110
-19280819
-46123290
64861741
83324099
-122511
49523996
89947829
-8931028
62105489
-55409602
32999956
-56398054
16766901
-85841366
-83050844
15376353
-36360757
42296926
-97916730
-69084318
86268405
-2418984
99031860
37894574
64125735
86373397
-79822519
66580178
8919135
99928410
86549016
77800807
82984510
-21168384
87387044
25080952
-64425043
45961195
31644748
-93730752
84332093
20674196
29540562
6868131
79276586
41553054
26394655
-55380477
3157250
-99619340
53630496
47861940
-50721374
77499412
-5267357
21932960
9973286
25672070
43376794
-94009858
64982889
-53284308
97435314
10466644
28600409
-46748759
86719434
47857445
-80007877
-36891642
24010858
-4117579
-64566929
-89289194
93975666
-77903788
-82234810
-5753130
-80501235
-53334924
-15620467
75322312
-83308172
50472369
78552392
-35510805
8000158
42338146
-65675824
-98665364
-64909735
97896254
40072454
-18209060
-50175582
-77221789
29851062
4715147
-63902187
61507463
3632615
53714036
58302172
58996457
27970459
-49597424
35078157
49859688
1286982
-43854045
59810982
-90937930
-26659831
-28959991
-28504751
19569394
88148792
-85686108
-37711452
78999290
48894440
78622676
28571112
37383179
-30442555
13758973
-52714511
34388641
41949626
-25707154
-75512834
37384272
25546769
36340371
-64354642
-20087070
-3887743
-24531173
92077719
-48855991
-60417631
-3899760
28203340
72466634
35301615
-482431
-14881780
28053885
89810842
6875680
12655424
91430473
22993872
-84965539
3117699
-11313599
32021852
-44715988
-61726203
-83660601
32366581
99157173
-35560642
95871244
-9087676
-99654632
69389197
69113546
-23162081
80187523
-58262353
-80621127
41028889
-31779527
88874733
72899574
55890982
-98603759
61218205
-81867090
-10665058
89591150
3827554
45882187
32675912
63513164
-36754951
-72239191
79406420
21276131
98564967
7971114
20282217
-3646826
76627237
-52433940
94666705
31143878
46136143
66206634
-14767288
-80639654
96542318
-97726288
-42667147
77682225
86584406
-58669758
-47913604
-82967147
-55864727
-10864218
-8599372
8696575
24915887
69931997
32064061
-75414074
38136330
-26059985
36358400
96668905
44907047
5014378
-92414728
-36864276
-65877483
-18212101
94930839
56274796
-51342947
80320432
83758466
47750037
-46250626
50807612
88922713
20929349
-33764478
-79232502
96062538
-86280621
-40144001
-73563654
-70613016
48024829
-72077669
15673033
-53009115
72086581
-11113008
49489859
57104960
30494087
-29641758
4468260
51311363
56966794
-73113011
-61705673
2121175
86707711
77680454
-98517769
-11034817
35358326
31679228
-96315831
-84931218
81921736
3874299
-64574453
57449931
-86908409
-65008521
2998639
86319793
-16502527
-84036367
7031629
-59658891
-52632696
-16786971
-31433500
-90706887
71133556
-99942726
27153193
-32374208
-89376048
-24784149
60734963
-11355597
60465185
-15855731
-94294662
25610831
-25941352
-72861662
75935021
10439555
63054379
-83424901
-16069081
83841687
-65592332
-51162979
3341075
-27497107
18166786
-30746845
-9923769
742958
-86744769
3757779
-34685789
-66484864
97664362
64250635
-8562147
79174327
86962075
-28465574
-25063811
-64788746
53580848
63935478
-48313842
33521921
-15398143
76605444
76262867
-24310957
14504296
-55891978
-67478184
47766718
6218759
16021316
-82887239
24993898
-43361963
-49523346
60027563
50632754
-49748643
79006748
80683210
-69241606
-36845175
50313571
90125778
-83431529
-28776088
45766151
-74229170
-73589509
42006499
54985786
33908986
87259533
93924180
18108933
55606176
-63676484
-36260907
42057696
5872465
27672727
-47154940
-98320069
51187604
-19007630
-82116325
49195733
-38792192
52948493
50090019
-52734520
45087066
99577193
-86627016
-80500571
36763417
-62144176
-50621254
-87404461
-41178411
-4421420
-45314773
20944077
74024392
29624452
-93979696
-14129498
-59703287
-73392218
-37812508
74896261
-83615199
26597825
-68506058
12681019
43832539
-84786804
48200794
-5182606
-27872503
-48091406
92362270
-55245612
7775830
-51437012
23070911
-58422231
-24076638
-22527429
71298518
-24837315
78894846
45440538
20921071
41058633
-93523900
74522871
-94690999
9384491
-32514071
-90463121
-9690035
94215466
88667025
-84244463
-58910005
-6567903
61210564
84764393
81096907
-35788048
68460684
92706524
-1481490
-97358025
63965397
33909278
85268390
85405590
-74696763
-42761324
-6394826
297291
71919218
11287097
-62342168
81284532
34016182
64724385
-51261100
-41118682
-48598089
-58799431
-46507849
61544843
90119599
26413650
-51619313
-87537094
40839137
99099011
-86624899
78741622
57589275
-25701222
67184012
-9864204
72182540
-11664680
24261701
-99684700
-59855961
-63907692
-96636804
-32167588
-5324162
-70351626
56839753
-50777323
15947571
29341339
77550426
-87635025
72103449
76864801
10458364
-56368561
78840345
-75635259
4141769
47482682
59209827
-35270781
-10464643
22721771
64513901
-86780069
-42851390
-56084841
87974519
-45080958
-83373495
98718426
84858105
-24039971
-54049807
-23816798
67971801
19299596
-90158892
-81343485
-42800023
-25823401
-32216619
12449097
18460091
36821393
59675700
-22675713
70814976
51512472
23005670
-13235431
-59287872
77218319
-94189884
90398053
-4890183
-92437277
-28641320
-72586224
-20090545
20094455
-5528668
47030032
11162851
76212547
43820709
-19225855
1458049
46368924
-22723348
79160504
97966153
12581639
65203136
70715270
-26029130
94297265
-31499236
-89949091
86727252
36750751
89199845
-66787472
-76863357
5495884
-68420252
-93261877
-96539011
83445656
-71465310
-18005900
26332654
-76905226
-61039557
34995371
19980393
38238069
-24744619
56402555
-66317951
-54614280
44259681
-42316630
-37894369
49503057
-48003924
42505623
-36336237
-38221057
-35182884
-50836222
89744355
-47210408
-84629672
-40231611
-62056197
-86876791
-80146941
29375066
64164136
85711832
52928119
68310315
-28912322
37573114
-59803549
20640686
48353077
98481814
54240014
76615777
-16348620
-68123123
-1110176
94270282
-45322220
47459068
-19210769
-62461145
38588932
-58601137
-18593638
91396232
-1859523
19656598
-25133433
50680010
-34943978
15555883
18249596
-67224616
-39335325
-58646330
-77176239
-19234590
-94621807
26807310
66636429
-42340046
56991667
-76676542
5336409
9383848
79668924
-91142985
24677712
-43352391
-34174853
31763190
-70716480
-36045547
195412
-40018815
33798290
-62641948
62013052
-479722
-31597586
12617192
-13630279
-92831035
-57352785
14096696
88403567
63773913
78037784
-72961002
-47902518
66211290
84914728
-10284106
-97219988
-75132666
-5356147
54759810
68633389
64502639
39374086
-65415688
-5632376
-3409164
17547900
-34971817
54432814
82044297
-13543794
74360585
-28528030
36483233
-41512658
42234004
-70914470
53037848
67809523
-75386677
47249972
-73122900
8646474
-70399769
-49307746
-94597492
16912051
20951572
-87042669
-44884946
5507327
-75913311
98710237
-15956178
11119356
44577099
-20760034
-64314210
75009500
-13666218
-92506514
77562427
88805311
37297311
47389330
-66816714
-34511307
-28499377
-18078700
52500231
-55903108
-49352066
90335497
81859212
88319346
47285500
-94030195
-84956417
-66281728
-94836411
54268839
56954220
-86991062
-18221385
74028848
73576948
-25630490
79272340
-26165801
-52574882
-29620921
-43226525
76920009
-95073690
23037317
17884207
79358065
-8265672
-9664704
-71155310
-64531333
-77689543
80377576
45497470
-95943168
-90348551
-67320011
78848372
46757755
-34189614
-58883522
13254485
-12023287
-48380027
-56373491
55693360
-49062511
-65479455
18198329
-1427882
-11727164
79315360
-16775699
-28536066
-31012499
-1473284
-37384612
-2461281
74749392
-34521181
89436188
-60389152
-54003103
-62900528
-25658135
58240549
40053298
73515814
55453246
86787782
18108397
-87043515
85583942
21889001
-21812320
57237487
-59765568
-39291941
-4795703
-31445564
31732023
46936124
2573214
-81252712
-79567096
79245223
-32375238
-13339014
19633420
19965447
-39576843
-19424135
-2914120
12305537
-64900283
-12860772
-83746564
-10714612
78538972
31772707
62285208
-2189302
-3170407
-38565628
-57857505
33415541
95749969
67055708
-40476978
-2638829
-18140540
72687104
-22821917
82863021
-63615521
-13807199
23508876
-29365511
-77731341
1290024
-3785830
-52886509
11242376
2658332
95488185
48422432
14087606
65356948
-14760466
9431583
-38092104
-149319
56834447
48830753
62810069
93626401
-67989980
-55868039
79767920
87926024
40397462
87491304
-27778512
35295334
59947617
-44630454
46493776
-53996227
-24348931
98652646
-72748572
56205016
72058145
-28564638
91989421
80369307
-50872386
27486825
-49198489
34616858
-24717755
-40772958
62875882
-14457452
-81937671
43733702
25083608
-26632672
-43347851
-76122900
79892938
-70013896
-18779857
-14606922
58241873
98005119
45169231
85073605
-18997376
-62383035
-22103453
-82633718
-33346897
73676699
-62626249
64056344
-68333178
-16385136
-91855119
-50499928
-52085144
-78327109
-82059936
-26918499
-30181378
-9179523
24760686
-97657454
65771438
-87338357
11831148
82756680
31749920
-13993094
-76530018
-50603804
-44554885
-88488354
10879342
-43841131
-63813913
-14197769
46537114
40842708
-1787551
81282889
-19893180
-82366006
52863936
-8859600
28824844
80314398
16674988
-26889280
12831726
94313405
-38801207
-36714552
-16060759
94415642
-14372078
-56714810
-92314222
-82410749
-72347318
21548242
45765686
-28903491
-5534616
-4702212
-16215023
-38330493
-67968494
48026057
-13012639
-9940799
-63597718
23942577
-72797125
-20307460
-52225331
97826478
-46520896
13095736
-41790274
26323007
-97718991
15982394
14143521
57354774
-89555079
-86746824
-98906531
61982348
64707945
-22832103
-63234933
58522924
-6788877
22153243
-74847435
54081693
-29012633
41845328
76726909
-93643241
81643869
23326655
92667084
-83138120
86265895
-9818657
-33618911
-44945172
-29925404
74693176
20517655
74548370
85558821
83501009
-85659180
26619026
23699855
80423573
52019288
-63032098
10017468
13085935
53768223
68882320
-55940573
-28041016
-72449965
92358566
94575568
-22139400
65419096
-74164579
36857286
-65306776
61334985
38624273
54901338
40053828
9232241
-10793263
86390321
-46373532
-54773533
38229446
-77799010
79672797
-84349926
75611371
20914788
6660966
-609990
-12043397
-70012649
10899226
49207304
20410873
-14291502
-71696216
51782332
34072391
-72469957
61870016
42522892
71037533
-26134673
-10535847
58268078
91591451
-14177303
18466001
98022856
21591869
-16943256
-85614163
66525503
16038280
-63794456
27925067
70804559
-69991972
-5644800
77678989
88107291
82924721
48235685
14026917
-79474961
33563530
38000256
18123267
26587175
-37173753
-51780489
96622997
41121858
-25225401
-22610144
-28469051
-85917441
-912135
6947726
-42425889
41034123
71120572
-20501557
-72502783
-84693153
93687215
81518967
-52820770
-31120598
78522176
-68100955
-28714888
40342513
69207400
-49670836
48598098
61062088
-21382947
61900782
86711983
87381349
35804923
55777842
45206592
-84486136
23722569
-95912201
-77930171
41323561
43610279
64845022
-75088934
87516543
10090797
-19391604
74118201
99030188
10607588
31850691
73980281
-56725806
23299548
-94210293
84961150
48459579
-17355594
-95958280
89528611
53936046
-35709572
-66316219
-51612353
82526364
-79195931
92192636
1562294
-28073990
-76287360
-88848664
-19905540
23490592
10756366
57732337
-19679447
9015165
-87154641
45352388
-72196558
42881697
37398300
-20381519
-63556825
-12914188
4838531
-31684973
-75827545
-85820568
-57880303
-34024319
64536847
-81010221
22846883
53020885
17345869
-21684624
25615715
52834361
12229601
23061196
-35164830
-2195546
72280677
83470684
92852724
-72867845
83215002
62144730
78699280
-53782701
37213133
33693582
-71463428
71947562
-95593102
89639170
-81794477
80436284
1647825
8700955
26208514
-35657512
28225423
-24594748
1323410
-2764228
-45307912
33484683
80712630
21264824
-61253519
-93313524
3764905
56729997
-94864137
-990991
-76246630
-42121400
49636908
70047182
24468818
-24600745
4858034
-93532216
-63853239
82088125
-43055168
-4731578
-77981950
35914242
-14386243
-42867964
-37414230
-9160789
-93880764
-57886163
-2703702
-46628203
-37123033
3801099
-77884491
90873374
-22815273
72846163
3667769
-7068903
-11342164
34982730
50996195
-51070104
6224183
-8220516
-19046964
8748344
-24085675
-95193123
873521
-43434937
90148372
-75081316
-93829138
74260203
25346365
46047029
99233408
-47662283
-93799340
9905379
-83870273
276630
7430502
69930242
78415375
99412754
-69228224
-30421661
4384058
79892891
-427702
76456
-39241838
-1665374
-31048419
72723987
24850110
-11711980
4561116
-77043753
-94379689
-43091403
-86862680
-87613047
-12600277
42342493
-89539210
-42666446
-75963188
-60394947
99037453
4934115
-3640641
-24357882
-87706462
-75123194
24576391
-38435478
-41303329
50847224
-95062635
-80939295
73129862
18304413
-76060888
93861474
30590319
-61490082
48617056
32611349
4092459
-67948980
-99116732
16230541
80682264
46643998
-90232395
-80279624
98192592
-83653442
-62281564
77896590
23728095
-38695220
-53725757
50211420
-72977916
-27823509
-36305583
-5022604
-9407902
-70150158
-47087357
-47620806
-3249007
95301452
-61427825
-35233661
-57373993
54543396
-1255245
-14462625
32824946
-31019989
77195790
39087271
-90678987
-82620150
63947501
-37476564
8932711
94656527
27588872
66162272
59711125
20743165
78170596
24668133
23853923
36819663
12071870
-28394165
-41917940
-77983609
-24841490
-79253945
73072272
-51554454
-58054537
-25245542
-31440471
-98072914
21796636
55599395
-33702893
32313245
-63134019
-67155429
27962615
-2190612
11329343
79639514
-20904842
79760948
-91834830
14684287
-13730837
-41944616
98592326
99089351
10965496
-29168137
69134162
15568863
-63382331
-72248737
33098687
39071632
6466338
-42689897
-35237395
-72922400
-51155252
62590029
55025449
91353451
65826876
-10857773
-63614945
-57947572
65301930
99438882
-75611916
46331982
-20763146
-8852931
15371342
-85697933
-27418855
47534129
-31924326
82783608
-98406699
-27095643
-3100541
52376271
-80279494
-42484018
73173708
-95743547
48196012
95003443
99894945
59015747
63217225
-47644282
-98466636
-34243055
14473530
69363425
-69905490
97266252
76513194
-6624123
46058961
-42130734
-88073479
-96795200
-26095384
-49301073
32590665
50367478
-14121951
45671064
-21170860
-59562666
-1014245
-14056561
56664339
-40520593
-79903001
-57961532
-73688536
14205043
2486304
28036346
35736133
97933503
-63712229
72766685
-17627391
94868104
-73503748
65601362
-24724320
-73815587
85417816
86717100
704576
85037771
73630552
17550585
95021784
31350884
-93777640
61193971
-40689904
-96072289
-90295488
71105950
13798839
32898192
88393673
58365284
-55063897
-59731037
-37789484
-43717621
-99613531
-55057144
-54014050
13532136
-34961040
57557012
35583131
-41950645
-61889808
-66905338
43625390
47718100
-35092354
-45148977
-46863957
9072652
86654260
89570491
-22781075
40431402
13402786
-67030328
-45175566
64513738
92901959
-18072208
9465240
85646564
2766247
-62224853
-31412105
4908032
-685876
-62303813
60878813
44678449
-79642695
2787504
25181884
79501206
8619066
82736127
2185651
98647734
-13590396
-53978164
-6420565
-51855873
-7131584
45258324
-94293013
75564474
-58327308
-16733568
67686379
-20717791
7263686
55332989
46665751
-41923623
641310
83453271
-13610240
-7082233
-30125009
99944820
-51158729
-35508538
-48146196
-32344001
68972321
-68242596
93930291
18620816
-16891346
-51935115
3028068
49561898
-62573487
78360304
60877405
12679432
-69659253
40399995
4141263
78589002
13810510
87645968
57400432
-23788806
94056100
76800211
19253913
96965481
-80925958
-34854923
80616311
-6352524
13182134
-50181176
-96944839
91999841
-77983295
56806396
65852587
-93773966
-13428454
47836334
-12046556
9176769
47556839
57146567
42123754
-24734792
94440210
10976153
-41802491
57459507
-83579810
20244404
-14570937
-46577597
72594895
-15655820
-84538887
-88740396
-4098325
-93686889
45716648
44364242
27356655
-69398198
44259927
-24242792
38101691
-29051292
62682616
-1464893
-32090343
59207205
-44304000
-54245168
-97168574
40066564
-36037219
22487649
4403321
-35701827
40614130
4935631
-61963543
-75905090
-91520107
61065481
37795266
-78002225
29935035
-27310508
-66336072
-94493122
-40555823
-36388688
-43836218
-74025613
92838485
4307218
15926060
-40378387
44575287
-33904473
20930456
63539112
-73606661
84675452
18900179
-37717743
84974097
49419033
-76691067
296519
-66241215
-83993338
-7973873
-72961410
-77962495
63767778
-55503336
-26895233
4545838
-85852258
-27839869
6304283
-62312787
-86797124
93415182
62425646
35280789
94913746
88520834
-43400342
-22152289
53605010
16969302
-75532503
13946768
-83523524
-91679439
76148616
68725306
-55165426
-59820267
-55285392
-74918747
35003307
19979323
37890163
-87746345
3284831
97530120
-39736113
-14693732
-87089444
1510618
-30542326
16131161
-76387844
-67529389
75100651
78491604
7292152
53991201
-67137887
21566799
-31490517
72938971
61982922
27724985
-89832021
20146923
-44491084
69413049
-92509101
-4748379
53561353
-71854526
75990635
1258606
-59118079
54505458
53756978
-77630191
-24301995
58880477
82071451
-56632779
20544707
-73628888
-33965530
43861490
46436187
-45360631
-12029050
-39534833
41444763
-2077089
-55365610
-18858148
-95939530
-39250114
79011491
73560583
-85436003
-58627035
43208501
94438936
27173208
-77899625
73219835
-84451008
65263398
95054202
73807873
65601197
-44767908
-41071396
-16364510
-97488220
-90927209
15638291
12584602
6740371
-85131675
39904111
-93207557
-186186
36591874
-18399601
8394150
71530423
-15196529
23976548
37812946
-84853350
-27812783
-4620856
-31129043
63685993
56479897
-18459947
-46848740
-55309100
72821610
37904811
71566765
-63031386
-45130167
96793614
53282448
-3528250
4034640
27251373
-5900191
36747646
80976418
45356016
-27566894
52745380
92236321
-79236431
90139133
-79738623
53988556
-87705030
83438784
29340013
77899101
72840398
-4869602
-53176890
-88903734
95412471
50243460
-78565654
5014596
-66366223
95005165
53867259
-50805255
-59564483
24047454
-72515411
27029146
-91028569
-55809324
70663751
-22318835
50449355
-84710149
-66290465
10218543
-7526350
-52081223
-1662038
-809183
72929526
7424863
55331478
67395650
99868914
-92937157
58987666
1022385
29851367
95423529
24750531
69436049
98796236
-12947830
38341877
-81228356
-87141864
-42356035
63719293
32173681
83189760
-74022360
60275514
-41607642
80115500
97155169
-56958581
-10930888
11648627
45864924
-59553067
-77477361
68679049
-4176950
-2171862
85415474
52057660
-85834686
-80954305
98732993
84773333
-44218160
55266194
24658077
-36985085
-14895796
-45407001
-35876896
-94068506
-73134355
-76051608
78666774
99472861
-21127754
-91012130
-4267067
-71069038
41640241
15908406
-93841111
43305222
-40859003
-10220666
55403533
-88621985
64935963
-31689312
45797497
-49322980
69113628
22383104
-14088786
-62503960
-29033456
42602055
-95454002
57735560
94780312
9483667
-34588440
57343053
-47448377
-60164043
-82254404
-92039840
-76965140
-1312297
-65691736
88098805
-47535448
91827743
-1417641
72062685
51779107
-90245097
32309520
98816507
79672443
-33637428
-29233818
-52145867
96213304
81648133
4651800
-85730915
49770256
-53322370
-49041681
57719905
-20910379
54276965
87118032
-85805497
42672936
-80914072
87731431
-10166845
95905970
39580782
11873477
7458226
45360133
-32378832
35014072
-70531921
-83396094
-20057473
-71687306
386730
9403929
26016970
-77636978
79350921
-53496985
-37996041
36630323
97991115
-48358779
46892180
93836457
-10975105
-24031433
-94352205
-75020983
78508217
-4666396
14207724
46513848
-99418396
68930378
-72051096
-24482904
-406317
54688529
16716113
48037382
73645690
-91919663
-48382297
81251987
-53388263
95966489
-10982915
-41020142
3875154
39204395
64447252
2303858
18371847
-62841926
66433669
-4237648
-10170603
-61536101
-89663891
-45614836
-31139033
-72033266
-94017211
76493651
-50616428
27569909
10361157
50118663
-17627390
-45551532
92470666
-94801197
-71400924
-2163688
94317696
-56564672
-20149004
13972662
63352760
29082087
-28259410
81666638
91776925
61460302
60362217
-16251009
19641500
-14211656
-8025902
28290123
-8337582
-74686793
24284955
-49579264
58909710
4342362
-34103985
-71618888
-17317711
-81286700
-88868955
18250572
28356413
-40503961
-23542476
86168246
-13843105
37896501
-89950696
-22538044
16730250
70487274
-96791352
98034353
-65096415
-35071044
11105946
-74563992
52485564
-75907761
-46548959
3774788
23925861
-91122814
-24511366
-11900685
-34512510
51626365
-63338584
-8674895
42782364
10957474
86985159
-35188471
-84266794
-26955281
-29053344
-41672215
-27281629
39588423
11539128
-73457101
-91307435
77541017
88810052
-56276703
46779668
48131134
-37841321
23184292
78106222
15881871
3280662
-6494336
6937750
69535817
36874358
63158175
-64803755
-57655714
49220425
54020119
-69285654
37026034
-18455627
-4461012
-90681634
-3706738
45622930
-86735130
21190838
18649895
36117183
44759029
-60126230
73721209
-4392925
34781651
66472639
78421074
-14306136
-59966720
-46848417
-6715899
16506454
18629690
43967453
60812372
-11488378
80013287
-34567235
37437897
13402329
196608
-72739322
34197930
34524628
-66251419
-49380677
88400490
-45123715
-69006488
42546395
-37984526
34113801
-94462280
-18864691
19484065
-79997345
82585034
84725153
-12862804
-424992
-42974936
-77665842
-8500845
87394354
-89461654
-34770503
-90810418
-78476331
-28730199
-42292680
-96661647
61913341
36201128
-3997253
-32477730
-77365979
-77544734
-64637239
-67193465
8531946
-92376943
-45993282
74832434
31945775
-4617603
-82462478
-23991321
-68065251
-92167079
-84411381
28589220
89397868
-64424303
48701192
82445922
454282
60833103
-48683125
53370517
-57965875
72422485
56886285
82573426
-18085643
-36308132
60142948
45051466
-37130673
96763780
31749911
93584769
-39971994
-76088325
95585612
63667680
-59447087
-20074962
64037369
54693880
80244148
-48671654
46735624
-71819755
37739818
66811684
41473505
26345770
-87853040
45056227
20793819
-61001946
-41607938
-72093349
55608130
73006869
-18472806
-97454147
75871299
-3537473
-11295558
95384246
54667948
27963260
-74015859
-28337405
862909
-53313104
3534747
-82977923
18397296
-50897079
-56240682
67969067
14797152
30332587
-34868424
-60207170
1579073
-16879303
-23219368
45091264
-63695075
-49114971
-74297347
93033822
68880111
68817342
29107695
-97064250
58924792
-84040930
-12696769
49544291
12078205
45996398
-27426859
79988138
57752021
-4227296
55624340
-53603799
-68366997
-1550336
69638279
-39934184
93737814
61574641
-10380765
-47158396
-78658528
83402865
72940691
-82549435
-84602670
-32508105
-47904317
-13275912
-97762755
-16715487
70765915
-18607605
6876282
-48886787
30219881
-59769827
47301614
-82148145
-45847900
4688270
-22274885
-29725831
-71652185
-6922767
-93376825
-43731495
-62476143
98600698
-9602613
82209241
-86205610
-65297271
-34884232
-88098810
81393788
-56546820
-60464344
-87776164
-44307567
-684417
18921413
-42671658
-4870871
-44650514
85946021
-16264171
25512334
-83246507
-19078307
-40206435
49922389
47174868
98247064
10683554
-33398863
49070678
-27605104
-35527594
-73457087
87060999
-57596536
39931102
98357967
67486876
-82671221
5869440
67106957
71816057
-16806936
-35279728
-60767501
74599189
-79615144
-19450372
-5824246
86279687
-28954136
82872555
44935773
-60150947
-579560
61786082
-72102711
-21113060
38833125
72470826
-65333561
64510436
-64812790
-23943153
10732701
61397699
78030465
-95561502
42883111
-32807816
10203969
72359229
-25687783
54624400
84743855
20360537
-32958168
64502128
-92250715
-4140011
84915749
99167481
-55464454
-47938088
53615902
-51458857
9018976
-71168981
-98069255
59791996
76463716
20832205
66124231
77937668
10266479
76759977
-82292443
-99895285
59479878
-47431
-73740483
-30890068
64639426
-75410882
61710710
-47465622
-28720541
24381879
67935387
-81327330
-1714804
90813030
-95088504
83942747
10762398
-8899362
-45153709
86606193
-20261082
26780776
-30976890
-74245320
-27344883
55545112
-83630259
42871315
-33169053
-38835257
85006601
23993449
93767768
-96132856
-4951260
73541175
84914073
74132018
95222728
-75393796
-71529590
-17292998
83836093
-52664235
40952249
-77854166
-75643044
44628364
-21776359
-7802189
-31183806
-73408900
33693665
60379642
30388696
-25445155
96240925
-39062308
-37843375
61712239
-736550
-95512650
99744314
-12671545
-72689462
-24011583
90125193
-45548317
72240603
-19460241
71388197
54086323
-5943437
-33775465
49178991
-53637360
80605723
-18353995
-83414817
-6255931
-62309606
6006210
37483414
-24787445
69833524
-98137242
-47789748
-85627529
67430262
65706568
-10576543
-68791938
-71713799
38589186
-34202457
-8607789
-35430169
-66472368
88615580
92086364
19429568
-56532734
-43187333
50387620
58232595
-82483285
-88879231
12012254
-91541799
79117831
32475614
-20200056
21957476
-84629095
-92488753
-57661545
24457479
-70856156
-42274736
-22862894
-508690
-43458011
-63909967
6450763
-11550301
-84700988
31209901
54842225
-95704509
70802498
23771310
54208654
-45539702
88006491
72261997
-66823670
-64748951
-73917643
-46216078
67895628
-92410705
67504674
-62267267
26243969
-98866095
-44665055
-40944044
53234969
-83559618
63183831
-22665715
98081496
58228143
-80700926
-6101375
-99743278
6499402
-7844515
-28118210
54280734
-61902675
86761304
-23041494
28457714
-59333805
98694518
50228321
81707403
-83193375
25280399
-45042737
-62110179
-25388309
-10170150
-61361418
70464928
-13609484
70906604
82605082
37593363
78581180
-86361785
47547086
87282173
-41193161
49566444
-60384660
78286745
-7622879
51867824
-92621636
-23058286
-64547327
3597182
91116732
60761022
-59958010
34505704
-15082766
-40659342
21075817
-17846454
-47509868
-83234243
65668405
2737797
-25304218
-45112191
-98441773
27641673
90685180
96038725
66511581
-55182332
68967481
-70854274
68627962
-82425477
-19145739
-95192073
-15406236
44964856
7040251
-77365981
68695265
-4458550
80407522
41280469
41895225
-1247706
28898474
-38881762
-51250829
-8148869
33333114
-84080138
80712969
69353135
-14915079
61284974
-89545540
44036125
-39211698
-12640256
75995775
51135773
-58170198
-99408445
-16906209
-38177322
19466309
10044836
-99314872
-51664937
58776031
79002104
-56259076
-23477531
3111167
72118879
82394546
-35542367
4816810
-89410688
-19971925
-63053474
-16092350
52813934
10333287
10874685
-2392369
-67728741
-51129916
2318482
30338696
-78157143
17086824
-2591882
70102451
-11930715
-50963397
-74388188
-45415927
-4721961
-28999125
99260175
41836593
83713158
-97076035
-15576743
-3106472
-8869153
57100833
-8084703
-81156618
-69287412
58622547
-36045560
-50199539
28401377
-47691995
83205673
-25060171
81351955
-86098117
-20675423
-83437976
-55843243
-42713511
-82582816
-56637739
14912333
50286256
63961353
-1059886
20490002
83283173
-86692831
88689374
1731843