58968383
26819346
78449032
-95746945
-67187548
-32568562
69055066
90423648
7252656
54525459
-66605729
97019112
-20530026
-28832520
-98891482
-22796049
97138747
20193132
-15442045
-43817354
98148788
-30373763
-32195312
-11220301
82505499
16529972
9395985
-15715181
-78310062
15227720
-55462314
88132811
-52226890
95054206
-42598991
-39139031
-21826687
17432048
17692806
71659797
-66601469
79861228
11386433
-37384306
28560433
-33140022
48700990
67021583
-82139778
-46952101
-32045017
-22586570
42991371
47181450
-45656830
86369615
-39113360
18460889
51172022
83302273
94369271
3449366
-76847257
-8238853
-33455722
-66653906
-16342432
-6576066
92352035
-52794806
-50699028
89645432
-96720534
78065995
-56232700
-73709761
27810213
46397769
22715480
6938001
-40244782
-51531972
44536894
-55759712
-19199620
-11948568
57617381
84279343
73564720
93382864
2946215
75972791
-85046747
37159518
78303397
-53867098
-15580645
78453791
-20718017
-14456872
-20761280
-46330210
81967849
68934211
-31045840
51050246
-2863150
-64885239
-7974766
-57002034
80178263
33361603
47672843
-89281652
83498905
-4549840
-88767344
66182993
44187043
-96683153
89570560
73068983
-85346020
44374387
-74437462
94931147
-14848221
74859760
31620796
160211
-51625537
53783348
3227139
-53231456
81751306
20758102
-89305997
-73824527
10058560
-18980237
15959325
-8935665
1292536
40722017
-35965241
96026222
48333990
87196419
-38781486
-54426999
37255477
-15646600
67809895
-20418660
2602515
89906936
16537440
-15322449
25755004
85338399
-92555014
-58311424
-12289927
62114671
-61147507
90849312
78614161
89095868
-25891159
5986685
31732456
-41777637
-93151257
98270875
84397870
46628742
95845932
11809560
-84295167
-56935983
14936834
-89421556
-89563871
10219459
-48321563
-25686209
-74584812
-7363482
3778501
89734615
31451285
-19403233
-39167235
-75045128
19829612
77378372
85089701
71703373
93667646
-72772888
79159600
-41481319
-39851140
-79023415
-92643450
-5993016
-47899490
14711423
63872245
70319752
-55577212
-93621998
32235750
89873885
-59919039
35338186
68987440
84445006
19216096
86070946
-13079601
73651842
-31172686
5001921
64633217
-88848819
-90371912
-11528286
-3228541
5801708
85325218
-59599445
-12662705
-46454464
66860657
65203113
-92203667
-95710792
-40904414
-93820911
-7480756
54984343
-2894172
92776248
56675506
-64763028
-16364212
40569109
-66086034
-34099164
-33365453
7668031
-63927734
33487827
-88649652
56865113
30458482
15209278
57742018
95373971
-54302752
-30869511
37130097
-93615498
52247267
-31431893
34524837
73030326
-35030862
53639401
84988039
-25616878
23584335
84103012
47755361
-65643431
93560434
-46554049
55438631
67508184
-12893294
-78144504
74482028
-62392594
2293259
96076756
43598349
2702300
-35377231
48381295
-15686393
-92363945
110398
-26232420
1196796
53987489
21439482
14648773
18617333
-21165147
-39053223
98280073
-47020985
-90535463
-2490181
-78487442
-17763847
48065350
-20014274
15378672
-57006003
3318110
-60201157
3030262
24692017
-73079053
-99407582
41559899
-52250969
-58256162
31765354
74658695
99587336
-34705141
-49812981
-26450213
3633397
-39597205
40536378
-35258589
66972646
-99329877
67267669
-16435162
50941878
-38355421
31132949
-53460443
84225997
95584061
47884284
-18310636
50582493
-78907602
-15799746
16683842
-60433022
59263661
57987408
-59782726
43988103
5400510
-56377789
34926589
-48740477
-82067499
47853171
90702842
-23916196
-9585164
76486191
-62746431
75617106
21434018
-86768690
-58506847
-40094348
52778950
75717925
-73255740
-90644608
-19002726
92019583
-84260500
31593151
73844797
-92937413
-53773644
55958062
8652829
-66740392
-36263152
49430562
-88153398
-24093479
-53463975
74705590
34534178
-90402586
-24488047
-83595450
72458099
-4713525
86385646
-89881259
61805405
6194854
-89618806
29014369
-67223267
-60179051
79864219
-60723863
47560674
57454305
45566546
71527071
40469809
14481977
-60649391
-10748630
-26827924
55823136
-35918853
4477782
74151324
6235646
-30936969
-50943909
50436934
25282008
11323746
-54616719
-3429305
77107664
-34982806
-80810170
-78195975
78892940
8614732
-40468269
80981944
-98471807
79034974
81313540
21774508
-92879761
34081188
-7284392
-9813391
90371182
-12024994
-54475499
14605587
-4091486
-72575435
-19984393
-77856208
-58164929
-46111318
92740666
-51967880
26074440
-31922930
5169084
37244007
-24686087
-42931688
-20197676
-67348828
-48893194
61152914
-45085614
21020901
-21897473
-86253658
65437820
44280230
-41850372
-16080936
-25118761
-19063133
-18850206
-98917593
25885985
-20441434
78622876
8254527
-55198548
-77567735
-35036325
-50254570
-49657897
16585350
-45130993
-93152888
-68744148
63096914
-12581266
-5511699
-1402073
-65753508
-67491922
63246723
-6768751
59653340
78870123
4955408
6796410
40952918
15547998
-6716504
-19535794
-91869762
84401746
-73768880
96304635
-77725278
93594692
74514063
-48412559
83056465
90429477
-68216506
-88708321
-25328394
-89478537
15901688
-8717882
1268684
69493354
-6997249
-70281337
19408318
-12563241
21525955
-95459688
57625091
-25060970
-55836052
-8618953
-5452501
25744498
-40610398
-25461710
-89069259
-90078525
60169774
-56904154
43327818
92141848
85538444
-30651632
-25184863
-54806109
97673724
13661178
77158459
78159746
-46326859
70411296
-32614318
40337006
43846504
85066401
-31648876
44649431
25251835
45989543
98825953
-63675257
98744799
-79671203
-88274941
60614475
61791021
-61368922
-11479541
59672903
-9640291
33584021
1453151
56132373
-3452492
-97271128
30405918
-9437607
44587935
-80336675
-10395010
2661380
-45089625
-13011900
-86855303
6269507
-83914664
-36999286
-15856917
-77997229
22345610
-80926708
-19180044
4422251
35797526
-7552415
-79362420
-86563425
-59252824
-25903581
51567571
76786799
-27399750
-18291433
-56371298
-40246414
-56549112
31148556
-19530323
-3033502
-35690325
-25126691
8013111
-87026588
3398194
-63399478
29978872
73297688
-38142932
-87791810
-56875516
-57329091
-55107569
96618579
-28842196
-59523774
-28302034
75962806
59317238
86029411
2524840
-44338634
-8143655
27484410
9531768
-93741151
-87152289
7496851
32599706
-33795418
-96622396
42827865
-33102424
-27601605
96023303
41947295
69500851
-9355041
45237556
-36833071
45687500
56033407
-43846045
90113712
61590554
51415823
31298408
72570493
57213508
58785189
-62341065
-57948773
-7469661
14693658
53496264
55461331
-16933124
-80047774
-52891230
-39017680
-1654807
9430715
24601648
-89941333
-32153153
45102583
-87063458
-48001216
40115286
61058622
-524352
9319222
81184994
-57782993
52834136
29651809
-24795680
-44854703
-62927350
43329217
24809212
13952065
-29396201
-18925741
-84529914
98423971
90953057
-18286359
-49237875
-54712763
34426980
75439683
-12901427
10670164
21440914
45208001
-57505046
52957181
5938428
66299541
92896420
99463586
-75556447
-43246695
18205684
-17488675
8450387
52509375
-83431911
21546411
-53445415
42019259
18544689
99162267
32163391
66140352
10194467
-19151835
-46076069
89353296
34950520
-25013710
33837484
32021061
-23607510
53926577
49770177
46791099
9114458
-48550076
89230767
-37044605
77516191
25986200
53571458
33378353
40014973
56132998
88104995
29079929
67219593
31401215
71021048
39047064
43407621
-96097457
-38268318
43012531
-30557621
-56078759
-26556327
57272995
-38064680
-87474372
88134223
-73509753
-51926061
30356143
32816640
92204240
50916941
-1149751
77294482
43687476
-89128443
-32463916
14677697
-10081588
73177361
47387198
58847476
91237462
53606089
-9543243
-89437691
-88270694
17558939
-11943614
-13226131
60807158
-30918560
64521367
-95720908
57148907
72454995
16549048
-38929013
-10099724
11491494
92065091
78111713
-62879154
70550751
-44576942
24709288
-64748265
-81340308
-42203818
-24951572
75655023
89270112
-47431221
-41555319
-772999
-13432960
-34758654
54191962
-45418055
64428246
29963737
-89746703
73103837
-43495509
63269579
50319281
57913818
85501295
-6227090
-46340934
-16261653
-6401651
-19711138
-62976678
6532244
11011353
-47350327
-87039557
74683465
-29350314
-45708108
99336192
-65515101
-81292048
-3764687
-22188034
21724334
1335010
42358221
67409058
57281316
79032163
14070248
-38019373
-98853406
58593246
-12968996
76340500
-81004497
96153367
-97734622
87897755
79731796
-6369259
19618164
-70060755
-61765874
-17869491
19171987
-42752967
13266318
16265891
-50901392
45603445
-15951179
-43939159
18023890
74304038
-83482227
38992941
-84982263
-71573118
-7108588
-18115096
6394505
-46548
85149912
-91257822
20288718
-20592233
-60120282
-27395915
27727741
-10144032
96854979
25320182
-69120709
-95609967
-68433317
16009177
6154022
-48983120
22037916
13708365
10160360
81093267
-5033521
27469693
2367616
-45586089
-86569963
-85834399
44754343
83167734
77610609
-54219410
-37228386
-51903518
-64944048
-9321171
2010880
-55544416
-7112830
-57439409
-86370867
-6816457
-36038083
-40733547
39373657
29273173
-54696073
-33048321
-49971513
-57387263
38920679
-96587036
-30148330
47246815
-30408788
59499166
35909119
82471743
92782748
-47820848
26289535
-90392262
41215768
-101636
19771487
23821358
13370837
-33002304
88750537
99896432
-61502969
6785880
36905829
33474611
-97239959
-6146737
-66819741
62523930
-97419177
-95421882
67172462
-36152998
47405141
16428835
-83485994
-94978937
94539835
27684265
40187051
90251930
90154484
1167636
65297288
-4396198
92704980
89964138
-37959939
60946241
-91580919
-41423754
-13672639
37682708
66535872
8107189
-10943273
9393636
94012820
-66511736
-33277380
-46306065
22642290
22088979
94334975
-30822767
94235753
32003287
2149472
-74983546
-9914914
-30747183
-86331936
-40957759
58861425
5540258
-91764084
-24640762
-63972465
55100195
35488948
20728080
-32965013
-28447873
-8258953
-14062502
67795111
21748371
2679886
16723025
-13823310
-80102519
53713207
-88214272
-1294860
38585682
38975699
47384851
11564233
-81800119
-42532294
69369532
76023011
29055342
-72987735
-65752369
87328226
-56995726
-99951629
-3858828
-60845793
-56392087
-23945538
-21184295
1792178
72291886
-73566500
-55903779
-77795797
-50786692
34218000
22358571
36995696
-18558215
2492643
-50842377
13302039
36942573
14296977
-47581732
42297213
-73083962
61042888
-47798205
63840794
39471923
-65111846
3956999
-95776130
-32575376
58300572
87322381
68123285
73945640
96861671
-79600878
-39010454
-93109891
-29981833
-18549539
-29630495
35325601
-99527670
-77987048
-18621023
98554823
-84474739
-57459557
-87122891
41419736
29859604
-98162950
-8345217
49580074
-62126565
-79179276
25925199
59656867
94180921
-94811099
-63053433
-58852313
-88786939
-68474750
19107945
91623044
-17392371
-27566609
18291529
-15896934
46273858
-87446543
-49501839
-74050397
-81675635
-84582154
-36688126
71642439
71570599
-22901665
59981375
-56319132
91694541
-35963966
-84178472
-80642370
53041404
53287742
84116633
26473056
-32037186
22531
31273048
74632990
39967120
-41635250
-47140948
43845634
-5715433
-50657684
65232773
-9244397
-51007610
-23427729
-80812625
-6192352
88618482
-87019893
37808872
48989032
18547310
-23372972
82783419
-8914806
85201860
84269189
17481402
-55270076
-79697568
-70025114
85212153
-35951635
-68482559
-41447035
19426809
-43295260
-39359974
87471385
-37319306
63017190
65303495
57582472
-3181369
13144925
-58336797
92316941
7776960
89469880
48247016
35254120
-4347824
13011191
-1020816
50282702
-79827707
45861918
-69762694
64142736
-88393288
64730714
85775582
1676806
71155679
-19572516
-33686488
20528795
88762885
-17969577
3073970
-89638061
-81574186
92427515
-18876981
82023326
-95396146
48311836
-39894967
94018192
-94885933
9099135
70594707
57677767
-6630258
-35756112
55740497
-72413
-34065048
69992840
-62149312
45462389
86822367
-26164149
39978906
86837400
76285809
-55735384
66606073
79978303
-77984303
-88616214
83835283
82270219
-5834517
-56651451
-19609263
-61594701
41016868
95818167
-32725013
82584491
-40190682
-97933485
14897608
-37721545
-14382897
-56221366
-46977790
-14954828
11276119
-32264729
91631481
-48453879
86767539
-44789970
-78703267
14108533
51389856
91024250
55461452
-66427778
73219410
93910685
-85995940
51651816
-57212201
-44711490
-76946673
14433213
-34096537
-84247364
-94420293
-44201617
-38342486
-34435150
-65790319
-36924399
59679094
90428138
-85001809
-70288879
-65738630
79904426
64181363
61718945
-41700160
44399069
55551029
54687741
-16207140
-54128994
-45968788
-16188273
-24959058
-51776769
-91078134
47137760
62138
-51301379
14825701
-40849496
33380353
35829042
6857993
-1369754
-45235327
10206667
11655994
-59454533
37596300
-89462322
-58001689
62500238
10343424
84433131
-53791487
17938888
-42412868
-91494274
20230762
-23084944
-73061819
-49302828
-76233173
-54784632
-79346204
30870538
-95850674
30352434
-77786474
-15129487
-31503016
-13782765
-29334515
-77004201
-71544553
-91770545
-62585781
-93074464
71042419
51968336
31818477
43953611
-8003407
-34410645
-57139669
-42948024
94605706
62136812
-64533907
-89838711
33115087
-82555790
81563936
90797691
-32175226
-45092006
72271994
94888986
14381148
93197484
73172848
-37176598
-77085030
61861866
-68329384
-94246085
-55844704
-93327538
15668554
11540405
-50264891
36749936
-6985186
36277283
51912469
-27924010
-85157423
14080935
-74585757
71658604
-59171066
-28411459
-22615602
-99587987
-69929838
-93930006
38939157
54059010
56611274
-65986981
92646194
79425170
-12751789
-57851966
47940070
-66053239
-71616602
-12934085
-50160702
-1769485
-82250726
26243449
3302569
-19453020
-41737304
-31526440
-86270639
-89624361
-5412296
89533626
58780664
81137078
10190258
8827913
-58099668
51017101
-59539272
11801256
-55513108
-2037772
-73339782
-26341260
-65649643
-95526180
-68220794
54149618
-85918811
57682977
34260898
-88031917
-40955990
-10386425
-67046097
87252680
99174797
-89454440
-2569166
69335783
4675599
-35088982
12856978
9864393
-88007582
58824054
-22446508
-95788197
79141118
47607922
95908062
-16550040
10605586
-30926370
47904373
16873439
-56886118
33002405
23770162
26197077
7374099
38873424
78976848
-10757552
-39553463
46352190
-25580212
-83285290
38486924
-92613897
-87043359
-86548456
33268428
70892199
-41314037
95126059
82764185
89837643
-18773132
16374064
83514382
61613295
48210925
-18293878
74173918
-39066343
-61692450
38754780
73279117
28871530
749016
77089632
63716957
7515769
-61641209
31530606
23597047
-81486178
9751589
-97064802
3121777
19346151
-7953027
84030932
22893053
-35428681
73403836
25317719
13425365
-74405615
-92259557
66970374
-75052826
-95367556
35526550
-32295753
-86785378
8610281
-26275814
45291769
92163301
17282171
61807329
55782196
-60373581
62790576
-43759770
89860125
-3822409
-70319414
-62488641
93392838
-52406690
23767400
72105477
-23264535
-83834289
-70243367
52810285
-3145644
-81973440
-36522550
67773982
-79211604
82236363
-69012065
-93510641
39052831
-55582560
52530944
-27087878
20375401
-94708850
58769664
-82204729
-57931783
61751195
-20949610
-29220426
6171679
-4615504
17490761
71622799
-64240273
11011734
53373952
41629660
5695972
-22196447
8628724
99241853
-63095664
-39878786
-922175
-12316957
6454983
79073461
84995406
98809465
-38448533
11122797
-19602330
53123540
-65513343
72508159
16396143
7904823
2132899
52899992
64840744
45287243
-63509540
-34821828
-84020405
-37153054
68494432
-24998309
31971053
-16370881
-24869369
29779002
63282845
-70531651
-78094236
27445034
-64632277
96698486
56348798
43160645
88061040
68688492
-47472231
-90417264
96554578
84238690
-67923489
-46094884
-89562685
99085064
-37113592
-14210059
-56003718
-61760028
-56510035
-25413874
28245760
11062378
90992071
43584744
63067792
72397738
-66796266
-41613207
90821060
-13592561
55993232
3477798
49588698
15601545
27883116
-2532842
-72633874
-9474311
-72286646
-26077602
-87751042
-56205211
24864946
-26481256
-55220890
65283079
74374542
11989968
76349340
83004196
92602149
62009758
29955409
31109578
-30284565
52732696
90242833
1697280
-8910376
61879638
-44577138
-2335596
-41677903
-28740446
-89987903
88141162
49720706
-46679494
-92075298
69601903
48968049
63985987
-70303108
-30163780
-15242692
-37529340
-43884203
-7899623
-98719965
-53365275
-41061446
-83353535
-450833
-21887377
-12075927
-34593882
-1628727
-59814832
-55537490
81581744
-71512884
-76203861
61193298
-62805826
97399094
80476300
-19109470
-62807683
-57179799
-60822549
42149125
5392362
44917183
83341451
8191649
-71509016
-19488731
69214058
50998703
71137763
-86492552
34154620
59977714
3058876
-59921935
-89982246
11032127
19307982
70937571
-32131040
18007539
-65489216
46574492
-93868666
85255375
-31869685
-11077116
74016271
4703741
-30214200
55420566
-15264973
66249059
33372069
-75894281
68476423
-24748187
80964783
10325175
66411968
-45042401
20568127
-82639095
32372167
83309537
-93831735
-13348899
63111830
-89370529
-24836219
56071646
45484769
18345896
-62638483
81641364
38518033
-77024534
-51439049
-23449825
-26415005
-72182350
-60040794
79199673
38786234
-88573930
-25368876
44230872
-26925504
-29169023
58504517
13476266
88758287
38020519
-12935469
62903536
-21287621
14781618
-17356565
22167993
52443677
71990612
23675736
-65564057
24253426
49553758
20079222
-62542915
-44792785
78042040
41007413
-54578407
-72081580
93201327
-60777309
-28759812
-58581206
55344400
-17710560
62266302
-98973544
12268969
41589322
-3953309
60078887
-54168783
-57708507
-88488548
-49953087
27526892
-69461130
-70155350
14428658
-52942943
-51743131
36439545
75823948
81185789
10679796
77273454
17522660
37966317
-2951393
-9290258
19747641
28785798
17520914
-69572257
-59511340
69845317
-43455563
69738316
16679698
-67857880
85611072
7128439
-90458236
95537151
-98807306
68068077
-9152499
-26386621
61108448
-50453098
1137812
-72714770
48184948
87855143
73184574
-62518583
-52154424
-67014934
34652704
438137
-55361326
-70191387
59753209
-63659472
23161856
41140230
-31916336
31858112
-9237970
2550735
-24233777
-68013562
37469245
-76974084
51288957
-8816612
-73190917
-79473986
22230338
54107529
24887558
50749147
21595086
34973619
53867955
98312878
69695852
-11616962
61627588
25965533
24631400
-44410928
-36010237
46666191
-55538117
-10407058
-52860159
75512778
-74008235
-79334071
58603627
-77692162
41112314
-7086232
-61820902
99329769
-25054846
89260243
98594634
-78534355
23800817
23599082
65607207
76818037
2452769
43864568
-80300058
-67337057
-63656602
80569249
-22902912
2458409
-11222264
91511189
-3184149
75653096
-90390452
36916880
36811347
-56697934
-86474190
-55844306
91221013
31788115
62660904
71827125
48756473
-66729886
-25960394
55605561
-67854818
38274146
-2880592
-81703076
-51268568
-81190695
-63688141
-95609152
-7084712
87514624
96148496
-32007925
-50248936
71168069
-52850259
78176643
21738305
32707050
97906730
28224846
21942496
21661148
33525450
-86591123
33810126
-9934925
43561725
-21689080
69119911
11244725
13550380
7619018
-27446364
-40478176
12592759
74672625
80444501
54229374
25141106
99455330
-14975048
25760745
38037698
-22907778
-78761632
98626389
72728980
-66509480
98970853
-70982013
94509290
93270640
24581199
8349797
-78294412
-32055978
-79003059
-26445603
-87761737
-66448334
34060720
-52084267
-34128350
-79306182
94557399
-62883490
98330488
13912701
13878129
82820549
-58314463
-70547431
-97506540
91331572
81327431
-64886171
26975409
-36115371
13436082
-75007266
43682525
-1250576
45033082
-92662859
-66600727
84730142
95263362
71547066
-91200780
-42181767
34259741
11559940
-39951557
-15787795
11936003
21471044
-23153701
-77421760
-83367462
79606890
67969082
57212691
-79215185
84222812
55720752
-45078597
-83154187
27172086
99043734
68421152
5177721
-38847548
-81507347
-7299171
71968651
77648
27999580
-20057228
-20460722
-53854731
947015
-6064592
-25880198
54608931
41711566
91406202
-61442884
89055837
-71826036
-70214237
-29135741
6484392
78831488
-42702650
-81196919
-74170510
-4966255
84721978
86070319
29109632
-72014196
-76209687
-53760619
-34864350
98650952
-2967873
88886761
56390896
40173336
-83926485
-60116023
81255693
-62269540
29047770
-13351018
-57756852
-46767894
-59820884
-97358586
-719112
37888682
-67917905
76302413
-82765449
69680888
23482172
26272770
37650305
-93161954
86216344
21473111
36756934
-72634781
56888380
87267625
92881445
43011834
-48622885
-35213576
76362295
47798573
-6264869
-44293212
67287166
-42290162
-47517944
85413138
-56912174
84610943
95795774
-79005785
91277882
-71515591
-31574958
-34160953
-62574024
-37423672
13462325
-4356566
-27292522
73527283
98124445
36793384
72917748
92455138
-48387884
13267945
-87771606
29013632
53982131
-12736832
34898687
51857260
-27920939
35414957
-91127450
91231087
-79216242
91190756
68900746
-43874483
81058438
-29772314
-84810677
-38083253
43671951
12941117
60495361
-75251265
-63661553
9908450
-96263429
81408030
96142554
-77941346
-99521661
-69451041
58211429
64118170
83381123
-86478892
-41955087
5312326
-9190739
76210674
-65536299
64162771
-92641407
8645788
-46716306
-76919698
55769024
-45152820
-23993075
-80745612
-54615055
74217970
-57004732
-53075428
63999391
-42386269
82010753
-16691771
73511355
38681128
-9406453
33369022
-32406522
-10231091
2111309
-3712292
-36825906
-34936331
29136954
37872117
37063918
62715416
24953605
-28196825
-48398428
-59546414
-84090652
-65118821
16466359
-52825096
81114305
-45551173
43174516
-90543237
-41038235
40132848
-66927763
-8474160
55223203
97598528
-2430117
-93898523
-77085858
-47823289
69381199
31134168
-21572286
99685395
52422323
85286199
-64063253
-82292909
38041559
86255617
23928266
-35415930
96702790
15619872
-66326826
-79173021
57739058
-10291321
19812443
-5597392
-35699587
-55482592
-20153329
50839436
-13336260
93474822
86193960
-78773501
-2187057
56309958
13431477
-74649575
28164843
3478725
-63695918
-37662754
-69053493
97339864
63630435
12610960
-17767533
-89512468
-13046386
-90353300
13055120
-65844287
-60516731
70827324
85688079
-40463393
-88131728
98713254
-98232875
-36330849
-32790925
-10057462
25350678
-11030437
62810311
79882489
-35974065
91503786
-62318096
-15776455
-48486300
-455209
-85981905
-40584299
77605075
72212312
-57526513
67491642
95055006
17904876
12291232
1108175
22073512
-72677182
-8148173
13848775
-42415051
-36692710
-13037966
61382214
50366068
-39472901
45161978
52845073
-47330275
-6092405
-15611666
52547392
-36630222
89844081
-32734060
-80457059
-42319540
300265
-66269336
21352628
76185231
-97560573
-50540217
-12516920
27563143
-21431971
-42604055
47769518
21579404
-76449035
-91007093
64533775
62453005
46963976
-74365186
51252919
246705
-72798574
13204075
-36732511
-14128675
31961089
69770523
-88842033
45347366
10116563
40768675
70448426
-92936811
-40719627
71488276
15864672
-15985854
50571423
53578452
-74113133
7573200
70089330
11597159
63836895
57165321
-46069082
-65207528
70301491
-36518313
-59652076
16890844
-48649178
93135342
-9973380
59153198
99655097
22959957
21373347
54142799
45217126
73242646
42737805
1665179
-85545981
-70742740
-21653373
-17427980
53400715
60396549
-12201814
-70655389
16171263
-45623002
35398465
-72579666
63962729
-18059957
37428094
-88821688
-21467372
43835021
-74799369
-76765625
1237962
26765219
-99326776
-26319036
40264015
45047601
-19256219
24110795
93997924
-84488776
79089538
-94895962
-87162504
46361425
58791079
57675277
-80765041
79747574
-90389823
44750138
98521248
93535761
33982985
-64251842
87692054
-86025057
-77052515
52562703
8770855
34799126
47502899
11753937
-61665075
81239039
1122956
53577228
-29768625
72515036
14119720
98583364
19430277
63809173
67983766
6545580
88592284
51909168
62469054
26025620
-64267409
30484066
93009459
-7352733
60928073
83523151
-49790191
-80016865
11627642
80256882
27183479
-77950061
37248781
60024915
88137730
-33646203
-68248349
72712921
44424548
65641944
36356486
86539000
92579662
14111523
-79544538
-11507405
43708090
-20575445
-23548573
69098202
22841758
48062205
2317402
-18175091
-60094255
-42441480
8816836
63105388
-36376742
72791737
-91778819
-55450287
9100421
-30210714
-95264183
29324699
-45385655
22360823
-26328201
-83086400
-4196976
-5723960
53765585
-79517739
77815696
-99309035
62853438
-66133854
72387944
69677670
70841286
-67569064
-26177737
99990673
2520089
-21376388
-7055930
-84861289
-56470049
-56377595
-91376100
-2404117
99016423
-60382122
20310813
20016645
25294833
85681471
-63538664
43294880
65355586
-98868362
66495222
35545619
-46581462
-93725414
30086649
-39840536
83688655
-61852054
26013457
-18087203
20674451
-38247873
-62752151
29641072
90119336
99141398
22162027
78572251
-28587584
25441318
92251035
94998320
-10340314
89054344
45369564
-75907135
-51001454
-94762625
71658010
-33508387
31788733
31610194
3016923
29383620
98799806
15365457
19945091
-89299972
-61240271
-74227930
-15259129
-32208948
11981708
96886468
-11077492
45238638
78769629
61728424
-24120383
93086780
-62508140
47573110
-92935350
40715973
-95756704
-37478179
36287860
33835273
-15236055
-87069465
75642465
-69200365
84577882
-16958311
-86589856
-80456787
-47786033
-83349929
-17218522
-13812873
-9531022
5814069
-9840203
-74151094
-48855566
12986666
-56051318
59293902
-81622715
61375321
82178470
61439464
-57320514
98459922
-61545736
-66694794
-34101944
-72444295
-29431206
88919123
35124133
65941998
29340921
-8502841
12428089
15566616
-72750295
33040698
6581926
-73476640
-74481547
-63812219
-46562702
-74595782
-76636174
-51608822
-81158105
-53138593
-36498016
-68710575
-90719126
-91489828
98727959
76031421
-55800108
-29989921
-38112374
45151065
-73550316
-21781316
-94045773
51937419
-7753317
77471079
66021259
-97178866
7380645
-68837308
70381177
-35272243
-45458611
19296724
-60137610
-29520097
-29396775
-34774840
-94780118
-48911097
57678815
8078091
-51707723
54436244
59681307
-13141027
13093063
38544223
34373028
-57352879
-19248717
85129248
-42143260
-44793724
-3328033
-22607469
-92493721
83385701
54131959
-71345592
-56490800
75030885
-16345664
-98680691
94173929
3359494
62998124
50880452
-79289344
-10086114
86529993
-30119070
11080198
65168074
89555648
-92323692
64104534
-55132023
51699111
70973429
58083523
-82330516
-49562748
-57702498
-18688782
56745385
-58231367
-96966810
66966664
-37684195
45548525
41845842
-17222232
71739635
31864084
48250240
-25539302
-53095153
11579073
-24807550
36737216
3670706
-34899675
-91975696
87878268
68791910
483498
-86968514
54995708
59092062
46067012
83191408
-15611355
-7268073
-13084843
-5383927
-72087099
14600131
-24384961
-37672034
-31825329
-36812081
28437177
34031694
83597120
-64785632
40712872
59444720
34564659
4241150
82085055
-23819270
-43289959
-61412730
-9572501
54174126
35572990
-78353947
-70021703
68039546
-4914735
-89196948
34835616
6885416
-53816081
97079276
46018739
5870195
-64762859
75468504
5515770
-27323327
-93310814
-37204137
-89671150
33183088
49626717
-71636413
-98944972
53549135
7744382
-91178107
-98754164
-49560090
-34611794
60966567
-50937981
-78863295
-3506152
-6207914
32888787
-29138576
-62270699
-78576724
41806492
52925789
24745636
-35443314
7637697
-39504815
88042533
2396553
-43292684
92332957
-59841859
-68049212
-30292957
-2827946
8006856
-4873414
30262857
78996636
-49709930
89129709
28401925
-24160448
45567823
-89817825
18580267
27679014
54504400
-14706490
-5807093
60141730
20820827
-90792397
-28665794
-73447473
60692552
-3124915
54587676
-48566712
-26796816
-42783603
-15148914
-68577862
81915948
20962527
8705809
61388504
-39672805
-90179877
-76508042
52910529
-16008244
8429305
4586128
-7663979
-72380418
4242256
2430922
-36264184
23230857
-94803657
21614956
25688493
-45748861
69528720
28943248
-55718141
-58821200
-66859226
-2988157
73108881
5419436
98617121
1795832
91780420
32614788
-61854706
-39492329
-46230912
-46780951
63158923
-99058128
7932691
34718074
-82162041
81571062
-93248474
-52373265
31263295
85342263
-50208593
-54504297
-12577353
-72483680
77062834
-96042751
-60632337
35699370
-40921983
-44446054
61709496
-21463493
35597878
-3958887
93224118
28413898
-2965228
-68324619
-29890579
-37992271
-62796037
-72140190
-73278432
37358151
-99054734
98880705
95597391
14584072
66447536
2232237
56027920
74394927
2268038
40353573
-76956798
92526643
34448514
-88565645
41070471
44121460
19415519
-12605127
59144829
-41751127
98774168
-67908120
89209335
-92738786
-11789229
74152038
87336884
-8338329
-53739425
-68792363
-48657619
-46107566
-29766501
13121343
41813333
-12643609
70851053
19428495
21320845
89611227
-19739868
-95471976
6313613
6319062
-1978381
-52979631
-57446031
10741367
-35092490
13410154
-7756529
7056453
12134182
-81506216
12073759
39318295
-84255900
-12423211
-54770059
71645977
44137711
-1779405
-93446629
-8053610
21464232
22410459
-60474764
-38956236
59378163
-2225462
3690400
39776446
83825087
-76324803
73425431
70399552
91867363
10213312
81892307
30133800
-34015702
3182957
-70415010
-10180243
33602851
27891214
-11701988
-17572148
32527962
78481579
46048431
18995101
-52760477
-11162895
-22691738
-50699801
25015358
59497988
15966979
73363634
-63782727
83257894
-42076834
49190735
94669603
43375292
-98889656
-48231216
-37453596
-54948026
-74814804
-96254797
68593745
18119307
46865296
-9235572
-31811414
88463066
41250380
56147697
59466414
68179760
-42175676
26466540
25642451
-8428117
65087747
44308854
51592508
-50869711
94321676
4085921
-50178569
10110455
28833361
-3243183
17626015
-16185365
43141152
-3973007
-41872265
81739059
81940471
32096778
31853679
-99420067
56865058
79886474
53404781
-26987501
-90644449
-29884903
62752605
50178896
74262366
31578688
-3103555
-28631043
76404719
-39882831
37799306
14214466
77895205
-4566955
56860118
7357114
87507748
-23022794
-53893664
18468960
-2414670
-77763456
-6739156
87920915
-31706713
-40241236
19981502
41193188
92714471
-60200002
37081434
90255316
-75540190
97270680
20919624
81167953
39809693
-2551447
-38076868
-19898849
-94120674
45846169
52932441
-84669981
43436539
77563755
83910699
66031444
-94710399
-50192324
-75907537
62373799
-34446057
32632548
39560045
-32844784
5361093
-2625575
99486444
-74549264
35323858
-18885047
27033781
43640359
29796622
-25592653
72901310
69770261
37153067
77962831
-66503631
-85197856
45903688
-20205684
42032981
64164269
68495803
38287058
39169113
27451650
83683813
63396805
-92679676
-9696310
-66875566
17866529
-46872611
15104647
-63975952
95949781
-77355828
50712293
-26279998
92591929
32218692
6052366
33413175
84956780
-2901894
-99040959
-21228789
99984551
-52138345
37314264
83813142
87189223
-55435229
91135196
36802642
-41339754
56021666
95560264
-68079664
14006623
-39335374
87995698
6296104
73472091
-68775957
87685560
-49414894
70984146
97070847
67328259
-76850512
-82385192
-66170386
-93904525
-99264912
45835783
-27205813
-4264935
17062383
-7407140
23504671
-99008937
-74843227
-65743110
-74577186
79838486
-87094678
92022490
-2945699
-67853426
88113288
-73476789
16529658
-36063263
-27876481
-15874966
9493967
16955705
15697699
81247051
-11299275
-66403494
-12771376
-2405035
-87026918
85870090
20022718
4856344
-53179707
-1395158
-42354329
-53306896
56010544
25588508
63306965
-32012717
-83211252
-28297870
-85420618
6376618
-76776646
-84866805
-61932912
9164867
6219112
-2207991
-99086817
52541601
61021334
-14282920
2558130
73937956
-87258782
-33909467
-70615399
43650395
36189027
76200548
30126356
49522767
-92864813
-94168785
-67062369
18885932
37309867
-11964961
61326455
-83455679
-65284899
56982700
6695101
-68575362
32668441
53000293
64738078
-19834847
32363295
-65497110
-53698068
-29852606
47275161
-84872657
59611578
-65537309
4284318
-8611257
-69959005
39574215
89651869
40691706
-98248602
-43880264
26359247
-20635393
71906800
92626733
-57103934
-24287795
-55924340
76688814
98910552
4714329
8136106
14425977
18767159
-75725406
65225263
-1881587
71811150
-41186060
27031200
39504453
-75029572
69683087
93598344
19352723
-70805337
49339281
-54648667
41763118
19817921
49206850
-51010800
-62127147
38426252
-15314563
49602546
-53578215
57366558
-49005874
-68937977
-34408160
46368679
-28887755
-20158551
92323914
94718616
-4740538
41741141
59623511
83284601
18802478
15830667
91092356
-8171995
13061056
25548916
64662783
-21170341
62938267
39213669
-73262009
-50533619
-6578901
-43359738
37863561
-95755445
-33027441
81957848
-92143531
21831523
84508400
-2194429
-7684617
-45120234
72020059
37908973
-84138435
-59002846
52404093
-60192025
99807759
10392448
-87931099
-42379006
-8602372
11242868
73521614
-81811189
15234113
-72599206
-85417728
92374215
-64770594
-38727881
32296389
-69408077
98974276
-58288499
50548932
-4210084
-29897201
-588092
-36247142
39115203
87962600
48756829
-39805918
83436859
-30936322
-84162365
59060034
6997590
-2954867
-53391610
-12843305
-98422298
-68057350
-29225716
23389863
-71316699
-1510512
20555714
61603212
97802035
-70182706
32345622
-84059218
46460119
62122209
36719625
65568709
35331019
62409601
-573405
-16351233
47977687
-58544089
87126609
50975294
-96209634
-94646362
-60156315
-73682295
-93872562
-41418625
-4366165
-49586143
78509863
54882196
-45769852
18971911
-36929641
15894128
-22413019
18487627
97880210
75572133
55927253
79030490
85252566
-50790099
-71050503
84311290
5853855
33456681
38521464
3889227
67565632
-66780756
80138555
13710654
-34935397
-19132423
3071170
96842369
-38866912
-56687848
-77826049
-59908694
-64248914
90408993
41271961
13334014
-97027628
-52118392
-17871804
89747411
-92513288
48779994
32740484
-85199886
86404689
57236092
-23470338
-21170202
9489851
-21240981
76181310
-6275944
-29515404
-17193657
-92006409
78154881
-1162649
-53587163
77609111
-34151223
-60033715
-79054907
-49379362
65309208
7059829
72717738
-63326024
-10737351
-67789902
-28686821
-12653043
28822398
-53339170
8414196
-6364489
60791573
8522225
-93943731
4341941
-98834711
-42118604
-3131040
31336389
5286319
83517439
56454099
67799034
27141978
55934780
79575195
45002727
-24946516
74260371
-38461030
47216160
-30030434
68630677
46642934
-51800648
16542349
-81952431
-83361978
64585023
20419821
23511465
-95434211
-63830630
1155106
20453633
-91256061
22815440
-61067575
-21910570
148228
-82714829
-99541778
95833543
-88837404
51912320
-50029669
-62238278
-64011882
52475683
-73065166
78411444
-57953268
5040063
4562003
50933423
62932957
2822419
-7125051
-56417866
35357878
-68653540
88329964
21371347
-54461878
-11685256
-10457648
19081261
-50645231
-18692970
95531267
23465770
-78553717
29697632
92221132
-15260726
37778495
-97282015
-24090662
75814791
-81184830
34337992
74606896
-67655130
24603492
35912135
80721468
82648256
14447263
13774393
-3927973
-97240107
-1561782
55896527
-53134271
64217194
66539357
39888017
-18447657
25591279
50954121
79126611
-80092910
42241251
-35674718
30765347
78241874
20409282
-27857687
41828207
-7687353
59371353
-85796034
51992489
-55174434
55131079
63416159
90510467
-46477373
60833397
-26420953
68755646
11627063
82013844
-43457051
-60078781
73521617
83550945
-17700756
56633772
56780889
99759206
91711085
-50909791
24265755
60716785
-35194721
-39345229
-60179414
86819695
-59329413
-92848075
68675095
-71742412
-6048865
38327438
-48955102
-39694310
-96171068
-4385159
43507852
-87606530
-18251455
4172574
84748042
-32937369
-92055021
-9642724
8505767
22091198
49425373
8170211
-90569023
38232843
17229833
-16951239
19597580
-5740238
18296963
66146545
-29258073
-95345508
86221515
-87705419
95938892
-89483551
15686750
-30765396
-67067159
36585587
65001665
17103799
69006893
-80724754
-47089463
-43323158
13503674
67652924
-54873586
82075835
66185389
-30872321
27948915
34532521
-33945922
46214277
-23111187
-89110903
-39625740
-29532950
-70689007
44851407
-73605744
24093917
-38289757
93075666
-41781248
85979164
-45352827
-21615612
-48682529
22497966
30443306
27946590
43375709
86721276
-19165948
82542855
30397362
8799902
-93251164
-99650675
13052977
-96058516
-62873248
-40344386
-48339451
-30165852
51736268
-33990896
30806059
24485129
-7958830
-59324174
35085163
-36002528
33767575
11018583
3860070
-69021092
81032669
-1112592
50659849
7636149
48101460
-22462874
-55868403
-55954689
-44480939
-88644637
-42854566
97545202
72224267
96306235
-9691604
40648869
-63202592
-31964614
96097028
14816703
-39248803
54908869
9170253
-27421466
77364910
-23781529
-59181895
-82030273
22675364
-34824246
-17614552
-86556731
72752678
78839791
16553534
17433084
-38767382
64555156
13746427
-88650660
4574895
40311054
87164260
-14044057
22781861
-47491853
-65798601
-74338284
47125523
-12073757
43329335
-32772108
-95664267
-51235995
-99712976
64459726
-37509961
-37892969
14310026
43111622
-94142909
-65969406
-27809401
-34640294
-43912262
-72934578
-68855696
64910872
-78427308
45155105
-99159202
42401568
-4933040
-78877030
65480080
-15430699
65558372
20112943
-11022453
-69117507
-7118693
1755800
52087411
24974025
71229104
53818388
-73165357
-97030769
59631532
-20306795
64341877
-25969331
34071992
1053869
-28192832
-11687893
-94606608
-29078588
38090147
-13602734
50544130
59566177
8880847
-25182515
63768084
-22633557
-76566476
-62017121
-47050696
-78997705
68261798
10082064
-3885041
66921121
-6068986
39541193
-44637227
-80417832
33601388
-34822377
92761154
90398605
98933173
41245487
-96289212
-52154149
-10375032
18030590
-4955126
-97759677
-71170379
-5653837
-35598150
75188136
-8738701
-77825794
-44446290
-92290541
62833253
23977347
-63498505
-9055472
59480220
35937160
3736185
-10569336
2773453
-88638849
-73425600
-60759893
-40637743
-24996873
64710506
21855275
75785425
-30145603
5080134
31929270
45739226
-58422687
20370552
62788464
34672399
-16930020
53487400
17581664
7003820
-49538801
-75360824
91935268
90886879
2148289
-96099382
-11240229
-66773762
-96107307
89862129
60143557
-51793459
15315109
53663074
68341706
6122287
-68836741
-43444278
-65449934
43322027
89587700
78742093
-5153429
10779456
-51811861
45101708
51556145
-22604810
-82612599
-53501020
-46004608
-92852820
5042577
-97221313
89170160
61864294
10014431
-45916183
-80378392
93053613
62010696
27201367
-38484020
-35501392
24358378
-48805387
-76388138
-89075640
-1206437
-73287662
58921801
8353112
79554429
96819932
68782262
-22711253
-77934583
48878779
88948133
88449787
49079590
-17761746
47780499
19148782
14415865
-85816693
43844450
-21847130
70822599
1241877
97201717
5731688
-13881715
-69993128
30579824
-92302374
-74626942
-95777219
59086566
-36261484
-43715834
-21396337
-60310479
95321549
-45356001
-3031870
49101831
-39828133
-94881816
-17854652
-88602400
-62011994
-62389193
-90432849
28437624
2877397
50826811
61459050
-40485187
-75067919
41940388
-76752780
33988795
-95333056
-91687597
-94204506
42658317
-34443691
-85980924
79242060
45601037
-35963029
-86593872
46857848
27775090
-96348057
91364126
24723792
32933678
78189898
55035576
-69870292
-56815277
61514010
60359931
43166360
86462080
75447318
57820762
96835633
81278547
-661206
-72778086
-96873172
-35423155
5775551
43938728
34054418
-3548123
-22889638
93138548
-11251898
-32886099
14980676
-86971516
83262819
93520165
-42121939
-94638040
29862019
90003870
-22251822
18205686
-47228527
-70601777
-40320559
85589924
74117041
86436660
-71675181
-80854811
-36654761
31950602
-89981967
-74980544
-16793282
67532862
80022097
91234881
9155249
-81653610
-64821837
-8732795
-84769460
-70320091
52101159
53428844
-65520346
-38545059
-63819255
50540845
15024841
29363730
96322575
-79289917
-28066817
17531046
29394736
51560050
-79668325
-17252800
-94030557
-51385920
38315193
42725732
-84788054
-80201145
1774798
64707383
10201593
-6825450
69090058
47078813
-22338665
-26050866
-72747264
41325286
-33940937
12762432
93541661
-94508923
-86484003
-61457804
-58356156
83311184
-84697994
79043381
38312025
76955073
71887378
98538607
-73864550
44330690
58977007
49851509
-7664424
62654356
40958918
33591070
-10198764
37264695
50810913
83065514
-73005851
-11613869
-29034556
-80634570
78059901
98606067
-60602580
4048760
-89477479
-5387578
98334498
63619835
-4480720
-43079449
374101
-72891216
-34085109
-8392191
12108411
-37545872
16460980
-61655430
-90395407
43752293
-54595604
73162282
-13341940
-22758171
99383845
-92881260
-76900508
64262856
43624141
-28920121
14130295
-44722453
-28470704
-91519573
47206242
14353173
-21695611
35906642
8136322
10748720
12339617
59054597
55748715
70458347
-38901375
-71571892
57551437
-53246702
-52936812
64780541
26024336
5772504
-60612090
-42380041
92227994
-84933712
-48715853
-25067355
9442252
34174149
25417233
28193635
-15502367
35578495
39584278
80869413
42879560
43901651
-78214916
-33370808
-74620080
-22713203
86556077
81249718
-85621772
-50018849
-81116576
23249124
98675974
-84585316
-14941707
75052096
8801592
27636011
62592734
-8515136
85812644
12280595
-1827357
-53741772
-26000688
-44221972
13653549
-71814345
-83459931
11948658
-37080238
69139157
29305543
9221493
-17039206
88995467
41928085
65615207
-50056133
-52342678
-39959587
61998960
-67279346
-70818002
-15917256
-28608015
-46743906
87023809
96979004
59975058
-82629370
58001623
-6415916
18826324
-45436500
53627191
-80211716
-58964409
-24437076
63239083
-91286972
31744418
-98989695
82476566
-21446718
-18283829
-49732267
-63259004
-90052211
67699522
-66839899
10843834
60575134
-14233306
81325074
-43351847
-99135976
-80279090
-21710063
-39834097
-20267723
-1341225
45832736
-30263911
-18422219
22224146
25294516
-84373122
1941843
-73749647
23987513
-53103484
84614705
40591445
-13100912
-64700187
-63221077
-72757985
27837588
-555223
-91126945
14384512
-58995126
32140200
-76273958
-48648975
-84532235
-73302009
39289502
-62955712
87737369
57863850
-4099490
51205732
57355511
77470025
-37914165
-92261514
82867237
-27110071
-25949424
-68040820
81669248
47963086
-87977319
23228048
31539611
-8224026
-11498594
92440854
-2022692
-32910848
-54934036
-51231583
73985245
-21266773
51076893
-55402768
-96405716
74792757
26411484
-50290581
-84981472
-60735681
18679852
60224947
-95159625
95586510
-22000163
-43675561
-4678009
26180920
-94054849
24782016
-62073806
90375222
57345472
34856758
93792087
-75660562
-43008891
61929203
80514359
-92806862
77713018
-44730213
1981713
-49569992
-7665454
4712007
-57338801
91736257
7934018
-65029480
24369260
-58083702
79021293
99433122
94815432
92350266
-82892829
19322106
-99008353
94407266
53250069
71294696
2476832
16087780
41069076
98102056
64767340
35802514
30605629
33064131
61162150
36630104
72301147
99155099
-53296633
-63922049
28186058
57556206
79710464
16796012
-30607715
-74290181
90635353
8966719
47267815
-13965847
-19106596
-12489476
66791316
-17451936
-68547890
25473667
-89714550
5017238
11141723
53074520
83359977
49446938
26441180
-89356827
70943631
74418419
76431713
-44697774
-38809810
-78505361
89487053
-70295633
39672396
79643939
-92412565
64614248
46549483
82592930
49150781
15734805
-33927215
39086953
-23533131
35969356
19681357
-64267184
-56711586
-80927703
-63304420
-88958830
77017032
-45489140
12067279
26506490
48689592
20919617
-72288611
-31633403
61794386
-39450428
31970190
-67740222
13185148
10584699
97643029
23996838
-44712543
-75298682
-69947324
-28349161
87384468
15097890
-1064146
-37560733
-14931557
4057674
38762493
-1349032
57218425
74397672
-88850889
87958689
-53485781
-15557113
-63167830
66680391
74367397
-23385078
19628968
-59143098
71391779
-22265364
92381807
83322450
33594279
-44902421
-93043618
-98812440
-90347406
-49270745
-13414343
39897798
-49536059
63713617
80625244
68198169
-46870632
31181329
97401730
-24672135
-97255882
42333554
77149608
-70395459
-61634122
-11127135
90799238
49212992
-49477306
-68485714
88054576
-54493250
-30502144
12742439
-16096885
75841332
68385722
97323847
4824888
-10500262
-67771509
-90185108
38392888
79659438
44966374
37118805
82456282
61805935
-76603325
-12845793
65951305
82809922
-14556725
-52474479
-98476453
28324074
-59384249
-51717060
85714392
75277798
-42987204
-3346808
48100048
-34983755
87522713
53032719
-34013737
20580001
-48786025
91530691
-43379331
61507129
71278049
85653467
-7513328
-35242419
-78175057
8706037
15931679
45185485
31255531
53453373
-22176381
-61211426
69558248
46342950
-19320572
59434824
84575586
13619330
-24423507
-20302631
-22298381
-82397998
97191600
13179331
16777886
21938194
-84770619
-44167357
-54482961
66569556
33380998
18027499
-77776082
72982127
55360153
-37060829
-85750026
-49311245
92492473
119333
-97448820
32392701
91740758
76201845
34303800
-56168466
63348083
74810922
67218358
74646199
210444
-57340774
-6048667
-40766847
18520731
-69058143
-40257717
27802452
50981621
21415014
-41304474
-99668020
84394574
92809818
34235621
14691557
94904763
-67642066
20831058
-194441
93862469
90011608
1443897
79325572
16061605
19792623
-37935454
-47543659
89105368
-58731009
-91807520
69787621
-52689079
34661543
-8500684
73108206
54758088
3555601
-49648994
-784654
-79229064
18732952
-55008500
-7554084
-93517867
36487609
39159431
49240004
44368043
45864187
-82985639
-49478653
-43964610
-96870183
-90126674
12374016
4237391
57171912
-41770139
605848
-9118907
-80374304
20073035
-95316429
-59647628
49667008
71872665
92145423
-35445828
3838338
73770719
8658279
-6260301
-34687461
-87746145
-21706079
1856275
73252358
-40512566
-28204568
31520584
41356649
-93999803
-69663742
-14202871
97464025
58523562
65897117
80032708
-46166918
-39949460
-94330308
80055396
85679386
-16441714
41627661
-68744000
-10738691
98573438
-4323873
64785150
87548502
-2183629
-8293208
-82543687
-64129200
9860155
-39632558
16292033
-18152192
-2147286
3911826
75167867
-70139405
-93748812
-89278326
-4907074
-51961729
-47664907
86933093
-31057571
-21188204
58262290
57457584
25785847
-95317389
-93590253
18570375
20701725
22773698
-92754311
52527276
-54840558
9464698
-88848999
74725007
16569808
-85599923
54409177
-95841390
-50390185
-56767773
86873031
7894129
49420109
-90726957
-49074754
25330614
-18848418
87379977
6516939
-13962618
-59264413
94703813
-94751128
-31879266
23396885
27846826
-37176657
42954699
-6810899
74794204
-90905381
32857726
61466954
-78141523
76954174
25719419
-77441446
-47668478
-96987518
32219596
-36718815
-65237369
-85703939
-86588280
52037184
24754037
9120313
-1208031
23746290
-11570632
-86008128
60415938
20322122
47873416
52574281
-79743220
-81282743
-36956201
2531285
-27270595
-44243170
75523477
8972796
11162459
19692829
-82555584
49843027
92312599
51032698
74829290
-53691400
65018866
-78398302
-64292938
76901601
40641990
-67452673
2774643
27096817
36997638
-52250207
-45352871
-63459957
-47122841
-31651732
-89637121
91942084
-50712439
9789120
28807744
-96937511
-35210246
23901563
-60232744
92140131
86469780
-77940542
67489868
-77079807
21645204
16139321
-94263734
-96741224
-65959155
-55571535
5927391
25326651
40065257
67645481
-22040273
44421306
-19585900
45539763
-17385945
21397316
-57552132
98210604
62890444
63435521
-40793736
23578206
-85577477
83643864
64495403
-76463059
90264307
97792657
18821370
-2855267
71580074
-40300941
67580300
35832859
4975048
-41818443
-87335212
76443803
95307969
-85841092
-15051058
88915061
59558333
-1109225
66556856
-38743079
-46952905
-82986710
73251771
-42244572
30102516
-26327653
68619890
-24943026
29306457
-31154355
24216076
-22327463
-40609083
78814379
-78728046
-23824055
-84153858
49588813
9562903
3118980
-60097626
15905427
50988848
-91384236
-86323572
-45262586
79067002
-31720638
98678195
73126727
8908319
-52396321
17272244
17349791
-11561123
-67116239
39196455
48546613
9794168
-1890808
-18345082
-40792429
98917440
17522233
63182430
42535356
-74492033
-75034905
52967343
3187755
71288215
35029136
-97415955
-50006011
-79606916
70879289
22814822
84105659
15088104
24762447
-38535838
92624180
-2358895
89227654
-11588617
11072256
16244455
-76123525
-70469252
-25188519
97154999
46653655
-80322660
-74076295
-11485641
83046700
39258067
23838959
-43477581
-20688290
37208029
28780327
-77055247
-74608703
-69023566
-24444155
-6281675
-70292289
76567005
26425015
44747959
49208116
-40069696
-3725941
86228510
62935888
16822374
6453234
-64031468
42877008
-25553685
2363297
89849842
74277473
87527283
-67977263
77593254
-83602463
98387420
-35124815
86457526
70074732
2034399
-73572776
39973677
8268072
39341037
96593816
44789088
-22520505
55867739
-83700027
-20063263
-46318704
66699850
-68478740
12235361
-12889721
35467097
22980755
-90209508
7446751
87101819
-1477008
-24184835
-67237483
-68930837
91163322
-47521747
-45023271
8735969
19122106
38446685
-46054954
-86849772
-35718270
-63551640
24287408
78687882
-30271193
69983200
-79496705
19042955
-10331080
59390438
-21867192
-80215071
81910968
-80072399
-76522170
-1756189
-54034643
21059265
21908631
-39976347
-7458434
7181511
29371407
39875478
10351813
-68238065
20110875
-38235204
31361559
45576710
-76096739
-81712913
67898235
-97248668
3356742
38580440
56790615
-73923471
7085740
92084437
-27851039
16682987
-85558497
-15112417
-56163997
-84957851
-28078604
13178291
28296409
23960514
84648964
-1376256
77124694
-63607662
-97944330
45786089
2280601
-61986769
-79936847
25548087
-5297877
-62596128
-4852298
-58854336
62714813
-99885657
30029374
53909083
-32560032
44918406
-12405833
-39580943
-11201925
32705610
-27266154
-74953623
-39659408
93240053
-28878293
5742933
75159347
-56213199
-70250783
-45360156
78758262
38419530
-80648798
75299986
79885434
-30929353
-29375967
87588605
-83305757
1028967
17816050
-69524318
80011734
82326261
-87820652
76091582
-11030801
32646208
-41233263
-63822915
67604223
46650266
50705114
-91989946
-45853608
-71709109
4902422
74147860
-7732266
74569375
-69033442
-2429406
32723777
-22484761
41128388
97895123
52169910
-25265407
-9292197
16645486
20921675
68663427
-73685562
-66394285
76494501
79870347
-93775761
47251212
-94004249
49026906
40971886
-19281372
-92588402
19409171
87740070
24727099
28287295
60240827
-71518537
-12489497
50399346
85240293
-85378719
99311210
32986535
13226680
94976174
94677378
-44392046
-30770031
6082641
36481236
24217658
-7733818
9098856
42403146
38145250
-54467218
-89653504
-69606140
58700151
74454590
1194522
-74835593
92230363
-21579187
-33506767
7724793
17562480
-69742958
65392746
-40177725
28064987
-3315817
-91546118
2355230
-67486308
-82493010
-3506024
4049023
-8358408
74592835
-99665509
8287486
-78615559
92535963
-10376745
17790869
76563614
55522601
-79942747
-94767801
23019640
70773106
-59876945
-36579350
-57384346
53284189
44267162
65287204
92245162
-28963781
96725162
-44526307
-15120048
-31921459
-62379831
-19550344
37733495
-76010533
84852924
42265395
-7508517
-78389732
-80149319
55682477
-72358520
-39134126
-550221
98655467
94880316
35571807
-73253451
71951342
-10724608
78207142
34872892
-51392752
92205512
-22248479
47847335
-63942051
12219038
-42888987
78895607
-20067578
-42639639
48694215
71371066
48369890
96363805
-60339206
8289656
58746297
48659685
-48254602
-53315003
-39019996
-14456585
-53832993
42605121
75772129
-5069197
62147986
-21768949
-66944434
66423684
22603631
-6132751
70249404
33123176
-74328332
-40636467
77194749
-81009971
21332203
49908299
-48751053
63121432
80775945
60056990
55523035
-94733498
38565818
-15725320
56733895
95296353
-82905299
80817047
-56733015
71622530
67356496
44809282
88565195
-66244867
-74362337
12063198
26185078
9357419
54934200
-62754558
-1107850
45043775
11693945
26634671
64173923
38391164
-58316142
43257036
14294110
-36485469
74220978
25800326
-76313494
-73064811
54653545
-10888626
93159199
33712601
56911734
23689141
76629369
9600221
-58957340
70903604
-49344587
-10775852
25452645
7320526
42916507
93504008
33526077
61155153
-32871392
-71215797
-24941384
-83867177
89474713
-49124606
18111904
8695456
25521314
-26091033
-86489144
-41791117
-64393644
64481980
-44852952
32860622
7906181
79740129
18419346
-16604437
86459722
98116002
-79973663
-39392607
-8647077
-28827808
-86196139
27474699
-99609134
-27219253
9240233
62554852
-18121316
3988507
-80759584
-49820776
-90940973
-15325367
5200836
31797553
70153715
64522915
-44394587
-94695458
-32871809
76183978
78833786
36860816
-36324070
-63704416
-86750343
-28362260
69693101
90434892
-30778160
99471352
21967362
42408824
92127144
74961601
-53448380
57960112
87708415
32527121
92797304
-53600259
32779933
-9561455
-40405055
-71213777
-59186023
-36160268
43965063
62053393
88049270
-47288855
-78679773
67010496
7925714
96569422
-71602141
60884529
12213958
-21568856
2062917
-90646032
40236004
-4471217
80656873
48017317
60381118
9465927
31068485
-84006864
-4461380
93982515
-19872097
88452950
-80051694
93467806
12008496
94784446
23870581
-35978122
-32595283
-55070022
57148250
-2775441
-21583668
-89226214
-76193941
-1428906
53019332
-35623077
56988632
-50801708
-55173958
34918104
7990536
-53701864
11456431
84691010
-47413297
34898936
-18815391
64042216
-58611597
-91198526
56483376
89901422
39525959
-50480252
72661613
-59910272
-8561992
8888670
85224290
88139986
-6528677
-32294445
-50933314
4102950
-10526126
-42706766
10918860
-40078697
84838411
-25334187
68606877
32779638
-65702274
7049453
80363153
3990102
27473238
-74447903
-63471738
-27436008
86984808
-28490437
43176502
60127628
-83881809
488443
-26533325
68898823
-8959300
41866355
-45547657
86800638
45821969
-98984896
87628170
-84773780
78062255
-59679838
-78194848
-10775058
-38483291
-37292798
-65605375
59753766
52831003
81829444
5363506
68933100
17090783
74845959
89447857
-1355531
73958501
-80197322
44941343
81836178
-46163466
-80166244
48783520
6103841
-27374705
-85779351
49349232
-33990772
-96471696
-36338619
27580058
35195023
33566539
43865220
-66074703
-4738026
-54765
-95943773
-47269413
-17644507
2967280
9681706
-2232144
77193318
61196130
37339009
-53744202
-86331134
61879464
90804914
77568901
55817441
52004992
21587937
77372495
5385268
22253614
-28949565
10563453
27189413
-23911977
23825333
20778094
-66697548
22106354
89373550
90920600
-78656786
-63634751
-19480618
75164243
36243121
-50770818
-7294206
-49523816
65459332
-99769136
-94759443
48433823
13215516
67368605
40392163
61432540
88766277
62628335
84044411
2346646
-10392656
-50238179
-9402364
98666447
-65389902
-91649117
-38316622
-63454587
46316073
-981637
12001819
-16185017
-63189990
89511120
-68333396
-6230355
72223970
31462594
-50249295
57380942
-75146594
-74012579
78379680
38027718
28386975
-17694343
56689920
89196496
72568999
-34857414
-32200670
72188867
-17478410
-78653496
8274447
82334607
-83068856
60339432
54026313
68519391
77076848
-97737412
39743243
96422919
-52716058
-1933866
-18575915
-66710261
-48991998
-21032743
48396612
-89558785
40091636
-47225709
26550591
92447933
-2656853
-60852481
-50657785
40335648
-52481343
-2130201
16600449
49645268
5121680
-23374738
-91706565
84719515
-37928595
-83863580
46651030
74649116
-77893624
35416976
-16526403
69402338
40892604
-20371926
90151417
-43247786
32424843
-3662401
-62180290
-81577170
-31763644
79474735
-33001589
-49129043
-90323267
83647829
10826783
-92054583
-98928616
23882505
-46890561
-45114962
76308799
-43060271
30932954
-93653650
-98198241
-42240250
-86022552
-57867864
-30498828
-73675120
15369179
96409704
83454726
-4237088
-66415293
-66290903
-42068525
-94150758
-18870880
-14802244
77585539
41486817
-67657216
6433334
-5179576
-48938382
-81811171
-70382980
32813617
-35122215
32091757
-86743269
56544911
-24130821
55635356
-57520221
60669447
33915382
60110297
-88302797
-35669256
99074270
-24511209
-16636529
25449602
-17036430
-72824791
1458919
57420111
96981888
-73131478
-27294619
24896794
-52195361
-6612461
63399172
32307534
39547180
24044963
-31063512
78333441
-10995405
20051535
51692666
-25495080
47759305
-65362660
21904626
-52085150
44407062
78950938
-77193150
-68834496
-71772099
-17978587
-59216211
-14453948
-25432242
-9329225
30973358
-40914462
-56872566
11102200
8684385
-99207255
-73086981
30167100
45990788
95231884
-96069685
-31012066
57325905
85915177
43144960
-41668094
-35864458
-34711414
-7791888
-73879104
59692834
52534350
9524034
-86769319
-79619363
16572311
80821114
40592769
14679357
36815887
-10933020
-68715678
-49996191
20944788
-8597598
-5272363
49425162
53086566
-39292887
70046729
72339877
-74151519
-48573149
-84454945
-9673758
-51148430
94766079
-40801872
-92231682
97000460
65564088
-36328592
91057362
2536289
64973294
87597266
-6771620
-98734961
70965979
94206395
58028533
49251361
28103489
95107324
-32190604
-28300110
-45737434
79493004
5307427
-18646690
50848696
63055791
74421370
-19238851
-30237355
76802510
76195906
-57251870
22668008
33395527
56748672
-7583970
8838072
67291043
-96936867
58027700
79714142
-37869951
51855644
-83398083
-12826102
38783368
30558358
68174915
-83681268
-12706919
15693473
77978518
21738295
-70619707
97599320
-47719168
-854697
43084077
36785370
-80847645
14989742
6720637
-91165903
-14563980
-86584018
-88484094
-17515306
86663261
-86826210
41327394
12906130
22521959
21819032
-20531316
11880532
1995409
-14766321
96084675
32421753
-2448304
-97297156
-39168802
-36691726
79510822
-54201434
27247382
53264541
-91173087
58312951
15554530
72964792
73159800
-34634066
49840853
1588353
44119703
-74731651
33905858
38926068
99490259
18116896
85070861
-45156167
-90620774
73212209
44925169
60203491
50006952
47650865
74515797
-30516319
15213956
52725126
-15775242
14394500
67508654
75512704
-77041016
-64839290
92756812
63696979
-54178711
34569316
-90699075
-84328169
57703431
33836269
-87160246
-26992798
66110789
31819752
57354647
-61692142
-33033590
-79440373
80429997
-34015153
71169846
27083812
26153494
-41392599
39474500
-10793187
68544482
-5028600
-65953907
-46903876
-1006770
80844581
25932512
-89302490
39521113
-92829561
90844779
-21719070
59699134
-32649631
44165122
45631196
-88661827
-60224971
-45093904
-78524815
71578248
61797420
8614732
-6319882
83186760
33106106
-80982622
38728019
61207731
18792840
66958970
59170731
-87152780
-28414642
26409804
-33480610
-16843275
-49857574
60668361
37151204
94998680
-23657937
-98611193
-65402604
94838152
-98710594
-61589177
-74507150
62416974
34653621
48310161
53382395
-35143841
20025223
10976699
70559633
-99905816
-28773940
-43690378
-23036761
-79573312
-27410482
69164718
-87786998
82924462
38503174
96458008
-97937272
-41803535
-27894316
35654153
84305211
-89319619
-73250082
-35914180
-43870120
-2139871
66111460
-81457545
71806610
-74308466
84522383
-75125096
-19528840
-28296707
-47641283
-65153278
41068624
70816577
-57287109
92892343
37742153
-30392427
22434516
4703846
-57926536
15286193
33643316
-8415373
-64445016
-61938643
2200885
-57019524
-33969977
65094332
-26136089
-58415748
-26158635
18653543
-4660590
-19172875
79282616
72060918
24489852
-43669054
-2564534
69020007
73570398
98790118
-32969328
56987039
-20642262
-45637227
36392197
95240987
-16869698
22591241
-95925286
78432999
72101430
78482176
-14655528
42036645
-43825982
-88383862
-66242549
-8328311
66889974
-9504876
-84428114
17174551
27960498
24278821
-98093891
14398642
52268455
48214889
78666858
-58131584
71835044
32633912
-4821940
27938363
23624371
-32289291
76433958
-42936723
-7977519
-146453
78161259
28245695
89159246
70677017
49905966
75264463
-3505995
33771007
46079754
14453566
359192
-65219755
-18784472
-27940714
52694140
-49602803
13817919
56542568
-22758610
91197997
69094157
-47715878
87355462
28561236
-79139557
-69660280
23351375
-95757325
-43223204
60430754
-66839907
-8728462
-64903445
25709321
31186481
86751908
91010131
15503955
78208537
-17240583
-21838887
-46689748
89637299
39475816
62439894
92260772
27066923
-93080405
77426262
25706678
-92786676
54562204
-66177352
25970930
62200866
52036268
98257964
83116053
9536847
35145704
68592503
93355678
-23824937
-2853183
47202326
28941171
-84391614
-25157681
11284628
-93850446
-12318192
-42955196
51238443
76866541
-27949978
-86291583
-90172918
-17340139
13743429
-31452913
16053452
1121963
29289195
51001324
-49364926
24673191
89593346
-21059333
-88946859
7796879
-35222217
77181554
-23207852
77923175
77874367
97310410
-61036153
22906621
15709676
-21635306
74036369
19849088
-15667321
5388167
35616232
-78584251
30891674
-34792527
81957860
-4829691
-90025073
-98184430
-89706152
96380507
6770843
20075177
-16248547
51714271
5532434
-13668539
-93531526
-68239941
82138107
-56382762
21104974
87150234
10413042
-24019493
-18336676
3573113
-69425006
-82336602
-40679792
-39839710
52645816
48752435
-82599844
-37341845
67606022
-108978
66966217
-76956317
-31670486
-87467584
-24984589
16635106
-32068655
-29844354
-59108750
47785214
35798780
-82812806
-70830601
-24424968
-52263191
97328202
-75545634
-218908
50519410
-71557714
25670218
99622878
12718443
48811797
79576580
32482469
-58097496
6298549
24066422
84740773
-79662041
68507596
-38614108
-34960311
-28779822
-33648170
-6454966
-80465801
-72701147
59980757
31029191
67301524
-44217209
-50690047
98238215
-50889180
-83895018
26065698
11379850
94602829
-4402966
-21610062
42794658
-47057650
-3599374
-67664536
-53371950
86809561
57737514
-60414566
362608
63463935
96677138
-78269925
68546715
63620835
97945875
-82991709
18177092
11601487
64810705
-34452430
-91847099
-38677898
54614298
28292477
-23130405
12640380
-41843281
49208480
58128827
81808455
-34585399
-49121710
-69485378
-94280956
-61942549
-75570605
17292140
87394846
-86891025
87962863
5424041
24983543
87972791
63577121
-8830309
-68481309
83880195
7451022
-10830663
-45200112
-30865274
43975814
8551609
18898200
30162875
-20980612
24069393
-68297391
61860040
-3254628
1881266
-14412227
-81114012
-80274121
-754015
93339872
91582239
-65163063
64900327
40974291
13325172
-63561396
-78178562
55592213
-52525196
-77763139
31732431
94335134
-43429987
6766204
-32729900
-61934442
31511695
45347818
30778746
80285542
96714132
-36162955
27552635
-21126665
-78951774
11979685
-87155693
70508051
48050746
-14756690
23380256
36202386
20236948
41699931
89080733
-83750353
-92681304
-52587025
82422009
44914438
-95513274
-92839502
96437783
72936049
95748202
11532833
-30157246
93075965
-61850678
-94578779
60094406
-52380380
27235089
-65950791
-90189073
12047267
83367545
-88214964
-68183354
47615610
-16413963
-2352830
73360231
71385700
-627854
74396220
53549574
85437740
-40068097
-14434792
-4512623
36463189
96719914
33278725
-85975846
-43090763
-88279607
63969911
-76019373
-75407542
-42111903
-44452027
-12984344
30025554
-5441758
-78771206
55101341
91971482
53402387
-90767708
91828999
90544043
-56106076
54607930
52912689
-67344883
-91484026
-75784800
60810747
-70281628
62847829
92462399
-99023415
67738676
89350385
-23721122
18127109
-65675923
95539166
-73220622
86122687
23777610
-11897708
-16605040
-47764302
-7531313
82452404
-48633189
-50235119
74994040
60636222
60160181
56412524
55899155
-64635016
-80534922
-54585096
65363637
-33611362
-29609018
-84022706
73396028
53043700
20130074
15919750
45115144
-281178
-86782685
-13684292
-23492819
88223553
44690741
822613
-88612765
-62782608
-54152615
-4846328
36282625
-73679618
-27554890
47527968
-95902002
-86116019
-92916210
98235417
6818603
71248316
-16283875
-82416486
-32850980
-19684548
-14694876
2814998
56583849
53169414
29119561
37917393
-56853274
-94841139
31074528
-94065132
58325931
-38478481
46604918
10254475
5767270
-91446367
-72184720
-46263269
-50682413
51069932
10549410
30710173
-90508567
24842746
-16034938
-35136685
81361734
-58912104
82590146
-90980345
73470787
-5002847
-87620147
15928136
-50183839
-79415941
-93765011
22438450
85874329
10465988
-83182200
18391412
-74407071
-42442276
85309707
-18483511
-51807344
-70660179
-31337053
-87740432
29944295
-92101213
-44728811
-88651092
51345844
34470760
45212916
81979062
84072421
-6538147
13011886
-73016080
-14372578
-25005808
51294008
-98406152
74539416
66664545
29949027
27229523
169097
-17542379
49141890
91422683
45232379
31146645
-70190414
27949613
-83208376
-19749565
94343689
82607235
-32103721
88420474
1573137
-96528562
-81117750
23825930
-18505393
43647717
-65051721
25062551
59781219
88043439
97964637
22801140
-49458698
-60093587
2058051
7187808
-21902450
-73017777
-86582324
65013842
-60016247
68849750
91627305
-98145932
-58330813
93786943
54203857
-49130001
-36684162
62198742
-77336493
-22409552
74052280
82872362
35187102
-78409699
66151618
43844749
-55983931
-85605153
42933530
58900796
10968118
9302410
-29876787
34403813
7912171
48895818
56959475
-1780914
-4680448
-59180739
60825612
-38718306
92486232
43909779
-64341307
-34028231
36448323
6902323
32647849
48297555
-34176173
-34547439
-1825240
-64302379
16338545
11012109
-61546366
68549502
-73878322
76992808
-20696329
-61813871
3437937
-23233623
-44856311
-71628986
83686906
-63422852
69032438
-66977200
-46111194
-85445039
-25481419
50971407
59705804
-51257414
90487123
-99271103
2149910
-62177772
45739817
41492687
18266123
-79822199
-4442588
-9000414
86462918
45144225
-9150952
10904782
61529821
21181008
14952772
64366503
31153839
-70746920
8708000
-94541691
53035196
-90584612
-92408996
-11070068
34323888
51497389
55945988
62018542
-96619796
69596014
76764446
22492172
-37714002
89506414
-56536084
70054646
-931283
27361321
99505669
-93924144
29759624
-19557684
-94951484
-23463275
58156873
-55564455
-55940432
77827387
76856948
-4064377
-38125796
-56901725
11976995
28475062
74029069
-76524255
-55924873
85391645
12492935
2034405
24604028
-69590737
-33500880
-30565769
93373107
47006645
3458020
-59234321
-5411020
-10348308
-2175043
17561519
17632055
97778463
77641458
-982785
28111178
21059180
22619599
96707681
65243833
-54343738
98179869
80847846
6969560
-54660332
-48293148
-8678304
46385689
62411199
37118663
4444785
-80691341
-26583804
43263617
-46672245
-34735563
-9399169
-59444119
-17467418
-97016560
-47866144
-14174522
-52493209
36849174
26164196
52088447
-54735656
76716599
-72572064
-24090106
-15770838
40078987
-13774685
-42456353
92976975
-50083511
-73204512
-53359954
33739254
-59827616
-96057644
69350384
-23476407
16071016
91144212
48477469
81618818
-62545025
61205192
-65909360
97605894
81788219
18996464
4402316
49664713
57070087
34585673
-39087988
47536619
55995616
45163658
50109861
13069829
-5988368
83711704
-17535655
-18816840
36392455
79308697
31664169
98555089
48395365
-53814591
77506461
-51686432
-50657912
76804615
11896492
28770323
-5558876
-19707535
-2555801
40947817
-46687631
-87709408
33904722
-1988958
-53893880
74010067
-43754079
56358342
18976411
83472052
80871739
-17612517
6909353
3294819
35491295
-59143124
48916038
-27600163
-20547255
5306079
81411522
1130340
-93956857
27353088
-64694861
-18394295
-42562555
45787969
75054187
54361261
-53218855
-56165523
-12075004
94615307
-86755363
-45580914
-48537017
59691232
-6400124
85060982
50432481
32146236
88439894
-73618684
-54485066
-9251928
12428679
87480509
-15900697
88771376
-7385729
-93195025
-2121746
-64357582
51228026
-32754635
42081837
-41485927
98706405
-18574572
-93433411
-16356119
34545895
5523111
24361360
-16895933
-71856484
-83188873
89716634
-65330123
53425521
68294899
-82617854
-86240777
-27172895
-11119797
86927105
98328337
63643376
-5408883
37071602
-7862894
42080381
78262773
-99522475
-43277516
-9848682
-2317218
96840546
-82679393
37665622
-20536304
52893497
-12912389
-18395689
-63053914
-8797650
-67545088
-19031473
-21424523
26970300
-87518227
-83641590
-42004111
5910655
38269696
81699356
26051822
-96277666
42461137
88192444
66382604
-26140510
-41664149
4820892
-47921260
-36297914
10236810
-96494566
97392975
76443541
45342454
-8730231
-80193254
-40990351
8800555
25245753
77801390
-25260805
-45254917
75727230
6330888
-68742406
17573677
74751555
13580557
52061738
18962327
7040868
-9857492
66776833
63906283
34159439
-87544541
-8843788
-8357624
-98389586
-6761703
-61755207
81852434
28098159
-53952345
90417082
64403444
-1272691
-22172464
-98641258
12026577
-84591051
-64561742
-20680486
-600166
22259614
-51674713
-9396214
-732748
-59900443
-58351656
41377830
-83498822
-54388089
-50214214
5208232
-79364135
75194574
16819100
-57203497
-77420478
-73148030
-63787614
77674221
6002144
-79527244
-72578978
31787846
57957823
87243403
76338309
-81213778
97819397
29221036
33084682
-27565741
-55691810
38697744
-83854114
73195984
-97690457
5234988
26624251
50180917
-9501645
-72589379
-14073111
30107651
-37424822
-10045824
80278561
-19535106
-389363
-23051270
-34066188
19305341
-14806350
38702169
-3688672
72380589
-90914116
24803499
-47466945
86679719
87639328
11331035
87899670
23660577
-40525014
54290065
-43563076
30957771
79648101
-22650071
-16845004
-30201596
99787905
-69528166
-15401959
58149601
72058038
-64901727
-11833816
-67831856
88220111
3485001
-29012476
86535664
-14620146
-42414754
-14566832
-83396957
-21809234
68682107
87263477
37326006
-16750818
77862822
60288488
76856324
48765052
-44285996
62876595
-31865589
70293167
-23742099
-17723241
-79203069
-60262576
-24823413
37094885
34054956
39059021
-3245315
78178852
-94586939
58373274
79083405
65807195
51771768
65717677
497143
-62679279
97930445
-16208833
89118283
64444333
-2132174
79201324
52657460
-11651777
86211646
47586568
-66941176
11809019
-98368063
-64816334
19693924
-16120436
48379107
-42971137
-704849
-33437325
68015886
-10332541
62965729
51134692
-42580718
41467109
-72835744
-76977865
-62661161
82611556
22976293
64250734
-38289445
-8903429
-3386164
-85382831
77160290
-56657029
27197380
-85076066
-6367105
71728184
-58628837
-74622363
-40791470
-55974544
-10901199
-76184019
-11380813
31427981
65277509
-41346299
-46421331
53701085
61002077
88269080
439759
84755691
59706110
75211119
75928059
48986210
63436874
-52504074
89321172
-9049683
-20958955
9707645
49952453
-23528786
-31816244
-94145991
93083567
-78206002
-22068289
90904103
-62594531
65857536
95128312
2712471
-33987286
93370005
57826575
76298665
39588442
-98904011
-61164919
-83471469
84115355
-20060823
91476211
-55045778
-85518288
-77704854
-48183846
98162072
-18032717
-79662927
47972662
52190591
-17144325
-87477680
60728098
-87800437
12305270
38955235
-3037305
-33741872
-84421066
61126105
30974686
95557742
7217051
60378334
89149265
64032386
-7860586
48461660
34731168
-57282900
-77243869
-1949963
-68568024
-37793438
80380179
-26946275
7556209
-73960169
61455892
56173214
35717674
-16185801
-59613115
-35838190
-63339689
-86631477
-17553298
30461714
-90298549
-59681981
71213174
-74032209
15951346
-19925841
64390462
84556217
98545169
-18539750
-91989184
69803711
-57414724
-57111834
22863832
-51493954
43607144
-65148301
87170790
-62025019
44103698
15116326
67275565
-82312075
-7360329
31231070
-75563849
98191375
98972231
50857662
72927138
89436256
-25778530
37869040
-79941842
32934983
51186941
30041025
72591279
88433946
-64202237
-16156633
88364511
14756512
46250858
-20081985
4466338
-28074303
16034395
-89347846
17962801
1053854
20433166
70167222
36148079
67393763
91354885
-72591685
187149
-12374636
42137370
49228121
-41779672
-71237365
-80152498
94097291
29663651
21268004
67946396
98291621
-36701592
75497585
-80412162
12258855
70384638
-18283915
-36582704
-29901746
37930313
40213336
-87370951
7810842
19247843
30835602
-57936451
-9352149
15957685
29398738
-6188366
74989309
16291761
-25009496
-12281489
-90269646
-91361619
-1459455
-5819974
77323990
-59023119
20315204
56273396
4185754
-10096806
38505850
35865153
20019215
-72745445
41704221
-39965748
25822306
-66564894
-93368740
57829332
-69658641
-4834148
9902260
27480557
27219581
-9374929
-80228577
-79177035
60996039
82666165
-17356287
60750874
71781120
-72521114
92841277
-98156509
53052191
-84647665
-31807438
-19465789
66696543
58706131
-97665856
5740985
26887568
84772332
83680036
-9816958
19400607
71294066
-89594339
-94879185
78414943
68657773
-14946151
-22271004
298018
-13692726
-92875009
54865707
30540764
71606448
-23125905
-18812512
85816966
56914661
-15818924
8729211
97020856
-93672628
40370867
-6076846
-93140867
-48892955
-38174607
-13860822
36098458
56265884
-32974400
85342252
11209764
-65465418
-36287486
61561134
-20547067
-28899758
23717663
-66414696
-60093084
7245594
-26838571
28534812
-45141042
81245526
-76852146
75498997
-34437592
51276055
54378010
-46807247
-77228276
51399480
-87584345
-390966
-84679738
-96859679
45933582
18771783
-48284656
-27995660
-50815584
-31252195
67459764
80815138
28485193
15007545
47376555
44634071
49046428
-84258253
60701247
-71429977
16975359
-60911487
28802219
62152130
-35491398
15325384
71294851
29164605
44654655
60093869
-75080018
-56444275
61568373
20026178
65625609
-67523831
-49848307
-10153128
56467604
86103983
-26421202
-45826285
87813963
-12274958
84642525
-58003117
-35670091
99987377
96723498
53386458
77068769
-58777569
67465142
-80171844
64551982
-21461958
-70657002
-5098282
-24552278
65509088
-58435416
-51470735
-47113722
-9353694
93308165
66426401
-2787808
-44580917
71269138
-3557764
63383817
10038587
99782989
95009710
-54229091
-25369409
-59926151
-20192944
45628130
-65799064
98643944
1225410
-69127107
-78514243
51849927
79707141
-56294176
-68683281
75939738
-96764887
38393876
67189489
19638497
53233936
-42626950
-84320075
48797152
-26801846
-80425256
-18311777
-71118727
-34970853
86114231
-52284611
58279723
-43106450
-15923681
-18002530
81210197
-1714608
-25154136
-49076916
30336334
-98677000
-60902527
-17588172
-56703601
-78095733
40908999
-66396804
-81621871
72422118
-88672823
-59920480
-26995791
-6316534
10919718
-84288832
74641549
-4918069
-76406576
-42288993
-70075175
64258953
31876794
-23464932
34529313
31243556
-53929829
-37011571
898651
65821134
40120551
-67844461
94003312
-92561564
62628571
36663828
32425982
-66545665
-93002530
-46662538
-98789894
12446543
-67765316
21666923
81684849
-77702003
-11840759
42197347
919030
30781508
-96175090
-29485691
-81008285
-92808934
37364955
-74882614
69477680
-12217118
-48267860
65956252
90657650
968499
-88118036
45244396
21353239
-99704294
83660906
78716261
-96583133
39481484
60709104
352453
-10691706
74126882
-30026815
75360305
67461626
23591874
84463836
-95005242
-89027911
-67071304
-47870749
1745702
15872960
361972
13736552
52283246
-13289907
97312337
81054580
76097173
49280479
-50575004
20036400
-62993544
-68495964
19068679
-82310880
-54593282
-82374141
58857278
-15425929
-53337256
48454763
14353377
10051261
-45278117
88273684
-85519502
-4000196
-48793297
-99169354
33512692
-25298684
-27524876
-6346028
85365338
23015548
98353634
14776473
58868865
-75864319
66685200
-28443428
69554300
27959976
-17523233
22436567
-14714242
85124419
23589463
-93780378
-52056361
-36689340
92725342
8863352
65802466
-87440461
66841883
58703725
54955514
-64613822
84068357
54039274
89420377
50208793
-78734533
-17065171
-40532165
99974811
55411546
-17283352
-39523605
2461345
-60969322
-49742837
1603355
55582326
-54059889
-24935521
87808557
14192701
82298044
69032965
72720025
-50496405
57420029
-38315334
-61506866
94963556
-61766301
-41001130
-98074846
-21518633
-42475278
80016584
-31235586
6612802
54779856
65824837
35862640
42627178
-62897527
87759247
36607500
25030734
84067104
90458075
-99566469
-75213738
99569353
98986655
-12403740
39538369
84130889
-77294333
-58963002
-36360923
-5214329
-49034178
-44026620
-89570573
72457677
5143209
-53265737
-51603352
-86002507
21151216
79954123
-43308045
38622420
-5869535
43439684
-8220144
-29489885
58885733
-29924263
-59722141
-8099471
87332564
1554303
-70288148
58601821
-70732957
-50536387
-26191539
8779348
77054291
39948542
56207405
-38077656
21730568
30431279
-68183916
-24695167
91434469
98062867
-10888600
54998745
90169285
-69327003
-6512726
-64782387
20462862
-63024242
55139351
40148270
-48705555
-18359034
67368042
-9851838
-78764416
6487265
-69121199
63426603
88225908
29460059
-81135899
63446675
55388766
-57809802
34839378
87178340
93824226
92213434
-78612295
15475544
-48262125
-14896576
-2501778
-81053099
96459154
13428651
-38620841
-66230118
-17643805
82501276
-31131511
-73181192
68694589
84151641
73765685
35097219
-72350162
-7314832
17860901
61152980
-7250506
-29357376
-60536550
23228928
26908024
21160335
-60218312
14298964
-654825
-76803774
-64747287
37453299
77081299
-89505482
45609881
-51338744
81973987
36343951
28441163
-80738512
-89875190
76838871
58983093
62590892
-88341434
19207674
-96373585
-13095203
-37067148
22485219
42148302
39324762
6606681
-3895893
7100468
-39375920
-41767058
-36670837
-32550375
-32480442
-54198718
-52142852
-26794248
93907086
-80897753
-22967369
-84789979
54033309
54889483
24304497
82956909
-46737692
39143535
-81495506
-14016142
-4556658
-53360533
26041405
97077997
-73820589
-75012968
81019555
95098250
35388733
74071281
41124594
59293938
-33669189
50202070
11921912
79183110
-50251114
-71210520
73377809
-58091163
56454949
10528566
-47669262
9624869
37423803
16953353
-74488703
69098712
19887483
-86664123
-38510890
-64867231
11348099
47468103
38093660
-36899623
-58484609
-84294763
-23403212
73290236
-32770316
-54024246
-23183094
11415019
94961084
-60194953
34088725
-29087776
69315633
-48052508
-43897860
-67542430
53300754
66331952
-14970622
-91092607
29942873
26375090
37766548
-43746615
70190014
-67271769
45759680
-28954381
-86976755
45423172
70475751
-44615796
26756310
-83855580
-83519937
95269625
-30868563
-18863129
-55690426
15267272
-28222317
-66919639
-11239338
59012433
10310696
-1713633
-47773310
40735477
-99562416
3889334
-20710007
80571267
-6121538
-92515871
59357205
-91739088
73261774
94384566
-1548192
66561880
65762446
71314491
-73276898
18259489
91861856
-29837652
3726688
80923139
-62400161
-64889746
64748009
86042126
53892974
69944952
23953094
-93649689
-76808643
48513374
10823523
62762447
-53400041
98935543
-9627071
5326839
-43766408
30379029
9118169
-78066247
72396484
75303101
-24774647
-42763571
-59101841
-21461319
95225516
-86583220
3439020
78311470
74220974
71337745
-60134437
96966352
-55624596
-63878130
33277061
-99092288
11339941
17746571
-60092649
-5385334
70466767
76171915
-27149094
-48496690
97631888
85653943
83968452
69329931
-45492737
-97762166
91309439
-12146663
-44564386
36396817
36840115
83966129
36792633
80473653
98737272
-98292247
51422550
32167244
-68629074
-62401485
-70415547
52860595
3319379
50713911
81058105
-49252110
-17397948
-87092513
-41526690
-60207546
30716513
14685843
3136619
-57897651
-64470154
67592896
29905720
-3432465
93827109
94895445
87308231
-75518511
40256725
-44553096
-71283477
-3866674
-31539491
93890311
-53805828
42260466
77966521
26534672
37874719
73899844
-59796622
-37366818
88760455
21150134
24912390
46632449
-88153633
71746467
-52025097
72826496
72892261
-1194807
16877354
98219979
-85157229
-68104056
-18541024
28470138
95057678
-16206013
43297256
59592286
-32789141
-91141382
-44680601
-77974968
45623125
-4568954
88136447
49490960
20878843
72512949
68484635
37734266
23181278
-89804560
95464806
65946838
1700743
-2593334
49531050
-10174161
-70625156
79961424
-25208917
-65969996
-62202833
-33160865
48363062
-55674699
-2461048
24631881
-71832535
32322877
99209975
70735004
47868689
-66031856
28363788
73666095
87249417
21217615
18455865
-18536140
80458025
-89394270
-94743851
56458025
84528174
92393917
-74148503
-86451290
-6482279
-45275723
-46449716
-81257707
27468907
-98571946
-21452202
23435740
2520415
-91236048
50934343
66333709
77718536
53082206
-38489351
-14737876
99103847
-63234782
47935423
39291462
80619245
-56106858
43038283
-68086618
-77665382
99732417
-5423312
92371336
6362527
-59475724
4771023
2200067
21208307
-18553294
-54431156
85378447
-91266721
42076620
96044025
50915196
36885338
-86321461
-32747910
-49841523
-61211599
25270693
-72494215
20135886
95570011
58380672
-80109146
-25845147
52518735
96612428
-2092225
65164851
83867883
-32476672
-77757133
-66412515
62734408
44648048
40332783
72334795
-85592195
51725725
-95911752
4652860
-90027369
-72704814
-4101992
44459466
-77835340
77175377
-27200991
39966449
-88102907
-91529855
88883872
13354167
-77314968
-49762818
52958211
-48328330
-59540323
-3229935
-17553835
-94795845
45320723
6402503
-99536428
8627003
78318413
-90639899
-35272464
43224550
-49561341
798497
-2856904
39969320
99219417
17527129
-9690394
-99628726
10924947
43308846
-84680940
51000543
-56986825
60157235
6001220
93821029
46562404
1530370
69407250
-16876548
28701653
24110747
47225047
22715080
-49777714
2613923
-45578927
3405785
-54381649
-96066989
-44625712
-25545529
88850491
-89655174
14341424
12610386
78943337
72723657
-832492
-92626051
-48718946
-99385982
16873904
-49343862
-23653845
56971465
-23553685
75027815
77002280
-11519375
-78022212
4518958
-2242337
52807582
6944722
6933650
40429242
-10054484
26845605
23443504
94600583
48296477
-33041206
2923677
-43324631
9986387
-89719078
-27719636
-59361734
20066297
78672779
-58088278
17264837
-68499870
85233773
19368744
40837060
74309791
-4475156
-61773364
22049169
-83258741
-67785498
82943292
-15005885
91961257
-13451133
-79361039
37215226
87167341
-577779
-2209344
-82022682
-78269917
37528510
99704042
-31581239
33467379
-20980391
96201013
-22422363
-69119036
-45515780
19202019
81444980
-42644033
-41602899
99267686
-64587943
43326802
-48017002
63774854
-7938726
-32015084
-27385507
-9141723
79760224
56469058
12844442
98324478
86887449
-19032781
-8220677
-86780432
-43797265
47896292
34754753
24845385
13094654
78609559
-80892682
75602265
-83403398
57240705
67845266
86971041
67271116
-99841869
15521931
-38771518
-34036884
-3929111
87240232
-66115141
-38469031
-75768595
41541639
6146109
43176064
-90634139
-77421130
-577298
43074344
-67851671
-3592174
93514130
15577099
-56715023
-89813320
14294050
58387073
46822900
4089699
5031624
94715513
15060435
-8808950
3535417
-13152243
79234903
-7629717
70928020
44515069
-59336504
-66167933
69232349
8109168
21174009
19858345
-5539623
-92954034
68347619
14016994
-70626261
16906317
-88007693
-5686271
-50370503
47750799
87791923
-28237831
85356845
-49317856
-14062260
-16019733
-93450746
-66373793
-36020845
20634947
82968363
53390566
37253253
54022241
79171965
-33314205
-81355215
-14389889
-16095194
-7022179
70994928
93935403
18282361
-66063897
-72570753
96835098
83714926
42428947
40644373
-12074309
85438751
74599985
-86942630
41705488
21195433
-83215560
-88817163
46296851
15529297
-59501313
-92824398
526362
36010025
-20473247
-3428
70609962
91651620
-14571520
-29538622
-61939477
14120709
-98768669
10883293
-13122349
72974640
75033908
-4587680
7285759
-66963508
35740475
3403101
30918450
34914794
-93147391
29744042
44254572
86615974
66669303
-79391339
28504861
76961981
11011227
33833931
17190000
-47932922
39433610
-17364686
-23532623
55217175
24997712
-55804972
-46225630
74886976
55527385
94205978
-67124103
84660812
-51770773
95278602
27868633
31289527
-97660052
-10634089
92720836
-69621796
3373711
67717424
89405487
34589486
92837760
84696781
3571649
14961368
-15864606
-20021150
17072858
-97523841
29159582
16121122
-79759812
4441003
-16344964
-14842408
83329964
-18225958
56573861
21739533
4633782
41412940
-26987599
43148887
-62293243
-77849826
-30059301
-79173513
3605799
55787392
-8548647
33306387
-41803907
96466999
-25932983
-66871966
-5905841
71656729
-22920101
-87929926
-92779323
-7870969
-26691116
-67501972
98955993
-56220122
-24397624
-79758016
-12861269
62705399
51022097
34842512
21313324
67099693
-16625317
20790188
76126109
-5831622
-85062174
45683710
3021221
-54072420
75269691
94727466
-2867043
-94100439
18434788
8873388
-67154402
86122336
38974280
-14653691
517081
63622930
47851448
-85859777
11700600
78192645
84521089
-80011717
40105270
57871772
-92971587
34849559
33569066
23421868
-448267
4921293
-26833878
-66763100
77771267
73539157
57261952
29101312
76943647
81593744
-68419791
-59693157
92502446
58232010
20317223
-53862368
-19832858
-92992840
-26903435
-66904562
-49381985
13144226
56153817
-84936247
42885991
-57657442
59944921
-11024768
-29733365
-93956060
-21987712
-10911331
51404525
63500097
93380819
31122178
-4726680
-16482046
20924338
35748418
-73718984
-36639056
-50099623
-31966765
20761926
40367229
8616664
65141476
58256815
1577040
-97917419
26644429
-11179890
85511874
94082424
-24103879
26649189
-71123951
64473905
92710503
-58843781
-58268580
24878809
-35109722
-5490166
1426225
36474716
40505125
-27676784
-54321661
-15644813
-95625545
14484813
-85757992
62958333
-63415835
71225954
9269192
-2962809
43130276
85670868
-53070064
-65106440
-8150849
-2800657
23567793
58443603
-25683237
2605397
-85379401
-42050531
-29310475
-20393895
45140582
10556122
-22369597
-36113999
73733409
60208423
-5197127
88921334
-33805298
-84413537
22046314
29786038
-73570772
-85708618
16679247
31854674
85444735
-10574278
-11694352
21495547
64398286
26874080
-61989513
36094138
-86675589
84054229
-58345116
27463450
33057572
-93368581
1073888
16753078
-44850545
-77338943
58870548
-19972843
19950711
75665923
60858077
65332245
71711537
13491538
27633193
42356579
20948380
-14769359
83172329
63299259
29391935
31073042
-23118698
91389027
82195940
-11822947
-89417109
-61718935
-22334865
-99129147
-17440737
36867715
68117810
84449183
-22182608
88301459
41323446
7764764
-28245186
47681640
-43449838
99484377
29246406
-18809690
99951512
-68156946
-62939359
-49546864
4573457
-78232540
-25779579
-61174004
80898924
10454541
-4846818
65818665
-21832775
-9594561
75760945
56510337
63293246
-35598949
35908573
47704817
-40085557
45221187
-30144860
31041650
98073696
-85898722
51763146
32258115
-62943693
-15270907
-49420011
26877629
18060808
-25794260
-4892470
92643734
11287634
73248495
-15857524
-49384407
-57679404
-14555049
-10946254
58540259
-84156388
20633281
66722344
23466448
23887524
39560778
72029572
34113334
-24817975
36479433
-72210512
39326055
-2933923
2988629
60543447
-90907457
-62051202
22381202
-40809571
-65245068
36134862
83338130
36582415
-70148084
-70333346
79519034
88919385
-38156429
-48634082
92270156
77351972
-42998915
-13301483
90681958
45500744
38143995
64069901
10241131
67634213
18271958
66073829
78412826
26128444
-62147049
-42606146
86795708
57626798
-66947337
-82461311
-22597689
-28106138
38234575
-4668928
75358244
2273718
43445323
-27577391
-49060071
93880176
8005547
96228220
-9437108
-67963117
-17887234
-58404158
47809692
-75941547
-96980998
56665854
-3096869
45662769
-56131465
-4896507
1460653
-7474422
57238170
-24723225
-86932375
-51689107
62993193
44049454
64636311
-80747894
53351408
3384748
19295448
71235480
64382900
-2656247
47371607
85174598
-84522838
-83784431
13481466
97474850
20799346
-31458593
80671860
51070365
26413360
39535759
-99785934
-61835127
-82125652
-65218779
43738524
-26571254
-24253582
7563276
-59347330
85542729
-39369161
21464178
-88750860
25221522
25035048
51930046
-69547960
-1213119
-25237695
-66650227
9797531
-85958330
-32472323
-8902348
43391025
44055690
-6877911
34944817
-28785920
82224504
-26831413
-99617968
-78636405
-71193274
-63482491
95596413
18008346
20612320
93017762
46432578
70641833
-92403413
-94983449
-30356050
-81552588
-37537440
-38424410
75193338
73918776
40170134
93776125
-9279718
33435655
34766647
-44820177
51636555
-20004717
-86767128
-28940038
-73288496
49060383
-58658252
-23050166
19270948
18310915
12132025
35496905
-11042668
70991350
-77892866
99995847
-7438099
98186504
27555889
-36771780
-54877087
98417243
-41662840
65467061
-78705417
-9022282
13630260
18621145
-89704340
-18787648
-30351254
-29044057
42345587
-27256233
-1157618
-54317860
-54487578
-59533251
98435908
-82015194
-28236467
31592781
42719753
154984
-33546357
-2095382
63280055
-93955996
-40235746
-95653773
-27313526
-41312411
77135874
-39632448
83265248
-27715910
-34946053
22223213
87129789
-54291631
-36602614
-7287824
-85905290
-72923951
35653164
37253535
-17183969
20354268
-82790123
24942431
17808640
78544932
-56781147
-83792983
-79602949
-40269223
31903321
30459905
-38715459
-1126596
66340671
27730957
9234871
-62809183
-20984212
64496195
-42125681
37547085
-31438825
-71599451
-92311963
80734781
26840735
32101649
-92913940
-50854799
-32610177
-42944738
46265070
-25087164
-20463748
-82362557
-97044215
40619914
-3432756
-61634887
74624131
69664666
99999406
-32299786
21445633
-73204891
84953281
60469940
16820377
15062394
25725455
-56186402
64806686
-53337770
-59013849
59177488
48467974
55109489
-33206831
38660941
-42334495
66116933
29776099
-66990122
4710715
61612045
99617227
-81031172
-76202513
-59235643
-44726534
29145371
-84073819
-8177837
91009731
46896597
-58891954
-7636717
23274633
-98002338
-1632866
47222042
43574556
77834608
-55752054
88250399
61428702
83956308
33120698
-32326992
-4018025
45105678
-46798905
-8968964
-29784677
4896764
-28069064
-35123353
49577829
-53513487
-48712340
730821
14937855
28611394
26372752
10180537
-5885089
-85285176
-99675811
70362411
20668612
-30700964
7111340
88370734
-11996677
-49150898
-43960130
45474386
-76224886
-23926236
1534878
-25137900
89386392
-1558706
29084892
26541768
18785637
-30039693
44846280
46630406
-32117742
-81281667
-79196756
-28009267
77465561
29323591
11218732
-72346304
59091426
-30666315
-38717460
16191977
49846915
30608972
-36949526
-71020806
-86346227
-38307288
45585997
6461675
46945592
-45122395
4086147
65806957
26810205
51944777
35507194
90673213
84164583
-34905651
-12302624
-13042376
-47139770
-6719853
-19186672
-53750985
-23399500
-55320218
7190892
-83339514
-81503238
-31978621
62247585
15436825
-31538281
-76578211
-64213231
54864597
45033724
-52081066
-39222941
-84163774
-6329286
-1636192
-52941181
-8925737
-67519391
-27695090
6839386
31377180
-68582403
72872323
-72218350
29841179
90163231
64965199
49617814
79993667
22783673
7895481
-99936292
33249950
73978737
40972473
50258189
34714968
32107848
-4141172
30887142
-97201827
79442095
38285772
-14320891
-77173294
-55833511
24459844
-15823372
20765234
-6808925
-56767690
-34453696
35486727
96829353
93630077
-88232968
50492439
-19414053
-31193089
-34950109
78267010
-49116354
55069236
98713141
-89453508
-9470054
-751410
12427798
72384831
-96044894
-46571177
-1573992
41649258
-73569418
90076724
44303571
-49798671
-10727893
-48186970
-37903395
51698007
-43976088
50021090
13063272
12903994
7345721
77343559
14493379
23175842
70572039
-7357471
18815155
23740400
3888344
-38936682
8827226
-26768937
5750520
85099151
16210264
-37744350
-95201877
14227976
1365013
-66812780
-4346713
-38046461
-16224927
-69896655
-28890589
39228370
-36068029
-88363696
17101495
-61818210
25516543
-91304799
-21507618
-69313124
-40115
-44942124
98733621
-52848483
-62680066
2350736
41014536
-89816358
-39956414
-74103589
74827954
56013682
47287263
54298924
84046936
76497924
80591322
96080078
14101781
-9609363
97040377
66301721
-39510952
50760897
-45217385
-23120423
5555224
85040784
-37938029
-10189685
12754177
-38730951
31847959
-14618708
-8539066
34168149
50327304
-42463479
46846790
-58428016
26043501
-88704701
7571593
-92988836
49596434
-54501585
68494457
5047784
76106296
74634616
-37236360
-54188185
-48377942
-83308737
25461211
12580770
78618875
-25107118
20354694
-29897258
-14093601
-31278372
14979462
-10038898
13492758
13785096
29273707
27724479
3054904
78016212
95414512
-49271673
-99735599
99966924
64205791
95673745
-73504487
-39665655
-61669933
16226855
86290836
-5876416
-98527119
74597639
13590780
-24280314
10544996
-25696047
74972623
94931102
68818279
-24577363
-68549427
15717249
-81075304
-27090077
59116841
16307363
37806929
80448628
12916900
99141378
-69562320
-88941060
31926476
57949535
-60649243
-84937010
95554512
97280784
-75870004
96866422
74666738
65173959
-73355094
-93562136
76539408
94794863
-52765602
58378204
-10386964
22314478
27084994
79784352
-17706359
-72532818
2852081
-62222877
77608028
-27054874
95695840
30981162
27614145
56377477
22985124
58064318
39672089
43572007
-96624197
18056969
91962715
-28539475
-56185661
12524071
-46722026
90926185
68232972
98492121
-87222847
-4121164
60475280
-95981509
7642068
34530690
-39901976
-47482531
-56122006
-36272346
-11389257
99617761
76421646
-54422257
-84216344
-36048587
89978386
-20061979
-49672446
53392167
-25843192
12801828
94449182
6562131
-29454276
-37114575
-99271681
-13600004
-93808419
-71558523
-30143913
-22050246
-61023892
52580013
64337553
76714212
69952998
55633046
-28418544
-65533013
-63633887
-26208877
-77274021
-42704151
-16811772
67663815
77851622
58694634
20035105
-79397083
-71285134
3788807
92939867
-30564118
-2531946
85394229
57751441
-68612975
50191695
-81384236
53355664
51023548
-97132060
49867674
-76050658
-28772700
51034888
-42251362
-29254681
55685984
-45716339
-77497768
-99419901
82971298
-64577185
-50081248
72321245
41125022
14319784
57671229
68540943
22914003
-1179295
94345255
-23406956
88540776
-87159334
373533
-7593633
-12814230
44862525
29003377
-29570040
-56765692
47979935
-3193383
-13352165
-17546747
-90243885
76630511
-83301270
51414348
-98409394
-28992637
-5230273
-81603042
59154814
92599418
-70048213
105661
37067980
52092879
70217084
-20707322
-95560772
26836084
93350785
-24876933
-14689235
-27816178
2683585
-7315088
-71700019
-45367008
-59631113
-27661619
2026366
-16473114
10283386
-82590463
-4745409
49253342
1298667
10560482
48547060
-22372171
33002333
24760251
-64945070
1007108
-60861230
-18833806
45612904
-93423995
-55676627
65074587
56966449
-82591964
23202437
69449783
58964012
-29426358
1883336
-92323516
85126005
-22496163
-23961046
78206376
85018525
-13712731
-14775678
-82563549
6103776
-47361144
55177655
-8043693
-15454461
-12787159
51135486
-95517895
-97942782
-22739801
-13396462
2786949
48226275
-74391603
3916416
63451203
-47643116
82589959
95827420
15875186
-35629563
-91296728
-5649261
86474561
20890212
29230103
77319618
71808777
65614846
33147050
79662943
92970707
38747182
-93922766
54211913
-89999179
88114341
87911208
-91695419
44245989
68494977
-50141409
-78470858
-12288589
-24205012
-17150078
-53120577
50964627
-40715912
-36691114
28987835
54240516
-11822760
60042106
90142483
68425913
-882029
-20057115
76233991
-30661392
14176586
-31049806
-35072656
-26561126
-42040163
73434440
11675421
-72502263
12837880
-56553095
36644557
-73206297
24123345
76539117
83584327
87946865
3565220
75487969
-45995562
67128410
63176549
60524270
10929974
29625622
-68830360
-23669683
-22746270
83835470
73366416
-21386898
-45650253
48735689
89378843
-42837062
57498999
-93998639
61247471
-36886446
-51422344
13640776
95265888
-44567819
-602280
56119435
86621692
42300160
2266842
56748750
62989623
56110079
75281178
-83182518
-59107477
-10398555
43591254
-63507591
80657728
-96540357
93633313
-12035628
44283713
-60730180
-93029616
-75472890
-86729263
-82059126
59535306
38654966
-89930857
22931244
-23679294
-90415999
25844860
57816489
-63552476
-92838260
-93326880
36628956
88610665
13144722
-87416841
37475570
8970045
-50132044
55102218
54102383
-28003350
-41524357
74977564
55010516
-79718338
-23246243
18958420
-77593785
12950373
-32311519
-121965
84731625
-63328530
3081995
72413916
-61168433
-63707538
-57504829
80227088
92836342
-11739894
40232634
-59294236
97981788
33193182
-9162442
-61610827
-38683447
14443190
21379854
36169184
14522749
-90950252
43113662
-63337623
48958136
-32942781
64751042
-56865410
39440581
-49135482
-26548141
20724132
76168291
-39848605
-91443332
1228363
-62729909
-40001660
19295405
41639925
-59955768
-95940300
58596340
-90470852
-39213681
-71230456
29343273
-60204079
-27799650
14860904
85448286
50964002
11332378
39272970
30782666
-82247997
-93021779
47534468
58398742
-58952249
50776063
70246516
97711647
-62482389
-6989888
47434845