68009982
42735594
-54091260
52768527
-46235249
-66663352
-30928733
95959104
10052892
-63968558
56808483
-29055180
42281853
-54338711
-33508703
-44953994
-70150832
40779430
-94828413
50865639
-92799695
-47196393
-82736804
-40516513
99825059
-48427220
-61646014
-25954671
-29855476
-96716278
-78575335
67983249
-20495954
-80585900
-47780798
-34126090
1717415
-85715570
5984349
72718237
49873907
-80433671
61695604
66779443
-89671325
96912541
38193604
21057831
-82201608
81237627
-38094253
-26768790
16796111
26996120
-37183241
-16048430
85951741
-21355762
51582701
-2683233
80997964
-92736005
69127577
-47966444
-19786773
30224861
-84121493
77448230
27393100
-86567302
-91580652
5115535
6484376
-94973663
-69551019
79458176
-70669000
-51566359
-26787423
70301477
-6090986
-66933822
-30061536
60734389
-31159335
-66438988
30277421
-47605956
-97501622
7249224
17144143
63052695
-21669054
59891985
41746671
-38374538
-35496882
-8520736
44349226
98164353
44519343
-85486330
-20906024
5896744
-76243027
-70799197
44673565
48901573
-72565381
32954574
12133337
55003837
-17444958
-93949129
30413789
32890551
48979497
17282190
-39181295
-20396487
31484539
-13448576
-660926
60253066
-68892441
-59315738
-12625243
-46698142
41696433
-87466738
61924116
-33174282
48519439
-34715950
-98819497
8852967
95558583
-37504591
48756495
82583200
-49901110
-64571118
34663635
-11693048
55322408
-13804764
-13599254
-70598936
-68284200
24972887
80869426
70566196
-11204702
-98414388
469335
20848833
65720847
77374177
-29981683
-92222595
89217746
43694521
30603356
53295955
41507505
-18640008
43855316
-64966462
20447333
67246907
-76817633
5596348
-74415168
40261151
82227916
22772873
-88706056
99294007
-53239220
82922690
-53634014
49991567
-79237554
-73964996
-28826242
70278478
48444977
52460131
-3732824
-41295545
-24280906
83605160
-95128904
-82487093
917482
-67373846
26782056
-67406272
38780865
-98412228
95787933
-5458853
-26292150
82430559
-69737388
19273670
-36267248
-56452840
55767075
-58701522
-3742642
-68409957
94405035
15543427
-79824462
-37662000
53428718
86095146
-49871657
-34412999
38564496
12131731
86465336
-92286579
10413341
32218563
24787969
44908201
-67727747
-67310872
7297810
-79446608
-26774965
48849476
-37496743
68426640
-57922867
-93217256
93159354
55839457
-88177726
50050705
30954361
-26031337
2867167
-59595561
10037635
-76831691
32471649
-46682041
9892096
62288462
-64119295
22549708
-74432818
-83602171
65393045
24579882
-43328290
68780318
57682503
99399181
-74304265
75909904
-93065254
-14708426
-25132243
49917475
56292681
23788860
82300684
-38298950
78997934
-48297977
-26459441
492814
55518710
44521121
99336702
67688918
19414137
86571395
85580091
21648722
22559742
-38052205
-56047995
-10112659
53685358
-36383221
27226209
-43075335
35604660
-46792386
44382069
-64206299
10762473
-93208701
-415886
-4588205
28258261
-91196371
46034410
-65394245
-40557191
-24795314
-95525082
50950614
75418650
-45609200
51407250
-32924922
4585290
92032600
87073208
-14834188
95727013
76208081
41623605
-97734499
3738957
-68677820
-5514941
71067865
6487685
50715565
-26895294
-46175970
54084897
62282664
-39236201
57377116
24574397
-24976087
57250540
-16056261
-20652095
-41249473
27924831
69566684
-76907421
44781886
-37656725
-15837829
77175443
39373616
13549125
62211865
-32377440
4554685
-76752828
-69948253
94571860
36359944
-7301750
50959484
-7817230
-86265057
40214337
95531723
-35978498
94314464
-67680763
13821622
62858696
-12464436
55209369
95833109
-15662663
-21486052
2752015
77156761
-73457183
30751280
9174911
-66851634
7600939
-92739697
-10152085
-39647993
1899299
-99396114
-83410951
9552435
-82836419
-52155048
-87513690
-26755016
-15837465
-72761080
55654917
-96731956
55136587
-89443706
-20368477
11523851
19575727
8260502
-69097583
48467812
-30360932
-8388953
-81726527
46816757
-29520568
78244357
42895083
32563051
-99567117
-64011980
88670391
-5319058
2378426
99968852
27041401
79550682
-40121410
-29442817
85098113
97506631
-39727408
-69862936
68400127
-82904633
85949527
-32297189
61750622
-46089085
-67582452
-40577358
-20906578
53764815
-91666162
-59041183
-76235201
72294407
-66061372
-38515343
53608223
50024643
70323591
-30238829
-66009566
-89618407
5229940
-45900042
58534534
137434
-90417314
-18442855
-144050
48838502
15376878
78172515
26908179
-30845713
-38230297
35250137
-36275847
-40420719
-15327619
-22279405
95719842
-13740307
-66827135
-49998662
-11831099
59676836
20953527
12122956
-41282855
1164675
17879165
51040567
-62420341
-90554690
25479182
8664017
-52247646
-76901846
-17190901
-35978339
-47183629
14286717
22864833
10364762
8701454
-54570220
87638728
-2138771
-37568968
-79986069
12772047
94427710
-51772184
-98386245
-27292281
25951096
-71501602
-45070044
-46941866
20386495
-80952095
36563263
86714374
89920823
-39921844
-19710496
-53853218
21803892
-90025422
80714835
61193336
37943598
-64816712
-22588995
-214129
-906221
-97014344
-19037363
-42324979
24936466
34349505
22389061
-31869226
18542941
-68534845
-20324396
57298144
7812199
56515023
-75678204
-40273583
-20876769
-80911742
80887
-94541086
9991269
14644008
-78555788
78290515
95821110
-44921885
-57592054
-72500856
-42243920
9368765
-79635125
-55068130
20184441
44818933
99407659
35507422
98557460
-34551979
86795363
2979487
83524822
6145857
12238802
58317509
-41827351
40296484
-48306762
81504230
27550417
29483141
61986711
75430350
-43955795
-60877962
-98085740
-73816373
65872705
-97212535
69020509
-646428
-85569781
-85089793
-9101222
-83686246
-43762581
18346009
60647058
-50102325
-43429014
47350304
-90079388
60759969
-87922203
82126849
-38191163
35217694
-84538373
3450789
-1738277
-81030889
59639793
22068191
58540459
75059630
19094356
55657395
-29657041
17208943
-83134221
-61070155
-1006518
63845167
-34986677
44099455
-39291334
36474139
-98932436
-64390620
-32238540
-66870641
-25177852
-49592886
-96660897
-63249493
-84784031
98291138
-56032062
-80135187
56881032
-5126597
81806094
85221827
14685543
15836078
-18535938
30811118
89339129
9902218
52574876
-33302148
-50553851
27256060
13204225
-79297615
96709348
91035075
88522685
58358128
-92796538
26968687
17268463
46153222
91930132
29735283
75339925
40220203
-28517383
-18137658
12763276
-41344460
-28491308
-85272138
-54213790
15990663
-45121980
-39670536
82299286
-77212515
-8814291
56413417
-10946616
-28547720
52306043
-94298485
-53092486
-21523212
85579966
-28574312
74212204
39681851
-3575372
-84607302
35781430
-76266979
93867690
50330397
84270004
91497923
-23485647
-4605618
36275433
50918314
-584131
-36600809
-8896804
46307366
-72499116
5236502
-28395864
-49874652
-25319436
-13438337
28505982
44168221
82924850
-59736607
59458083
-4571130
76995403
46325337
15588440
61331096
-21443411
-99944686
81298457
-62538304
78702415
-39997367
-11781411
-14046220
65800326
96029969
-68124666
23486280
-35516468
-24847154
-57290104
-8750964
-11300168
-76556815
26599083
-20035069
91623647
2629037
-84433697
31029998
52758196
91061394
-5633131
-97146640
88318755
77532126
-90960244
-51528037
47298879
68191700
7374163
76513780
11249749
-9596140
-58281663
-62784888
95658180
26950015
43253004
-62007698
-58342016
325374
51146590
-7538717
91879394
-54688489
25951153
45216184
24255888
-25506726
-73465405
24825820
-2958229
75966189
2137232
-9276149
99322559
-99122339
53924407
-3862877
-93602956
-2109833
-41230572
14375276
25677959
-85505779
65418214
99059910
-80206460
92051820
98705677
2667694
19997762
-88348879
81382473
-47017211
-81254092
43164340
-83438366
20703892
65212202
78409812
-26808323
10632243
-53997267
-70592738
75615846
69007737
-37644587
7201216
99080267
13167291
20777121
82433329
88381517
37681893
-25234701
-85826147
-57886511
86658633
58939954
-87200408
48473345
-27594513
31938121
-60747640
80285093
24357871
-72852059
-34642309
1425298
74763613
53001844
-86610215
-78208930
87280612
43476408
-90896764
4579352
-21373935
23525215
35699377
-54080585
79097481
15671842
-72934632
31096448
-37490522
39578278
-20965027
-68226590
-1553251
96607061
15772174
97754779
97324390
17977535
-53404885
28146880
-92765650
48164606
71907641
6457285
47625099
68792164
24810679
92553779
56432031
58539379
66631236
-67046449
42333571
-46051085
-80383325
41754603
-61690047
-25230110
12130765
-84552931
-26461250
-70531532
-77014345
-24308892
40098872
-16726829
28644784
23337690
51868837
-52829654
-95190258
-89022346
-97001799
-95718012
-17221285
-12764096
50496322
-54225737
17284371
-39326275
94115905
-7035984
77764027
-48744318
56243617
55852576
-22084710
-81099634
20336012
17383149
-729095
75978900
-17839537
-23545015
48412912
-58559339
38457901
-70273964
7099217
94292820
-85869418
-49965090
-58767041
-84660528
43332435
-13316042
69948577
-17109217
69027845
-73983210
39497225
32402418
88974609
71178205
-65333613
-99370869
-84376457
64326159
-76888772
73948317
8090097
-90855965
70486366
-8724175
75459034
63819442
-39675734
14701549
-58193738
20397147
998238
8048931
34384344
-33613053
84141254
22369830
-35931591
27785725
-49613577
-39676923
-40938192
-26851019
37957629
91126375
8112486
39567609
-56647140
31389964
-39562313
25505351
54675148
-68024871
69086884
79174580
-88744467
-20686042
-46044026
3522058
67328522
-74671737
44970236
-90238105
46660860
-98197962
-60817808
40155140
-52905626
88738620
-64246588
27733871
26339426
-18871801
-63611333
79465964
-30297455
-74248236
-16034021
69015444
64207072
-45580637
6816790
-30896955
-16575586
-15550913
-39655809
-99776386
80887187
-18658908
-4857276
-98843554
-30768992
-47717757
-226119
-80704507
-11398028
62216912
-13122195
50430250
-83465952
-91080332
73573914
84944894
46315752
-85360444
-64437255
61320104
-58614215
40205319
33196155
73728267
-85809916
14291521
-91768968
-95306218
81548056
70973558
-18284501
92416960
-3261839
-28581950
80792089
-5702650
63438114
-74005457
-16272239
-89088313
-60633399
73147387
19669134
-18846801
-38174383
98731791
75830172
-85737428
-11859618
-49031300
-9035792
95833213
47434109
-3558353
-32975160
-72923912
-46776734
98428724
84069434
71381623
-43606867
89064819
-55023203
-35642288
-26889458
92851164
58686265
-30918819
10719291
13633316
-49171980
86246853
-95455848
-33532923
-10407489
64043281
-22770441
17696750
-94430499
83235831
67775780
-13334144
31133159
-98695985
-24667069
-75212258
-26668218
81380717
-69963982
87318108
-2074102
27305934
-63777985
9243976
89963601
16680648
61301778
-62659107
87703927
-61436173
-84089732
68260935
-91184796
-20593464
-92192966
44875029
30536519
-62349464
-34042819
25856768
-26537879
4793079
46910328
-3935838
32055198
-80622860
51654811
87543859
-85620455
-57171737
-32957479
-81146409
-65545272
33530242
75901115
-85780227
81089469
24021452
23786320
12600220
-99448205
-40302427
49238435
-8103134
24534304
-55964974
-25556061
-17336336
47561356
91499623
92388865
70757063
-18728455
75164203
-75980280
-29348718
68926363
-80098340
9747179
18440719
-33075911
24226430
-18485969
-99258427
73429700
70750391
-66062372
72696649
-50708211
41308997
67653339
-5835557
9747150
28511563
48513786
63592045
-56181439
-45733874
37072456
-26723536
-55658375
18020165
-63060352
35599649
5550883
-58590318
-39198889
17364473
43210703
-66858948
-83172725
-75903978
-64997669
-24602715
-4885085
-30423413
-2603035
-91833560
-97994718
49539789
-57889485
32947772
12867990
76146364
8746922
87446370
-82991531
26473263
26897091
31811167
-72882481
-58079113
-12034663
75823936
66897629
7110177
93197935
-94627437
12304820
81984760
-55469281
4222816
-61190357
25131672
85570272
42822605
-74959632
74188723
-2291829
-25648073
-77211423
-84646449
-6994640
-60357037
-77613353
85992660
74878360
-54579379
21879887
61867069
-26498860
12062008
25752567
43992418
24461163
58879356
18591852
-70811228
55770052
-59867117
-56210196
56402892
31393740
44303828
74461663
16804704
-98788994
-70951622
21698844
69230384
58176110
-19790806
4457817
-12473379
-81370609
11540111
62185223
4273330
94650966
-36500373
-90847274
-86959835
-58174198
76114177
-27591491
44124115
-41659371
49992568
62516931
296491
49172136
-54793245
14527749
-42558202
-10722561
-26606045
63253189
58673291
27621595
-41789185
-77286146
-49867145
50368718
47577840
-40335802
37543509
-72411827
-37412736
-24118485
12969773
-82493703
57954161
-18972818
6115995
62293508
88670431
-41612722
54647692
13104146
-24726626
-80329202
-24578197
74544936
28712980
61866204
-20504062
-98258748
5423842
12910132
55067698
-22064386
-75248936
48299290
-28041023
-20711252
-13319258
30447342
-26227352
-55126083
-70660440
-13300479
-71450062
-53288754
-42798816
-15867527
-36174067
9910299
82178467
-52588370
-78151241
-25344143
-41043283
80992400
66287786
-56477743
72725725
95505626
25753726
92692706
39151704
-2690589
72631628
9067654
-95228712
64232783
-99357316
-43890586
-94072163
27781309
-27850459
98379323
-92830652
-62253037
5001792
-61700409
34111031
25449896
-90605036
67320164
32496260
-82699338
-95375382
26349075
-83798328
58160282
-57254304
-3441487
6163825
-64953679
70762274
93040860
57094698
84762227
-49575781
-86133109
34387439
-87321935
-93807249
-59837308
-51445877
77151573
65196368
-72764614
-14540611
-50183387
-23431821
-9193800
76737070
-58377434
12443186
-27641922
-19395298
25744097
45902468
1793945
43391725
-49311979
90637769
-98557506
-52390591
16862599
-25307677
-12756497
-69516389
-83400106
-87493497
66729098
61210313
94594962
-84318671
78526881
-70161255
-94666187
1177933
-43822371
-6106663
25834729
-22404325
57081957
90805358
29196589
60763326
-1885239
-57967744
-14133256
-63972404
36442974
-37870308
58888652
-29826871
51497180
-44599332
65847128
10161100
-8199460
-97819865
86833403
68723768
90988043
-92966267
69217533
-11990863
41185806
-60451534
70919296
-11928075
20549940
-80380978
-21229470
-44072626
-33443948
73459582
-77254144
4627949
-68081101
-30181281
96764820
89876369
-24935574
52270340
-31794362
-64911074
67211535
96686660
-80147172
-2278826
-95435700
85575189
-85846389
-96576153
70901747
90357453
-13811889
38948531
25248868
89447469
11247332
60724330
-20731102
-80401858
40569044
-16969607
3762734
38867175
-1428143
-14327123
68294846
2586295
-15480694
-2448999
-26691862
9277880
63268351
66912703
-97470876
-57921607
82334007
-28208279
-66438556
-30886986
53936058
76674406
68864108
-19685308
-4573864
-97325799
-22166300
87792189
35151306
19159965
-10055699
-94790014
-33126230
-38566019
-14574921
26233137
-58214829
11144575
18333889
44775147
31548854
-87118677
-25916657
52832705
52964861
36486870
-6121512
-66157898
-9892011
-16158059
-41499757
-59189718
-54700904
22002383
-55403757
-47785584
37582583
65282556
76967266
34075138
-91371606
-9706101
73647769
9502459
20796590
-72268643
32123923
-28373910
-59207211
-44431156
-86968714
-17323290
-15240201
13718019
-25508148
47781650
85192946
-13600345
-29518966
-40482463
-53312709
57595737
-22953455
-47071211
-86836985
77857517
-59807838
-51291585
10400826
-74680834
-87335360
-26243944
-68080908
63555015
-33358052
10155257
69810453
-7743349
97516016
90029500
22198540
-91253394
-89894243
82911945
97096423
48349572
21122501
70738549
-69062003
89586361
-83186427
-80002284
86687981
3944403
57816916
33652476
-5305720
-69065280
83227566
5312141
-98085282
-6119334
-99442603
43760242
-78691266
22996781
-48108738
-63409673
-33209290
78933531
47063804
95312059
-83182832
90914422
86812299
38291683
-48178389
2161886
-16269594
-4727393
-95730518
-11614741
-12870740
87632871
64428815
-17240567
93889705
20459802
89674437
-49044322
-43384880
70169225
-73239944
-50207789
-74692525
30535230
-52711234
-20698486
13455798
66671784
44511455
25204885
-59051803
25179554
-2856623
-86276859
49598362
-87335799
95351931
-22913056
62024192
67875333
91718184
-63147500
8111959
80848300
93463402
99812846
-72831140
8016481
-80223546
-26683189
-88441616
25574075
-21543506
50770710
-55102803
53876475
-39009357
-54377751
-25977116
23876307
30582957
-69192333
-9243534
40477897
-72486377
-42806046
67964732
-18413281
-14698131
12372175
-83275010
-10072130
33653122
21969939
-98891807
-10521468
28285359
-82435958
-13232324
-1241293
-88348946
85830506
-34658826
90649254
25021353
-7525186
-9734623
-43493405
11566555
-32604691
-5317589
17491335
-73538713
-56753692
-99948692
-97821401
68620916
-18513608
86846651
52809405
-99342970
38919702
12233645
64452764
82634062
-18790378
89223893
67232951
-50213074
61155976
-20121722
70659685
-64152800
-73842204
98285421
26354719
-62162333
60291303
-99243098
-84964494
12891600
-8801134
-11136298
14335272
-31319034
-8158068
-78104100
34736806
-51888204
-31929454
43851889
43639348
32506219
23942805
20019767
40070464
79512568
4442799
-46655598
-31054231
-1621146
90506473
-82955563
6063564
-67344438
30984502
-57999622
85509663
-25252237
-84248389
31274083
-20569284
1697592
55295712
90196419
-12288699
31901087
-71238477
-32235069
-31592838
25114778
-66156553
-41023732
-74146834
63105234
-86611928
62616562
-48557655
-85659860
76565012
-56089928
5556035
5948586
-30169074
-1895827
97409983
-69363611
56013597
60583070
69155707
57766042
85195017
-97376892
-25776169
-35416346
28023215
50047936
26725162
31587811
41779310
95386086
68359074
78437219
91280300
-38872753
-44109319
4117725
-10976716
68744592
-46680571
-82334462
-72844743
18631497
71151092
97237179
10813242
-89979910
-52355168
12758002
-13822127
-15137226
-20045261
46768627
9678211
80786562
-31811143
-12270250
-39372535
-81874754
-22587997
38686902
-703071
-31123
38561417
-91827970
-45363035
30810740
79626431
48761946
32103184
30776424
21142680
85282005
-25315963
99537747
3012585
-28280566
87431751
-87644877
6223800
51274144
53725005
783727
36844119
33439338
-43188872
92894474
82228809
-23139302
83109105
86683927
66155377
20131556
-26732633
74819907
-77483794
-31947474
47548940
-59726573
-63053324
3787048
41903112
52394193
53870917
-46815250
40010499
-49423067
-97207173
-76207563
-34836203
36607875
-58559102
-85690199
-42527891
78203129
-30870942
-55836676
7252395
-91483201
65685171
-60451238
-189596
-30130722
-44638539
35987305
70138256
-47957579
-32660134
-19326575
19004490
13244931
-288036
-22714094
26143894
-99672829
-11836298
-71508386
89218635
-22881360
32114433
54486083
91392830
-72321301
61450724
-46155664
71038433
73811243
72774932
73225449
54412149
92654352
26104260
77755080
-21827562
87566357
-62442112
-86117391
-40764347
77347721
-20123710
70448606
17484107
33704939
16821984
-41116305
-23123346
63196986
85511708
-189924
-74635303
-34417235
-79108025
59835914
-69528376
21661496
-69503513
96377636
-20805897
-30596162
89952390
-21842424
-37631117
93832550
49780277
-51086499
-11095741
94155367
-82602629
82543262
83266948
-87041114
-84346630
-47426432
-31496572
13593501
-80936694
51740220
67583220
59467750
-79320657
-95855105
19719804
60018517
96183782
-78615835
8433516
-14746586
-82927455
-51707151
89372567
69466820
43689610
73511184
16172928
-21236007
69713370
-2143999
10900117
99204769
-37213231
68089890
-64030135
-22946331
37487069
68354006
42456488
-84859822
-1127504
-99155389
44413322
-14132047
19539361
-75029662
-52584013
-14934089
37625433
-89179905
43344592
-76238506
3205489
-53656554
91144102
2430711
69767494
36968532
41665703
49159385
-53545197
84380487
8268685
14741265
85319387
22160106
50759587
30064754
47922714
68315079
-60509342
-34409749
79277859
-73850459
-79981647
75190450
3614447
-96394734
-52089573
29766870
61651384
-7388886
84966443
67349169
-20664792
88248445
80951275
14254791
-94504177
40421922
-99543689
-11637669
32395728
90043803
84414871
55072429
26030475
-19556490
-22892574
-12227386
11796124
29489219
-72944266
25852608
-62276879
89721986
68727610
93033013
-87489264
-61812746
43635698
-72965247
-40164482
-62947445
-64947756
-5665139
98462461
30755111
-2800208
-1106877
91858762
-76856397
-51562528
88853913
72018053
53504331
-54287032
6250336
11706216
-33484119
-91295468
79639435
12472144
29864943
-70423577
-70994128
12265629
-41520859
31268543
-21455929
-61577710
-76303096
59476897
51246863
7030475
-48741264
10108184
82297636
66300210
27175753
-41137046
-6643100
84213104
-91953023
-60216600
54576109
15321039
69142295
67547978
-66162520
-87998442
-54611476
-90282201
8938249
-65204194
4398376
-38348975
70297681
-77797305
61053069
92522682
33599528
26108751
-67857232
-40102901
37223052
57088043
-38045736
-4332129
27902177
-29493381
44493540
44934564
-30134845
42451241
-81322843
-19177691
-13312087
68859483
-77449162
56528674
-7867345
-37666869
78187924
-63735395
-62952106
54433609
97291454
46071283
45212398
17277802
-9725524
88569772
-84452987
-51379788
-46673222
91101427
-85892351
-37929903
-29452271
90898887
90520826
9744568
80203052
-40518438
-89567641
-90524791
-99813009
-77312352
4055331
8742176
-15873366
3207956
-32552652
-11648235
-58722531
75458795
-7645422
-76036357
-75980801
-6949258
51207366
-1811387
-90950913
97045106
30836566
96242078
-59347171
83618420
-66758316
-36566196
-24075596
-11280412
-36051789
31609274
92927835
97063154
27509667
58062593
24776690
-81788156
-27899265
34611962
-13469391
-85425451
-76778531
68841918
-39047107
-26500810
-46131337
83414736
87063397
32431532
51058494
28047049
-73167364
-6491933
-17427279
92805119
-88243834
35818093
-32957280
-51178607
-74997787
-49200841
68143869
77921927
47903634
-25368816
2248917
-55728598
-15894575
-87966014
-28387168
3538820
54023367
60431895
56127391
56766605
30913677
-40397921
-93713726
-1593758
55360280
-89334462
19915171
27800044
632221
-32640042
-32972183
-19213993
88722209
-49092789
-64753283
-49320607
97085456
-2024602
669148
-7556293
-1556661
-11803931
-80955555
67503034
23447377
-36899131
86063420
-89487884
-34306567
81650917
-75546314
87261132
-97536272
96647235
58289660
-8921077
14937884
82388544
-86706651
43323084
-97648357
91180352
64634616
90317037
-71658374
41510038
-6882061
84399480
-36625754
-33077310
-11979586
46136252
-49279106
-18555270
20245393
67908801
-76571204
-34840145
-35882091
77730240
21556438
37299635
5091517
-72033394
-8627863
-19646654
37248108
-43179609
49399904
98336638
886648
1503576
60292962
70907676
-40199197
79919524
54856082
-86093226
53301687
29117954
10820884
-8829695
-53138588
-22310843
-98165032
32753394
68118527
-28680790
93433745
-97838559
-4737814
30062791
-79465091
11884346
-25179994
21369061
-49754306
4797076
28094328
-31622251
93295092
-57078289
-35462352
-31170653
22798327
-78389704
-1510838
-27308688
-4959962
-25024505
98574947
19602386
-98874519
70962090
42408628
-32973004
-60246206
72336304
59357286
77159587
-90708272
-75172803
63891962
57773143
-78651326
-56143636
81864317
90107779
55545541
60326788
50375712
-85968612
-54792017
-43954144
-54953563
79962075
-38523424
83874441
-8156
-77909511
-78941823
51881896
8792111
37768398
64984005
-60156931
-34018235
-52824416
-70420996
-62545545
-11982168
-42638448
92046801
2132024
45021408
-69996043
49125142
-46407221
93125412
574214
23734142
93121121
-47012600
-79330195
-49127798
31360151
-74749193
-52213088
3516914
-36800581
11329239
-17553338
-59681507
-34398285
52528232
24165252
53208302
-39352746
12676564
-82807944
-61901153
-60898548
-53805180
-82250368
45849545
-34610988
3711331
-26782812
-59390504
12232083
37877297
-46175924
-53571411
84792862
64338905
-59262038
29660970
-23028306
35007920
21555058
53057954
-57592853
63704464
-11105495
-81276671
91322792
-84672142
-42352374
23361736
-52558297
61797977
-54154480
-75097919
48351811
-56955156
6842808
-55861922
63350770
48004844
39321015
97638050
46870887
25414258
-18387168
-30593897
27437018
-14181301
-84121387
29758351
49003992
-43055913
-87540458
79519226
84732458
-79596455
51955427
98159710
-2790562
-70718731
39360042
62797027
55525964
47725376
99461807
-89490195
50134534
62159711
38354886
-60718350
99637082
1427419
88320561
46125096
92675117
12968252
48642357
14717125
-37332941
-5186353
69928898
-88590342
95806345
50639544
25828542
-48865721
19760842
45697765
-45406364
94136263
58695847
-77243071
-35878679
-38717238
92630398
15759641
-88889332
42909823
29746661
63889281
94016571
90509588
-79199019
6369027
11532636
-98828246
-64159102
54862226
2719185
51593033
-25127883
-9522598
70678221
14957458
-61042233
-25912741
18749218
-5560016
88043886
53070296
-5599163
-84712367
-30519829
-18564662
5616244
-20395608
29855109
-85413496
-64640842
-50387053
43204005
-65082221
16924317
83424529
99590346
4680792
73172797
-19224804
-13780598
-76198825
75448392
16233895
-21351451
14848061
82089057
-44124265
59204406
-25552362
49210187
62692279
63528225
26244274
-17186423
-65918207
-34796400
-71072711
70898124
62975454
68357068
-60371272
-92418064
15909037
-16477447
-7663367
92222347
-33102001
-78257333
31955270
96332336
31951798
67673270
27644713
98652157
-70942610
47126367
14072607
-71436294
-18646686
75545938
67726604
-78246725
81470080
-41177153
-93384693
-37929894
-50068867
41673246
25904338
-43857511
-32037710
-42586233
60020270
83055586
71972258
96611890
-59589807
-57633392
39320312
86823038
-50278441
5641854
-85827712
-62909944
96471627
2333596
-61065892
-38969343
30376028
-27605757
-57572832
61497166
88323183
90213727
32021563
-22584791
-74731341
-38374653
18757623
91819393
-23021675
-63236073
56679756
31880518
-16376237
-33756815
24335751
-33618240
47754384
-74265982
10464561
29620556
88776364
94416506
4916381
-45915872
17809363
38353841
-93705828
24303947
70913591
-15429297
-87640557
-55983496
-14309516
71885920
-41836491
71299356
-79726036
43192811
51215758
79275793
-38432964
-16027094
-88964791
56090300
-31250744
-60506586
-92003539
-58751349
-98596457
-52470878
-61426668
94788336
-83347296
-64715663
-21991138
-56610371
35694981
51285874
58873029
53472512
-54458650
18472818
59699426
41855747
63203404
-30733168
-48140258
91170061
63309244
15366328
10293084
-53347464
-95156215
57750733
60762936
66833120
-68026381
25563384
63823046
28899830
-39364335
-85388178
-47597246
-88377888
-7665461
42279648
-29648082
-77264547
-69488143
19366846
-51742120
8741432
-17101872
32639179
-12461830
58627028
-44032544
49240185
7618070
-30165015
27473212
-72980483
-24327442
77664284
-56009064
78273241
-44239479
8497707
-77995500
35421200
21577848
-89110865
94090000
-72470258
-54841957
15966859
3686557
92918800
-25690103
-24833272
-61420698
-69180846
36868930
88793189
82160743
66746805
-28195518
-24787189
73147704
8551479
89203676
-38119987
-35683147
21865161
19965738
38178327
90109414
-97425929
29483317
-97245898
-43577692
42779696
-93949315
-61727161
13153499
86048148
91514374
-94074793
-33150088
-97023632
-48004615
-69606458
18857916
-5596867
16466443
70515902
-30143585
88035454
89826849
-37977922
85244524
-71486355
30367600
96164051
48059111
62662492
86568782
-8880447
15840056
8461750
46011715
45620944
69093803
-63797094
1101097
-79818300
-72650344
51573883
-82896646
80072960
-82336963
-53172091
2819301
26475154
28976947
95001655
1782536
-49174591
-67470999
55113339
-7739498
6637951
33153588
49721389
28432060
37418956
64669732
-94471251
-50437468
63042416
-13028424
7151313
-94860142
68918748
84859180
-78316386
89684236
-85315545
-67362596
37281770
88643093
72208946
-54748491
-96192406
69196620
95668822
-81550506
48542068
-63954729
21399456
-68312081
21631586
58613256
57610932
-58803843
-31155610
-96638094
-42610462
-87781787
61636470
-55966455
27580544
-5862418
-73198054
-39936317
-74319231
42545587
89935250
-38635848
60046523
-93353008
-51859178
-86050112
41128499
-21443619
-82387426
-83044484
99380467
-18835360
-53623984
93574936
60497233
92576630
-71851966
6407226
-28360734
70662786
-11696706
-48242382
-53951407
-80263319
-53280499
-77371296
34586399
-14808035
59340913
-85698838
-5444049
3361025
-13999183
-30818754
96972263
6805037
12534771
13283012
-29142787
40358435
-28660758
-69941617
21843701
-86764276
-86253747
41943848
-855829
-17831409
-11796982
-57850604
-77228308
-99392230
-25543092
-34669176
40246056
-54531298
6236796
-37767229
-32499373
72216818
-96107121
-11056918
-98014591
-37715161
-92867151
-98369531
73640416
-23265257
-7380626
16643992
-29166364
57410554
-64302877
-94375384
40334645
-36505259
16858072
-61520650
-21201854
37059875
88829074
83429898
96903560
-49116502
-20111837
70805867
-9688091
46121153
32810595
-5452740
-13906284
14666569
53870805
-84494965
73398932
-8971181
9191631
72211482
-28269043
-19138926
36837551
24610229
-62703910
-59041375
42482308
-32583219
-20275124
77110123
-46102572
1350184
-80106713
-96635067
-32206395
-37956153
-88967994
36204713
50187150
-20569699
-93939528
-67803410
-37095504
-96371644
-82224085
-71878185
80268573
2694878
2389088
94245338
-1956485
9540658
55937606
-94005149
34962837
58732470
92160101
-79226326
-12112987
-20154231
-2581207
59656161
-9532765
-85265785
89210131
58991856
10096579
-63610608
20965218
-28389957
40050611
-55064632
-27288492
99036004
90971756
21157485
-96198778
-36030925
5130898
-85959525
38318049
-72307932
58192159
8605414
-39961879
-91230863
32714271
-21476536
-57371817
81487552
-53367663
-20590288
48746032
-2719110
54475396
-99796067
1267840
2541661
-41340552
99027248
4410045
-1791153
83384792
48193066
52618459
35606302
-23755894
-25014168
-94516066
-69469858
-98937693
60322665
-2314758
16061365
-90430146
87241633
83673093
-93588625
-86236096
98208756
74272168
65219695
-98126452
61487731
69501863
-9564112
-99161653
14581319
-83589338
-53228324
-83829250
40132199
57231957
16461473
79541882
-20677126
28613246
29221110
-71592505
-2353872
-79529972
-74581438
-93587996
-34228324
13536584
59896106
52341486
35642212
13450270
-74363244
-75698297
30760269
-58651521
13163636
53772985
-50330398
-21179589
35399232
-70499899
-57045603
-16482364
-55721055
59742591
41275304
83642961
29838153
-50743945
57052709
-94965364
17473370
-45046956
-7315484
70906976
55152301
1089173
57043069
-3587043
-47034485
-12812170
-95394821
42004676
94514590
-36617132
40963690
7550455
-35763196
99568000
69457528
-62537228
16424212
20465578
-26375919
-45254372
-59245500
38015350
-67097932
-46896945
-78035401
25612705
8871401
44434904
-59432887
49407453
-72725972
-83877605
96776804
26053216
81490936
-14651673
65668611
-52824291
-97679703
27086749
6746817
-31249863
73715958
-13492701
77698291
-82771602
-96832269
37971572
-42273009
75081256
91308645
-92618767
-61293905
49223752
26692876
-63527213
8385850
82867543
-92207979
97748824
72321541
-80634193
-33655088
-6434023
-79628830
-94678881
-48835081
59861453
58769219
66521957
18556526
44933773
-75772525
38483736
-13730102
24164788
-4503581
-17398570
76973318
82838479
60631455
18508762
-86504992
-56178760
-40608120
57991957
45937517
71073208
31770296
5756791
89787356
26006452
25721047
76649841
92884350
-57723898
4073308
70023750
-3913280
-91053781
-76892245
34628914
69875503
77707412
37504986
-90181378
-50469188
53591807
-81451943
7937582
2528677
25227883
-88980339
97952079
52037211
-36418318
80035571
48658088
-47513341
-20101157
-75453014
12029799
-72374674
-95332939
-6392019
54062297
54206137
92857611
-14880545
-76710590
-47501798
-82725709
-19590083
-91777956
41711548
-90723687
-78945204
-98444784
37393016
17687739
77970625
14818695
-11427728
-82892712
8045863
20365236
29988575
-56436209
-7849602
-87445482
70494541
-25261306
-1851388
94018211
-35877773
46069965
32758869
55419374
26792086
39520233
2803525
-10088558
83517914
-26349609
-7415960
-65171272
21485150
91170743
-6442478
96313085
-5329522
92079481
-52076586
70365024
17681164
20161674
55795983
29346543
-92827408
-79342099
-65633057
92433349
-80306975
-40315981
35073349
-80142540
-54075608
-53280435
2022312
46013659
95791951
59311405
-11765791
-65648791
-81701278
-91126931
-61617630
-78567018
89591991
52981684
-51762325
-12066977
66272612
93307402
57412198
-24814795
44475783
-18949867
4463404
-69085863
-11189577
56903453
-53428317
-29571726
-58140775
-55227262
89887819
-45305320
86863294
48756490
94312644
28542286
-31552357
-12349676
-59173022
18688042
-93252008
70814887
-1024277
31395843
-5193145
-82710230
-1804106
99474964
-25524251
-23737901
57362247
-8330167
-50292685
79256014
-94052375
29987001
-85332048
40547162
-99333013
21510094
-18291619
59802306
-87709625
-40030936
13443044
-52904005
-56112608
54901402
-68856949
91663868
39407740
-61992131
-56282986
33747128
3945041
-95339914
-46219829
-73503261
99441989
93776894
-27655763
47758481
27407778
-65216506
-69946699
76928783
42757119
36190156
-69481637
75719247
-43292938
24031471
89815326
47761665
-58311118
36200499
-51231674
-91262255
89367813
-5153586
12314944
36405187
-14814402
10998900
-42790480
-9010646
-80064827
58530871
-36150329
-45351868
-10260312
-83942253
-56428632
35596411
-41291600
65379378
-48016601
-23427787
-12079047
58080536
-31251193
35734147
97843801
35229203
-5457820
21514926
-95926127
78006588
-4014900
91454356
-29685729
-74127847
-74802270
-57277508
40797292
14290704
-89602690
-33039664
-6024028
59160683
-7935519
-57384416
58935875
37297351
-75249070
-69217758
61436660
61215873
36970910
-82656664
-18489806
48572990
35046976
21653861
60942438
-90601312
-83344630
-44746160
63869962
-51876071
72058019
-9916542
76857280
-6480922
93376886
-19372903
-85941557
93936773
74766044
65325692
64017593
-71778694
-51087938
97911244
62937153
-60318257
26885490
-38340061
27645661
-23343321
-47066675
-71912439
69622063
-6952290
-77284071
-50429084
82249185
9096048
-32878840
-20502713
5507430
-22118279
-83527205
-9218192
67978531
-64321725
94477756
25340766
37418895
-4148212
2870060
92642396
-9611320
-1008919
57711524
27676389
-61057044
-97281856
-87308156
-21337206
66153184
-38108112
7309288
-2133148
-83432232
91979725
98301843
76413329
92495881
-4088768
97393622
-40621025
-74050043
-92528054
87516698
74641377
95863052
3958857
29086812
78604489
31951499
57837562
30769168
-7695546
-55638517
30422616
16231866
39444823
74827950
-54491668
-95883309
93302451
-55736218
68352732
47279655
-87738213
-16044715
76311420
67678047
-66668719
53614846
-86218135
75419184
97506563
64974429
36886633
-50699381
57625257
51377782
-60308830
56629358
29071237
-67340665
-98519608
66016964
49081322
-13790674
-99901193
74508946
-79868575
70814194
-81825374
32735657
-60701850
5948833
52284872
21618513
26226450
67852769
-64115480
-90523609
-40706659
-48431684
21483333
-77020991
86341281
7163895
72886599
-73618231
20588705
93681593
13546175
-97442805
88511727
15515418
-31333326
-16140692
-41214462
69268558
81330857
27915938
53569728
55774987
78205671
91651431
63205664
50377204
29153371
96923393
-37538862
37766805
-86133022
48685438
-56001757
-20157528
53528884
-78389641
-32933539
-72433317
16814860
94299536
-9214855
-17746745
42349198
-75643688
-99693505
-13447893
-10870537
-74581754
55733325
-68434139
8765725
-15473613
25619831
16738317
-54441699
-6855225
65960287
-4348550
-19561138
70464062
72565823
53681600
42477147
761428
65813947
-3010496
2821908
-39823083
-4317679
25566692
-77983350
-78353572
-66957268
-36641868
-97338787
-43938780
36594687
-25629762
2780935
87624240
87982028
41162710
-88588203
21923493
-61809695
-7915861
15710736
47779572
85751046
-92236066
-91439467
97384887
-58009534
9673709
-43212070
-59052812
70958931
-22658949
-14727495
-32714691
96008350
81979224
-92165523
-79100753
-37717894
72340566
10797912
-13751400
-11071844
-50474094
33222586
25504859
21780052
-14740804
78386984
98257443
-39254577
78788266
18835088
-81481686
-79329361
2959999
53400432
18870339
-77443521
80353084
44090783
67312265
51482104
-93558007
92982600
32618927
72086897
-64835645
71835575
-32048053
95419843
-85114614
33615545
-11808343
-31391954
-31906136
-40912775
36828633
46485491
-99042576
9173957
98634492
-99970696
-36347172
-34815771
10784687
6105439
-61352448
42604017
96471551
-28091169
-90974523
54133937
-34839709
18518146
14530672
56954113
98121748
51491859
-29978470
-50539977
-14580505
-86316946
-33437731
-13305480
93229158
-19732648
-77452720
-70888141
70405136
3713977
27821129
17883409
93806265
22105346
53072596
-19313563
-26465931
-13993566
2283524
-96443247
947390
57296357
-97838026
-29631216
59907944
-36456908
15072311
22971273
84454696
-68035805
-5715947
33545430
92755843
93242992
-22843365
-36415904
-81011053
-49298664
81571726
60928430
87196968
406494
36202483
-79608247
-30911155
-56894918
62357062
-41295221
35048108
-17780689
86730330
-83119011
79755185
-80346022
-65765764
40990127
76763586
-95505138
-51676484
-88015242
1501875
-91523140
20864297
-8812009
-77655153
57423691
95405377
99310800
78369774
-94682472
40772688
87885939
36218151
-64245207
-98715828
28852205
28236807
-57341642
16977581
11817375
-99685238
21803403
73269639
-78181793
83945854
-11041639
-75291395
-66565065
67207249
-27795789
580226
77635579
69129471
66404146
-79614589
-73907399
-68258825
-96828911
-22810324
8022342
43998437
27674604
43925954
55921351
-2899665
49720625
-34561245
38037501
-6161660
-51100338
1421702
-185961
66830027
13285112
-32298616
-22268806
-3982945
-82690030
-21831728
42074060
-64959369
-72414915
66864879
-17577619
-23455415
46945915
31657484
-47826538
1864879
-55391826
-16576257
5305293
-83403266
52038462
87402838
23359146
-69164055
39409800
-15312047
58687170
90578555
42449280
97211409
-58221636
-27718663
-8066591
-62204189
16908399
-76676294
2297453
33795557
56698667
40011907
91426635
80963404
67428125
-18082704
2946669
86143568
52609532
86668552
89552709
-6137633
-99827578
-97909081
-21660065
-42414417
-58082462
-73700503
-2882456
-70971626
-52601604
74256024
17515749
-7174209
20734105
-56509228
8245710
3770252
32447493
12831732
-29871076
33097090
53782665
59141154
-44358415
10277726
-95312824
-2800272
-76704055
3138123
-63973386
-92865687
-62495654
-94473843
-48005724
-93389088
34672719
-74595062
54896608
-29535167
2374011
-113583
-25329926
77379688
-82845190
-49358512
29085041
84372043
-65952318
10092779
53380545
-6816078
46995970
352797
-59855599
98065500
-43212636
-51058599
79780520
72388828
-82837028
-17807
-94344609
-875750
-98616105
83421370
-82668232
-86569785
65878207
-70279994
-32160871
29397161
27430361
99787368
91239809
-61557901
97783292
13713100
29567812
86920479
77809180
-67197348
71212859
90896458
-42624642
86754960
4478168
79639384
-7374887
41263166
80510134
92612434
34575521
28792410
-79725357
8389383
-4162867
76322309
-27781468
-68736961
73947899
24662220
-60303909
-36594757
20889088
-96892080
18589447
-78468116
93926748
-74112881
-22492467
52452315
-88345217
75811526
-16564847
-26945001
88123687
80891905
26335738
39568330
-56048924
25952257
-52350279
-53659010
-60379353
-96355721
-8706302
-78065385
-71221163
-63179695
13454102
80712806
-76219240
-59139948
-93112759
-28236452
33077777
-31877713
-31962003
53757425
84864285
-99862075
-64614253
-79254726
8947255
7028816
40750207
-45503610
64056882
-95763587
95028223
66032477
-73418668
-83409899
-64707086
-12874250
-44903209
77971820
52323973
-54582644
80443223
-67187592
58002042
-80843187
6747543
-69688027
-33415429
26435213
49231317
25507591
48957822
-3744674
71397291
-95936179
-96070091
-78000495
71266593
42076082
71145931
59023321
78839218
-87267835
42964852
57528147
-91804287
-58851170
87300889
88717144
-87697552
-61235259
14337978
-82957299
39113778
41673586
44573548
-7717741
52328389
68047077
98890186
-23519852
-29880650
-30620416
-21848595
-4967580
28062378
30369019
76215648
-95047044
-97098225
-48000635
50613440
93978106
-59514456
52397746
-66657337
-89291445
-42900864
32114556
20997528
-54968429
60531187
36235112
-1684444
-62268043
36479310
38412220
99420510
-87895032
48035413
4245624
-53691566
-72911205
3896066
-8666932
30576582
46166581
-68947714
30510829
96586122
-45070098
99238180
72189233
15344603
-89744955
96679825
-81901924
28091374
-22216701
99972197
68936783
54396444
-9058881
-97311202
51528861
-99453824
2407126
-89913228
-95975219
45196149
-68963921
40379394
-50136407
29365861
-65205771
-658043
-70628002
60180309
2211325
39540886
96556195
12258853
55359612
-34131193
658922
46544512
-67288792
-50334386
-57495713
55142710
-35383701
31857896
-86550463
-74029271
-52675586
47405820
-46129931
-71048092
45848246
41728097
-4325920
-97331331
14511325
38260886
-80516443
94316156
-9281903
54916151
70393046
44446617
-31622099
70808563
74187634
81187916
-36189020
44213834
72187943
-3528108
-27010064
82017031
29025517
20985245
-27809659
87514553
-58578230
89965098
16945100
33841627
68493717
53321174
-28472470
87952684
-21736472
55333168
66239649
73257097
-4017742
-69379811
-93885101
88993748
-74517641
-66140696
-42993730
-25333118
75639597
91541482
-5239654
-11056171
12437394
51706409
85871080
-53545155
-90236082
-91745717
-30174132
78767070
-72652724
-96880749
45907243
16842200
-75117889
6822917
63057074
-80325367
87703445
-82189989
69314416
-85420925
60276379
30044109
-81374281
-60822053
52375412
40397838
64562509
82626161
-70218647
-53682551
43921329
10781445
41162426
43345860
-86383885
56479593
-75358058
66382762
20056425
46625309
-29805878
-75662779
-34494043
8522802
78697942
72768833
-17411205
-34481269
8927982
-55129331
-62302924
-55795552
-60284825
90902806
-74692234
16009662
-98101009
-42264089
30714596
-61485761
-38818877
-23237124
-38282956
-84305859
45852980
-40322339
33173098
-22874228
76608346
-87601325
50726500
-22081771
-45434250
62864977
-13459709
-31122780
67101368
-31025644
77818926
-33901675
45542562
-59142889
-1197254
-89003045
-45531096
91487621
47983595
-44612077
-2786247
-9636231
79199059
-98478408
-69475520
-40229510
16920108
-94738347
-4664383
-27982268
-15676769
20942883
98032756
19370028
-92764775
86716112
1739099
-19120495
-45565980
-20979506
-1404399
76213496
-15973632
80164216
38131092
43408432
-91301255
-46059464
26084624
-7419693
-18620053
-27456447
80333083
-77582921
-2672744
42971094
84465201
4601616
-18700985
-68085691
-49988850
-56091687
-28212296
-1798349
80451926
-40618010
-56542094
-45534494
85431528
-94202655
28565328
65474407
-65386055
-52043261
-58781564
-66183472
75268516
-35690421
-46245139
-68674896
33226085
-47814262
-47319812
-31579583
-79269001
80412639
95384435
24260746
-26898574
35388107
-29949935
-28794363
6983843
-52442679
-34514204
-50774346
25316931
97088805
-78769787
25069554
-62304389
81721991
44561949
-87141596
67795861
-71512523
-11335976
18124046
-94923160
3550826
-11584449
-61214182
23539184
-18917549
-18475863
67559878
-85154686
47463985
-79280501
-45311665
92954385
-21878213
96692092
28340851
-9373941
46137688
-53187830
62364925
-4520289
-63101864
6727338
-27625639
-96660094
14932907
-60166694
-67574958
-65331898
-23265987
14024781
45989290
-70167686
55601744
-2423772
33066102
58478907
40394483
-76035563
44756455
48826046
-65779734
19637456
-37400865
-73238129
27824999
11460492
79441189
95479595
86721609
-69772031
50282429
-75367725
-47956367
15442212
55370162
-9665240
-79044575
35085535
-79797727
71125776
97163908
-15919102
20363836
23228069
85630969
51523717
-87146318
75400580
89629894
40540544
33391637
33485061
56117237
-35368512
-61233006
-93658728
-95703527
-15323111
3270231
-85064574
4001367
-35757795
54245830
64332332
18923725
-45143541
-7835817
13584276
73422178
6736739
-46867275
-63510380
87415897
-42652585
-8638699
53118626
12251281
-47973935
71288978
4728132
80207980
-58579232
24835032
99614532
41000788
-15219960
-69384603
-80639344
-57697534
57613319
-6780560
40140342
-13454793
-45321441
-96626
-31017605
77564187
-4765496
31918452
56808150
-59723528
-61233298
-92948301
-70172022
-48256221
-27004278
-78032096
-58245703
-22361890
-75225045
-6048116
-17172406
54160169
15389360
-47540275
40716582
-45336599
-61871457
14002167
79425648
1262909
79615980
-95561367
54147843
88339454
67163947
-96276868
19643815
30928724
-7605430
46687099
-33172719
-33858516
-54316633
-5457355
-2293746
-8180013
34664784
-61527274
-43766861
66166680
95486703
-72383190
-75236653
-3484575
40471315
78985033
70133580
90363371
-72940327
70564287
95279561
-97820482
-19522397
-85100751
-12377981
-82258598
24172064
-83341587
-30805764
53565198
5530213
-13282370
95578520
37207597
86721513
-84288566
-15667291
32669713
-5765850
-67253360
57301733
52101701
14493520
64022483
71691087
-56151124
55779945
-3344797
-11631801
-42480184
-49457470
-16043773
-47552025
56498535
31220315
-59850065
-20810315
29309567
-30527400
87359221
25024966
82597259
11177789
67246471
-85520431
1569757
-71898605
-12068402
-43978679
98832822
23794882
51940336
17058051
8078126
-49536330
69104901
-69134606
-58887607
-13399729
-74028330
-53053126
43699153
-75175695
-83127792
-82882945
26044733
-59568698
-58729380
34260875
9119948
-5437465
-54498273
70428238
-85883182
30621248
-91642161
-62624397
66758014
4278429
-50112076
-44263675
-75305024
22997765
1533630
69220234
-13064698
9435894
-88495127
5115126
91685330
-18641747
-50245343
-68301095
31233184
-72713799
50869029
88549137
24710603
-96322000
38100526
23620152
-5881457
-76356823
-55405716
-65255704
31038400
-31456978
-22433984
-21273321
-37036973
55748596
-97790264
-90083013
83486746
4381881
68617248
-52518849
11127636
39116776
48648133
24826870
-63711444
-35866505
43176680
-86322931
-8429257
-22676512
4756391
21108258
-78611671
50046853
-35396527
-12942715
49854135
-26555611
-76471246
-83069530
55680379
-33807851
-970594
62178698
-64912442
31694073
76211725
79360615
3581533
-58464718
-11829474
-6615986
-87102056
-58915612
97871347
20092489
55780142
1827482
49431428
-49866014
-57799250
21711791
-73667301
16914601
-85955944
12853245
36501538
52088348
-5327378
78403757
-64043627
-80709274
-66274772
84004390
77652804
-896798
-88075001
51022915
63537731
-21507651
56452965
-82977802
34476796
-83767777
59686775
10623386
-59065986
17079629
-42955676
-50575703
50671860
-26621871
95345371
115026
31435637
-61906551
-71314469
-1370017
76314489
91431022
95175135
41318838
52532308
71167592
-50695989
-37093686
-7662762
52216879
-36339322
-72557194
-84216806
55624660
-28386621
92305009
25535933
-41818372
-73917104
-11592601
-3650151
30950431
36425811
33895810
94338485
-50705667
84135479
18383615
-65564521
-67638315
-23807960
-55456508
77816069
1167450
-40043922
32024850
-77062642
-38409549
-52554494
96763188
41931205
-1781173
-4851916
-61798778
-9293085
7434604
64371401
92591041
48588353
-88015101
23237415
45124514
-92512744
-18815126
-18807799
46437716
84355932
-59899105
79926037
-61999109
-69088546
-48941302
29216044
92076243
27677564
-28698678
-62244450
8654642
3533390
-34003096
-46481790
81157482
-7252708
-60870246
-68213797
95548003
82901019
33261183
-95134583
-67321533
-36121955
-59083850
-57822365
-35926921
-46873597
77025021
2226015
-43414736
-13829910
-51943202
94262211
12424353
94201011
-40645321
93331059
-45859339
-87069993
22461656
-7869768
-17850350
94334862
-33237405
-74341216
-47729145
-70407011
47434823
29863177
-48632041
20144914
-17718335
75837531
26374977
88817483
-56880372
-22031427
-73461860
-89541610
77870801
-17017058
60183832
-38787620
84981876
38800777
40103230
7171334
45342145
-16315775
-71884040
79216254
20683648
-5917246
97927996
77471096
33213321
-70429091
-80586260
26811174
42692573
69809876
91810828
-35261446
-41373720
43094813
-63274370
-35937643
-58594544
4501047
53135511
-49055950
20239305
-79430723
91396389
-15263447
-65698918
54104351
33884235
74951202
88418598
-56195231
8305331
-87158118
-19902982
-97354823
97449869
-64503335
85027444
-49728693
20686713
-45936373
78198706
-28251286
84751634
94518184
-84494148
-77601973
35415864
-1982215
-73771177
-93062571
41829344
-43888536
9263139
79712431
30766736
-56663535
-4689832
32325775
88015713
-29227751
40830517
30761498
91506204
5160746
-99072135
20530995
70611248
70732407
25832023
6820088
64478249
-47543435
-97468658
71169836
-65951232
-48336737
-5389975
68489850
-62661389
94035976
-32480964
-13008901
-45083222
90048712
-58624524
-57216766
-86200091
22394724
58684670
-49658104
-39094614
1028552
70007889
94869432
26643728
44082140
-49440794
-85845776
-90131751
51349371
-70053914
40480025
50834358
90613529
-76538468
34812126
50870367
35322172
-42585938
-32141672
-50259777
55840092
-96772025
-75073788
3057107
-72264439
-53180256
-34539569
57677354
-14596641
31862233
-37190983
-75612021
14286788
95167719
97331303
-6953073
-96661052
918248
-18258980
58859804
-30509809
-13946969
-21887858
-79233121
-78120911
-57767527
-90417190
-86327600
44958047
-93433060
55397592
57586004
24224225
-84045876
74198522
-74355549
-79350603
20823214
-79116575
-7204875
85911095
29083943
9107076
5718375
89404147
-88087740
-79344067
93604756
90051170
31972635
-96501491
-36348168
-11770872
86798231
-13284997
-54945133
62015163
74160088
-41271418
10481899
62091624
40297704
35210295
76370500
62809006
60303359
30302293
19368040
-18876263
-12379997
71601299
10479427
-56000158
-43871391
-28360412
34364330
73267497
-89511102
79180974
-66417802
-64004361
6851395
-89140654
20573191
-69884061
18730173
63591493
58616426
-74601790
-79193477
76909961
26961251
95607972
56411716
8692639
416505
78299733
91295953
-48308289
-95464757
-81874729
-73285072
-71999560
-25958625
-15611836
-7488072
26068133
62581964
3577470
43779209
-67587995
-14989675
-72405926
34849474
13043082
10049244
-14684899
-73137533
43883200
69410152
58243871
-51762723
-69735174
-94394997
72463181
22472010
24210735
55166562
9317000
-8730085
44951244
-92524478
6674474
14932110
90453649
-38411251
-56810300
71320829
78398092
7354340
72381262
-18343037
-74951771
45446627
66176594
46382701
-63482659
87159918
-61215151
-68837122
-436436
2197101
-86968039
-50513662
4749085
48977022
-19853213
85575417
-95267182
-91702888
66066687
48185300
-5400439
45699198
15175664
-77124258
-59771206
36481862
21321143
83223704
-35100141
-76993116
-34289688
-86237214
-97903915
-71448862
6039727
90907408
-16444615
76322795
38025580
29910308
-93890964
63396251
59931401
83268331
7642404
323522
-50661920
25207450
55292953
-73512405
76995095
-60006465
31541613
-85538646
30330802
42989719
-59847934
-585187
-56040941
-27791458
-31392840
-60639976
-3122604
-11811132
57767289
29081648
-18774473
-36363041
-26569456
85122466
13030801
28415462
-45791994
36036315
-9942756
-80665398
-91796674
94358661
-21801332
81437484
-21257028
-24997021
25638159
66518832
47641551
-45666715
-15316278
-4118200
14058035
-96423495
9865406
-50997802
-87974336
91445607
17326157
16101949
-53134686
-14579181
-92735985
12141435
-46589681
73570208
-58203526
-12833386
65915757
51799592
-96943594
-72637326
-66163830
-90680571
84398959
-17517681
42270100
49046487
20445793
-96259314
52314372
89903593
-38660747
90299807
-78984059
96474985
88023616
75252179
4527115
72914466
69229171
96191957
29149116
-76168720
-47176761
-79668786
32125455
-52613183
-88377775
82505228
-11484016
94946806
80562495
86826869
-99193767
-10895537
-73689522
-22380836
95151693
49327250
-59818933
52834059
-55111396
-37240924
81901884
-82108204
41629589
-63521317
-8928457
-30424030
-87448690
-87049269
27717764
91762294
-20016746
-82142241
53988820
87506637
-13785406
55667176
87923084
87884566
69653163
-23640374
60258107
45806300
72422049
66600957
-84434545
31313920
92039315
52869027
77110731
-79616888
555554
-60953068
-98095954
-63510210
14973170
21528847
-46481560
-2223378
-91477062
64626229
69856039
63743435
38515890
-8959893
53819952
90970057
83124425
-53886317
45076406
26059409
45641487
-75172631
25666316
71467940
45501345
85277614
-49637665
69737629
-93154965
13341962
-14553838
17881471
-47950854
58123608
-61081110
-99597521
-61357123
-10948
65610975
-31468638
-17764146
-98382715
-63421228
63581724
47483483
-62432103
-21074139
72594510
-54446329
66894087
42359525
-23648448
28618642
-70995533
8242693
-22333719
34937019
-81941235
75632554
11152613
69077968
62815171
27211643
28575109
48234729
-20171075
15605401
56543624
60309746
-76439838
-61257924
-25409591
-47425704
24787321
-19976479
-23669473
-11678241
25464047
-1817485
-21667369
-32774021
-35918668
-18675214
-54488976
-83301103
-8586408
71259414
-20346104
-75073552
-80339527
53221254
-59176286
94639110
58247255
43491010
18587318
-89863302
14250491
77974438
76602442
8747492
58649010
-79485001
63286393
9496157
-50571176
52629357
63226714
-28912140
68205783
-91357434
49723957
-43050250
6783198
-37812408
11655582
-71261487
44073487
-70630104
27421286
-40471576
-40530373
-86393595
84255494
83546303
67503189
46690283
-45641789
-5438880
-5585008
43016132
5432967
-13255206
60726977
-53799233
31383473
-8206895
15996753
58492831
28284203
63436958
84979018
-67651576
-60890396
56410001
94297656
-23029914
646218
-24974468
75792510
24621426
-25171614
12201880
40852355
-80037753
96857475
-58066765
-54043639
-35884476
-30288185
-26808815
28669936
-37253701
53873679
8181641
-42952321
-36050996
86697110
49123235
-15754490
95910034
9248451
59181211
64123894
66718480
44439419
-97339123
-77619798
-71075023
-65913933
68930097
97035342
-61707669
-37695115
-42389947
-75974322
86589015
85702873
5360755
55218568
2275608
38717137
-39886077
13201345
-9612288
30937829
-44717892
46131690
77672629
40762860
-22608612
-96552294
-30118630
64282822
67395853
-27804827
-41843396
76352721
85871628
82251112
58784366
-11049679
-89144763
3425288
32446607
-28273384
-87221010
84239455
-64889476
-41107983
69863906
-1044013
94521740
-87298492
43129896
30525385
30193444
-32474291
-10983886
-54148147
87436086
-88103621
13501520
17398960
84568965
64180357
-49306642
-23647634
-1051320
-47687709
-83734113
-81230729
-54316277
-7195158
-34564754
-27486057
-63039771
90164451
53900801
-85751647
58389539
49734185
-91341190
11056034
-45261879
44961995
75014690
-18770844
21735659
-83309932
4550670
-85032666
74141523
60653037
97710489
-69204750
-37497649
96422650
-20118511
-50977737
30707283
-32662325
-89107258
-95657986
-58069438
44665591
69651556
79640171
54732746
-64652073
50366003
1601412
-18862557
-25488259
29953646
15092212
26157305
-56862744
-68426616
71783757
-54137767
27474152
-86621100
82888105
61412110
14452110
-16946214
87951866
-46949646
13854550
72779388
2428394
-55121004
-96498767
-89854081
-51726894
-14950728
-80884022
79057978
-14698368
-12807573
-76285991
-99603550
-58708090
-75860598
10215411
-84942502
53853206
36430818
-64525433
-53484019
-73415393
62714060
-66161345
-81612068
-39833079
86600569
-41829743
-87281374
-13523614
-61904445
31666279
-56458211
23231119
-44849074
-48220350
-82412457
-52002292
-92222096
21724329
-97608008
44235964
71553832
76006508
-66603527
-50819316
79019559
-66134589
-20425821
-13521195
-54454863
-67296566
-40986882
-46356271
7300517
32172523
68223284
9446538
71104404
-63924832
-85381054
52039237
14350878
-23770037
51603216
-96446541
40909106
82871645
-65714447
27814939
73637456
-20721738
22188859
33772237
78847119
1227647
81548380
-65054756
46184264
-83551048
-72414953
-35103412
72326028
-3699594
71210304
-99419537
57583887
94998196
-87163387
44461662
17091981
29492069
-11675011
-5541588
-76828773
8067648
19625152
88901361
72090212
65343422
-84551995
67010633
-88628710
-54262385
-84495637
-86407704
82245904
4394509
29713894
-97893008
-13461674
-51148170
40588161
197805
21820054
-86935367
97507067
-8808668
88209324
-38730137
94394968
44617706
16390072
-57678523
50746163
10646125
92841053
-61723217
-42850958
-54058874
14782321
18094990
23775440
-41577009
-47079658
-66589354
-87414174
-61612116
36604528
53968990
-34043642
-34721648
20992081
23950038
88188823
-53682322
-52666526
-53317275
2900818
-18738063
69945384
-55045849
21708444
69273294
-35443190
70366463
-91555923
30829879
-14695689
-86005462
28667248
-42148434
86044407
25291633
-19044087
-65114966
66515975
42257912
50594806
5197751
1449724
30739213
39476821
-77410678
63729328
33697259
-65854251
-92801679
48867475
-69877400
-54470643
-59695235
-88429275
20905735
2466587
63479011
-10759558
-90562092
12117220
68164673
65524304
-94387009
-32787418
-82658369
-99925757
-92691291
-32674005
86328149
-51656222
94803928
45013886
-51106357
47089768
67035234
-40143719
1571168
-78456612
18885097
79522736
71021027
-26117787
27967640
-10657791
26767163
90530428
-46363806
89099102
84501560
-10295646
14956422
31854560
-46242425
-68595886
51901935
62647193
21411752
-68459650
-19300533
80064260
12523395
-64725385
-19247193
69289760
18718029
62495125
79888874
-88157959
-66915195
31028601
-76304785
-57359414
63195531
-80798833
-66579800
27011012
-61255731
-40563052
-4344325
10912163
-81929756
-14167686
27281344
-81198460
-7444028
60179215
55946281
85568670
-44505795
-27418585
-36156265
86081689
-41639840
-60504931
71591673
-9050773
9458217
30806640
-71970795
-85633303
112463
-5700300
-59374345
57833740
-66323899
-30868279
-69033156
85468744
-88173413
-73466287
33606557
-63699394
57546034
88316224
-94771378
70387569
28359899
34898512
34250621
25325195
52004352
22176264
-73682226
11863658
-79388677
25279362
-85212070
80449122
54463275
-22401523
-72466502
11330949
-59212624
8942354
-30326996
20884008
73094671
6343503
-10859678
20360281
63969005
42592709
45791695
80355360
-33185535
5424644
-80634239
-9625905
54664335
-98555399
-32482750
95401685
-24285892
95178375
-81204719
18665340
-41382898
58599237
261129
636341
-57379914
44162187
38866143
46338070
-34151238
-95283585
78958727
-41190743
8673340
98683009
-12074979
44639048
-25702083
-40009987
3727057
77748936
-23601188
-94174633
86340082
28405864
21044882
3499969
54697007
90991714
-30282368
-39130667
-10614621
-91533214
24767203
88861266
42171498
-94339280
-41111567
-96956219
-13448087
33045296
73983126
-72837723
31436164
-45655421
36561793
67960739
-98389393
7519900
88656529
66416519
-43530893
-62029659
56461583
56507225
-70189633
-67837623
-17345925
21542962
59734428
12721642
51878677
36137525
18842422
9941282
55220355
-53849267
-78207154
-34070280
93499589
-4392238
-16408181
1034187
66925395
-84170371
-20584969
80344807
39256589
-31478909
-89050269
-47357307
18921987
70365261
29573296
88068429
3784080
37494818
-64852024
1563117
-30627922
13808731
-35453855
-4051760
58830618
-80625209
86930914
-50180530
-91335490
-83031470
715914
-14607615
84808820
49012038
93514716
-15683958
-80315521
62483965
34298330
-62804079
11571280
-7075821
-44908174
-86675784
-75465381
23111770
47040903
-53884952
37030569
-4072104
-99731300
70197604
-59658175
72470334
88439483
64461492
96751529
12374367
67476253
8906318
-45525241
58041547
-73657689
-30707889
-2717121
-21461727
-57506597
67232654
-19209615
-5874645
-75232658
-91333973
44413898
93179678
50255635
-80753869
43150650
8584562
-86876273
35516622
-37230177
83243045
-29369831
76107959
-8355920
-71544021
74750072
-31938919
-29808956
25264844
-42617947
5940579
-37941977
4585654
12955790
97953812
37605581
38734776
40400827
-50469917
11636379
62800233
57038854
-67324446
-71858873
-4674514
56788167
-8102149
83856082
99989847
92065677
72298406
39737899
-85752690
53663113
89720910
-53893332
-78821433
-55480399
44486946
57405085
40316336
59412039
-35017663
-4701166
46939997
20076829
51899872
-8411472
-52422587
89643385
-5897161
18333044
-48203531
-36790098
-65271608
-67622496
32693396
62734813
-43108939
-76688349
74947181
-51669712
34417239
-93763453
78682413
-69880156
-11356445
72033971
65916480
48651273
-58811543
525223
13158864
-64686364
-10553790
69674861
53679379
-97754469
68921813
-98758223
87439393
-91068501
39235136
28847504
1143132
-47853833
12563731
42096484
-55282515
-91009180
68750677
60249735
-66085529
-96489468
-42071501
25128745
-44432121
86013986
63115983
-25988774
29249797
66494491
46028368
-67535699
48172827
-44446020
-71071949
37127002
-99595642
99976295
-43651425
-49925050
-47995535
-57956228
-7742253
93835796
67388283
-197428
90216387
-94420056
-65247614
97306956
56993513
-90058377
-63173606
-10027059
88860407
-51614684
53519853
-78250517
67387131
-26902454
-68747529
-2619053
-80621633
83452469
-92982262
90631631
-49898240
-39582433
-63993602
20512967
70796688
29819313
93945635
86499198
-64948593
3323523
7195550
17363028
30632650
80088728
-52718587
-93136761
-71736133
1087724
58960300
-86869020
-83378577
37821132
-45709190
-68349862
38612664
23942307
-99474177
-54344246
-9570571
58741243
-84946178
-41361345
-64232574
53721816
-19957101
-69206548
-42847694
47373023
-55561087
77436294
18267326
53007063
-10330206
-72048536
-33898959
-84666340
-7745587
-5088541
-36021355
21988941
-79458918
55231305
79303350
6767872
-44562228
-8132577
-92687498
99790960
53965209
-53470492
-905793
72957931
-37016855
-78874299
20569739
-65569172
-46170413
-63209713
58776635
38568337
25117380
-60929739
-46364081
46314950
-33318360
75133760
-93254742
31444462
25542184
65483100
92069004
-1347841
-92283091
44131599
70845610
-73469602
-45496164
69400495
-83925633
-3222641
54354207
-95818430
27726596
-43356939
78865245
82842330
-31938781
-80053342
-81067459
72808030
90044358
94172553
20984627
-31892777
-56486147
99221083
85872569
-2902713
16598707
25410627
72845901
-19345344
95974167
-76287395
75852370
-98980961
38313653
-21979401
-12072178
-34255496
32437976
-50501371
69084147
17327935
-97323461
58993605
-6786048
13655986
-51363497
-10088053
-74890752
77617031
96783733
-68352399
-78306221
43246181
62760309
26476676
70978941
-70564667
21676713
-34033765
-78580207
25663081
94306879
13754084
-17418372
37986098
48691266
91696114
-49573824
-63671006
6201196
67448100
57802842
65077574
-9794171
-98391720
-98431981
71050326
-97006125
15482394
62724675
56842088
98206464
85622586
-86180933
-70654298
92431875
81723586
47719648
86420327
-48213266
47212481
26027816
-56019906
97184861
-73558251
1638731
-50148126
-24496443
-39798036
-88841073
-30927325
98927977
12099725
-37371700
65473642
94080168
30109371
-15101872
98617306
43572357
-961927
65006167
-651764
59051455
-29209798
-51807417
57787405
99292245
-53141034
73046899
38370878
-33416011
7995081
-73553085
-65313889
-43987494
-74687223
-16435450
31206188
37367923
-49380408
13318766
47173172
-6753227
-941525
-17578185
52827852
-22535052
-93388740
49929616
-69958286
86029942
-43524991
7134694
18986112
99025099
85063858
-66390324
-81304090
-75715289
92110671
-61630122
8167891
25521260
-18171014
89693493
-59898652
70493103
84780958
-93260003
-82988106
-46558465
-16016032
-27404715
-82369079
-99036347
-58605986
-44060389
94227257
22308179
26698139
-11575940
1920462
-56010679
20981302
-88703457
-54011113
9172316
-89586110
22379694
-4980008
-66744793
89441217
23771496
-73432097
-11801627
-78010836
45041952
-60845840
88281746
76946246
28082338
70785834
80761265
-68556366
56581671
91671741
-25785112
67302168
-48185496
33764820
-63958164
-31204987
73393411
29528747
48083928
80730733
-71318540
-81475998
68169739
85696960
97456287
-93252511
31737742
-45809592
-52016993
-17272212
32355736
-59367506
-54416405
-5372629
86657964
-48874902
-91477752
51420084
-55979062
46863431
-28273811
11165334
-74101684
54430619
83016188
-77470061
88036237
86525134
8196895
-3297712
15880589
69108410
38012521
89177540
26972773
2782037
-37821389
36960760
-82532805
93001620
20769432
9833088
33358981
64934533
11412587
-91882984
10084372
94302858
76434747
-13280927
-32235890
99280741
68654882
19109035
-91796452
-75628092
-99699972
52951533
-15662696
-43584406
83500124
-81238648
98065981
69261619
6808644
-39953418
15749116
23440227
61273878
-81841786
87390111
-76500002
-30153819
60617012
33093458
-17902381
-37920386
48696261
-97599236
15438638
64240646
-21989877
-95965968
-92434592
-54445270
-8459017
44895427
-14408149
-30309687
80316725
71468039
28817606
99217778
69253777
60441963
-50145616
46396473
8299703
71529948
49405240
33852821
-63235151
-81859420
-33415268
-68770462
52084263
48650439
28700428
93018686
50232013
-86812828
43866532
-495154
19292989
99235410
21391799
-42879807
-63870758
-18679679
-18121772
45489232
-46970081
-28896213
-14729264
-79757687
31139529
-96326081
45025203
3533753
-69421641
-77686284
48691320
88507487
21860865
72246012
56704839
-81308873
84756385
54226385
61929702
58914819
14730010
41548651
41614361
50864156
59228150
-34597622
92650756
86873329
-17693275
-8766184
57526175
-10653757
2921532
-41370687
-3285222
-51210134
-11159392
16869691
70370233
-1460618
-43541571
50506101
-22117882
78940229
92358436
-97774442
31140530
36724895
62220593
-70049032
29519728
57476639
62328963
46257981
30611646
26923123
-64238738
-9537605
84902428
-25583843
41493280
88615287
-21829423
38442504
91339561
99552434
20027190
18537467
78194006
-73700140
40360684
99572232
4275999
4092529
68525914
-50831301
-46395743
-19841517
-16540324
-50827853
-31429889
-58516481
-72768678
17489105
88944502
49287665
-20819597
-18586556
-49487336
98470378
-14232681
63590257
10841902
18749596
39736609
-49113187
-48701595
-47578908
-57503570
54097572
-8469412
-31950665
-25333904
37189871
-1088277
-2421932
-11669077
-60773966
86639702
95293527
-50212733
-56238099
-23547091
12818521
-95394283
-9535802
66464330
91799314
26860644
-93005280
80484312
5334776
4417461
65560598
30071242
19691717
43069788
-44556163
-87809319
-88761113
18138697
92470830
-27499343
53839556
1973926
73343028
44181117
55447004
-27757480
-42753594
39478739
-52217893
-53344292
26455710
-7113539
-55515173
16525396
-35590755
-61625007
-87889565
-40220558
27140051
27668012
90246891
90420493
-74439042
-65760156
66565184
63573771
2782188
-28555695
86533639
86615874
-87426535
94731788
8279127
20339668
-99539529
-21251853
72305930
-88156201
-41816215
-9425509
77886325
56505788
18887686
76923768
-17551472
43828499
56355187
-52628183
6923631
-90191274
79061175
-24436643
-44784593
13156025
10956731
-70350220
48289163
-37840828
29514137
77683331
-57727073
48957398
-85743674
72658730
-91229044
97415184
-28884691
-83186736
37469231
32619104
-42386125
36144124
-67815206
54269219
-42343298
-73539955
72626550
-50045290
-84662190
-33648640
-4524305
-8213812
-3964991
-10109866
72279914
89691686
77775332
-6789959
-90072957
-50289843
95516477
-99869305
-80024921
-64475308
92595495
-72384847
-53901032
10399494
77846341
75760685
36792505
-13875975
31802180
-90666169
80861284
36696837
-7069862
81420786
72844424
93138617
80997339
91421385
-71777004
40173353
-84724054
-36001486
-31971944
-16919890
5066968
-12544535
-65100450
-88334849
-95968379
-69110019
-14666047
-34313490
-1800957
-72931910
24787459
-39485485
-13833692
93634507
6990958
12723788
2625561
4277736
-98573292
-83641966
-55459249
1954875
-22365180
-5785349
97935681
52128751
-49076932
57467885
86392267
-26064695
-41458807
-98876093
-59702324
8040921
76846952
25256460
47562769
-33193508
-49358419
-94979967
76271842
-83115843
69392281
-83601202
-16604111
4524175
85623962
-26288847
-48030350
-50738342
3916316
-9896322
85635223
18238758
-74900914
-61096793
-46032952
-67958744
45332872
-48470888
94714519
-23029646
-20054626
25425732
7655805
88747934
4798269
48522505
5663856
68474345
-66154329
95701482
-68491298
72147162
88480554
-12688323
54404227
-62465463
94295440
-64521373
15526905
-11112253
-7798526
85946730
54070670
-29630275
43259003
-58872820
-84581074
97455002
27645759
24426124
-49846806
-50083792
48157633
43251398
-17931825
72763454
-82452743
97762926
72654382
24677236
-35293968
47720875
-16702258
-84363031
51999626
68033802
-2262800
-36967939
-97651694
20880266
82005922
-30711689
37911308
-88906770
-25112763
-8607493
-47098761
71851158
-42338551
-9254473
26190466
-37728433
-9971939
-66298799
-75707353
95074273
89193013
32361856
325991
-25412936
-72421925
57365050
-87310072
12993332
-5252347
-60090996
93565114
33147576
-59068636
-41283474
-1094166
-40490763
99799851
73107954
55836662
-76621871
-47992605
34498094
-32113238
-14557881
22439652
-56227741
-24557281
-25358892
39922794
9881739
47088217
-91548534
64059949
-27455830
-54811805
19860782
153240
29795796
60964309
26767116
-3848336
-47954126
74777539
39127123
85755958
44439656
-30069866
-43020772
-46198185
38487449
-86929603
49419587
76339586
58348371
74486852
68887404
14984220
96921526
-38951117
69561101
17294380
-82404964
-78708228
-99056618
-37230148
35284750
-61038190
-89244451
9245681
13709718
-64514926
-84046305
33056279
73747967
-8319683
-4916068
-69946375
-61706801
-80164484
-86000007
-67636994
4962733
-94731915
-47153050
55866181
-32009320
-43318906
73790607
11480543
-23894943
2308267
31094293
-3719449
-105379
1343495
-39428383
86575360
-52385302
83162405
-28097165
-17796465
93952812
-98983777
52017836
60031702
-38350931
-86998213
-11681428
-34343399
37681668
75693925
21286467
64302539
60657315
32374207
33048678
60582681
5303665
73325470
-30189738
-80726468
6238384
-53790111
-92730989
-58455062
-14492864
-85828557
-66501849
10133866
-25181920
-20210875
-17850683
-50035993
11715915
18543546
-72744030
-89308460
10948261
21412114
97095693
12406016
-92743423
31701364
-28085870
-98015062
-65809152
-8107001
-90615337
40116991
82602370
8661768
48379302
-56217142
-85933465
-95964764
16680191
77633015
-59544427
-28354577
68291932
44509133
9073081
-42060451
-42842073
32314457
-50326701
95929474
-9464569
-96455489
81482339
25571185
-58806387
-42826649
87933721
-65329379
-99735414
16569552
-81410756
-4924305
99880052
-88109059
-23209207
-30636328
51063039
84630994
67376154
-66067364
-35774011
27228076
5183404
-63500741
-14585615
15899873
-75525760
-21274512
39257614
55598608
94816179
68653367
-57793006
-72910869
99394559
-32439954
66952977
2479178
-16479137
-26965442
-64906503
47139382
-34833166
-97480605
78025008
90634144
-93542480
-55825637
88287396
-94298756
67962744
-41139033
93601180
88352156
-41000584
-76475699
49701595
87061468
26570933
-55661774
99812618
-80279771
-5968596
57263230
-65456624
81370596
89455362
-15112011
-9779877
-57442289
-52567789
-91832701
77913809
88586089
83894932
37096324
80716020
67645977
-36490052
248267
75827162
29457241
60721183
-11456187
20151597
-95963705
-56065749
20700723
-9902403
-64958127
-81331049
-63119721
76360011
74325070
-29425613
48148723
66665385
74861988
-79843163
53620394
84630301
-97724475
-42039080
68616681
94894259
72285208
-70472210
-35676845
-75384821
67122026
-32769294
93452082
44298419
71963726
-77305063
2101334
76714824
-57505054
89498531
25244787
74934981
24569896
52747378
62381106
-48843876
-42156237
52937709
-55433850
61848181
72872076
51550414
73898072
25293763
-69684278
1648636
5937568
-11119258
46536246
-71716893
93596094
-30253746
60262440
5611963
11038171
-48903684
-38928832
-57543715
59161462
90846152
87791203
-56710686
-44168172
13419981
37490859
-55162789
68341585
1831846
-86577556
-37406667
-87629589
-19036983
-90261390
20805831
-38218301
-57858036
88515320
-68273310
-50966667
-94833242
-81899190
-66183167
-71190950
25638114
71888632
20262604
26726026
78983214
-61140809
68197613
30194966
-8977591
-75958059
-95830870
-63822805
52108131
42904401
95256149
74328483
-41340280
96082547
-66582088
50921323
-12496259
24474162
-46521188
48869705
76684582
52512133
-62414950
57657846
-20511632
10596058
-37209603
-4239465
-88141114
-10559217
-24639176
93884532
10412947
59467204
-42380643
-50918919
69116917
64863438
22910598
13647514
50840759
75165027
57628943
-14262978
-49360769
95638995
98825822
-59362979
8965792
-92015381
-56537404
13211797
99295944
-31133198
4976690
-25099469
26692904
18472548
-76553335
5774822
62341902
31085559
-99005599
-68676473
73927819
87302883
87697560
31951889
50754675
-82034701
-45339049
-38321734
82648282
-67895042
90067420
-88800997
81562763
31014769
-3673133
89437414
-61068065
619333
-36929405
-5195678
7258570
-40959941
-40295099
-9431112
-22661491
-19322890
-66921088
81293759
-50629543
52856011
-21319922
5150152
12509772
18749331
-60991194
29471386
78624435
91745491
-98921949
-8127445
11565718
20906362
86903004
80448006
37745910
29391626
98495224
-45664776
-23033695
-51016723
71710808
20913609
70736375
60940984
-32190032
69160791
-11521387
24160145
35203612
16075616
77236114
-97967872
53389359
-41203308
98797669
28592534
75212626
-20674312
60672025
-43689363
33545453
5317193
80229677
88915284
45312623
91953855
-9638238
14575291
-20094310
11115237
-24683673
52795663
-83001007
88208583
-39946761
-2333882
44126092
20503734
-30878826
-892828
-39220836
26632142
72450994
-17960840
-27700771
-46857846
35002266
-6240094
11775033
67376908
-98446771
-61763511
65392947
-43296476
-56538815
50815782
-83703869
3720055
-72570299
-61648101
87619810
-69020651
-10836280
9932149
35605404
-23287642
-69281127
15963567
3407770
-88493775
-53087703
-71786455
91321353
4662218
-52300152
-16016682
-39931559
18227803
-71716958
-71507647
71916698
20742009
-66765645
56905263
26756950
76079533
7789266
-40088797
-89006302
18468669
99843438
16078652
-32290280
-6176038
68736821
9713115
-46305242
88692401
-68973849
31746767
67117055
38260816
19051597
20901435
36686549
11514089
83431277
-2677219
69766467
-69266289
62382527
1136967
-75074174
-34984535
50983464
-76109210
-20180624
-21557798
-98084552
-69962276
55181989
-4725507
57706718
59396677
92827974
-92759665
4950286
-92502246
25573017
-75949166
-41971592
-23933317
53446690
-70731050
4540796
83721786
73895634
-74757427
-78490480
12385674
-3764427
29834490
-8577950
-94678953
71666726
89656663
4691853
78695736
-79461388
87924414
-18365444
-4057363
77103723
86841750
95993804
31240888
-80125097
17458854
-1218022
-60964361
42179997
-33484855
-37126414
85770455
69624613
-74044630
75314015
-42572232
74480930
56135753
42996469
71935603
1378609
-76295377
-33486172
12636577
-21579514
-9628192
92721588
12737170
76548244
68913633
-20903944
-64209056
-84493000
96421858
23198184
27379964
10957157
43459602
-36213694
31021800
-95492440
25035924
46947032
-77684279
53541564
47270105
75609642
69018182
-41686660
-71129562
-27111468
-80841087
-14692516
41847780
93018416
33654997
-68217942
-5288510
47096372
-68739136
30222980
-21487380
8735073
55341101
-16138213
26236796
22589863
-80770736
-70854741
-42522045
46009472
57039062
11390376
-38019045
-86518296
98859060
-89806084
50895674
28333832
4887546
58059504
-72650875
-6744364
90476024
21999492
68623836
-97413078
32207481
-46372363
-32471448
65823433
48731671
32295625
51548706
-43676462
-60630168
-7690949
-24783559
69779232
-34516249
27222687
37073115
-37070388
-56261397
-94514916
25093137
48924639
30312529
35283361
-94516017
-17536924
-89056480
-4740311
-17309635
49720788
266196
46809418
48629762
-9508065
-40340718
92821742
-7741623
55285564
-67779525
79865077
-60201344
-43833724
2556140
75073144
-23348589
-94964302
-6647204
-66863605
-61282400
-45247832
94748387
31553083
27480295
93863342
71291848
36441938
34551628
52721368
35651867
-55508423
-72422822
-7882290
86624960
61021150
-58229010
-26758464
94677541
-25492768
-7766916
66602183
-38221552
21659170
-20472090
-80043651
-70121157
15669918
47583174
30335646
14050480
51875317
-90679047
82877164
-60000363
-47895113
99406554
-7468879
-42417657
-18461072
56261864
-72320524
37287430
-47466576
-98995957
-76248835
-28597583
34533802
24150291
-97202342
-65414814
60634967
35091752
-93969416
4365397
94521765
18218184
60743576
40217930
80417533
-89993230
-18015816
66921873
-56153289
23773186
-1022211
21786201
38194401
21004059
2793122
93403247
-80495997
89910827
-50746579
55718351
97079359
-5344344
45507922
32276718
-67621726
-55603980
-7088769
-89344882
14306375
177947
-24826902
21896080
4684555
73075263
-61416612
16127710
-71512916
-97759536
46429136
-5486944
-54643926
-48140439
-97130030
15883309
-22704444
79349517
-23674747
30513568
-90694891
-49157085
-99284707
15028477
29725149
-39313168
-88514324
8468445
1169176
-86216730
99104476
-99865870
23320567
-88111827
-96914390
-55918665
-3381940
-85066711
-95912455
-58880688
93544611
98216004
91986515
-36193233
-59463751
26683662
-51978797
93286131
-30467200
8738778
-38039852
33531336
-5651435
37040020
16805596
80576651
-7136370
4250093
-82689167
-77517247
44425135
-82082647
-74509860
77588527
-80785706
-37601666
18386017
-52868686
1003543
57234629
-62762127
-3149801
72859623
40300394
-8722509
-2260614
-82392181
50699740
-49317552
48089541
40727796
-29709166
45431845
-28771463
15333137
51452764
-7620171
-98195338
-43049552
-31973468
-82681271
-40427653
9839641
-36093963
20371379
58786359
76930908
79877969
53964958
15078347
-72039274
57326955
-29259798
42181641
-23816883
70444559
-93217246
-10656219
59992673
6169975
42184929
-59658475
57484943
-27514020
14360201
5211001
40741315
-68617145
-22620162
-84406473
-50744910
15481838
-91365762
-86920514
-90883682
69367256
22658985
-87692810
-19111135
17846505
17569198
-44834165
62767099
-90723524
75811700
50331691
-67901105
-20512497
1061666
-22156252
86714336
27789763
-27441531
88899296
-6507240
-61922293
-27371599
-5047110
85551581
-9868217
-4526133
-29783365
69371857
51389373
14478825
-56685880
-4151752
6466662
95664157
-50063515
92931501
59561821
30932615
-30349502
-35267289
-10097189
-91008346
70970466
-15602183
37891822
-99990862
-69822205
22503336
25065762
-82463027
-31695054
16631859
-6895049
-1067253
21683374
42666822
-55655452
20484144
66376603
68803643
-96360536
-79669275
-45054973
79555581
8929049
-83040599
-13589907
-40195517
26828647
51180749
-89540172
5420507
-67722893
50355363
53502102
21837575
-9729670
-4373531
54679189
-99710275
79128142
19860861
-97575106
53034306
7095949
-11935616
-28373332
-45817116
-87986572
-18631765
93082924
41262596
-67013790
93010766
-34349116
-40940110
20830214
-59692137
20004205
56633125
-40781284
1236988
-74276490
11585921
17951244
20297896
48807297
67892777
70036428
62149607
-41359297
-40479360
77775405
70109887
-49046272
-17069553
-79011265
87575748
12857536
17604626
11555912
-70692278
74888488
-68962217
-51139819
-86959011
3069205
3781193
-75823086
17927783
59980473
19262412
69348851
-46717918
5991517
6748015
-49149854
-52160145
-11110650
-58068315
90069092
-2656054
-75717633
55256567
-85709506
29802635
60444607
-40377824
-73161115
-82147047
-83636592
-71112238
-64570722
6623971
10804811
-86797283
90599135
60339634
50775396
-61940887
80722894
-34298418
83131640
-91198169
-36431097
-62237493
-47334925
55265348
69816993
59590101
85069181
50294726
-46956852
36321202
36593220
-41574770
-73947742
1533511
20355462
4993780
95080426
-41825550
-47952825
-35077027
61145636
27876119
76231297
-12755105
21270105
15355810
-80214455
91524525
-89367438
94592855
41392323
-38530788
13528049
-33853499
-83680429
-5526372
18477538
-84916782
12842707
20386197
-6519808
-38434602
-65021624
-12101683
34961297
62492929
65995270
-65454862
30271110
68477640
-23002621
37326727
-82603027
-12876466
-74912847
74054772
-72242157
55373198
18099660
82877705
-3315350
4991619
59890670
15757355
-98038150
-65648793
-69696583
24283655
-40769022
-87022294
-64730076
-59875908
4653735
81048860
-90407994
82269013
-19751429
17807998
48297928
-22049910
-97074839
22304859
-62691080
-85690576
-19091803
-87154025
-83578847
3424555
-90128144
37289325
-37175805
-3270223
9781307
-8216115
-58652969
10284530
-17349607
47101706
62528081
92851967
33909046
13128050
98344620
35716869
-33174661
25150455
-39282902
-80628378
26433590
-46470434
-21571350
95585065
-16529063
-50606856
48372207
-76565529
77109404
33589493
-13139694
11306379
38063884
74091506
-11229874
-83009369
-84653476
13817841
10521075
-86602935
-32409941
45689297
64675923
52854910
-78691796
-75179331
45974014
42564253
-20243188
14970800
72675018
38453229
-70965857
18365951
67727203
59683882
65752640
-99601372
64506516
7516607
34721672
-90241931
-94040654
-1292677
-11880917
-74604460
23092602
39322565
-89589658
-28420507
-57164779
-77846427
82261144
-32528004
-72575071
16063636
75000244
69573961
20675876
-17841261
-24738955
-13096237
-55409895
-30832786
21157757
58577770
62883725
6919026
-63062785
3159967
-39037885
-10284798
10375707
-49780123
7701245
-34639531
8593894
-42259015
-26227242
34155832
78492170
-52786386
3799020
-41874531
70753088
10421130
-36906508
58700500
-62950631
32361498
63997755
71526830
-46320023
43354080
-88956386
-18557476
1017750
92028266
17467658
28062955
-7652632
-96166705
85762931
30083344
-29750017
-80804455
43252461
81166287
-93681527
26260446
-44652447
82815160
49517688
-34448486
-73003154
96613910
94275679
-37963511
-74647515
96086500
-1928131
-93006179
29598603
71851239
-22173160
61391827
-65517988
-47795689
-91431206
83914574
48655120
55373252
-45204670
-81483777
35721175
52475219
88626722
-71522404
-14399042
-28245306
-51760541
-92018731
39406083
81246324
-54396266
66589450
43313259
-90157825
55709752
98279972
15882242
37817156
-70274938
-2555136
93834349
-87571312
-70587656
-18052396
-54227436
7673551
-27259034
-3953954
17247415
22119166
-60306525
68247779
56790714
95484833
42085621
45538083
-15324809
1680656
-79522586
81571848
-75811294
-77857133
-8227
82217922
-42886287
-7288059
-8099125
31052949
-44282742
-58979733
-19312120
41442032
-21066401
-66449577
-57496598
-15710818
-8794336
-58276279
-88481265
-16836432
-52705977
24183858
97794646
-35865079
52750572
43276257
-87657349
-17781145
79509613
99213415
4956312
44692883
-30017663
75868330
-99302543
-67104165
92938092
69552895
-40293564
-95246371
91172060
-7582194
34672576
-46436321
-26197595
29329109
-51154314
-22757347
56552452
34713937
46490382
44387714
79382711
54941128
80289747
-66951095
46766753
14659203
14454332
-61182563
34025757
452806
16157340
51499391
9835608
-86169776
93214021
61368624
40129710
50172432
-65241002
66539577
9814176
-20564467
62586886
75995087
62435639
6418558
-24684890
72136748
-60919880
79865122
77473998
5240969
8505178
-23489169
-39871448
-89764759
-49135674
-32739815
2761099
-80676661
86832990
-43859461
38171071
-68546937
-91667464
-71952518
-14455235
60394172
-96695064
99058745
-49990861
-77374480
11246272
35311548
5459011
-47686489
-61065626
66651192
-40465120
25673795
25898543
83811001
-85318815
39040271
32634383
72126649
-68206763
-44352557
66892591
-29247839
21700812
92772841
4156543
-38096987
-73674577
61111112
-85860491
-21399414
77809093
-42728169
64899750
-8388078
-87838282
55918579
-69220477
-72799100
-90554203
-86706864
92369704
-67394333
63075663
-5944058
-78611798
-29918926
84650522
-89989920
21029646
14942712
-25354576
73009367
-2136381
62187890
-89896981
90884372
-3413173
89571972
77156343
-89714941
-58790333
84069005
-89709120
22671448
84884182
-9866859
99461016
63857946
58555329
83224476
83297689
34205156
-26301947
-59342024
33946916
-1922410
36469822
-58795940
52412641
-96507041
-54120757
4107788
21960629
-77727089
79960363
74100628
68960082
82999590
94849597
-94171779
68853716
-29231724
94038848
28135165
-13435168
-79344110
36658557
52508996
18201170
-31788634
-76310892
-75186968
-66624863
-55652245
36953978
-92941886
78545646
79610667
-1222185
69905515
-31562145
-63398945
-18636717
-91024308
30348711
-74469029
48169832
-94557814
-81023070
-65220066
8805014
-41685186
-3503630
-79580083
47475904
-60591209
-75440448
-62910841
-9920413
68803602
-57767092
63752618
79024487
-90334773
-67000368
57405225
-17706203
80186910
-23715568
-97291891
-81291678
-91064357
64411105
39671001
2051471
-27349491
-82788813
77702299
69708361
-51656133
12437838
-55676701
44294205
-81796435
7619078
37454195
39132451
-71466131
1604322
9021214
-15964226
-17671812
-43112869
29957478
85855704
60975401
63424977
-36598792
-25946751
-50991336
-71224680
-72774662
11020954
28318670
90193518
-88159212
-46797792
84396770
26002822
22443024
90139154
-98702476
87260410
16292355
-99888528
-86244592
42593931
73194181
36305307
-11549023
-39186699
39985670
-94750379
50832738
55497063
27562520
22899443
-66496584
48913584
-30884793
62525501
18138035
49005924
37999272
60511811
-47847572
-62687865
29606146
81760245
-18760040
10543223
29616242
-92151437
-4150872
85001834
-38633224
-63496022
-71941532
-54118901
-48992755
-86443380
38612004
13602698
-37154566
14720915
-67560248
-93051744
-41359647
97028873
-33184213
15419920
50402215
-6995543
-7467902
73939261
36294841
66795570
45389731
10717323
-68158049
75533421
-46464531
30272854
-25082635
90356288
7062009
-52404608
3840351
-80145679
-50767815
-23737220
36182320
-40328524
69619837
-75666502
-26863550
3889845
-91198088
-20345264
-84233937
-9462119
28270068
-40045875
-24288856
-54952126
79492714
-7399550
81308693
-64307075
-56302672
85047117
56648217
56981449
9383701
62347009
-51809304
-58076737
57148191
-72088591
93306098
34751403
-29089659
-60447081
-20028473
-31835663
24531159
-90039242
17092593
-24887146
-57394174
30833656
77174927
67734895
24102395
-87639955
53800435
-24108808
-88294692
87291952
-346483
4017584
19972367
-60028293
55028414
64627759
82971157
97361363
-66919401
-30794497
54589266
-30421502
-20083766
4659157
-86288411
-90949978
-77675362
-11651557
28275748
57848776
56645910
97274406
31084099
1912100
91028787
84318422
-40585823
-67389410
-16647202
-30634941
47028362
-2813715
76016301
79796746
-84531748
22152021
85656185
17118592
52001273
-52381483
99257985
-38371479
-1985694
-95780893
-37985536
94434751
12715854
-62956967
-22771834
-89091166
40593321
-8832699
13284910
-38805850
-73193871
3222834
-62757511
81035881
-54690536
-22385302
76684107
76575775
17247840
93585921
12205252
-62882276
24519648
29294472
18895562
-69508340
-55680036
-87331592
35777534
50998479
2539538
55030284
-41511338
-21824749
-13330275
-29739056
-65619455
83441888
-10372150
36956718
-78906296
-21384445
-93493820
3684927
54474214
-48051367
-31740315
-9642661
-79269872
78564317
18400802
88179462
9830964
-53706677
-15666997
-26719156
1918030
98180954
-55630363
-9078253
43306383
-1751435
-84156222
10338404
99984952
90475955
-97407013
27918604
-67804782
-98654864
33609089
63308495
82369642
-39520604
-94387873
-511393
80588774
43264797
81324194
13150227
-20283391
79815677
28412545
-80571452
-65422862
-14849202
-18411056
-72504210
-86496085
-38202358
57694777
27939939
18492768
-64226518
-33364828
99454372
-38516656
57784426
-5674260
-74821852
-68245579
55374887
-37328284
97145965
44242633
65604520
30559687
-68987849
-6473533
-58016707
14779443
7802737
-21671348
-14217
68083481
-18561369
29315755
-30664441
18423171
-37205341
55528825
-49244466
-90829204
54393135
79654944
-14825683
36834335
-98689379
-55131716
-37186741
-99187989
-49144344
-49746728
-41551467
-64451436
-51675745
68071312
-17515417
-16565884
-394455
-69675113
-80463774
-45594876
89351830
-26075233
-39500463
61405977
42931842
39344442
-33067983
7009900
75719182
98811101
6205361
-84182862
-13663385
-77624169
-92833256
-2800881
28890345
-67570551
-89266916
57536500
-64065805
77924057
21057050
-21552019
48900251
55124714
-19723262
-31153411
-125589
49038794
-17797413
-46063745
-76715597
-45318227
93833037
79856784
1221937
-29580065
56388802
2810633
20220821
30022614
-84476480
-72781081
-1969486
8264858
35787088
16401899
-7968715
-57921399
36475405
-98997113
51270993
40642300
-22554846
-11226719
-32735144
1222035
63796407
-80721682
-36271559
48690882
4686923
11236483
-71067276
50462833
86979152
76820746
-57822335
12707980
9983505
-74172176
-27088784
-84598230
-47945215
59933991
-94690115
-86360164
51454141
61734065
67752665
91709221
93929992
65152675
-77351734
69807498
56142881
-90039969
78139663
67688134
-96126798
-38074412
91790586
-57806853
-22094795
57414034
96506261
-59909441
15586391
36429333
29592149
25969349
-48566438
-96875330
26054082
-16670117
-10721700
12951365
-82823514
-79900728
58013191
38572850
34463291
-2152447
68383214
73427931
-12397283
-97799431
-83970501
39901409
8392209
21496430
-89717526
-60873109
89242564
-77626433
2868242
-8032116
-99026
-23506992
-36836451
63920257
-32964391
82999761
-53024095
-57248575
14737758
74292150
23264816
55140649
17431065
-32325274
-23770358
-25770035
-99949319
-77817740
-17851970
-96705461
45982198
87532880
-78196733
29252340
-88904166
62047502
-9172965
70317114
12684400
87610043
-67325401
-12310994
68154803
30980882
-16335365
-15983948
-17891563
57005500
-98985478
-20034760
26933314
29488017
41904468
82599930
-79399769
-49964753
47994380
-34059488
56081519
3513074
84335413
90218781
-22249320
56263450
89696573
77225197
-83096088
57897540
78961675
-36057698
-8768200
-21341954
9187309
-13158944
-6799174
8331630
26986960
40396008
6710887
41880070
13922887
21468923
-66016372
-46910316
-60116399
-58448955
-38326891
-15534063
-92147602
-73960431
83574219
4791591
-916581
10663262
-3331516
65720089
-83221309
90887917
31141375
-61884568
66308612
-32591215
-48406514
-54823855
-82803651
-88660760
-35645454
75166877
20829964
57003894
-11926905
74330567
-62740200
-3198866
-2277556
36994496
-30534652
-20624337
37566534
78585677
-75835236
52907031
-54712567
-46961297
-92111703
75115261
-71157385
52612676
-26326051
-14482495
46634064
39891634
55131127
38302921
4221829
97665996
-62313372
70884788
57084183
-65652276
75127365
96962570
-69881429
-35175251
-90545566
94663758
-72784538
93197389
-97226847
20105709
-87101676
20900987
94651625
-3140248
30000950
93644851
-7951346
5958571
-22958279
84291824
14971894
-16637567
-68715265
5993795
-97318979
-92058651
57786916
-36885723
-33695483
66533334
33731609
46775642
-9067099
-45714296
-27065674
97241340
-43737738
-74511944
11874239
-52459972
67966913
43607072
-859355
-58857302
-3422500
-77070921
63174792
11453102
-59575764
2385397
-42932449
87743208
-32568098
67498052
-15693922
-57270238
79483669
-27478914
-23102586
84161758
41590277
7783816
-83853800
49794969
57513538
-52679157
-67444482
80223318
53721869
-21239434
-22483560
-82909148
-75972387
-41960733
-19487769
-63292893
-20074958
-57287385
92099789
83928932
51858300
90934986
-19802341
-8451583
60447300
20343576
566253
56018385
2320629
58062212
-32870541
-7199035
37039519
37080113
-95027246
-23135461
70487187
-30208497
-29494193
91240895
40182401
52725122
-35960938
-29652823
-23348409
-90057054
29285606
-82400171
-11633411
-13211469
7808589
-32384060
-4574185
73707814
-18301143
-60001001
65131267
-48086055
-49964661
38922746
53816241
60154973
-72085503
-38320081
-68810627
3088494
28335181
-57841512
45691538
51179921
-12055952
-99366995
-48447356
-53238873
1330295
41297655
36476395
-74090273
-68451094
-77147713
-17211184
-49403746
48025056
-79845201
-12958449
-86947453
17276554
93407981
-79335757
-7534928
43534259
65471456
87109294
-45640190
27561574
22354554
36226686
63120281
-80499801
88310623
74822665
33046123
65947799
91421302
4423357
16930267
-61176002
-86838515
80607322
-26169681
-82609190
-13840371
72879489
-87471910
-88675581
-90473961
-19847223
-99073341
48412754
17561069
25984389
51895097
-48404726
-25436423
-70567098
-16676797
-90982017
18161404
-89623460
58026513
45279781
-3315702
-87941839
40563061
-54326810
-8527253
-51741587
-89700306
87026689
26541413
27337453
96959444
49471401
-37411157
-59279899
79811675
-7352488
-67874258
66237
-6286287
-91357918
-71490583
-66211024
67822646
-70833806
-26736095
88517979
-88583230
51592387
58417271
96041407
-38375361
17208309
5025534
83513611
-77716375
67531512
-18482969
87526730
-27587071
-11938141
56325454
14607328
-10585088
27899621
-84872237
-29882893
-62588972
74694237
-42876077
-24566565
56014315
26429122
7659902
73797329
46448603
38020944
86717553
84889736
-55011807
5757498
57635722
55897868
55666635
-11796879
-97535932
77536617
35635000
-19483414
76757705
-76533245
21359996
94411328
51188069
28496042
84628539
23067921
85106820
-82517560
63713356
47972798
55504812
-76187597
93844699
4579025
-41306417
89499845
-39371906
-22440887
19598744
-85816312
71012481
92996260
-87070248
-58005059
61791107
19762400
84469069
-2546928
62906395
-86016886
60563106
-69650953
17016442
81735604
1371137
-61719472
43497325
-97011734
11750717
3858923
-17315771
-55121158
82283037
-13296758
-35771964
-39489484
-75652792
15079914
80235662
18693750
6854683
-44082831
-67935787
85465101
13014235
54118706
14330873
-81195313
71900240
-68282411
-79883276
-34153800
12590506
-36012348
43886220
-80246321
-49639912
83824883
-77569904
13217878
95188423
-4400756
46390478
-48526001
-19701355
-25909183
-74439005
23701606
-67964402
-68298149
61027589
49937535
1982281
8973578
33598815
4155251
-36648790
53162778
-12904532
62656210
22275873
-84157053
-54018595
-67151229
38412073
-87400644
-77871237
67020443
-37546524
1666804
-50436252
43993155
-34131625
-78445293
-86365958
61137033
92885630
1596055
-61156488
-68109480
-84404812
-75622122
8660290
-4055296
-48715525
30669428
-10015357
-35140509
99190841
-97863901
-62790814
52374789
-22851205
15530493
-5336029
7144439
-71050754
-33493927
24368001
30090931
46442714
-57564004
14259493
84685048
-54293642
-73837495
59297538
67243113
-15615429
-11607692
-64060979
-93815666
-97251165
63302414
-83948564
98858379
54205183
-24218682
-40445785
-77201389
-18522806
-73685799
-57863697
-68163916
-5394185
-38649767
-14129912
15964819
-38712925
63659181
-81581164
54336835
-17936581
20878698
-36203824
59355136
-21570455
7768810
5830341
-23164505
99294296
-27028943
83879328
77970204
81258136
65816853
-58939003
96431073
-38641375
48001146
77516729
-24916192
43523381
31554732
30095673
45429331
24145013
28150655
45940521
-89147316
-25930610
-71382545
43351912
-9432311
-5039036
-4765203
82932048
81667689
-92359992
-59343242
96109112
74136632
95574446
78564893
83491196
-98024141
-86905423
-53678301
97751375
-89853410
-90479793
-3761452
-21435887
-32554874
24001216
-98648798
13671482
-15361649
99546637
-91014149
-18261288
11171168
-72815537
6204433
2688040
90353610
82821662
-89918383
84860703
-4497234
3962189
-45208776
-77400079
56330958
11673461
29378533
-26025226
-41665835
-42979638
89433935
-98734442
-24609531
10484537
-13562146
-74399386
95328274
-80493994
19601304
-92574386
42923818
-29453922
20170375
78382446
85517007
59285812
-25146635
-98507517
17368967
-75543763
-36885407
-66440201
-79260190
69600212
7333096
17987790
-77863559
-60912621
-82164862
-21462884
-49972928
53871335
-4012408
4703786
-42153299
-12712633
4380780
78038784
31079512
-44863834
59782781
68754972
-63536793
39734296
-35940940
75326962
-50922926
12356644
-29006427
-89294160
-76670173
59273703
-42651435
24771634
18132587
63636228
-51639397
-96124244
-38952008
42193421
68340380
17495886
-90781745
36104723
-19879280
-65825575
22630666
-62522421
-52648107
32464205
31497014
-29676179
-66012617
63457663
97258920
87644311
-87291560
-72339532
-40331773
-4351079
-46350367
14376984
18341515
46404588
-54944236
-47281847
65482226
-80418138
24166330
55027795
69881789
99729645
-7338392
-13090703
-79343486
-95354070
4423065
-8165306
-76066782
5015536
-46295395
85722223
75644182
-94051580
99103623
15437235
60140393
18937669
30892137
-19099400
-55588789
20608785
72011316
26622636
84117293
95661901
-22086654
-3389982
-79132201
-14638842
70943389
2086154
5778779
48734137
55850577
53674171
29411936
52846209
-22122074
-9584100
2579339
88151077
-12728438
73319886
-51546499
20079740
-16647587
-34301632
71176947
-31336770
2841207
-89798591
-9645237
-82722210
-67857014
-65844564
84047222
29332170
3672847
81783017
-34181604
82691296
-3018823
-39971085
-65412906
-26052487
-64984744
-68713681
36148545
-49877364
-78963797
-56211208
78601648
1263909
-9153754
-67350105
32623404
-9883222
-36670197
25986972
-44242028
39101191
52557754
-20543195
35882713
-40057247
-52029542
-6527993
57727021
-71574692
77571840
37829818
-64423713
-13292992
-32133648
57055871
77219525
87619283
32960557
-68145428
-80962382
97684622
-61544529
-57246193
24571730
-18350034
14439657