73011718
53821642
69404053
40470868
44279864
-47240813
19719471
82025606
-8903931
-90598494
83089028
52570083
95688668
-74039448
5026429
-76499521
-94961185
-14502258
64499407
74089218
2162487
35305821
6713985
-31957526
61896346
-35974118
-76956464
88476916
-37413540
-75192535
-80182064
-16544532
59551939
-59424663
77344918
74631117
50455883
44999014
62285423
-48369004
-47772896
36604217
26885812
-27598712
98608825
-74634639
-19905450
98444704
38902675
-11052951
-19089094
-75104694
-21158291
-63163766
-76707680
-47994218
23043261
-20548591
53143507
-95618670
-73588517
-42207515
93055741
19830146
-71388715
71510121
-75820553
-86728106
86946840
-60337263
59851072
-48194737
-28615424
8655641
43284291
30961865
-76609997
28464281
-15228560
-75447549
-83615142
96254902
21446924
-10391168
-6097048
-3000818
92786941
-85865129
22435459
24011772
-26042348
56914089
30280140
-1834895
-30305740
87484161
40075484
-6058602
49715490
55161636
28200320
10251491
-72016007
23022115
27457851
-69946569
1012472
28080434
70502206
-84841729
25952445
-2885959
-40064742
-74546477
17409275
-67473983
-46448559
-97431303
-74710324
-66969572
-78471514
6353897
-59838367
-37896688
-32845823
-48644383
-27061075
-34249576
-18182599
-84676698
68019906
98823324
-91399032
50653741
-57135640
34760709
-8747719
62758636
-19920152
-7829463
6214854
78150308
-18803846
-15156195
42008528
42881573
-63618784
35290274
-6817878
15848665
57109284
90143695
-36934004
73851586
-33815024
10749830
50763715
-50368427
66856693
-35761896
83467893
-80865732
-87005620
-1573944
-49487254
34958553
40272790
5611414
-32473545
33748892
87046492
-11632690
-22241489
-83195331
-19528313
-35673579
76858711
50005459
6971743
16019366
-11961784
49246061
-56080023
92129772
-23568219
17730980
98382482
-32992154
42639023
85821472
69371697
-81689004
83101113
49077081
-24225794
68006716
-68975757
-32003354
54594404
-56118323
76766501
34782035
24152686
-62008626
45598303
-38822480
-23402985
-75280402
29665953
-10784973
32613553
3857813
54334191
-64497377
-40641923
25917117
24561113
-7180842
-29924529
-75872791
-43223171
94561706
25749885
62553232
-74028641
33131397
6952378
2012965
93905361
-86839596
-86101457
80292757
-22564341
75271008
4656813
-55005470
81110287
-602994
-39170574
63444669
75423478
-85418386
-88924105
-80385455
-55953834
79577255
70705470
13256200
84498165
-57456597
225646
-56513922
21286688
33775517
-99951338
-17751616
-44579246
26711095
-41754596
-51586683
-96166107
38213415
-85738936
29182777
87403169
-18956297
77275118
87108929
51300316
68398839
73248378
6390502
23416182
23479423
31563272
-10622455
72590335
-40132765
92930908
68295263
-50654749
-950925
71299035
82569269
11724827
82262819
-58533946
22466273
33422348
-61807748
64132163
-63564529
38462652
99667117
49046519
-58355132
77426957
-4892287
-49452180
3117147
71261922
57553729
95986119
45715045
1377707
-96914415
54491999
72150881
87054342
76543060
-92279062
-61988765
-21425090
-74778008
-18300366
-4019111
341618
-29610786
38250838
7420348
-40983774
-7521832
-26138083
21369727
73508450
-97256651
-65980469
-15710523
-22733579
44815334
-8887697
-27289083
-71185325
18951548
40710867
49582642
-5960971
-99690194
-90869390
-45996494
-48802979
71214059
-46338237
25299711
-55429450
46337139
49218182
22285864
29679228
90341736
97913639
-79762472
-61088187
-42297465
-96782611
-7628798
-39868359
-79860442
-13302144
86162378
-55641576
93744724
77304036
-31778736
-98942480
9011249
-32280800
-49063353
-36286662
33894937
50019224
94718833
-3679893
24946154
83461859
-7267829
-98992561
-66676415
90555833
57042845
8635884
99109497
-42938448
6343801
19179879
-56345416
96063778
-84724453
69287840
-49424127
42274151
-22011023
-55464476
42099389
59620268
78135509
-43318890
-84985086
-20405101
-1734771
-49537047
722237
40226880
-56494418
91476248
-48155975
-36778663
-34198436
68814147
76734410
23205274
81765713
-41373932
23645908
-21664515
65464864
10608282
19239925
77407898
91614999
80884049
-98872718
-28610976
-26218144
82078655
39139749
-61951510
-719054
79524477
40580248
34368703
-49854805
71768892
41180820
-17152823
26736384
49584058
99107776
-47154414
-92615946
-24092013
55434601
-43859352
-34156075
22476049
36195582
-67458206
3252981
34261930
82382913
-41636830
28597925
19544546
-53710816
21241075
30495794
-47268838
69602093
51095753
-16475522
-60678924
68021946
36876056
-42787050
77626873
46393749
-76961568
34505351
-17617514
-14456524
22806007
17944372
-41467714
-85959597
88499024
-26093318
-12510276
21849858
-33044998
45512994
-3661757
-61593307
96888865
-56247068
52198866
-23383702
52106697
80225525
-31127564
-94795555
63358058
-67938551
-59985004
18126098
-32899089
-10742625
-89458491
17916277
29279610
54076572
7691007
20814716
-74626586
-67702840
-4665421
52175442
75307307
8110517
-85535714
-25370032
77149920
-50934024
37880390
11580347
3415124
-35037528
-99605459
54957416
76463455
89640472
26189464
-98486997
-20785994
-83949946
-16666558
53997409
79203933
63652753
57784745
-38682257
-90281521
59645047
-98570397
29828729
-77040160
-96342464
83244720
20183071
-33194161
80680640
-38128333
-76887626
-63014897
1238354
28795556
47549415
-75673571
-58054579
-77572570
-91887487
66932101
72009696
-94364284
-57436903
-64457716
-42195471
11852265
44466181
77952858
-3739400
-33951896
-7979277
-84328921
-39857428
18010491
99111724
-16648295
-158792
62108836
78447649
-8267926
64143852
-78455811
-84280480
-81698941
12914948
-33710039
-49380771
-75792163
59107705
-84086147
-81372429
64619421
31300964
-93360049
-54003371
55266825
-64261864
14176683
-81315120
-9942481
-62349890
59340485
-80599191
-11966110
87938278
-85399788
27406779
88372656
99790626
-78421160
88334289
-12004223
27056652
38351189
-72223403
57716979
11832435
45095500
-99408253
59478103
8380593
-99263280
-29138503
-60012093
-3929558
24829792
-97092719
15340366
7842376
-35918325
5212852
20641205
-85394922
44171339
63655809
89614390
15017891
72233702
-63964787
61727100
25864662
-16017947
60944400
-11485441
-95404175
-66675905
-65078308
41522633
54850166
-86599187
-20812321
-96318722
-34172288
50320794
70973685
-93111861
-3585004
-63914624
70356524
-61232032
-73269383
90993450
81387091
-44358912
-3852910
78655636
-42824981
-91314169
44314384
-77341773
-48831830
18327225
15489272
-22926468
90405496
-40821718
87576204
-46127078
-44004129
-22711804
-12435615
-95242933
-62755420
75160189
-76153118
48847344
-25074576
-44964478
25985033
-95815739
-98991455
-96776792
-74197485
-7972325
-64167351
-53385260
80750354
-20828955
15364911
-97906785
-46312350
27845972
16562872
-11843932
-18186612
-3730734
69729222
45579008
-87828409
-82779851
65636783
54905695
-16335564
58286568
57706418
11186954
-51915626
-98891868
-66664711
27066928
9442727
-9746578
12045922
-24853794
-10092580
-33319228
43329243
-60450808
-36898164
-85789860
-96414539
-90093969
18655928
-24041029
46381918
77465261
8384028
24769231
36444086
-80603832
-70603405
-28051620
-14402827
4320489
-87285502
-38869884
-75141646
-82211601
35587214
92790383
47353115
77029116
27811496
-97248062
-62988916
1974357
-17930952
3331222
62445182
-16283266
-6621311
-16746662
76397005
55241398
-91014833
78023288
-84713316
-79550121
92208787
85981933
60514205
-6802022
-71271957
36346481
63059101
-43159660
-62181298
-44137228
52651384
-77986873
-21102930
63536917
-39506423
-59098116
89888939
77055878
32506451
50852335
16200614
6689237
20148900
5398673
-11242864
-65402836
-3511727
55690663
-45757754
-9457709
-72251894
-93332167
43158933
-12847140
43806293
-53780219
-84097613
59529443
49981436
64159571
97202017
7022902
-76094975
-61261697
-21359844
94982655
-25226341
80106051
5490183
58510211
43135833
-33733753
65311700
80985769
53530758
-74129911
-59770799
-13731972
95100276
41471570
91986135
-88681227
96373805
85907373
25923795
58767294
-80069656
-53139372
45565071
-10073848
-33908338
-38168277
-11272460
42125273
79826512
49005113
18296384
73347548
-86771336
54945820
-28853373
-55252299
-91428599
-742077
-66613005
-94058719
32003259
-52156144
-5372978
29616985
26982023
50461534
-2823746
-66190007
13162578
27438087
-51526126
-1968283
-82192300
38256524
42605887
-31951589
-71300214
865342
-36810300
38355340
79040040
-88022855
-41115107
-72104688
-80275683
41949661
6030859
-15370525
34525806
-13576690
-43032200
61739615
-87428294
-23286601
67843645
7588899
-38654260
-15891087
-57663885
44903237
-42869295
-28499710
-57881805
1345234
-34733276
93373374
94621253
-28929723
8705137
-96658175
16549541
13502963
2019434
93377235
81362303
-28867881
58726820
47363758
-25786146
-14629062
5892127
-55951062
-96518506
-32468036
-37309132
-84141083
-9975069
88405554
-49369609
-70935938
-89619136
-5738936
64441254
-38982070
-1803601
-35170072
97252158
51116814
-19368623
-80947128
62468805
-72076059
55489560
55005266
3065205
-59308376
-59492164
74594401
-42470162
81266222
90607224
-89805597
46167156
-78546650
20221765
44592150
51180379
75949078
10590693
-26976853
-63959552
22112416
81558295
48653128
-29744933
-26279371
-81499240
-3049044
79179818
38651398
37781326
-57389572
95526034
93357175
69670549
-7721562
68020623
44824606
-24485178
-10201855
19523654
-87731159
-34399845
65741457
38434024
-33041900
-71102425
2199980
69516125
-82514906
-6282620
-11210314
-8412939
59950007
-51516631
59407539
30761150
33759337
19507816
-648230
25054868
-29777388
22084868
-74936511
-93826710
82237536
47880258
-53613725
-72064367
-27026650
-51134778
23743015
72903586
-72404347
-12516500