69933727
-92236346
52454210
29262573
44139128
-50452804
-50395459
-64883442
-11802543
-69636048
-81974422
57666879
32318269
42793614
-35967019
-16167198
41974568
-9631864
-42713910
27992910
28813085
54803376
-61735211
-11208087
59625352
-2980742
-70947212
40242637
65107630
79158917
95289764
-99111809
39751409
52173557
-28375870
-13385851
59198787
-84751146
89108080
63435631
68747067
-53192735
-64556859
-49494866
12569715
-11509589
50531534
79839416
-72346849
-92198415
45708227
70424235
-16562500
-5098755
-89739391
16797523
9545421
58361073
31978183
606567
55674683
-30711006
-1631080
-93981158
30951709
-93744740
-55205222
63273945
34292393
69403926
13967422
-92222600
88685590
-23872385
83966991
-2448806
57661978
-29831661
74478626
19951323
8903875
-13558805
54735787
-90183317
-68668332
15536180
31678600
98880048
72192772
69806260
98946809
-30479875
-53635557
2695399
75013539
-79163105
58473370
96269188
26799859
-43163205
98502402
-89531530
-14613269
21708486
-14511086
-50285446
66129089
-73614256
55229546
-14297471
-76503232
66832732
-36236119
24851864
1715322
63822004
68775849
71120912
88082340
-59795827
-53968658
-94108121
-86107680
36515898
4552785
62504984
-21410087
-49445866
25901428
20724923
-2401724
-84526253
-60698211
11037469
-14570565
7690930
-41429390
-98063202
9216647
94115772
-17866736
-25342656
74984354
166007
47613031
-96776934
-94702156
-24058789
60702790
9011456
83752126
40383411
72623061
24555786
-96963853
634023
82501834
-98579007
86954070
66591064
11788504
-89551236
22615193
-56509915
31532037
93297304
82504346
57293705
-87355905
-70692135
-51923379
25026018
-20150055
-17449080
88210530
84629642
75928706
40879963
2000546
-86741304
81439719
69786338
66066346
-36349904
10166410
54292346
-41949711
13357234
-53738045
-49863952
-85927051
26481766
94730310
9171029
97276415
-62288931
52066728
25385806
-97052654
-73483362
92249626
26136908
-4888656
58888076
-11412422
62042374
78148822
60201180
2864673
36332664
-58907274
97007169
-47340418
80933432
87713857
93285143
56641488
-4857666
-79728425
56777166
-83855141
-49451800
-79714162
26181881
68927654
66702142
-90329036
-65662512
60193775
61153285
-1344410
-68214220
73731396
75425521
57033866
-97493729
71896079
-7621204
2658036
11029237
46207138
36780319
-13426119
-62546492
-97170325
-72788996
-12263616
31094443
83041896
27969008
43438179
-93488857
59742405
-89811201
-20831879
64907481
-63638312
-26369305
-78340595
-34764277
26872755
-14843623
-36467998
-37875593
-11547026
72414490
-92460702
-39867754
33182177
43864683
-48155565
29994117
-25944008
-69162114
70699684
14524746
-46607870
73613799
38625609
-646419
-50271911
-2428065
60251160
10584070
37535532
21060151
61152835
25868703
-26306580
94475486
-72815990
12612898
-57935347
65502357
-79060656
77769288
35521749
-62815642
-35642636
-47941157
-75492964
80476504
-19796406
-44875387
-21314271
-15073942
39045445
-21794381
91283418
-33450267
-97130131
54097665
11445456
-95957735
55728952
-40998970
-78183625
-55726916
-13446918
79456973
67362731
-81470669
-49143369
19090272
-31032503
65941591
-38452184
-87920819
-45566662
41479381
52705361
-49810614
17236124
32428313
-58334679
22944218
51682651
-33690593
-7861125
-95635379
-1946107
5564514
83733998
91745321
-3200682
-99825908
11156807
45195267
-99076984
-38971034
24923645
28919124
-3982661
77767952
-23076137
-28075611
84349689
-40326486
-12691644
99161345
-83600778
33869849
-85358739
-74893782
94667968
54047615
63045837
11802312
-71598721
-96373942
-83397239
-11759570
85977521
-90585176
13341801
95880651
50089162
11009795
52700471
-64611829
-92597975
-26363522
18772244
66370673
59066771
-96593580
-91190773
4317010
90674193
27574124
1988571
-45684476
-66155851
5448403
-42730341
-67864147
89398899
-1937485
-33829084
31638458
21310349
-99278475
-35171163
-3214916
66939183
37651143
-67099172
-71589772
60502151
66050005
-40407200
-51954986
20274229
-22430507
69580454
-77809101
-88537908
59719682
33615244
-4536572
50114599
62841534
-32387060
-94561157
75891895
38630194
-54259455
-49052091
-27226526
19349599
89810930
-52726640
-73930885
54963965
-72607293
-94939535
-74829176
-43095252
40671320
-41639063
55525716
-37014593
-54728129
-13336059
13679094
-13556399
66406041
52114703
44216704
-99775177
-48493689
-64642793
-24711885
87126159
-31606602
28095636
-50816373
-52796435
-43138517
-95150636
-86203212
-39121850
-54947697
45929049
54218903
-74128615
94484600
-47312586
-45162805
15256264
-53978396
18948352
-70282371
15720714
25109230
-23285589
-2778747
-53091239
98025387
18963056
-3724780
-6800809
61882587
-81284863
86517564
-55498828
-29383250
33428714
-16555320
-48926070
-82447818
83582317
-87243816
-16849349
89064718
-7002062
-36197029
97715306
-85803831
10429131
84091880
89420567
36326843
-83938226
25216357
-96627236
-60901043
-67102370
88550460
755835
-62606477
72014404
-57311444
-11715840
66794244
68980228
33157752
-37978939
97181210
31724969
-11973895
17944440
38353307
-35493748
-29512440
-25490056
-95782973
38251875
-5480304
-61556764
68304316
-54399229
-95413467
-30723225
-18528746
14697909
-79002061
45340390
12772593
-38705282
18434842
-27778193
-24988393
-15388028
19518894
-66998289
-77256703
39768707
-19850075
28938937
94677833
84674717
-19453363
94329936
-92105453
-56828926
-97793212
10730014
50098084
48193272
51701079
-47585627
-17483255
37693123
-10763947
-76883474
46557691
-9809878
3527681
38571696
77347740
-30339017
83703820
28590779
88884872
12411684
22106890
39485099
-71478124
-46474377
26243926
97753631
75972054
10925462
65365638
71554223
-50382535
-43810701
94975063
93940809
-28936174
-30953612
-14988137
-86207749
-10332171
-55625758
74254183
-43807393
12235972
77141394
64149410
-38124696
90712982
-47825144
-29152806
89927133
-19583788
85839337
65375095
59917646
5760731
68364068
-58204220
20818010
35171870
-29041630
69888472
-92342868
-59823475
-19860864
-30765103
27345450
-33123645
-22473209
-71087317
-68960898
-69380126
-16477811
65633859
-77419695
93438861
96176385
6640052
-1519152
86755721
34231855
79528392
-34341070
20173349
51795855
21557233
-54628685
-12725080
-47213434
-11248362
74472674
9554736
85104441
-38767051
-59082542
-52215117
52108894
-9339905
98596222
65580070
39722071
42647359
11287726
-6773985
72288416
86105576
31921287
36179819
96282575
-80951902
33277618
-25395764
-38218517
54211312
61145567
42355312
-77286443
-65776086
-88578368
87202303
86668185
-72496861
-49183359
-58875497
-76316083
9145786
-52435754
7759988
-98488611
35180687
97530103
-86952920
48561599
49365160
-21823804
80718557
90864678
39940310
69087881
-78411536
-61330039
-39090877
12300956
-84493408
18548930
49155854
44011669
28896680
9330089
29374283
51826084
-41465723
-32813329
39101937
-71982660
43835802
34960645
56355211
73144851
67450271
-20829575
-42403199
-97048454
-54105406
-49053261
82852901
59539901
-35834158
-64553707
-20178933
-26024880
49723967
67038821
-15656552
-70279975
-95136364
-75441196
67895352
26668838
78863235
-96865798
-14556019
22618515
-42250984
-73180676
-45533374
-16296849
-84561473
55191490
-35183983
-32970304
-91084827
47490705
19044293
-24691545
-87019089
-92592577
10914765
-59841883
-57021026
-88664863
-22003728
83364007
-93186928
6447299
73745894
-49369789
-28472943
85725637
91009348
-14064836
37907184
23489617
-63631508
-39785278
-56279676
-74374835
-68997389
68192342
63633572
-90901871
-49026673
71712588
52055172
-86162134
92587472
58170821
14691528
4261955
-30533187
-17773645
-87440527
-52328725
-27184276
22425022
52337611
53637297
-94782538
87877114
-946807
-76761400
31300107
65344468
-86470177
58038597
54799063
-28920210
-99564821
-41363195
-1995026
80323550
91097197
99922940
35235975
-66845666
37614713
-44822339
-68538006
23778308
69995960
-40120035
44708889
75295355
35748902
52629488
50383932
-49553803
57885794
-83544134
-96360817
-59037555
35513843
-11564495
-85561616
36135875
-94245776
85367504
-99730621
65350820
-92229175
-60610919
-59004739
-52425722
57081117
-63046446
-29077837
-47428642
51363967
93877487
-52898177
-64660826
-28208508
-17107038
19325064
95735916
75396697
-48982578
-74002881
-57107286
84322596
-75835474
47219153
23667828
-27572661
-37044738
-55796372
-51725895
-16277902
39508168
86753146
-88882514
-53185912
16272944
-24890582
-54265390
63802462
94263622
23171000
66186263
-56765755
40165976
-7712284
-98384557
22617753
55242635
-29098319
-4402916
-79542051
88606543
38482611
27539573
10265144
63279526
-97229327
-50655209
11427694
90331771
53401607
-44999598
58489996
24053768
81007990
34023619
93098984
-24080995
-35358211
-83787460
76569076
-20242797
-63786688
34182922
-69735813
72733946
74807181
-92260086
-34709088
70567468
-18881338
-66963442
82306278
-45622111
-36678838
-62355439
-59777807
-75379321
70856980
-16412820
-52863884
95111344
20555484
-19919839
-88595450
10337190
98127997
61275313
98125055
39613777
77223547
92976641
68352404
75207358
3535762
6343013
85436404
-26697605
86826914
-41898454
78849447
-19517153
45064515
14375658
-83771482
-50456330
36893352
-92846769
25294193
54183759
16633478
31111413
-26125439
-82086698
90997331
20079859
-45874318
-36522231
103156
-39506653
-29493210
-68409128
-3374713
-55716201
-93887077
34206093
-69851595
-6679094
46708594
-22818059
92286793
-71606646
19404476
-66823834
15395359
-19477100
12499727
-14113493
96268485
94701905
21076627
37723608
54685413
-82985214
19417864
-4590388
-77406277
22444727
-83537330
-19030532
-66792103
75914631
14196669
99559845
19854503
-48704741
47553198
-40965580