62623498
-12865885
3117425
30095016
85749223
-38529976
-37428443
56160072
-65765744
48149199
-5061959
83901701
-2913927
93365283
-11249994
-44078007
-50367056
-22623578
-9782620
-24532667
11775159
83116062
-32127562
92505755
-6246785
72955892
39867874
5994635
32540809
-7136737
-17306856
-94760692
90518462
-67855196
9953273
-60169354
80276569
-19013075
98020962
1050276
-6696230
43410898
-10139956
-28936369
41382731
-75092232
40736789
17655413
22132982
-47219710
-79539660
-41138178
8417032
40045959
-57210792
-29645106
55476862
94834676
80922163
9763167
-95101750
23718333
32396923
79008258
54680089
89304908
-46802150
83373938
54604772
55028576
-37643912
80909387
-54235891
-76166136
-81611868
37760801
87654626
8314103
-23735134
25299317
79592283
83604541
-70700099
-69453652
-57688456
84251216
-51330171
-29508380
48606715
-98386921
-96485408
53100731
-10906886
89299105
-30883495
-67371295
3427170
68613994
91468056
-43087070
-15050393
-43039710
-41046904
30490631
10441962
-12349141
-17980316
14245446
4898260
-4933141
-69383443
-2461452
95429106
35391520
98238679
88942977
-53449019
94227827
-83291756
-3069350
8792730
-62791535
-55730486
-42928630
-15736662
96381007
-42146098
-17712145
25185602
31079902
-31808481
-66183864
-67769743
-41691370
78475656
-46144136
62158382
-65916539
-74049381
-46969214
-30123538
-95594345
-21957866
58560850
84827396
-65716530
43541152
-82442060
-63073520
52191283
69414284
61239489
18574938
-55678582
38525571
6086577
-87178642
79089287
-75279295
15447427
-61598979
18906887
-41668025
-53422445
29333934
37792714
-19572922
-13658276
-19509752
-19656311
59697557
85668757
-24876413
57551099
-204423
-47067659
-71363167
89357384
17535453
72707885
3054842
54615315
96084948
-90364043
54642591
71646485
-57132850
-36027206
58506302
52467191
-46065550
-84521791
-36806374
59544635
76372637
-95424323
-13303990
97659465
-85498608
-74561141
-39181779
-47584397
-11795094
86893734
-77374741
-78679496
-22294262
-36946138
-90511285
-74532435
29995220
50122749
1808035
-19593851
84269001
79571219
77813985
-55300657
-24039865
-25228816
94773361
26485567
51021047
33640783
-5827802
46079605
67044146
-9794899
-39841835
68512415
89177526
-1310759
-78529023
45192888
77253211
-15994967
-31758305
-22849490
82518434
-9315194
-11878821
-16368560
33371180
74726372
-8842457
-27136867
20701014
-55697374
24864422
-44991603
2468007
-53501362
13213920
64894546
65211831
77058027
79848784
49945468
-61727301
-54952984
-72683860
-73992933
-17399381
-59002841
-24974926
-56521756
46974954
82609070
94112201
-57501501
278000
57475513
-83452637
-46087608
49149286
31342953
45969135
-49701407
74285156
-74245438
62874817
40465951
-52663118
50049603
-54947004
85163954
74626188
83406887
19789469
-5692457
34966314
24775282
-43228202
-93842815
-9318987
41167207
-18441367
83751771
77874819
-61438866
10022055
-22558175
-76372966
22525844
-15915366
-13181359
-62456569
62387354
-43405980
-30994848
-39907626
16694596
9591454
-26982079
16373016
-32084322
-60431264
-57083115
-21923061
-34954355
29459543
45928968
33691692
-42549534
28226659
-10518061
26500674
6824901
19200317
-61962554
-10806
60734833
75056290
-55225443
90921710
59635071
94899490
67420440
-88122022
56480488
-89186771
-93913390
87849338
-63909239
-91791512
-25031114
9978520
-14082155
41632257
-80381058
-29697425
-27689565
82354036
-45220069
76888039
50378847
85006591
-37580504
-7334422
61787701
11716287
49360587
-98685636
-6283083
-7981213
35264838
-81573197
-93362940
8337549
-55769824
60577644
-89634924
-24850160
29871344
-42261284
-39025778
26087200
67304655
-68621770
67249857
-4573377
84287260
-98303509
-28603710
-32636609
-94668832
-24048050
-13579537
-81946646
-23622949
-66978857
-64196429
14591889
-40578200
-614412
-12120827
26414994
-21283973
-24159356
59404831
53505435
-13866570
-59009772
8423759
-21963472
67667536
8918878
731706
-73283671
-88743802
35483195
59305061
-74938443
-68348215
17703481
32093523
-12821927
-70694361
70127418
17178348
89317367
68822535
97525971
96074231
16942119
-50458056
-99378122
412713
-34826517
55249752
71014623
99937768
99723972
17683079
39876303
54086566
-4641294
85025515
-63354498
-88677676
-1718490
-79384972
54542441
-60016933
-40832758
20649450
-23087156
-92448734
70140469
-8434583
-91645561
92066639
75154978
25099862
-46560285
-43655049
-23987933
97913403
86429395
-60961443
10588439
78541503
56281869
-29279553
20898404
41931146
20855608
77978688
65381068
51566744
73528742
90954285
-36424989
72052970
-10066357
19405116
-79422058
82781696
12673939
-51914064
-64357217
26392281
-94888484
-61819775
-90869934
-72362014
-43283564
-24599680
-66862958
-12366355
-16502366
-98701375
47421583
82956397
61345505
72878914
48390695
-93999887
-24295867
33438693
84238659
4219416
-95938453
8225388
-5559976
46643631
-8420534
37524751
-23768648
-99920717
-31463041
-87059660
-87467671
33346748
56956930
-35559348
2769671
38435379
-90619083
-80711042
68588672
72040435
2740795
-45791335
-11394912
-86654607
-36611400
-58357974
-97338391
5203509
-49500678
13186155
-89493079
-96704499
-277954
4594097
49009267
-90223826
-2184058
42288392
42113556
-47495113
-9013640
33379353
-27789352
88270212
91297777
-92546047
-67550011
-42122
86777085
-33770883
-46367239
23410402
-16428136
65797133
-92217291
34581898
85414147
67438914
-43593304
-33280852
-78032168
83530576
43910246
-13914633
26751347
-39358090
-90228268
54643747
96467539
5831099
-50309603
-63694274
90403815
93776092
-13895451
-49087837
-91985659
-94417638
67703334
45642297
-72954854
-16988058
-19631118
-86777906
-40142990
-22432088
94307872
29986634
1400891
99562474
59475543
-93756323
-68092102
-13190397
10930966
90079790
-80135945
537918
-18511672
96784789
-7723697
80904442
-51073770
59996106
-68668519
-63445245
56423531
-17724248
98691936
63365630
88345794
-2132464
61529959
80493456
-26504794
-92519880
15942936
89468787
-98666021
65010266
-32300692
-3938028
20596255
-91853258
-75625647
-40949483
50381735
-40593350
-13839272
69139473
65569732
-918612
-16471848
-84697181
61863669
55451341
-28171429
9755302
-7069005
-71135718
93075584
84440965
16137791
24513620
22876173
-60516791
86657756
66913517
-27245108
-62325588
61050150
20841193
-24416729
16288256
-41623436
-24411807
48170625
57059067
60971241
23587859
-10581717
-66792439
92107966
-72700394
-3364998
-33721877
71904011
58064921
46045281
13702953
25448312
-14663049
-46455235
-55138243
-48922495
-61817586
83973344
30984973
-41097291
4800440
5060622
42994031
-79454453
-13667561
20544244
8350045
73418143
-93968078
53215526
69174641
-46909292
62166034
10604731
31673396
-12839569
-88618080
14964435
34500523
56230195
-12675545
-71632480
-31684972
72024593
-82463818
-61018310
83953807
88802229
52932464
-12313515
-42573468
63039652
-37491813
30567588
-44070039
6068758
-2726466
37278331
-34729828
15700295
-15081723
-94200356
-72134232
28204022
61685606
18973451
-60619666
28708090
-40982559
-47558411
58842877
-50992753
-90079523
86455211
88910874
-30867741
-68368490
-879550
39331307
-97713963
32546729
-27182390
38906754
-76348644
-31643549
-95268929
-98047961
-48568411
-91513082
21342919
56010078
-72476381
-24685320
10676083
6680574
-42639807
1879336
84154698
88064944
-35723013
-56366446
86731548
66633089
39926314
85280935
94241071
18329706
-46194908
36033363
12738263
-50298048
10747276
-39986541
79535856
15941787
8534303
60978607
10250117
-88434270
-76422217
-27146744
-46046521
-96569425
95739271
7479701
-68067096
68851735
42626330
64600868
-67092257
-33003956
-2085976
22929418
54308321
-45053377
12192940
-94680520
62888720
11817597
-33703606
-89409705
42829222
-70430842
-22062614
97486667
-51467277
19373769
-32871555
50105822
74383628
25235867
67752097
10751570
-72462171
67741866
30780849
-13851569
92336402
61017498
49653009
-72654428
-62015719
54328384
-51384695
53946676
-94559442
-25027038
53940549
-21147917
-59414820
16750121
-33252850
98337672
12320097
99242646
39124667
91395453
52752214
22377997
24418964
93168155
55107460
637125
-49158112
23985376
-42199890
-27313236
-19813663
-89185395
-88549867
36827004
57345997
37572361
18429189
-13069717
46980636
-38145625
-38118156
66319992
6413949
49671896
67215263
86594969
-46534737
-25065799
36353513
90847906
72418464
47050987
-47938595
-16820198
95454288
-13825460
21236455
88187816
-18103973
-68071960
-75838189
91836682
41491681
-17287393
-26838904
-17386079
6913918
-27666261
-6772750
19576817
33638196
29333336
-25289411
12560624
27866749
-27508811
95587129
8464143
72054309
-66946803
93420561
78615990
-34839228
-69870255
51643456
-26649064
12075445
-78929704
-98413234
-94617605
-45885528
-45040538
71995981
-10655452
19396007
-69577716
-95410035
-13022836
-82681846
-88769334
-60579323
70888000
49735444
85938264
37245629
-1187028
-86388937
-10282441
-92176630
55372852
-22854428
-28557726
-81498873
59958963
67821296
85993302
-19081886
60219618
30641001
-15260797
-48655988
-85945313
47385527
-63648052
-1983487
50598974
-33883249
70494781
-83833496
97482157
2181151
-24063503
-58198060
15801223
-24576451
-37964341
-901798
97520020
68599351
-58317053
65647482
-57231605
58736611
-1336162
94068312
-47331273
-21982014
46691418
-54591899
-3015132
97466425
81132104
-28740740
-62698068
11331568
-10907388
-84545739
-76188547
53487713
-29102928
-48589802
-77709560
-24402551
-56340964
37363227
56397617
-33887390
-26052784
-30747102
82161496
90369846
23470047
64397016
79772730
-38338005
-46461300
-22108587
30477641
-93434164
35180301
63630642
-48115724