62046375
-27122667
-52084763
96140257
64895092
-48644776
-92594970
-413047
-28185613
35088164
39399091
29177311
-80530065
98993408
88706452
-12200533
54975641
-36628554
32298293
51690217
60235101
-23673210
-51622782
-3756361
54666637
58185968
26224700
-21753478
-47703247
-56656354
-85854029
-11577694
81319962
9471379
-19889738
-70155661
-90945225
-24985368
70301564
43019288
59896635
-55405983
61570044
-90421819
89457977
13987096
14801680
78573
5255379
85790991
63056069
25340864
20691461
-54108131
-52398445
29001033
22924270
-46108037
74633539
-35378039
-10279263
62147115
91838095
-61458298
51195307
43534790
28648310
46920980
19990437
54176473
-17760911
-8926837
22280390
-78469231
74444950
-93739995
31184886
-62605315
-92808706
-75856780
15450959
83106421
86579285
21425643
-49191538
-54276387
-6037825
83009979
-6012668
-28316146
-86022969
56077373
-73565134
-6097271
-80609220
225526
-94111863
69284468
54948218
-76911721
-47315333
72117415
-300302
-53684667
-79670687
6487361
-96250703
-75040637
69998146
-53763714
-41729374
-64182721
30470515
54373363
-15899436
63660477
-64968612
92884911
-41891489
-31214052
-95548555
52327316
-58207470
-505810
-1423118
-86396804
89800973
-33248898
75661243
-21341706
-54814288
-67406413
-93850736
-68054745
34554399
-34443528
-49739229
-48280465
-4167442
90683932
-2196358
85988881
-77705166
63778226
21752164
-98734466
-66598644
47636424
-64194002
-70256332
-30647984
53595636
-62153109
-81908449
25934316
55457888
-55214564
-65979729
35916145
85604027
-32775933
31712787
31618966
45078203
-37973326
-5464129
-17685091
96423299
-30532027
-92406343
-8675878
94525254
-50531154
83233832
-49633590
-2324263
87734266
94175975
10355826
38281203
-40273347
-93942532
42907439
-79631097
-93284617
-9625654
52809162
-71156800
-39355637
12964591
-32261676
-45971186
57184983
-213063
-22781608
-1242176
20649678
-55223063
-97991401
32976008
-7649847
82185907
-75159828
-58337560
-86946618
-5163187
-20072923
-13393205
-90757880
-1844520
84980658
93394494
-47292881
9347730
-44900741
53854893
63594698
93179113
-79847677
-64403131
-16862008
67973414
52962815
4772110
95565368
-47439690
-26331465
35650326
92013305
-41587227
-12737550
-25219367
9946875
-22612340
50401697
-57680567
-83498875
78645936
-38849276
78454720
68277636
17246122
29269236
86280217
48869922
1312667
61640662
-1869701
-9724707
-81854150
-59391214
-5927267
-77666964
40366837
-58739334
-72512694
74182179
30139779
27925065
-29075217
43249520
-33723509
-20042183
2130910
-24206489
83536330
-56474017
-33308920
-13861271
-93774310
19960794
-43990039
-13916758
43097123
-82245928
-4059929
-10259069
3770399
-49691513
65916458
-9653212
47429587
79405856
-97696220
-43416881
-32556758
90549141
15727566
-3063042
26470595
57873104
14228988
30541933
43382900
-71457824
-73080419
-37318066
32091407
3120739
74380490
-55878361
-90959080
-34908382
35837977
-40487964
11669491
-89392638
79606699
-90813842
-96478220
68804173
36972219
-92093153
42064803
-3831651
-10051078
19074190
16571449
-27209660
-45409900
88479047
-33560986
71727625
-76196105
43774534
85250225
-11994583
67163114
-28429657
-85793369
-29274508
-50919457
23836864
67415692
-30958279
-73959564
-73827228
67848131
-43711672
5208891
56583824
-11184767
64051539
-66844485
56129481
37220961
-17398241
-8086954
-20934312
14825061
85013709
99653352
78714457
9688315
-92676483
90493938
97889609
-83365446
12983591
78609379
-55236705
-40892056
-7728088
-3600261
13339678
-64885040
88601255
88874717
-69028651
23440389
17120255
19715915
21359309
68097929
-27097446
23624456
-54075373
46057825
-28791108
37451345
53622879
-14415700
12676612
-53288329
-81568211
-66250684
-68024876
-33105756
-43868056
21831195
-74029974
8407334
83208563
-62764434
25382368
-22340128
-12522466
-63392891
-55544882
94431302
95699300
-25194499
3658361
9178620
62205065
-37926315
76645088
15182910
-78684724
20545090
48894495
-75012159
-16024842
85261783
-65725481
-65655525
55426092
-55535113
-42092080
-2989019
-89439055
47985839
-36835688
67036062
-56148468
14972129
-88798377
-73289837
58490130
-77828633
93382877
75049612
-65485007
13427885
-52151911
12826388
94438366
63693510
88225305
89094126
-58841395
-80326741
-62393993
73892770
-15946058
-88582449
-46153392
28468254
23871672
-25414803
-82493158
-10049054
-71450147
43628849
-62492845
44021018
12443378
-83879701
47897413
59969174
28712532
-19746137
25297246
58046252
10109871
64428500
-97806479
-58269947
-87179750
-8017063
9152727
-78485559
94566369
-98372136
76183953
-79263624
72441292
85662643
39906009
-43748832
-9922030
55552091
-91768135
-99778902
46142648
55710616
-60000678
-23805345
25650302
-795772
-73658420
-48071604
-72382545
96987633
-20943841
55544398
57875077
9372940
10422157
-60127020
-6666247
80463475
-31433081
-9648312
-36774759
20364818
-43213467
-6829531
91092739
-6058593
-23678729
-65863795
3222936
-73222351
31074975
-21196462
19969535
98275873
-24445052
22997022
-20670885
96286557
20647343
64326160
-59024560
-69388035
27166240
22957074
3763914
-58113147
-40945106
-53716038
47565425
-76750052
-59375090
-57462797
-13200757
35136516
60993082
-36719102
12694730
-73211704
-94588853
26473282
35493194
-90901960
45522099
-88425515
-74905643
59221677
-42529337
-74069147
41480937
75955059
-24611920
16047854
59153254
-90434766
80116662
1897738
10694099
86638210
5906047
61449435
-28577256
-29347395
-70796387
57136006
77259064
-85928768
-44932089
72624455
-48097299
79133650
94874604
-21460661
13301589
-51909896
16184007
14739312
-42043170
-91975297
-93259197
-76825746
37799567
54289966
18243770
-91165037
16552223
77477115
13166375
45178044
-50023925
44839455
-60785621
-21554040
-94935046
4880259
-73007288
11611221
-52304727
-45280863
-60976807
-79041714
-97171980
89498139
60485496
6596575
-57149302
-70743689
-13593876
-88973895
27082172
-52483374
76942780
71108526
-41111323
-92447831
45343013
25192263
-97501837
46665724
-47271428
-8960510
33426744
41134125
66404877
-35045583
44648017
-19145030
-91596619
90297318
78542067
-18971284
-20774782
-81253920
44414349
-71324641
23409194
28115162
66472128
-20266670
15389269
-11517773
-34577485
21814847
92990976
18311307
-91785084
-4746114
15424873
-72873787
52316057
-49437907
-54656657
-60055057
-43518052
-50675856
-3722453
81275514
-83735910
-85106860
-41683855
-88126861
-63152830
-71465963
-29367643
41903861
-80558815
41987942
-80622158
-12758009
-11204276
-92196102
-28055064
60926894
79231556
78040581
13816009
73404661
-37345647
65863006
63077129
86890244
51884629
50125812
347612
-64670479
-58364238
-25693294
-7875533
-18046662
85814459
-33961150
81046795
87434637
45667388
1428560
-53621969
89335557
-49337287
98194997
-99646373
75456784
-25256555
-5552767
-57719199
9214511
80927858
46367985
31323758
-47024769
-67596911
55042427
-90614522
-17995233
-72572189
-64296643
6525075
15789918
70969622
-5671511
-65750930
39164068
57175623
-95052479
84065712
-93070985
54921724
-59644830
-15473952
-79556813
-30289310
-30697271
-95236460
85336668
17248532
-34944894
57720646
-10633329
-81628949
-56705843
63271301
-39875943
-84829994
83735420
-11023051
-51807160
14226247
-40073541
99583719
55270706
88167038
-2287595
-29290219
-98008475
-90579392
54357895
-13513871
86050653
-92240865
30060859
-30002937
77222019
-98943586
-13397829
35726043
-43722952
56149501
-34048764
44220229
74691255
-96166537
-33754094
84747729
-92669321
26697806
16744716
-52366398
16464632
-61195909
53617975
22780077
71984286
52584571
69315861
-56542437
79668269
-39407208
-67353781
-19364942
-42860349
77481626
35664374
33518931
-15104448
-14457544
85303545
-66535015
29492858
-35252039
-64081841
25929127
-94863769
-63101142
-88662435
-81871666
30500725
12541706
93241935
27399171
-42749129
-46614117
-8090322
-33373483
9912311
-63638730
-64134925
66230693
71441285
59498526
68994366
-27292023
-6445484
-59830359
-80168918
5185150
-70963092
-23621637
-15281987
-42397661
-28429617
-64567785
-2127514
73473745
10222587
50967125
-14884685
-21036778
-38071466
-28190120
12745456
12218377
57584947
53248522
91113917
-13156695
-61694742
65684179
65279395
452687
57064065
5767688
-68012906
32060053
-45667552
65125206
-28051248
96762785
-62445982
94486387
92266871
-62993978
83929980
92464099
-31265708
-50719859
-59770202
76991032
-78656040
-4757840
33977406
13979410
63955594
-41673806
14364385
-30510728
67743541
-14261232
-69525585
-30303623
84721795
-61236332
47198807
5344853
38425263
89860787
-26227294
84341793
36830178
-47480860
-90945809
-80433086
75860646
27091703
-46908710
25686350
19835543
-73275268
-23689141
69974268
4077368
62646694
-98720052
-30711529
46276738
2281169
17153549
-41306497
2490807
91307524
-52250045
-30012256
-19240652
-61566249
-42802979
51044022
36301028
15683290
-97835365
-48417749
-93663347
44317404
65065739
6073029
24433490
-93458949
76806810
45071024
-45261652
98493594
-9254616
8522259
-36147487
-17798203
12736071
70998582
-15683985
24074861
35749626
-10753531
-58159051
-37557026
31547944
-57725947
76768014
96175237
66690068
86395254
74486498
-13647806
-86722762
7184467
6684369
39384942
-53037045
-35692633
10314567
45302661
83074256
99368196
-60737538
58435860
-5748825
-71202077
-57858755
53323551
-60236691
6747104
-53675659
-49610543
-74688422
21358497
5436665
-37669066
-30258453
63631997
29495158
-17807142
-66233935
40553242
63384134
70814598
59688736
-23737874
6992127
29224633
14522535
17972338
-44672174
-2190259
80297112
35024392
-54481500
-89148971
-63644603
73274690
-77044009
-42458557
11241432