68779480
79250091
89533474
13869418
-50085499
91787850
74486683
63357718
18177317
-1674176
-83854705
96500745
42486557
-67996580
-98081919
-29176024
93050211
76574008
70948010
2790299
-16948838
-23255194
-2508647
-1885248
-47786598
43745176
-19745356
-56304289
-83951687
-71986715
-6991452
-70590873
-91942296
-72450977
32200944
29180543
-25330437
-48756372
-813121
-30222554
65801870
88735352
-13756459
24748195
-33123555
97343034
67944049
-82472410
61394922
59671798
-51795291
-82437368
-30632498
-54626089
51065056
-32675106
-13258060
45155425
-65087903
53761244
-26755693
-8106677
-84895704
44752964
-1064269
-17444456
31404515
-31028958
-47637348
17762021
89824347
-51528951
26126763
23240352
97119407
-48814604
88080663
-43510935
9241677
-93863142
-75481917
-78479617
-61597495
96740891
-88337271
-57632166
45613103
-96332806
-55091902
-40836405
84747576
96074019
-60625531
92856053
-84478946
-39213425
35396247
95950839
42287960
4212735
-80571855
41700922
-18067538
-88324826
-55015740
84543055
-83132437
-61347979
-67274908
43556600
-87368612
-11585193
-33359565
-82022760
-65106750
79303515
81442818
-56973431
-16237371
-3164185
-23339483
66188387
-94932352
1021287
-68019424
77788332
16084202
-42657754
-46432100
-2050622
-9543998
47904905
98209741
77401074
-58967504
91246865
32675565
-57525109
-39669219
4943988
-91052238
95334205
-40481623
40573534
32337462
-65590242
-59897572
-66977601
39307609
54962128
55163481
45232483
33382911
-51396804
-61840609
85743548
12722177
75423325
95021564
-42711618
-66856359
79620544
29619905
14002046
77409612
83874670
48170338
-21579024
15772018
29905265
54873292
-61935875
-5822597
8213072
-37906501
83340681
8694347
-44156348
52251141
49414664
-3713312
89075077
-2417601
14536097
26544678
7442884
-82632099
-6616788
-1490746
-48891819
95708145
-61828243
56441816
68353412
51550642
-94111150
50637274
-71235778
-21032676
-65323894
-22984525
214118
-97428636
78703737
723492
-31347
-24871429
60356826
-57782353
-96543077
89949482
50942179
-89057321
41226866
-18744959
-86448179
-69172548
36660928
-43025585
41596047
-26205087
45732045
69516165
-22699866
-26452047
68288390
71459996
16985108
13770296
-86024922
3906671
86883193
33682825
-5493817
-93644932
45975397
30139103
98289621
-8011818
60789466
14002164
-71386887
87978725
7067128
-12749066
-43377023
4961057
39060340
10003609
66207424
-59166261
-41355109
47575274
-17567833
-90447736
-30845823
-81411486
12571385
-14965635
56295045
-38691611
79922826
85281510
-20667240
-17346719
13559958
-91863466
12515588
-5246723
-66899084
72522571
-28537855
80562143
-63404547
-91883373
-9322276
-38257438
-27981993
9859494
41269141
-18891896
-12059928
32381129
77097401
70293587
35005553
21343437
-21259509
-10986435
37502846
-94485166
73786618
-40227551
-31873794
-60135391
52834416
12997661
-32487056
-54014050
-55577647
-17348194
-82195693
94612045
-25688499
94856680
44536695
-49273619
-60129638
-58255838
70585091
10303031
47597615
-25845846
65843787
-92133569
56502542
-8687732
93416963
9831158
-21152384
-75794524
-30572746
-78955518
53242962
-68419321
-59735513
66014701
20599555
33482583
80945115
-38200502
77181225
-7351961
-39770504
-51090589
-5456948
39052010
-27384781
-97845730
-25133254
14480012
-71657810
-40689100
17271664
4521213
-88009502
-64172233
-89324645
-49466191
84051851
23149885
23213325
80354692
4394875
46088790
92152777
38444994
4818158
-32042489
68478854
-71451103
-11530411
97217597
-63633729
11014981
-2374645
-93127160
35595145
-89702154
23776755
-12680052
-10307098
40751192
76246869
-15463048
-99564025
-92478372
-66079216
-84813948
28914941
45712597
19324918
61621767
50072841
69737731
-52313116
98277016
-51620454
-75308349
-52931345
-54688566
58864891
38448458
-90177826
-76406768
19709316
67263184
-93947674
-26567721
72141911
-55248034
-92601109
66804088
59566605
11503799
-60096074
70901922
-25036137
38516087
-86964350
71148958
31148334
36581185
-14940682
-74189942
-21571035
45450013
31950076
-95147801
-61871922
41208740
-14102893
70124710
3803770
-61083052
-62704646
-30743435
6536022
-63434557
79998729
-80081871
12981362
-24810202
-80231662
-15638147
67847878
-45810880
-50420158
-55043946
48628503
-77267910
86354796
-53742146
-19282023
-56488273
-83020742
-55472472
-95409810
-93261891
-8408175
21112711
35292965
-85946664
-66915045
-98964863
86305808
-3686669
-54996319
60836921
-45487027
-62747400
14296778
55142121
-83082152
-58449369
80031157
-68300695
12736549
97140484
14579100
-57133151
6582190
-35563575
-17103961
43457000
68092216
93159597
-13546014
-26511051
34925740
-93073210
-65156910
-98403403
65493142
10548227
96761394
-14347444
-98233077
5730613
17705136
21989922
-41990952
-14503043
-86383361
25384356
-44069191
74988885
24886224
39131191
76955874
21618019
-30872311
-60453024
51338810
30821549
-54643117
-62694183
-24374918
96749556
-88884527
54285162
-241398
-3251197
-26618469
3410775
-8735213
50275544
87327401
30522255
4644838
46437462
8985532
80092601
-17631633
-51756209
60395579
94534147
-62722084
-55350416
84846010
-98916773
82378601
86611404
-20402982
-79681261
45203376
56138644
-7669524
-35101338
93796349
80227024
-12759915
-84660396
32509205
8405820
-87517162
-99378172
-7664840
-11633868
-92015300
-541032
-82517247
37557401
-29934792
32722480
87558136
41395386
63697816
7072756
7470466
-54100406
-51338952
9710317
-16001671
-65170113
-96049758
9656517
-26673350
-54455906
-30906045
-47817435
22427653
38935211
-59781982
-1206872
9211099
-70652912
-59327544
-48149372
-55150432
-62098793
75557093
-31357516
8644771
-23571091
-84796282
21984148
41249424
-90442775
-51956826
-41199548
-99413146
8122475
-24186073
-58352594
11907449
-28204136
-13476326
-87798626
14552581
95293187
-32670385
-96242468
78861882
84316842
-73795365
-75424268
-24475619
8860348
-1154183
45781107
-29622492
-26298398
-43145242
-35160576
34981741
-53275549
-18515166
70636039
-41172946
30252779
-35257629
78882609
26800839
-42649573
-97213670
-77075686
6424506
35889031
-13695376
-19611287
83510112
-4704836
-93193648
66826233
10585650
-8157488
77423873
58913548
-45715755
86210269
38035545
-35995803
45624606
-63559510
-20984782
-92549736
13329897
-66664564
-51291649
44273643
-97035011
20169001
38314788
-21948499
-78732904
-52140133
-47264474
-57709993
-5683962
36189425
-46880292
-14400898
-21032781
76166461
-35127711
-52484842
38532756
-55802882
-62595563
15005017
-23580439
-38104189
54575887
74726004
46906555
25228723
-97823388
90232282
93202758
-50821507
31646783
-13223709
-8646579
-84487429
87174769
-21003424
3483230
-96254743
4214022
38887739
-17153197
-22759149
2296461
-98353894
51117699
-98379104
95004384
-7778503
-6285043
15286478
46128039
30841019
6209053
-22293
75338320
87943664
68824917
-78091344
-49842533
32846436
-23826500
6256605
-32341887
46433313
-89428809
5954425
80610428
33124254
51632206
-13460530
-32734243
-82295956
31552971
2251511
-74970305
2429105
84946123
-75494214
-88424551
38744168
89421349
-88334572
-21799394
29582587
76803801
-1651532
36765277
-55884282
-29123832
-30142667
93133759
-40588620
-82489625
62336444
79042840
-5876082
86314442
-15312471
-77174653
-22483498
18558598
60474187
91080537
91249301
76778223
64124669
66656267
-89337363
-69975046
94619819
-72700359
98128482
5641112
20138996
64052732
-19933624
67589108
53798326
-95471621
78860982
86487703
-69382095
89884099
96858607
34631364
-11613451
-2485481
26279419
83940138
-96291419
-72204327
19825558
-24160843
77812094
-7590320
-250265
26224657
55806465
-31923871
35314609
-48442452
-17064538
-753127
89984650
94483043
-33898943
77434294
56327848
-52825558
17794654
-44070317
45442166
-76059916
-43725552
75983575
34621907
58549910
72424606
79603847
40745393
58709338
-4703185
-95192836
68262921
18152014
87374203
-76076566
65232872
-23856306
82231046
58820139
31200748
-57124700
61664026
23770762
-96978881
99807377
97893969
-22974537
-44292353
97204983
-5637659
68493016
41485314
-86823945
-99838069
28985613
-57034846
-56120348
61704994
-53267052
-52216474
-88858544
-12205071
-16070790
-17383567
24329906
-15982103
79552128
70888983
-54807448
-12691193
59023163
94995772
-95784701
91370361
84832338
-22744061
72442451
84450639
-46633542
-85778966
76541618
-69253881
-74232830
22391402
-2556937
-40656335
86321203
12929613
-35119563
36849165
-27155862
30743358
-12693770
37088219
-61835237
85430468
-24667588
-31374462
79258743
58107537
61481732
5259705
-8361054
82356049
-13189062
-33755028
61677358
-54674744
6974223
19940796
16690273
74715222
-24421826
-69271653
-45112418
-63540648
-8615182
63630394
-19246876
55940005
7876881
-3139455
-70141172
62816316
-78394784
-82628497
-58956148
31975071
-97873478
-97110747
94501086
48604466
-47675137
-68189682
16285975
-13879854
17145437
40311613
67852917
71860918
-35379580
5627912
37472198
53434931
-95212109
-30853247
61541735
2159398
-55606012
33983945
89735951
77932023
-91805661
62013673
-19885273
53384503
-75208863
-66027669
-76817663
-3793515
-42971037
42558251
38037522
-66435256
20509776
36339717
-52988683
-12285844
76699121
93996156
95060971
-35641194
55234877
1727639
22070617
-88652924
9929979
44903689
-74334891
51541259
-95263189
54654278
-77218839
6655932
76352857
-32566540
96823762
80553265
60628020
-4496036
79020239
57204677
-913842
50403565
63097105
62355137
-34764434
-54290481
81711923
-8759866
14520783
-6292636
-11481797
88472781
3894099
48456528
48506328
-91473355
-12104727
-39444813
-50757021
78208117
-24086885
-62418791
35936818
-41765451
75165725