66855736
-38294333
-17011996
37375372
-87943512
-34376590
-88745424
25953253
23635727
45349894
16331687
-84713101
35127296
41974796
-33851908
84576577
31379052
32531242
-12912438
-90454248
-67514661
5103716
-23374627
12030171
69727681
-77095024
83944883
82857761
18588929
-33810622
35274297
-97897388
-13326440
7211715
79730227
23430324
-10227170
6329272
89922373
-46612396
52240146
87038252
48615517
8600859
-48234798
96266802
41051575
-49904990
-71338221
61070008
-70059058
-59544614
-98054205
-22072048
-43624780
55991898
-10836853
96758813
95798523
-87800000
40913104
21761725
58205859
-18319706
70326357
-93238438
-83668687
-7319626
-91538091
2521406
-55594662
25535957
-59011997
75892063
-82479894
449967
-3450594
-13553252
72039665
-90625187
25567248
-41077999
85552673
48329940
25330675
-96751491
-86107927
-42890926
86307275
-78029390
53277275
-95885034
77994011
40668258
-34917402
-16701564
-77405706
-48138028
81978943
-47537109
7141957
63958102
-58156833
-7263380
-91994391
-32050660
-52044287
69543384
21892041
78729342
-27825308
39956885
-91236851
84035060
-75749797
-66494995
40023272
94590294
-42800558
75129602
-22160350
26236967
-41227483
-74503786
-67129838
-5514106
-42144210
-68107273
97236288
78863930
75699421
63107830
10583674
-24232022
9741539
62892561
66487480
61009236
-16327415
-3020737
-98492108
-971547
-95372212
-56246146
-99337434
19135860
-89617745
16953968
20230479
86115306
24840790
4171950
-28858824
2586064
-61438062
-67779291
35083070
-98262525
99561910
76792928
66325436
59338905
84913274
-21387521
-78530573
72789965
-35925338
-34173423
72215421
-60342928
-68647052
89374568
-19108027
26615264
-35044744
-28986959
62190972
86020728
89567217
-35740541
67812087
-96632716
-88145007
63245884
-28545555
50282687
22276568
1889615
-85738650
-61527953
-53178403
-14963051
72664770
9627505
21032344
54210895
53475007
84277169
83111923
-26105526
-47074982
36786349
-67855042
-17589016
-39868957
58971446
53072074
16778376
75653212
-27348164
90297798
35228835
2265681
88993219
39470562
-31039170
95586932
5035793
59589059
-76632586
93370569
35543579
-86564828
-27190033
50889456
-49588845
33564247
70558284
-63367929
-91367672
-1202373
-96352695
58435429
61229047
-7072536
59826899
-22167339
15001104
1016854
-96156825
-85870452
-25155246
-95232702
-3583678
-34089026
86650712
99715641
-24001269
-53425453
72044364
82282662
-8159363
16607716
-80290322
-94667807
-81004778
88850590
9987749
-52276829
57425811
34034893
42989374
31771788
-16087313
35290033
-5762156
90775954
-82080057
50002583
64890354
74637262
-82616018
74796417
77895538
97594565
15351933
90449414
61959676
-59708119
59383519
19654028
-33938484
83254677
-94968138
99498690
7217267
28695639
-57515562
1061393
46770976
57507117
15409987
66499268
69331350
85244973
5886279
47636366
57867422
53398826
38098345
70317117
40792693
22886313
70916366
-48524437
24040105
-87785561
75065656
-14821046
20690704
-89418287
43551638
-755754
-62455782
-51043888
-88966151
-53546449
-95838987
6161881
-97899603
78280300
33046059
-63844241
-45855913
71677020
64699856
63493441
-93660257
-65837558
-44273985
76810775
94691415
32151244
-21042949
-19742856
-12809163
94373241
-63673199
-62211233
93148905
-51798641
27594294
83401802
-49056899
45190245
71895120
-83678317
67685349
-30303877
-28175410
-26914058
97312677
-68259075
58728448
99275789
25622596
21683930
76072450
76369430
60482453
-70210401
-50256337
-16251310
70947602
85506063
-63872232
-65281544
39026077
-51660610
11916179
3618372
-50463457
-25214696
10937143
-87977672
39629478
64098496
-21642004
-36174691
-6383867
88093400
12631577
-35923634
63549469
-61429082
52619449
40865585
-88567111
26882998
35641487
60843528
-83164241
-36893145
52097012
49898181
-24945256
14894596
-91545898
25864320
-93762901
85481747
-31207830
25214727
47545909
-36502251
37524056
70828443
-51642174
69661363
18150543
-90812793
-12365422
-11538704
66067738
-75224324
52576076
-96582795
15010754
-57114609
-85586057
-61558962
59183182
-27114517
27341690
63336516
-98060173
-97263123
-73049977
58374897
-74798009
98361587
-55197043
36059020
-41998051
-40268653
24105207
86108909
50429169
-54133765
47909084
-8937636
33421465
9239801
-986628
-12297742
-2154932
-42833413
-14199372
57611882
-85157224
-55170392
-25598110
89160422
-9282478
-35456649
-40038628
57196833
21336028
73932454
3425722
30052458
91730018
71980242
-21997194
85528578
43951703
-55646389
55399466
-83956649
3519450
49445020
-218522
-91152914
61309815
-59556258
70155179
-62261123
-45107262
79709466
-90322931
9457257
-51297859
-98752308
-52727913
-87109515
-75437145
-50751643
-3767241
-87775271
-29561572
-34818841
-50283834
10617087
-82866893
21199183
92876453
23246978
-94326963
57493581
-26717205
-89804085
92833887
-44371152
-34479427
-1903454
-37659063
-81407523
89071393
8913657
86927849
-92600977
-16068912
87101498
-44524296
-50635360
-27763874
-33594493
-58108797
-40479185
99191385
12022445
-46073367
7956822
41506358
29745505
-79959487
-28600133
6212039
24306832
93793880
-10679730
80471839
78213147
27278524
-83389644
-42109091
31070856
-44988645
54664135
-84685223
-93670258
11544904
-50758990
-55806310
90081548
81955669
-15474911
-63756029
85391667
58233386
-71938600
-54450580
47508095
54500980
28971530
58836055
38819479
-41157668
6176435
73890656
18844128
80457357
-81337962
56393152
-74413792
-38165585
-26773573
-52105068
-40992415
87724075
-74805623
85251062
-96833957
-6809881
5458334
55068014
521751
70549316
52364089
-93294263
23492563
-43193442
81651072
-19689761
5240455
52930559
-92003775
32812200
38637118
-26010174
1913015
-30406472
59254213
93619004
-27107475
4968194
-76541685
53765508
43278645
-76235150
39208034
33820853
68251195
86310007
53745702
-63296112
-13597472
47189422
48374083
36181712
-27697004
74813985
66218456
82819880
10568354
-56418095
36213543
90236797
-93930012
4914714
-23935662
-76322126
13613545
45655969
-47869819
27141586
74518987
53270915
-7493558
90980827
38735309
-71883978
-58661847
-33175190
85687826
69430494
-52957231
72634359
49416638
22017852
-20008031
61116916
69805447
-7014442
96046534
-11062491
-35038397
-90030348
63847404
15276953
-1984551
64480256
25415526
-19253928
-1555750
-16653083
70501691
-34071331
-55658132
72327824
10901338
50926436
-43553509
-65024715
-12714015
76368098
54996463
-54516647
-55750966
-54268175
80560326
-94781615
64400570
12599489
39191528
-63849653
20225391
20955611
-22459855
22434228
85637447
50638853
89013486
-55312787
-97828315
-65659340
49305838
-86601255
-94977369
-40772865
-59187185
36837546
44342360
-84016780
25677591
-16812135
73206763
5287570
-65269198
5892792
-74065493
-28159753
41614540
67431294
-71975546
34448501
82761902
28518224
-33632877
-70242847
55972398
98309935
-62614720
-68670792
-47280147
-39452707
-89626645
76722927
-1381864
68136024
65435035
51664291
-73135796
82831197
-87410963
-63746654
98289692
-65638192
38512606
12581660
35330227
2544257
94364967
-17862893
46850665
25443745
29472297
27264502
-17102106
-49432955
3537896
9673085
-2085986
-48090292
-81200111
60005569
-7026741
13600911
-32162848
-41406288
43373567
54934198
397995
98320972
24359451
-79422094
-54469004
96547981
7184403
22029543
31187460
-17999358
-37900605
-13675599
80775805
84782156
68777415
90482450
51536259
-71052344
45145780
57293158
-53724645
78552212
-8916516
71683072
83960058
35706281
52285988
35971144
-36364779
-96395724
99023747
51961912
-32459458
-92883659
56324303
59616678
-63279716
-28791607
-18758507
-48394785
-48817189
54084547
-53647503
58256470
-30512566
56246444
25932734
-93941805
-89158290
-65199267
88101812
-20439590
-61729903
74935494
-19596585
-94752337
51007100
-84351897
-3437026
9078992
52104743
55791057
16283728
-54608833
-50025861
-10792726
82158975
-73936747
-52782696
23009370
55919470
-249964
-9421281
47795731
-63131645
-76827153
-83855103
69828412
-11897952
73664132
-34946769
-72979746
-66013567
93369595
-96354742
-77404273
-69710149
21805376
-17538840
16959365
1179453
7170918
-80120336
51261418
-58361962
-67081610
92030703
-77951465
-88233323
-90336734
-83085224
17218606
-57370063
-3987627
-6325234
53955126
5799026
-91644129
-55649705
-95327848
62548864
-56281579
74165230
-98219867
38461538
-25355373
27412935
-24806350
-68928376
-26283157
-3118194
-79651405
-41822411
-75524273
18681642
-25228586
-37245724
6519310
1964389
-62066969
31043021
-28008952
-20358316
-18047288
25664130
75290311
18902714
90680381
-47913043
-88591306
-77314194
43182083
48215734
98497548
-17667911
11528951
-68817507
86829745
63099919
-90392711
-94309427
-79234732
-13865513
694721
-77085451
-84541226
-1409626
-22123665
-19454424
48105077
-6188970
22517285
49035181
-91020057
-623615
10083687
39026540
-25862306
50185622
53277604
68214577
15500542
31913955
80989846
79705046
-91176536
78127795
22845918
35511983
21203618
-16073291
56942216
56772833
54263050
32471867
87731743
20041862
23788802
-19208978
54412667
-20205319
-29356407
-9233731
-14245480
11416626
-18084003
81063575
62182014
-66156964
72658133
-18535303
-68999584
74623598
-99633888
73909371
-62571305
-67294549
84248204
49767451
-51353918
61222212
67865747
-47547672
65599725
57783071
-51716660
-52488418
-11086161
32647988
67609077
-82084361
-82408207
57405954
21382281
-40544440
-22933340
22853387
72170399
-24791248
84371859
-55071984
56876639
50194369
-83630671
10639836
11694621
-889552
24534776
31923884
-23790402
-78743830
14874844
77166661
-99620320
-30073596
-94146057
85672563
-73834334