57429388
6306715
96232292
-17948726
-6970686
-77046817
23621902
9583813
-75028209
38276611
-43710856
-74170878
-19125512
-29241929
-71575745
66080295
-1835626
-81779700
-51396026
86945968
-91571139
-27845315
-40940214
-67232890
-46414787
-91647407
11682608
84604903
-34231407
96337195
-34718947
90665795
78784359
-2562474
-20247346
90997291
31287746
77541378
-98457393
89006820
-37709441
99194554
-72783159
-40297637
-30940456
-26079541
14024294
57636879
92745937
-83098584
-84671437
-6825790
-34404586
23728359
-6915312
67536257
26350259
-95986810
-28361466
29381301
67621671
-4365141
-90354984
-40868538
-7867493
82975900
-49699530
91749315
63047665
21150326
-74728791
12811263
47444582
65180363
-9772830
-99941492
46996197
8740875
-83998994
-1740209
76423341
79412401
-96423844
-59043800
-27919418
-88645758
18662901
29425348
50763334
9343960
-84157364
-32539930
-82992179
12734490
-18115305
-61747156
-89184700
-13751146
-9793423
7378835
-24285822
-93458808
1598355
23101924
-43498169
13432413
-49812441
72184357
-66774407
41414888
14919708
-64638365
-84549610
55875584
-17467812
86374478
-93060107
87603184
5348397
-86515511
70582297
8388297
-16560185
-25173475
92219027
-30633541
-75238958
-50778313
-25540982
-15639772
53905642
82523083
-46141430
-61131919
-44608020
-6092643
22100736
-61605743
39661624
97611432
-3995944
-27372177
-92797272
-48292734
43791511
76465125
95419372
-73366510
79542126
6976416
73924772
79745850
-76276430
85307759
-37157402
-82805204
7131459
-47586558
20674433
85205585
-68779813
-18562807
13192354
-40518543
-18481189
20653305
-87048388
-75753959
67543675
67929665
60494126
-27328111
-41278293
-5240093
-28810790
105388
211081
-8728026
17227338
20468884
88558636
-77506222
-86241214
27938331
36738760
34455522
69458592
80215369
34668784
-45308168
-27866564
-8430487
99042061
55145228
-21849547
15737275
-9186317
82156380
39131372
89218992
-8764944
64859750
76175705
-60527502
67967672
51235329
-98530701
55053166
-99587539
92521788
-80009255
35733087
-58627068
80051851
-70090117
72549114
-35098246
77532697
-24079209
-25158568
90146388
66906629
39704446
79122648
-67259934
11702543
-19678483
-52625496
-67577594
14895377
66517488
93511903
-22629900
-93340241
36672534
82979245
-32260017
-85270159
-92190397
-56122670
24225951
-43664227
32330828
45785899
-57541541
-33169378
46219045
31472660
-75583707
1811849
-19318285
-21214932
81352275
55436235
-11264906
-98832282
-12094419
72430622
54802219
90346463
14367074
-54385779
19166690
4969220
-41543492
-47334576
-42525202
-56854621
26416603
-80133482
25825810
-73871770
-55552505
-212351
50797900
-564269
-24226342
13876619
87492864
67282296
13753006
37798826
-98445312
68960889
84955658
-85106166
-45919525
-45285138
73936415
-48525720
28632845
-47212413
-70415104
67745936
29480853
-58883154
-87344968
-57554414
10218500
-91613941
87164638
-63621745
59074484
10208017
15810397
99543239
-30429829
34914432
-76584699
-30105084
97435952
59018953
-20113844
82128243
-84234388
23539373
-56100523
38110936
40384027
14063481
-99498159
89826977
69714227
-21517802
98902620
51483032
-68424326
-42997524
-32680055
-10437915
43806849
-86538424
-36662074
81930228
-21943096
57715840
-88139602
88013187
-73807240
71134743
60697633
91101698
57464485
-41310800
-36598067
-66043615
41523007
61110396
33779402
35588406
80942229
-44011269
28641732
95360670
9537398
-24627943
80991020
82323321
19813635
-86837760
-79097839
53922453
-66633318
39863735
67453421
36820599
-81380367
41638951
20779679
-68640465
-41431867
29347281
92588019
95108207
33877521
49118783
29379468
62951576
-88443693
61436385
-70300507
-76966693
78970301
6817413
63842864
-46438275
81814676
-23909340
19573877
96620755
-27954727
25845159
13764001
58864138
-63819914
-68214062
4450228
66554604
-15091992
-2648480
-51647130
-34754767
62218973
-25492686
13692627
70216123
31670752
-20854607
15019188
51938013
8891177
1212193
43322002
39419662
-54064567
48096546
-19799832
-50964834
-26427395
-15799453
15575299
-11070821
57715440
-85786935
27850161
37324578
18885861
31435294
90036099
89865611
-52244892
94557458
-24751434
-55637293
15495187
46643588
-30310099
26210846
25910758
12410445
-94770016
33995540
53016187
-46754823
-97834725
-47955150
-21057295
-25005075
-2591549
-65072750
13965156
94726704
-11356536
-77568691
-62640180
83262661
-39067898
-87440637
-52050158
-63564242
96609995
85751664
-26080970
40711101
94898539
-82735249
72826857
-45901635
18241088
-26672531
36616516
-65466129
87656930
-30872670
63860925
-74286393
322274
-53272103
-26355701
-65595050
-38151320
-61703221
-54478735
19771306
-93669246
-55272110
-85504030
39736325
-33591315
-83291944
37433450
69580924
74862407
97461701
-83449950
-63813776
-141665
-77797507
-53590904
51346782
-61419088
-95016206
-64819041
-31907214
-43027533
61190570
-71313271
-48639246
2499397
11583080
4341363
-12611072
1009116
-10047527
13742391
84655566
76292056
26115302
79040508
-34031112
-68292146
18253276
46285036
-6595907
8920822
72016384
-78234413
78238129
27138210
42656814
-31859024
82279988
-33004050
-58900499
28629686
44331314
93723125
-7703213
97267830
-19417744
11443473
94044376
-506979
-71522946
82855895
-78450539
-2041670
23509353
-12965576
-35365826
-94471963
-71003383
-12781431
5777145
66319624
-65561221
-22719936
63432273
-61623616
33938813
-45541203
-3637866
69128039
-19529133
24621641
-9218051
34263789
-6280661
39609317
-65494610
-18487382
6656006
-69918975
-94549024
92836851
45144803
-22962170
51271836
-74163152
-46630071
34388101
-9495524
-53016979
9121005
48055324
5692858
-51530136
70233974
10132736
72026752
-3875451
57903520
78760200
31656828
-551602
-45317925
-58543447
-69877860
-20943028
87296993
52508150
45668601
24679413
-78851160
97168381
21139491
58675404
-82833635
-720833
27003269
-93203089
24736763
69443625
40367720
16830158
-34476031
-43829554
-79885904
81974336
15954008
64415322
-32767457
-50591878
-59976667
-9852724
-75655490
31467000
-61383369
-97898068
-99577819
94221017
34263617
98171910
-91888245
92090478
68792413
5050607
23445877
15663494
-40559793
-78886410
-6106712
-99793469
78040606
-83574546
21353804
5601800
-29770609
10779776
4968143
-15849737
62498896
-3844823
-74859058
-1456279
36975147
92666142
-84008862
-77901823
81888453
9637437
-60154264
-88179190
-81075023
89284135
58976409
-12799256
94221328
64087050
-52567192
95797840
41875689
31114228
-12506257
-90309474
25892851
29709482
81128274
52567643
18563649
-48981678
60302683
15104169
34303310
23118130
-46691112
93156627
36374492
65053185
-38950725
-69643166
-58848416
-43790391
-87001531
88591965
-67318267
77660456
13595892
45598001
26695990
73263078
-49949068
-35937974
-9636052
-86687931
68174798
-19559721
16518815
55779008
-35524498
68443714
76265319
97424570
72707763
-79536215
-44907619
72615787
-17235396
-36571253
97847779
-1833525
84347068
-60393539
-39307502
55419547
-80342725
85912178
30919490
14343556
43532880
-70316784
-62405824
86420937
75999661
18417243
-36619773
12206965
11963350
66030999
-49823699
-48473291
-81610849
4985826
83346941
67332221
-25020283
42331787
-62330983
19974447
-32861408
-17002106
4677062
-31488450
-69260569
-546735
-11297086
66922445
-83374017
-10976588
-72500168
47202802
-75133820
24099065
25974948
-42379881
74558842
-10958425
93831608
28185586
40648787
68181174
53384501
31212278
96417138
88966621
-59287406
-97634305
-62734732
68540312
39034477
29945740
64088085
-96724070
-54497128
87529844
-57256165
-57388108
95405832
-69887335
59824578
50032476
41832768
51047647
-80931774
-51742384
-87309405
-8920303
-22981211
20724433
-65081478
-34975025
-42132024
60229335
-95505434
-97282234
65077975
22416660
-59946714
59487775
-23732689
-32411642
-89062683
44275115
53095986
-51009234
-65416950
4699600
-59682080
-73028170
-83894608
-1366279
98502680
29904002
91618249
52572082
-79687298
84259570
55458772
10610385
32632106
43697541
-32936834
56990019
-12483416
44246240
-24711676
-22878583
79696095
-17295189
-61496081
70839481
-49508236
-92928810
26213773
-51590311
-57314629
10654889
-54983316
49395616
88263283
84073062
-95990090
-40642164
-22337338
48517202
36205047
60014288
85117475
47093646
45872256
71216301
21669102
-17815948
-80209249
-65040427
4692752
-86948828
-10361499
-64467669
49758766
-72725169
-2192535
-62422284
92622037
-38681386
31529776
51499707
-85709373
-86522773
-32893938
-34354836
98588940
39800227
61113666
24134241
74234391
-33304075
91435548
13054958
352074
-48906080
-19593778
38169962
-78909546
-4255148
49447576
-76430432
95126551
-66725123
-87563287
56273766
-22157827
-84604007
70375552
-58151810
39925056
-9766642
40107365
45793907
-8727880
-64419353
69056154
-85893700
-70858658
-94568678
46434719
-97532713
-25031358
-15081377
-53320954
73265529
-75039341
40311079
68422947
71001011
76625847
7644418
52571185
79069307
4257353
-15088341
57586347
-1145198
-83814494
-93362146
86233881
4991683
-26689290
29197435
11831892
23694607
-50334920
53015038
31440536
26524059
-31853333
10479897
-88172090
79794264
-68823321
-69685420
4026283
60695139
-99771441
-455353
-57821730
-32234474
-95049220
-98710468
75377913
74412598
-37372705
93840768
75948353
65600495
-78806238
-69115953
-40194849
-33739342
67986847
-91715569
-53079745
97459128
25941953
16224633
-26285348
-72814879
-49485472
75358595
14933033
-45913396
42579331
96735844
-25863804
-46302407
44650045
42617241
30377248
45002406
11748217
-13362829
34092361
-87239421
25560295
-37638370
-55020928
10108849
71484666
-43120334
93856257