56467515
-52465498
-6195749
-58893909
33355266
-14682902
5110796
25604718
-60966106
51658106
-49812237
-3239629
-7019771
-42590458
-71558088
-85781003
-96139249
79986658
20760020
-16819038
-40999930
-10608322
-6301619
88506936
88959370
68293559
-50966695
-50444154
17470069
51627796
-43768097
-55126114
47460349
-16111044
-65212076
44798295
-49602689
69346456
21019927
14416451
-6523453
-82620933
19661220
-67093934
-70644874
-36054013
-78600459
9872234
-76641953
872506
71460153
29026862
-81746479
-46032152
65798300
-92726384
51290012
41116381
80149373
-52791434
2361306
-98982703
-23688203
27977335
-66951525
14385223
-89269835
19385196
-90930260
98585414
-61421579
-58107550
96482332
96179240
66516175
-33932425
57974985
-93277414
-73919451
-83441003
73298423
70468192
-81275138
39009987
12318874
4947922
12465854
-92847861
67654716
22589582
-84226614
-54585115
-57210019
48005020
83793887
81503913
93312902
17669782
-44704474
54667049
-27601410
81893889
1038630
-59324807
-68254883
-24375438
9334093
91819280
55240468
-70586763
-86365722
-99651996
34504048
-6333697
19816839
-35786071
40550677
-46047725
-83927032
1501258
-30408952
-65028873
-83806638
-69855992
54822374
67802900
13849607
-27029871
-26356330
45136174
42633519
26658733
-3379469
-97232259
67885363
-27167282
92382862
12971675
-92584538
-73082085
15981840
-15900700
41714852
62176302
13403460
94366184
-50783393
-74750235
-33776825
-18143348
36735430
13219513
-70486784
54884773
-68925608
19821506
16892807
-53123933
-46060895
68493613
-85265866
-9620513
-6836200
-94019135
34619322
-33196908
-47525694
-42698387
87996833
-32351751
-93592150
-95338811
85850213
97660128
-37905643
42871217
-42785743
43640639
-47829911
80144385
8536077
99516195
-93529366
-44915933
-94393915
43945387
28583796
-82676673
-46141932
74939558
34183660
49387663
63640116
54297108
-89712453
76385213
84275095
-8288854
89557431
-47468845
-93420010
42171920
81550495
23232785
37293280
96990744
86708528
70330543
-19690496
-47308473
7655005
44468796
84880859
37722390
-10100329
-70837014
46641655
-80783749
-5256912
-86589609
86111806
-87901448
-21627683
81253979
65570364
-16530338
-59211841
-15562275
5276017
-99594534
-66612345
-38555101
-56434205
95699586
99088863
-1562590
29596309
87987896
-11020106
65407343
48504666
-249745
-74730431
24746636
-28718699
-71797461
4222388
91573918
61135367
23670195
-49332644
-73463375
-66908971
-7635372
55446550
-29867204
80055875
-84150995
-27215288
-8736111
58244910
71979000
-68698936
-10597441
39498546
8356931
69465595
-38082445
-77512238
-62827640
51628947
-75635992
-42638088
5724826
-86406918
45448927
-90454207
81577802
-96001802
-79267580
18956548
-18784463
90744081
59588465
-84066727
58569277
52603147
64813073
75465757
7041323
-76030906
-98733160
47259153
-9207255
-53969348
66328420
-15576691
48465406
-19534540
49699235
-86346044
-97189233
72671068
-37136681
96527689
-42302312
26425106
-96947810
12267469
77177094
-8449750
11165844
42076924
-74234056
83688323
-93585221
11625879
57193856
-87727075
-97089084
-1489389
-28384363
-76225258
86417165
-18560545
94653821
-45700983
60353309
-94063332
-57992415
81531840
-39073622
86030121
30013723
-12605155
-45539689
-95209870
61456790
-24470021
-29630361
71751107
970477
85798693
-98502135
25164867
40646036
-6732908
-73275553
-60397653
-32559184
37175724
-52914892
49643795
-7680924
-55765803
4497129
3650736
25227180
59771743
-74688053
-11527278
-25683825
-21533591
-30923904
-84357608
16173442
-55798736
80836773
-3897585
84510891
-64491985
13633659
34293006
35113628
30827747
17248473
-97376475
-9447367
84536470
-59497633
-13187172
92576230
20194972
72620265
-91159310
49997508
75861892
-10434637
-98235944
-36118970
32974555
-47685363
40093645
-534767
84431813
38941291
-476850
-60795429
16770911
-87073940
4963623
34984554
60648839
-44423042
-99822934
-71621101
83169313
71356481
-22355909
-14112320
96611213
-84695421
33820020
-62414355
48485411
-6197018
-75613378
45595245
-52553157
-84696238
-77954166
-87227531
-86862992
14971634
-72200035
60302971
18552723
92378405
51663915
3353009
-65765174
-12232587
54595228
-86479262
-99212741
-9373129
-13988886
74938792
47205685
-75851432
-69366517
91972831
-65508053
-82506944
29173668
44673169
4281148
-91786056
-40789057
61551034
1458767
-37351054
50597509
-85287731
99397039
-42510523
88419310
51737311
10473502
-31687989
12824203
-75963606
-57496095
-82819474
82342343
77360383
48449889
50770580
-59618479
-14913824
26084897
-53017170
72739596
9262849
-79199272
-21908705
68801997
-12821041
-5595052
13038591
35079427
40749474
-81648599
-19753186
-58340668
35532155
-57646532
-61231163
97864704
75347716
-74358623
-74258490
-3214895
-16855967
41902654
-81523798
-78863426
58567746
-70428432
45368599
59172913
-50476015
-37834386
-10878555
96538458
9777401
19122364
-91318445
-50116977
49746519
47874788
72936185
72772398
-62831173
67379410
72930378
-52981247
18001680
-74334026
42643197
-45713409
60832007
23571320
-55687815
40165796
15481677
-92396519
6784737
56151806
61473648
-20266144
-73636021
64720370
-53635048
-81974309
63662892
30632683
36471319
39375588
21471658
-17592229
59057670
92521789
44842700
32177499
-87642380
-19401968
38546486
43567706
92264412
-40326737
-66821692
66904372
-19604385
13634338
-49120502
-74532858
20822440
-32989797
26626640
31892376
-30898745
-2884187
-77131354
200695
90169696
-56735637
-12381191
88217917
-88593245
-59528409
95038605
-61222288
-69822253
50820166
-8730021
-23871681
64370600
24187209
3200223
-93129949
-5320692
-19917913
-56862843
70839948
-95575291
35823322
57144195
-86909364
75664344
-41700989
-56869321
89812046
-94309275
77492042
-28352175
-4583521
87138583
64249163
70801773
-86810676
-48397236
74796407
5546019
19836830
30895649
88078177
91807841
33659768
33693381
14627138
-99945035
-76649243
-53134929
-21951811
36821252
-81731806
62385343
12859676
-68203590
-79625244
37125126
88811345
-4499857
-68663457
-96045708
38763127
42290059
-82669847
9134799
57446875
55151578
-52173555
41208006
-6957076
-20074923
53260364
-25163974
-16819021
-35066728
-69741933
76525506
83378406
-22142854
-15482326
89873948
63630885
29899446
32200282
-35982398
61402743
-97974789
81928104
95866523
-31177227
9060253
-52647017
-9751338
19343641
54567692
-97779115
-11640872
6403585
-46358812
50722218
-65868311
17364559
33015714
-26848462
15980927
-35659114
-55995606
-47023482
97234409
-18829605
-76867114
-50223515
-4638176
70430113
54475122
37607866
68919621
-22187650
16505845
-59167911
62283747
-34881113
36703174
55063718
22711172
-21278558
-76358344
-71910457
-45038999
-16199169
38160028
-41232302
-25328797
51512844
61291738
3589159
68441577
-43377899
45998957
-25069373
-53316894
-91403541
-41578810
-68900576
-49436016
-94094502
-15956550
-91093549
88017192
-36725412
-86303456
-61716417
62874836
-60914044
786070
-28538079
31500377
-47078857
-54159271
79290715
15461830
67297525
12867120
-4446484
-63854856
33706030
19904713
40889326
-42376496
34797181
45160696
-52416918
30782414
-53745695
53178795
-97085177
24774614
28562369
-74653323
-1584762
-17788348
-36202063
-73632499
-42772504
94188518
4057749
73733719
-73794062
-98653393
30425494
81625996
-46675900
69213446
47269888
50456399
-65316184
-15352605
28749202
-14420978
94858620
62036169
85395556
-29314837
34369054
95966682
95677794
-63439904
-28060758
-74119045
-15415835
-18434580
-931140
67726030
37641151
81897004
86792442
-2578312
-53283348
-85742062
-48943374
49097537
-44125814
52606483
-4968054
-20057411
-31941967
10948156
-92017214
67705510
87150623
97240507
-18099642
-69361622
-51953303
44808499
47938923
24640841
11660055
86765859
-95085172
-9955561
-54335432
67241273
60308661
36923645
-4406834
-62361736
-92936011
8529110
39803949
40485879
23490397
-66906738
-14273315
-16949778
84122590
-92140003
-51656478
8073721
59810198
51628536
77792595
-16227045
-89658158
-17491362
89280383
17098488
5342496
15770381
-94127227
42456657
48509925
-46099750
-16321643
60175824
79154648
-37242905
-63957232
37611313
-4135499
2765026
22015804
-59647723
-74681148
-10254028
32338391
91447714
-44615956
-59614552
14893153
-18935932
-46773089
-7290509
20810423
-58039095
-77554474
44142548
92262783
-67445237
30495326
-45047720
85656278
-60473535
-61568447
33112723
61017393
94068782
-55181401
79994746
23506144
-3397696
-89991130
-82074902
-71653038
-22328097
-19436715
6812411
-80455911
67065129
38310311
89488525
83305022
45849002
9954064
-75832180
49416122
-87874101
-18346195
-406802
-94628093
-33172440
7833416
-6413708
-13799412
47813016
66420609
-17700660
-74146247
47102608
22386744
-86166044
97748162
28869498
49404353
-93709322
26936880
-13968158
17620106
-52968964
72973661
-61145480
29809088
-68435086
67537195
2630340
33005525
-30922148
30812231
30690907
57310773
49503252
-26262206
-77055842
65242165
-61267760
85486297
42671709
83904206
-40271466
-731672
-10636321
-98180115
-44165400
-39201278
97005197
-52689821
91652623
37158890
-97047960
46251903
26970900
-31977415
4861676
-51593913
-45096674
56850943
29010348
33837599
87288799
-64528938
8778916
19947887
-71876827
72569533
-75821070
71663013
1279832
51299161
38728558
-84481323
39830167
-81420009
47347110
46566962
-37964885
-17318741
-62098133
-56093057
84763880
-18516224
36323398
-77917494
76500572
31083310
-6498551
-66626350
-55201567
28321151
92266910
43045996
80337505
-36444505
5528057
-1449246
-32112447
-99599906
11372332
-60363879
3864531
-22147404
67831735
-51656613
49696754
-38188572
-57997265