55890392
-66722280
61499189
-87634146
729813
-69008710
-21811262
-18739658
42690926
-30488601
-20815983
7155496
-17720999
-96776370
-57289637
-33391565
77014818
-63182383
60675077
-39700000
-32545578
43391620
-60634262
-24590875
54308667
6835244
40545447
68789249
-99963770
-31174170
-99346934
94945659
33558479
62514512
37474042
-39849200
-7633677
83422959
-77796954
98152412
-86805316
35773413
14121302
-41158622
57042293
-71535423
-73168765
48252175
-79851987
28238571
62702144
8934990
-10901179
-61012074
33245707
-33669096
47139742
-75183821
60106944
-95542569
96900447
15840667
-4889820
51923884
-32745154
-52675301
-14812242
2464980
76321554
57760095
79597622
-97611654
56349716
-32297845
42187900
-14395757
-26195898
-54091321
-16112346
10356773
15131782
-62327887
-36639215
-17859311
-20291579
72788695
19936512
-68026074
-89484274
-73390127
22981336
-64438010
-98040638
35475686
-34114773
33843664
-2989443
-35764002
-8446911
-39705341
-68579041
-54165170
90330546
-72274695
3238882
-69094074
-82608467
-85453030
-17102756
-72760156
-60049713
91997439
-17218064
90364109
-72793965
93810649
87515432
36738221
58875516
-54014222
80502586
-74126906
21541913
-62900339
-92348928
-35844661
53933793
74509024
-88500947
75959733
18610873
-99368589
-50956823
-70566812
-35764116
-54070230
59833836
86290485
59691870
26803985
9757123
-36733376
-73243587
-13368970
-38597665
-42324700
-32372473
50289260
93587493
31787077
-75644018
88289444
-17181533
85072770
-45004613
-31330552
91190998
40094013
-19889579
72188312
-37307550
-4123175
51794385
95021760
-44128745
-22363033
66655871
47072903
85561908
-57108928
46532489
-64115147
-62766309
91996293
19517842
-69640677
8629243
-33102188
-54174518
-94279856
-69538528
78557653
-92534103
32350334
-38978834
-15571209
71920899
53244292
60478057
91103446
62633261
3891637
54400253
-62330479
-80255938
61493527
22362949
-41655575
-73155515
68707559
38598413
80102485
92630739
56402136
78665573
-44770622
-18407711
-57335098
-75234485
-95194650
76110788
45358504
83332934
-81713001
-37237536
-93359067
-35014057
74406972
93612079
-98187413
-86223002
-27828681
97977550
59043105
-7365579
-18219583
-52829853
-51321700
-53541138
8141954
5645792
70364096
-90559882
42719055
-6532441
63049357
34896292
-50320055
97509093
-18452284
82931751
-15527211
6211762
21497870
76700360
52038483
-26878562
-80639407
-39398117
22600836
49487274
-36092810
-8395948
-15156060
-13913887
93886695
82388180
32300523
-50019541
-19865005
-32154833
-79543630
16148702
-32451391
4501100
-45461579
53498501
666211
90916469
31522770
613869
99619583
-62009756
41845023
73796603
40581637
-94541351
-2676681
46975173
-4687494
-90328346
-68192406
5456633
81504383
15068558
-52437475
-93943680
-59164984
69640565
-25540445
21350261
-36708027
-79360852
98903477
-92052253
-68960919
71617114
71245307
74318504
96028857
44358003
-54137748
-14962277
-88303744
-24787051
24504670
99329715
99575693
93538754
44456518
-67254060
-18819282
10315740
-1699699
58620528
-11688582
-3438398
-42731139
85708290
13334830
67372223
-4440668
-15844542
-82205064
-51940734
69837260
-32668743
28352876
-5662992
1803028
-31339276
-10288626
-77154372
-86681570
59390993
39102954
23924668
77645504
31114943
32632216
-80082712
43951957
-83359347
-33419379
67153899
81176322
74257925
-58454103
74815796
4890462
-71426988
-33648247
54311351
26948520
6672554
-53103062
-26077491
-86921554
-29300513
-51119597
27101410
58814878
83153826
69012324
94795868
-2410256
45159907
59375767
-74041431
5888415
47014227
30718650
-20899352
18088312
-15872140
47224801
-67760416
43861279
54339502
33971804
-60880677
45495463
64630445
88713906
71234566
-70963762
-6166930
-77744658
-62751264
51139195
6447033
83968137
35518283
3697239
90169429
-97532349
65957229
46881880
-75826078
55955145
-56327623
-82419028
-3298675
28402389
66588859
84869346
-43507958
-88686723
-48694402
-66946862
80471742
46597069
99741297
-44100851
94927826
6688491
-56902182
-96058181
-30644785
-44249652
-54008992
39531976
-94676394
98743734
-37477874
-56799087
-36131576
97378662
11955237
-3788829
71805909
-97322903
68624897
-85897603
13291708
-41541767
-74260252
-47899802
98920617
-79358596
37748591
37535813
-52204498
-52842590
-26336241
-68806658
-80194747
-1979216
58856022
28591287
35070362
-12415736
-92368255
-93459038
-43656154
863345
44571306
-65172892
56923610
15515699
64978505
-23217347
-94602044
-22023580
-46398526
-68457165
86070424
40441486
-62445951
-86883191
89174826
-50929407
40944685
78415016
-43052297
86241401
-97970372
-15118199
-91228104
31891767
-2541672
-86566621
58949537
63940781
-15312046
-34224544
98414342
82217829
-75749136
61671509
-37642507
91841038
95599936
-40224330
73215301
59358118
-18505243
-13883456
-11377171
26216098
-47665860
-15179451
59227852
80878715
60013097
-97612380
58679728
14980598
-96791081
82267873
18963626
-70769283
-27053078
-131181
-95333510
81048285
73126569
29408714
-9978314
23061159
-27722473
-2910402
-54433218
-55881569
-55031911
83424009
77703655
-13650624
77693054
68559152
-78088791
-19640001
-79173703
50764605
95300494
75713241
-44420346
60766457
-69777656
44201949
95221313
13343804
75115590
-71552405
5490564
34398966
-29948394
70751748
-34972292
59779515
99642936
54093190
98264060
42086742
-1153266
25651507
-46145343
77765484
-39637955
-89416860
82272496
20339560
88569404
23142644
-35529331
99882293
-50720316
67235397
-44368496
-74635656
55241295
59451202
46386733
-25063043
18658381
-2080137
24980211
63945505
-88615211
-25760765
79976433
58965573
-11273431
-30523470
46993162
17366769
497565
932366
76758576
60589114
50708059
82525396
-26100082
18088656
12160322
-57786775
38720514
78430199
-70146392
-50423844
48552704
39043206
36267168
38676096
-62943709
39818327
76991056
-13028805
-73497178
-8796149
-50837339
-12030743
32780666
69514039
-48028890
-11260898
-77867176
31325976
-50230135
-13121460
-1272717
-47324167
44657139
-24501695
-87425728
-9096385
-26793243
73075003
95221227
-89091016
-35751214
59750757
-90770547
34884080
-69280199
-1133939
-86727329
1379800
-19364862
-26802912
-40946219
-30790686
26744534
-82485824
22661719
-17611376
-4498606
-1999409
27292718
79976699
-70171094
-62048735
-85522333
-26307290
-53102030
-70115097
-93555490
99786918
71820041
-2411608
-8439700
-14864713
92717422
-89642421
96506982
73873249
86032880
53783642
97544665
-25038927
-14974099
-35131911
57493958
45950792
2876777
48626032
97377017
56896942
-63761274
-90517640
-97370145
1238918
-81808754
168006
-58887040
68470338
-32574956
-84327444
38026313
-88882803
65390379
-69051002
-45530919
45951940
-83515983
5947821
-16982116
89472962
21831756
26611104
22139549
37193665
-97159693
-40839536
7151159
30405851
-4301372
-34023719
-93782405
52926139
38351421
-62108646
-22986970
-49519360
94739394
48021440
22516486
82291821
53561504
41422597
85328380
-79259114
-63455881
36661329
-91321758
96387978
54116285
28530576
-12766960
-90032983
42458377
-53868159
-42423681
-99762781
36549898
29464150
33484587
-39598783
-24021027
68627868
-5009601
6271382
-24241523
47607828
74110115
28131430
45684380
-20767100
-89631266
12683696
-29573985
-31173737
92091304
72506144
-80343086
-69453957
-29938651
-33989709
-31591915
-53376135
-32493356
-51837827
-36866408
71011838
-95768124
-21843249
5978248
-31550059
-71571671
-66337244
-96899893
-61006037
93765260
90603800
-1412275
70919882
88260345
-88391357
-53901844
16739579
-65414690
-41126105
-54589759
-38105176
67202659
-94616883
-36777600
86388639
-66604066
79892147
-65223086
80984754
-80190948
24121984
-96161860
68017796
-93603560
-63704637
-23352288
-9325918
34407868
-8130013
-88495936
-81448545
82093793
-26077821
47027056
-11769722
-78622143
55306998
-32788768
80862838
-47288679
-97031316
-24467963
75893184
-16406852
5100297
66073430
90006578
22971009
-95251785
-16185948
30703212
42968007
55224300
31467920
-19764311
14972681
58681860
54356864
60122427
-31705680
5930953
-55597221
74081583
-8078087
62700807
49707463
-55250060
-90357742
-15798618
79771359
-45586005
22029968
83251641
2527847
91106611
-50575226
-32779818
-99150447
-941859
64006473
-86436483
98527572
-58679289
-50594577
-9216625
-67836637
37077419
-60473696
70881060
21577376
-59004232
-49474275
-97373008
88770311
-96150831
76867659
-28050110
-89385774
-77035837
92741131
96122257
52841390
14713066
-10983455
-29902584
-71785347
28424372
22782707
-34315491
-64287627
-38539158
36763649
-91610321
-9984176
15104736
37533772
56271805
66407061
-47501371
-85109654
88824515
29170066
76879814
-65251759
63064024
-96134653
-8458033
-24949658
3223207
72676098
66221691
54725649
-13853327
70060140
32641372
79263576
62721500
87071903
-86387080
36210194
37013681
17179102
76281784
55226959
23567855
-61524314
92232561
-35236824
-89531724
-32932550
-17976184
-15946034
-9818791
56828485
68500096
-20034735
-1955001
18809453
95879000
-68083167
-26974099
35609549
-6527273
86065058
45734761
1768998
45053963
87587803
-50054033
18980526
93562868
-8725724
8084097
54313015
84401153
43268714
-73395275
-68199551
-23142319
-63346722
-28496975
39010223
95793996
-85298305
-86965518
-36669805
-47417618
96101934
36594413
54259573
-26093077
-77422530
-15943090
38112206
67915833
-18322179
56613472
-26051031
-6482128
48971119
-293195
99873060
50964880
29301266
-45282909
-18632548
538328
-56802857
27762486
-85486373
-48524679
-17572296
78701809
95200258
-16446881
-14626195
47777301
-75540587
42867622
-33676889
-12263824
37429290
-4204486
-48871793
-87635938
-11616021
46674589