60315004
-69893013
77275952
-53207657
-50183666
-5578188
-65099680
84554778
-28740437
-44461469
53374898
72934662
-54732469
-22792751
-45184602
35256933
82833645
2791171
66402663
-60924146
-93277427
10958882
98682184
-201130
8107522
-72664040
42485822
89752073
-91495546
-14545066
-53516170
-14451497
47369058
-57126968
-42902246
-65372994
-31073676
-45357496
48143375
-34705711
16216233
-50326262
49883706
-12425109
-16859927
98811148
-13134175
-18202256
-6116595
-60017565
6180374
-94199980
-77215294
-59847129
15467933
-22217144
-68936176
-32784546
-89311370
-70406552
-66106291
-24544483
-64471829
-39893181
-20434702
55585702
67252835
-84664530
-85932285
-90040107
-52038024
51571176
2535275
-12252308
58270676
46930707
35414976
-34198700
19114207
-66990762
56527734
-84543752
46925722
-47579772
-57521614
89242382
10138006
-24287958
-11790432
91916904
78489347
-51616137
65067139
78136491
-19781376
-30716916
-90141470
-51536004
56928284
-82114721
-26844578
87990478
-23089013
62006180
-44931429
43170626
-3849667
21992570
-55626609
-12555760
48016417
54670916
84809236
92036222
9509901
53838238
65365082
72939049
75395034
-6572235
64623594
-62996995
-99631609
73173565
42787389
-21088290
48306662
-92595956
25490155
12213867
-69005579
-50959746
34541315
-71389690
-24207967
13018752
-21366445
47779984
-2173091
39306000
-39514658
13362710
-62620472
32066315
-5587702
5398615
29379587
86422135
-68360401
12600539
-33699150
14112258
-47224031
-56855283
-16384988
90463360
93900023
-83918608
-82178645
5200503
-94851754
-39616495
22553990
-18667830
-88727201
-23891486
68078044
-53709439
19798690
84074294
-81206981
71299078
23412694
23578517
18049654
86437982
-75376126
-17373721
19730674
57000734
-12375503
11569561
51041239
-76163471
64263750
-4109908
70926547
-39934199
4043218
6838976
27983216
-10919873
-328879
66316842
-29453704
-35561176
-33003973
-52152955
50279236
74853486
9083406
42323151
95799433
99625717
38150022
-12194160
-73812272
-91290649
55547036
-5197268
-68368720
19837400
79424356
24563216
-85350817
44158156
9306430
-90002833
-55552747
-13499486
-88123232
22348205
75185188
-93798244
-67738672
85696363
30925668
-67525954
1864703
-61555949
-84613218
-84339034
14990078
-96349139
-94221741
97990096
-25795077
29076145
28221978
91623298
-26789991
49075209
84037807
12843263
16203912
-78904556
16775764
-14374586
55114655
-71542008
-11629230
43151966
-2559617
-1829020
-4112074
-47331193
27229105
-18924169
90449400
44924035
36808330
-13904076
72058499
89015499
72329862
62955534
-26956750
64962140
-53726514
-69068319
-9404395
-56433629
-28521174
-78436562
47311179
6957532
30598621
96505759
90051890
-8995571
-17073715
81504461
65439508
86980412
67358295
-705421
14211278
-66156709
-3447572
81148518
-64234016
-84133108
90115390
-34309334
70967828
-61929884
-75536565
65981825
9269764
-36536961
-76114474
58050233
-53472238
468577
9111160
-90272550
-78355475
-89896024
95029326
61833221
-32722869
-64741419
-50501948
-17309336
-15448711
26212969
90027798
57954777
-62990414
-85386633
40242702
-5445509
5196045
52595008
-66463871
52622268
56685679
10028290
66446337
91265936
95981980
-22675498
62427268
33688498
28718753
-77788453
93962385
14729873
17321711
31925959
-54996327
45487568
71090608
18615159
-69456574
-26911417
-89335767
39561869
30624013
14342661
-93136466
96670011
81877222
15152000
40859869
-10038943
-64774882
-45186324
-32569995
-98787049
-50317939
69998160
-14534272
76379281
-90939635
235852
70726216
87345355
-2054441
-78168250
-52170966
40483404
60684249
11468838
-44608136
39701185
4844559
-36597405
-89234649
11619421
-80600926
31197192
-39362506
53235237
48956880
-94400457
73381742
17803936
22811021
-99128254
-77562399
23847639
81056981
74367947
-21325813
-32705250
-64795517
16608786
-57500579
-97347231
-67947982
99459807
-67875930
-64415516
-3342022
7639452
-79227193
-17564019
82517146
19712075
-76219933
24929029
24464320
-36854284
59453910
58104906
-33007115
-97256714
45346722
29077978
11812237
69275046
15033802
98354298
56889577
43942039
-70090889
73249732
-32936098
-97646357
97852460
-4717110
1956278
-23484676
-71428513
36508420
-60142651
-38404073
-81441842
-35898454
-93452234
-90505041
-66344412
-16782666
-76129628
-28455154
-66358400
-65286533
73372346
-7629054
89214048
60050681
53430270
-55615169
89784949
-96147472
-6049493
42303172
44815539
75724051
-49897164
-28134141
81742843
7370559
44453178
2320903
-95881135
-75550433
-81670173
-42495236
-8164971
82548574
74172755
17271353
16382640
-96186962
-51939964
-36006984
-76290005
-47460692
-53451224
-21415344
58101666
-26914585
82233932
87308962
-22023880
-80233100
92836877
61749570
-83186490
59276656
23247779
-19879206
95227011
45335799
-24544593
-45301729
-5633604
3853559
-37885393
-18222012
5101249
-23773069
67004251
7980871
-7788846
-7554443
-34645809
66839147
-99682509
-74099822
24062050
62119635
88540759
55506502
54695912
68600937
-28521859
-65613700
-32716765
-18321751
58551249
64165483
-54939983
31089545
99913297
1732149
-51300242
-52513588
77334340
68073714
54514812
53248095
-99012400
-45097524
38204362
-903582
-54112742
-30415938
-75951761
53557675
-48022101
-39219547
83750557
-72581654
-10734990
-86749291
-66119947
-2936855
33974734
-43281286
11801417
-66169151
7052001
-62640254
49609889
-99723941
80293679
-99889273
-71613421
-4350879
48144115
-16491816
30163
10243778
-74314927
-65296964
-89465552
-27761619
78163974
-4194411
3302487
-54705108
-7050043
21268803
-25773274
63621266
14049862
96655327
70310936
72585884
5067301
-5097216
15545380
-46958835
22013413
46947006
47622116
-37419945
84284103
-99209995
59730793
61274287
30352282
-66432710
-9113869
71724619
9698328
-40718517
-37394536
65113076
36189337
-22859536
84520565
-48369947
34440158
-18490993
43239251
-93337414
95447774
-7058543
-87345068
-64746922
63662814
63479560
-91371814
88473925
1685909
-88470445
-83292308
-55303215
8332090
78528545
20321957
-7088753
-48083132
42244399
-49008196
92265682
71322754
56986533
-43780746
86218360
63235089
-26322928
73381591
-31835020
-99383807
76099055
-79094636
97370890
-4785640
94452244
-48700457
-45694845
-44941244
-92939752
-71292485
7712130
-6153492
70987253
91523305
-80638127
17111545
46859074
-49983582
-14660891
-58051099
-27637137
-84408624
16384955
-51693934
94851020
-50295448
-38227114
20127708
-48716681
17794254
-67618774
-32965013
95164203
-75779636
-71315357
-44640862
22160920
52509784
-25727523
-40042468
-60842145
-87024300
-98210365
-14043997
1986783
-57648716
82825504
-46684000
-96136016
34137553
125358
20103532
-22795227
57382395
54863010
-80067280
-54820714
-4873069
-13975777
40805915
-45709416
-9991152
96159531
-75770100
-14127162
-97495516
76014940
87676108
-33945059
67561160
20596844
57849828
76406743
-27664366
-47383418
64115255
-64321362
-98011918
-39087394
96551086
-55557758
-9355077
5047222
-23607262
-85680203
35865722
10341410
56411103
-1353664
81925735
51257128
-82893498
-5541863
-83931716
35684464
26074179
-71578309
78978829
83243886
18291048
-78976766
-93652883
68209058
-97090445
69195555
-56006875
80991726
86731685
-20837915
50380387
-76510782
16608186
91649748
-76225417
-85508580
4729564
-7615330
25394943
-27802592
-73633038
18307231
-33046180
-80382451
-389887
-10917323
-79619281
-44860791
-82399278
-75755301
-79036448
-70899264
-93042979
-94757925
11968851
-70286292
63596291
49329574
15029285
-53372191
-61621927
87922724
2641252
54818802
3980462
-33301832
94602052
2923321
-88363381
91267133
-64385381
-14830498
5980953
71652468
-87215024
-65239420
97414206
-60039021
-73831184
-91662139
82755565
8771441
30542962
-63636460
34033746
3794003
93713216
-93148193
-26594430
52125542
95191327
-26400102
27073268
-96647965
-61736092
-99025896
45659200
-679023
62573903
87254174
-8793612
-29007533
-79147621
68362675
91215032
28062417
-95961939
-43164664
16456513
-76703618
-51600692
-22866447
30089667
94563216
3905012
94097348
-1868173
-60289856
-80945744
-6403517
7933060
43840455
-88768249
27722868
79964143
-69284112
-9237526
52415737
28246956
-92900788
55992249
-40127393
99269503
37374318
75540644
-99071753
24053763
-74338281
-92320625
-96793552
8276634
7082182
-97326847
-63272774
23460830
30395080
-83063770
48037656
-56853508
85359122
-39426761
19391740
63365909
91178613
19702141
29636922
70759958
-28905323
24466193
7264798
25875264
28725941
83001387
18918109
79544629
11803821
-74242046
86734126
11601383
21832707
20365954
20155324
3862474
-63743175
-75163293
-11837631
84343542
-34347789
-18718722
-59935578
-65977137
-58403125
-66746161
-11435847
67255171
-90362523
-60718990
-22339778
-58411770
-38436290
93514952
-5764025
-87013845
22336271
-72656369
60693976
-78922313
-9736574
-44278288
48904535
56662304
-52594994
45397512
-74091486
1126706
-63031802
-8636242
99713665
22569424
92435530
1853585
-99476923
-68671185
-16847072
92027788
-79513156
-76026662
66996730
473628
81283809
-14196825
-76838443
14231535
27841826
75440794
43037927
19643374
-25584210
-35084525
28161462
46300456
-95371538
-66075566
9642165
-30321948
3960712
27101222
-7035488
-69041179
-94413379
-51003615
-6316689
73982607
77456664
55074679
-99594473
794866
14167452
-2462767
15591528
-68243393
-75988291
-9235887
89310037
5333640
24172572
9840864
67845398
-88311646
-39318435
-95904642
63275569
-82659681
-92017626
86665215
61498771
-44738527
45475186
58775661
71077061
83732130
16647019
17277730
-27354210
-44188972
51939245
-57244188
32289129
-38989125
-93301440
-80389909
29657597