58776009
57077994
42542849
77106924
10033196
-70951071
1505011
-93423151
2273912
-97505648
-21566596
82184909
74339175
-55141878
4522986
68722621
-76740542
56338487
11244487
52662821
18648878
-72778831
-32366428
-78416609
84462709
66855402
-79732713
-77511404
-24957745
52667037
59045329
-62745557
35905431
89376515
-30721344
87405575
68776130
-41322905
8192249
-17478736
-39475915
16287450
-25560119
-32879642
86252598
-63211834
-13286094
71122822
-94128372
-47810871
-27586960
-96164048
-46446046
-78439200
-53711886
-79110142
-38628829
-56507695
71044469
-89657996
63866276
-39680909
-81786893
76721106
41723822
-3914462
-20063342
24533686
84207210
-29089145
-16308554
38758185
-73972009
40062485
9370326
16952533
99908868
-32363335
68862000
35404538
-5341482
2494578
94852133
46400621
-41518653
-50863859
-13725049
-39971171
-28816475
-79141953
-34591818
7878000
-17416778
60381356
-93897831
-24082273
-75056199
29232532
97777134
65616816
-91943672
-99542107
-64080958
-81954938
-50426201
-21636597
83785608
64304738
-55545693
-45033178
44887044
-63262940
22716369
-76953241
-10469739
-87018272
-32006427
-98337076
-58061128
-57763505
42660483
-87754497
-25005573
-2824451
39830054
42364651
64012125
-99671069
24958070
-74286775
13442935
65143041
49115477
-29817743
-62766254
-59535553
14361386
6333808
27316203
58796697
90737745
-53569162
4970771
-7290753
36911272
-11374640
-39235800
-30454234
15364098
-40008355
-74693204
-99526302
48063989
-81845149
-91873782
5055641
11124546
51957395
-56850006
119932
-94984568
-15841295
9786244
59330813
26520652
-3262522
-41252456
27933599
73422860
11157824
2333650
54644313
28500321
43231689
-54299908
-49747106
-28290318
93392933
22217448
-67167341
-27168170
-70378887
32355472
13447311
34901265
-9513766
26359672
33482498
-23666012
15647455
-1926893
-43821818
-66808642
-89763463
88867590
61345900
80269201
6504514
48921632
-44849610
11433615
53276016
-44533824
-87418379
53302632
-70721926
25522009
41062090
-86449189
87342537
93124608
-49207594
-82224935
55076033
25283558
25855186
-40637152
19053623
12868104
2763853
-71133278
47281438
38842751
-26735498
-59095719
-53249241
-92714753
-66999877
-75676151
-47532251
65064750
44956942
20302757
74959062
-54422637
69459517
-50612167
92526920
-16143768
93253813
-75431905
18316817
-9248610
-47602157
5314305
-71683069
-29403
-8724649
-47326652
86973450
-28968290
16165650
40153185
46035428
-26651140
-29138318
-74593
89763422
67506052
-45970994
-41975696
15849264
-88711783
55934922
-38752663
-13112795
52678349
57467800
72360245
-26963208
86877789
76818362
21939241
-70946611
-2820510
98438269
-61135905
-76724329
55689258
75858079
-25286374
-18304121
-35299063
59864545
26194
-6953903
56819735
-40601589
-89582329
-75013258
16804794
-52596738
18503490
31965476
79009199
12021828
18501136
29592559
-74527935
75401467
-10040978
44752218
25957843
92076312
89164036
-24430964
-23143793
81801325
71523519
-38951403
30201168
-74874603
63572792
-51323481
70077338
-9933604
-97816518
58481006
-13293071
32558551
-1248532
-14221791
12411827
-43480110
60635320
75791811
-89038752
20277750
-82774703
-86981969
-89919434
72443585
31614544
47798977
-90470521
50334301
-72480595
-9149467
-13812338
286206
90340141
-85152309
-39060300
19421528
-89131289
-28140189
-80683050
-46271915
10540503
-53213269
-42949947
29476826
98671544
69873263
4805570
19816112
-65571134
-87501208
88846924
-68521068
39584474
9815836
59158228
-91116198
62111362
43459190
70858184
-75315139
-66060743
41831854
-24109163
-89933833
77657625
-4300311
88058609
75618207
53844970
-20320886
-62399806
-12479356
69366745
-18744513
99498118
18598186
-36632231
-55801327
-14557359
-8796370
18645361
-47410558
-70113055
31100489
79730468
-12273839
-79477949
-26695955
84460334
13816573
-96739804
94573218
72551818
-43493999
45285746
-3629068
59485144
6466089
69065600
98919866
-80019764
58577493
-84283325
81189100
-70418886
-37827741
-1960962
22493465
13447047
83799141
96226710
-81575604
-10781985
-69649966
86761259
99729497
91474500
95978235
49589493
-96630761
48264924
-47068833
4127538
-8525789
54224167
-70795358
-83269733
-34810964
54023557
85126020
-5878904
2845878
27250398
-29163177
6508745
-14247499
51862579
81953072
44208404
-80660350
-6622611
-14414205
-48074666
-69906900
65569072
-26018261
37322030
-45313671
44801653
74234343
68812714
-40715390
-84327970
-72785595
88597970
86106035
-19236462
-53351862
15932698
33311167
17857800
-20884991
-2781104
83135700
97025496
55235230
5388914
69343530
-71386778
32445322
-67123731
-72318445
-94890451
58632216
-61785966
25440884
-31850601
19931967
-79855703
-23787172
-25040757
-955616
53304122
90579709
88386293
63627059
-30777335
58884398
-50469582
99411716
3487856
-44907631
35597571
46819210
77936083
86922066
-39916704
-27499499
-29233235
23045886
52493892
-94607351
-46619675
-56128285
45604662
30696211
-8884088
-22172103
82001359
-40987271
-26616106
-43836157
72274370
-17521625
51423234
-74475180
60341922
88797387
18170897
-54295652
-13596316
-5449977
28750647
32483257
-69616949
10483524
56441457
56067984
-91487636
36533627
-44249721
4933595
-46596967
26188564
-64661699
43971482
65345999
5071791
-2549103
49390828
-25109050
-73218188
-26774948
37914336
85039672
26522114
56438630
13447827
-81678081
-99485920
81027905
12685654
42664828
-21684933
93635239
-55218723
-73072616
20409107
-77883689
-61975267
-70753252
-79663013
-91274738
27412265
-39834519
48399945
4058091
-80331854
-75570149
-6947443
44054504
-71216036
-67272269
41560414
44711639
88092193
-15135332
18686150
44947547
87201205
-39432433
-36478827
99052977
-46508292
-17310090
-31501161
75494682
89909679
95941721
-30419132
-81671403
-71190018
-23398185
-47899554
-56447146
-65492131
-40232067
-76196219
-50861399
-87178839
23991369
32853953
-77792854
-4050046
-81624342
-33636240
-1767342
-290538
-56367888
-71513446
-4472308
93510107
33428959
83792720
82888961
-89185964
54475453
80395086
-33621257
97343330
-36163715
-14136845
72909178
39971977
-13052419
-19195951
-13757775
-1418754
-48049900
87028880
-81247183
30937619
79184116
-43259140
-14099034
-72210988
-96905234
-3802862
-68095444
69692520
46305197
79296990
55989444
-85660601
35177105
-68496554
-19902686
-71588869
92196009
58768618
31250165
-94919459
-95934977
-65544341
72659971
97514941
-26084078
-19428440
-77397786
87330249
-65057007
82943560
-25001620
-43012660
91323899
83100341
81061634
74772387
-36211029
-30941731
-86185440
97661125
-53131842
-5791117
24327374
41360345
-21272205
-24109549
2264389
49460821
63156956
-41728945
-33672090
-82663241
-77825265
-6394833
-92356937
-15201184
-28736269
-4133414
73155127
-89249117
74646567
44071290
72242221
1024468
-74758874
-29816609
-72948273
86787714
-34990230
85980718
-55279381
-37924827
-81583401
75006947
72102935
-65190249
-98901040
-18246991
1907737
-8380471
-31305574
48406491
41044759
-38262257
-57722352
67731937
-47847977
-37439321
-88645220
-11525501
-69994498
-82259791
61810265
-66632676
97843340
58480535
2623691
-58170761
-11042128
84809580
-75410093
-60300693
-94865981
-31230399
54407847
45558679
69611281
54749405
4932932
46621724
64351976
5998973
-40087631
20890889
-46499896
61389860
-14871481
-16872427
-58420487
19703768
-48546751
76287239
-4293829
-25497871
-56889289
-38824403
90743088
-10198562
5619804
-95121171
18245811
-37048498
-37742582
-47659487
-51463557
-94048476
-83629691
95628032
18652656
58185876
-18187276
-51624918
-17234807
-42126824
70794689
58887490
80863721
40635238
42237387
-28160524
-9606056
91884810
-36430889
-69176715
-37382244
55315406
34067065
-7818586
-65619294
-69224274
97080993
-13673738
-73759390
-6481232
52133647
33208312
34507966
98005724
-2863349
-82122227
86801967
60997277
75038196
-28174310
-53899703
-72318212
69859672
84787534
-90638549
65107090
55810170
-99744442
79853843
-48789672
92342565
47566734
9650480
72759030
38617189
-5999367
-83241314
-16733781
-69305474
-35105893
19967418
34757269
98116368
-50404697
-47611722
68969369
-76456305
88154800
-79528011
64653486
-620678
62941873
50327595
4908923
-34628728
2762690
-70988454
97730871
28168951
77082151
26338425
20368912
58902749
15538268
-46299919
70245264
5002081
29644426
-55964024
-83397669
-54273157
63887955
95112455
241675
96675388
8299269
35171385
-41077321
30894274
-96314623
14687266
44974608
-45145064
-83339373
1839017
91601641
82039377
-33738905
-93639166
-25493540
-63050602
-90066885
-52393556
69892885
-46064749
-6613754
63476137
-31869738
-39284943
-42567824
85218724
83557632
18008016
1371709
84395344
54625254
49215480
16982307
-6985376
55116493
96220642
93327158
-12920241
-65627257
14474623
60518548
36413627
-50533267
88319370
-33242113
80984383
51602936
-52543208
23672468
10959275
-31483469
29957846
-72275934
1999879
5014264
75370007
56975107
-22415989
7120484
-8130745
-99510319
47019625
-4291907
46486490
44713143
-44808151
-69300299
-11544705
-31432672
-74730274
-14323577
-88027838
-96892852
-7893674
-45531465
-68935045
33520524
-52010141
43268774
5195683
-32416765
95951141
98647179
92038750
-97845561
-75678902
-84376832
-22259962
-98684331
85459385
31423053
-8874494
77571444
20488837
30520690
-29513959
-69488722
-91324684
-31805910
-49923099
-91108097
70162667
21361
11920585
-76854427
-7218554
-25971969
-94478716
60085517
-42382038
-49382225
-2536304
-71808297
-35407361
-49577924
-37003569
68388613
28705266
88536999
23588738
97404312
9990965
-89294985
92795276
-99427588
8771920
-80199676
-15231909
24179174
-54188285
92642462