59353132
71334776
-49738602
-41454680
30887327
-60836270
4155175
-89366395
-35306218
-61716719
-73312482
42247937
-28730168
94279585
83421800
85092936
38090421
-21266179
-49897869
-81771709
-65511352
85144658
-45534443
4612722
-87933153
55286311
-45296984
-72407499
-93412192
-7412432
12049939
97391881
39997923
-35350612
35911647
-59447748
93931220
-84895669
90703921
47402221
-32141748
-57671916
13294957
-56564345
-58646961
-53242564
-91244970
-88990297
-1044571
91724317
-15914037
38732518
34678034
-76165270
11987182
-85507726
-19833523
-19638480
-39035758
-17818036
-73099547
-22712846
67926489
-1950899
-43365369
12888911
-52976630
-10440400
20294308
50195645
23416971
-60587028
54694499
96113750
93190276
15867869
78829402
-36691516
37045028
-47397155
16647987
81932220
-30148761
96613002
-57605843
64392589
-24887436
88075933
15714033
-59492056
-85892686
-23554875
-5650426
10220162
-49484406
59128679
84284012
9813420
-39828604
-9532666
86774901
-80491464
49985574
95410639
86301616
8036139
1474926
-36041994
53675225
-85490434
35540996
-97663412
94520733
-46879138
24629576
-50746604
69218093
-50389155
87506182
52580499
87617395
-45202527
15278337
63089036
43435938
26111125
-85162692
-31848186
69316904
70870867
16841383
14381668
98119212
60933027
9579931
-10169632
-66882253
43148475
77538703
-55084670
-81940485
1503495
-85726226
-5877671
33041950
88287971
-30733139
39693610
-89975793
50212626
-54302470
15216300
77025146
98500693
-98498814
58009603
-8047769
-66697293
-29433838
-20024717
-79558117
-47472761
13292755
-70949875
-47312181
-3533141
-46731707
-9006216
81449181
-72506702
19976744
66597445
3763756
-67283579
89452543
-36539078
58667527
-57058341
45691277
29433935
16115579
-45608458
81753656
-38040324
94730702
-50415272
35676034
67415231
11330470
78410405
-87892674
4139509
42799240
67980751
5257514
14526451
88790547
-28789708
79167188
-63899763
-13444818
-85978189
63499788
-12711140
-78096723
-22540092
-95363054
479394
66198323
-4213613
54920214
-14286439
47881768
-81116949
-42148707
64251083
32862516
87275624
32613140
83310508
-26077266
-89281514
56910881
-38276971
77129697
75297425
57057933
79513279
-19062097
23286668
-42701659
68500331
-40602093
44044329
-49033829
-60843376
96395203
-23728029
10356584
-9327209
75394066
8392624
-50929305
23897617
2168445
98293385
-58817152
-48890193
-18449904
-61173505
79691762
96577073
-50095317
-16790352
77283738
-33749358
-5608003
-37240012
-75440579
98672313
4420324
-55037072
-69867280
65978873
-30560644
29829088
19801500
-93295665
-99397495
-73464808
-98053177
77477902
63468450
35775385
34042262
1728665
-72287527
-68620214
79589115
20418317
-33278396
79012579
19099771
-49452123
-93699952
72419027
24803079
31896202
-3446353
52052371
-30567391
76477927
8376835
-13790397
48086749
95516361
-76161833
-96911022
-40598840
97035631
-30854266
-23087523
-11908195
-32360106
-55453097
69229063
-21198554
-95665982
30178958
-14166757
-46224565
29360885
25737405
7609581
-70375238
-47797001
-93814903
61434616
23457945
-70874492
58323708
-57887094
84303058
21823523
86433709
-94948885
-81238836
91979319
-81449165
-13901824
-74311363
11208469
49479874
34071360
82811960
8162929
58366942
70111704
98342476
3919122
14050979
-66051629
-20040063
59393678
-1236713
51764724
1319207
-72680884
-1498037
-25557312
-99743263
-59717787
69136844
-22215950
-87645734
-21086545
-23715497
-42077418
-91557224
44419614
8412800
45417173
-3077908
87442656
7667881
66600261
-75421566
63652892
-42958166
67996107
-71276670
2411705
-50102407
15205188
10423324
91612239
-88077072
7162686
-21398103
-3044041
-81621073
-42552471
-74975904
-15464508
84681018
81925895
-8170298
-61895012
-66285299
-97388888
59350910
-6388217
74355712
-91225664
-75524358
-89847623
82139273
69160135
74992571
-24911545
-70516366
-87407866
-26196965
-53121219
-36372621
-50335018
29449434
-91752258
-10998545
63792418
75655649
69012701
-94405863
-17536924
97238713
74148849
71856713
-1067656
93689520
-23666518
-39950450
-65108535
12912385
96350642
92169926
-12334606
15582794
-58843385
-4185050
38125006
-66775255
93116413
50581350
-31458181
10189858
-85884566
-79267123
39542694
-90142053
-92948269
380543
-44678948
75561151
88522752
70725097
-82720727
36064495
-57682590
-95148268
-53826064
-20797721
-67604867
-35956913
-81448367
-91887743
60405446
58460914
59294499
-2188955
-71295369
-39749855
-2466433
30703799
-80112065
-85706880
-28889834
81126100
90180943
80241046
46909300
-40579353
-82660514
-61591029
25957404
-56399031
93304582
67483609
-59934147
-12694680
-18395019
19835412
-91202090
33706807
-61416082
-4395364
-91801338
41672885
-74759992
-71489304
81900545
-90826749
-94205424
12530944
90242759
-84015275
39628457
-864334
-3696596
25196657
69770530
-8695403
-43504260
-52171140
-8385471
48150258
-60555381
8466432
42388203
-54102735
-34754825
-3265168
-90784967
12001091
45453459
-4719499
-9240894
73624842
12266979
80827803
57201759
10731956
20656259
-34743940
54925705
-82213021
67599900
-82896888
4238203
37368503
-16013915
52373315
82877591
-6434621
-14789916
84697336
-87511474
-82699854
78844737
-49068326
679791
71178615
28303548
-15943104
-50179185
-87545681
-63059532
-91348265
16833174
-83819073
-172269
13996642
-76059800
28804047
36107715
34811043
-43550169
29920129
5306627
78184606
-83745402
32937464
2526837
12797300
-49693770
26747089
42358050
38098429
45654797
-98577954
-44124129
29896038
-77208516
-67736448
86468946
58360915
62083369
31294113
-84561757
62869636
-89038355
49140647
-32294163
-99264374
-32689885
75056858
10644595
90697382
-74744453
30173400
-18483000
-81959364
-17332815
-9280302
58308167
-77290451
46848499
5243782
83794382
-35355240
-3484987
49115453
-8107591
80090380
34468588
17897631
-46585978
32963507
-23678684
46034630
69766654
-85695625
33421192
5199603
-58812446
-79592761
-99784153
58741767
59753515
-19853070
-82753482
-70412138
-21593455
83585755
2021181
-23761814
76667897
-83361315
36833759
17895675
85814517
72905569
-464080
29833633
24260795
-13543154
20924885
-13094251
-22881312
-74994465
55867340
-49737626
5454972
-89853494
-72050603
22371816
-23642011
7727510
-91036924
20741883
91549126
-66649898
-35488254
-55981634
65173309
-47275490
-43487439
-14803820
76473049
64543478
45038820
61801101
-3810128
-36024678
88900912
-66753389
63748046
92716738
46165854
36923185
20961829
-65492825
87121333
-39165710
-78288206
33861965
-62482577
-53217314
53926507
-52169507
82594529
54645860
-41253050
-19546986
-75703734
77356668
60292349
2613461
-44479523
29262811
77025916
73153139
-17506675
9757443
-62341888
-87926275
-59687893
26937187
41764382
43023451
49180314
-19089645
-95396842
-91293814
28628929
87908623
-52493651
-98866788
88364647
-45506633
19878646
-39902054
-52839171
-5317642
-1455533
-97952105
9984110
37905803
35212006
-22920184
36052179
38159202
82575881
-2797020
-89617695
-3413974
36550183
-89049560
62929412
28778785
-13651516
37350656
87538443
59583301
25713989
533588
92159970
84337780
6155927
-28618617
-50997452
-87146056
-60227823
-51189433
-91015996
-49926020
5563838
55163297
45652987
-91020195
26896264
-94674161
64744861
6777886
-28735354
73160200
66116631
65613725
-32632584
-49878567
-35360623
-11544597
-30437797
-65935041
15315177
-80953893
-44073348
-53877592
97091618
40832094
-10530661
31836659
84083165
34455586
21169667
16342893
-48040294
-62470119
77860638
45927035
71187965
-56771591
27289424
50024126
65092774
11593220
-31609039
70181412
-75148730
-61226649
-20731648
79322596
-49108661
-68534053
-87515146
-11028046
89234922
95724711
-84073527
50206980
-19570959
27075806
47422043
23602198
20743662
9604751
-91490870
21611047
-93959820
-33470086
85661579
91167094
96801733
-63371808
-17513390
-483314
-56067054
17009903
-37338660
-17839156
22940842
28494037
59738326
4416890
31413019
-4502840
70601974
27695431
-45471928
50284054
-91498744
98476565
-63558700
32392899
-44800663
2947128
22789370
-34368729
-79832767
2822208
2012310
88299612
66058311
-1595870
-44397513
73492060
65847601
-91265451
99665493
-60380961
21960372
-13979924
43312543
-78978238
4554552
31294259
-41204312
-932377
88761626
34031
87764773
-37875569
2070424
8422478
36208659
35944840
-66654104
-95711936
-56976747
44271040
59433848
-31200666
-85682848
44668949
7851614
-19252343
-42115170
-89667677
60443922
-78924742
82201543
-15863111
3765757
70687646
-41666910
-87703508
-70360343
-33865246
-49631298
-87705590
-93674501
8983920
57061916
98693876
-41850474
19569356
67856565
-20901963
46692871
-92900827
4211649
-59886989
65713008
-14834835
32120683
44540817
57024866
-71410366
13384606
3911445
40939346
-57879035
76354817
11766234
-40501121
-99362479
39088785
99791712
-93252008
5892340
86932059
-36435524
91563736
-31515093
67423815
94220352
-42472291
8775008
47594865
16168186
94778794
-12928316
43268587
-46638817
-46683408
-80229508
13886287
45372396
46393319
7638498
-62238931
-23818664
-44334491
-2791494
-4477633
41056863
18040167
46578307
-87568149
-87299266
20206689
-9173498
-84387098
10287227
9422072
-92665061
-5003286
31057594
-51115487
15820012
8823663
50681888
-41002448
78966099
90165847
-94106703
-45478082
79436581
-41516756
-582105
74428994
39048660
23498946
55204928
46966732
-70510287
25424977
48684873
20038585
-97448931
1361589
-77832100
34826643
59582885
-63016374
-47882684
-71134237
-29718681
75876031
13481363
14143419
-37770724
66278772
79465704
17856289
-14838060
-6391799
-10871014
-83228335
-62225581
-47596296