51081031
91933025
-26089940
-28869260
-83276897
26855555
-45105958
-9130414
63701024
-2059507
78751325
-23670984
47843802
36068946
-53159763
-76971150
14262614
53298702
59570157
-20120046
15431385
19672202
-20261334
65881697
-92829215
28549752
45735415
-64065792
7528784
24790948
64266061
74163008
-91127339
35413059
35071793
98291615
-33426203
28534825
-54536761
-10068011
14556918
72684204
-78359013
-30853107
76343196
77376257
16069291
36141308
21256563
-74510480
53263140
70587178
-57061783
364702
-41227576
-70392478
38371001
67006831
23464054
-75278224
8914577
-55157179
-16950954
-27297926
-24020870
76760732
58853227
-15673538
40298730
68874432
-42386060
-96601199
36522464
8198385
90985196
66133731
-68935602
-16579276
72380075
2437637
33957764
48606118
11226750
-67284296
-4807675
18993790
28927488
-5928289
-53631473
82650760
-1980126
30434273
-36206314
64823910
-56463037
34012498
-59596169
-50624459
74928639
6101075
-88572064
42002977
18012776
23715439
82379176
-10047394
-19959256
-27618341
-61016182
11875776
98555410
51593375
-6834250
11310625
1327829
57395316
34958405
90292055
-16308995
-15979544
53817831
3070994
-70023744
-74371139
-90491508
65103081
12447768
-39268531
-33132
-15622338
-22862637
30853412
44458865
-4129396
-29714527
-46238929
-73892719
-97615837
-75002704
-78805276
-52103528
-28874409
15527436
-72709138
-98077495
62308174
17687263
-24901525
76437502
-41108368
36321723
66305214
-77144634
-2434375
-14449912
73117106
-74499317
-2752837
78821042
17276829
-77799284
-95648639
-96965294
-1536121
-3192333
-49756449
-47601341
-40421319
-61870678
14117072
-94628319
46146793
-8750508
-75479533
21524051
65188801
26904809
-87634490
17592963
58663863
7880262
-28579300
-56147060
79073311
4096437
-47373169
46527058
45260298
-77972847
-18297095
-40696082
7404179
-88562303
-54646011
22236157
97514633
-66220759
18819309
-51561434
76850103
-26707361
11045993
36020552
-41158751
40818628
87605313
14898310
-50205751
28496106
-4022371
-11181713
-45420431
-62652237
35447536
-1436316
83192836
-59778701
-63202236
83148674
-65629764
16282754
-83822564
-85583091
-75769360
-37286695
83572861
-94517024
98168243
-2159533
-22604709
-76617434
-6373295
-55427122
74290259
67753299
9780791
-37972495
-46077250
-76190560
-82958780
-65615244
98349908
16940727
63428402
-32991331
-54500459
79550736
-10630866
-13733203
-93766443
-19675059
-77014945
-62268507
-33141221
-19314989
99553860
69136900
38015674
48285625
6545561
50853843
19996103
-74239729
-20496934
-83005544
-84227656
-14567646
-38712773
-73008343
-51138723
-11028041
60874680
70126015
99576150
-73672990
-57422763
71068518
8491723
-23198423
49263647
-31031251
12596355
17345656
-70375076
79743891
64449756
42503298
-44588736
-46725927
-60670529
-55825551
-99837412
53967205
-69939123
67810139
13042796
-100364
-14842306
-88926521
58032356
37137974
-10035349
-84381957
-64280147
-71877877
-54333313
25343928
-58372544
73602819
97940843
45878769
-15083650
41450926
39936038
64286462
64289534
-97265078
19555868
6436850
42938561
1104914
18705192
2792457
96436764
-54726832
-5320203
62858317
38390315
-35566949
-71896545
84836738
91641219
96476707
63617324
-15578322
-79092159
54993961
6008405
-61005558
-57192845
-19261446
22825912
79716827
60381913
-72600783
-97959938
23740895
-79684046
84921902
50516097
-90489438
35845924
-86855676
-16723742
-97317452
-21851730
84826637
12766611
-52761941
58247981
6282110
-74186748
31804590
-51859796
89824993
48995733
54249566
-65748301
-68046025
76741993
-71380888
8841307
-22802334
-21720418
91092760
-20865695
86944945
28069033
-51805330
-3948129
27142238
5614850
-95846478
-6820376
28301338
51323954
-22756690
-10636876
-40214499
18773575
97913525
-98522901
68608794
73673882
78449188
-93227874
3475719
11733732
-92587346
-32420272
-87871806
-31889274
-73594273
43929608
-63408474
-86732302
-99498538
-25045310
-35099045
-20494092
-30666109
20381093
-94155679
87066267
19938119
97299928
-62929673
59367482
76676092
55973473
21840945
98645365
-5712214
-90612190
47122818
-56940807
72258052
-18348565
75799440
12545732
-46968471
-30077790
74010184
-11687875
-97738850
-66557869
-17836498
-38456907
15228256
-44287798
46411273
-50224585
-26766379
71959034
-86476391
85724973
64471933
26578930
12081826
28198797
2881210
66288973
-50593902
-43115093
17655604
-75971857
-15570081
41362279
30146714
-43526251
-599961
73065372
3294777
-27032380
92565645
-6945930
-59116504
-14679107
-4170115
-70935327
65515734
-2954826
59083736
95466851
44398772
3022795
19799242
88817089
-93145090
6475891
76748807
-24944010
83369676
-57655385
-63761795
31569761
-12919150
48063175
453558
12374315
33174505
83823908
-59201081
37318635
-35304346
51519385
50881425
-60202557
-9623260
86448720
-10179321
31895019
-65507937
20720115
-47183568
75185916
6073407
49300563
91663660
-71790960
23658165
23121494
-15532310
-12319931
-32122132
98972094
-22908155
-27490522
-16066026
-61573933
35059842
62660602
52144459
-34114458
-22358066
70867575
-79366864
-48494548
91968181
-22300902
-93243242
47666310
-11089612
64402493
78833189
61927619
64243182
-322979
-67515303
72807079
-3406097
6027178
-53149482
-71379867
-70959034
43252289
-17068317
-43783130
-74337345
65323999
-27621770
63803059
-74842655
-59942149
-93690022
-45857151
-25437730
-94401273
-31787400
88124398
-86238013
-44734072
-87299630
-7936474
-4479358
79196374
-20040422
-77460062
90374276
54081912
-58100061
-39157928
-55786497
90890454
-8022662
-13386384
-19645521
-85020889
32782718
-86259558
17375566
32096333
-90590545
14968615
-61434679
-60139002
94403249
-29680979
-24903954
72023271
-63578834
95613745
-78374458
-14217504
54934174
-14648061
-85211506
-62460260
57101294
36034707
65989648
-3834210
-90444281
-70854686
-48339418
-68316768
-6176395
80519554
78404531
61492890
57328919
37481039
87651126
-23181811
-60390391
86028831
-46304322
9891487
84795247
29743321
-3356255
-82518133
-81576829
-22760902
14733996
-6126380
-24947429
-64154721
-19691652
-27833403
21085937
-90022032
77642703
50054105
47306065
49501185
1380157
-19721018
-20386377
11136742
80524238
-27343992
-459838
-10433044
-99462763
-53926691
-95743835
51602766
-89257385
-29271340
92966737
53750614
8305240
-10037542
-51759290
39892800
-9905229
14200955
66813371
-7924879
80824420
-81944982
97889794
53688511
-17548838
30370137
54171324
51191301
4546898
37239403
-97568740
91760915
42526167
86012241
-33181734
-67521921
51896900
-20860165
-44779256
22085498
5923496
81610219
37947838
72017633
74040543
-92189506
-18821690
-57590602
-96113402
-52656197
-16527151
97747950
18340685
-94859950
45755767
-56798109
28052276
-86965671
46419732
12725556
-44634560
-4482801
-60273387
1402516
87786333
-48773687
77536197
83293244
72394094
41388177
89659972
-79822568
-426177
-99082447
-68142478
-97535323
-82630305
90870146
78750947
-97641425
44948103
-61607726
-36486876
38149800
-47042360
33671876
73399361
-38685827
39655500
68937994
-46175793
-65715031
96812583
-42973144
-37844927
14769352
65509064
89836193
-79395461
49187864
8930608
-16163624
94224244
35753394
80882018
-14598209
93378793
-54429179
-33992687
-63863816
58305112
-20195563
99937072
-7300224
84950758
-74040237
-96445469
85298225
52522379
-67591118
-70463662
-392487
-53203853
25715994
-34233653
57628879
62095384
-25264607
-6725572
88305437
27369382
28769856
68954895
9001880
21243112
16023036
-96082808
-70439435
8891206
9070427
-99453288
86053535
-31071632
-48481805
90426855
-33056662
22233785
33522010
60127833
-88195682
84175888
75747932
23571322
55182524
-88922355
16948535
-5173854
84810269
-89148546
-52068706
-34363687
31632307
-33093062
46507695
-57430920
-58497663
-22253542
17865616
-88666474
-26311468
-37057851
1267583
323225
-78243823
-58764556
39265102
-72161513
27872710
-30524863
-87253881
18058386
51071688
-58456039
49736013
-8237725
96242095
-35970815
74794392
35378167
41619291
52568047
-77602576
33718825
-55263602
99504793
-915997
13178743
15285668
-76329466
10232765
93474529
65979109
30650272
-41346812
40117175
91553263
49628494
28390460
80866173
7013821
32834499
50889161
36536101
-31837406
-89366821
-28841036
91993888
-98708383
-27039205
-53591750
-64408932
-10200874
-53821599
-5027995
-91600824
-42943092
31352329
91026298
-81189138
-83163776
-44354248
4061011
-89012989
-33780795
67855845
-60061012
-31435781
30149166
-23374942
16045593
34778411
-2056701
-64590859
40536017
45422982
35993516
85100321
-23524865
22834893
-58994898
4605420
-15401969
-29037864
-77124649
30534923
99972124
56525306
65457232
36257744
19767144
-65943592
64105799
21811894
87544297
28402436
-23305441
67053770
-1582093
-33243385
-8068587
-93932653
-14880954
97077442
-84150429
63681280
84741752
-77166464
23697894
-68404734
2720865
13227229
22125556
20750432
-46348282
18938071
-39124495
-61512298
48600144
-43640538
18869473
7689161
-76187272
23393725
6251677
-3301807
33396355
40166589
-49007534
55879743
2123604
23716459
-54642817
-89172522
35035268
-4600484
54200318
-13344527
-36291967
-68971557
-35984632
92182023
73606663
-41767101
-98382334
-46900088
-67693164
1105480
-21663520
-51968007
30616979
12783468
25921333
21544249
76181909
63929286
14766367
41678370
-61674399
-27811841
-98938378
-11687455
-97860213
-16690544
47480228
93900720
2071326
-58409220
-55122100
50596944
81754714
-98286600
5104057
-50845140
-17044254
-79195799
-14097862
-77128220
-46292861
10259031
-98250432
85174952
-50408205
-57828221
50475407
-192790
-53994915
-40934121
-70663804
-87400490
-66866271