51658154
-41293831
81628610
52569136
26938910
-73162096
82022083
11467161
-46710544
-27689296
-42209629
-76746066
-55762222
-74174456
-38460584
84862328
-63336604
80144636
2739198
-60035104
38312347
-41298513
-76132797
-84092365
-74539959
62748021
-19624098
16198684
87772841
74310564
-67186767
-29381922
83361508
-20970277
-82227567
45058099
69513408
56254223
-96505773
-24144513
-86626202
-63568120
54439212
-1763816
-96042693
88382124
71622719
15824869
9315148
-57012639
-34293346
81108580
62889864
-1299535
53350923
99559423
-35593233
30125028
93538341
28957006
-12406044
88509905
57878706
-42819253
-35249438
-9727342
-83604258
-7939360
13523927
-51436085
-67593960
-9637874
-55775880
95503265
47702489
-16365826
47127178
7909036
-36115945
-43449043
-36748456
-23849340
69393391
65511783
-21231387
-44422037
35712691
84335596
-76645499
-9450784
5612486
73405550
29414127
-67299524
-71291272
60212478
61818570
56763163
52129301
38855612
25829096
-23702254
62967434
92976773
-22705074
-59574465
35244544
77912926
-68056003
53290349
-30145512
76495418
71593917
-14261629
89504964
-10736402
-8726614
-4643879
32798665
-5424628
-86526815
90825725
73588622
47190311
-69690050
-80275659
88708350
66916310
-48948264
-91431036
-10194447
80547680
-36504798
95005252
-96077406
30138006
-54702571
-89567977
-4199695
70814692
66738659
-56325587
-5667233
85956444
90033574
18598144
-25017422
7056204
-24652821
45538679
-55943124
54119486
90429832
48677635
-82882520
16265044
-29342332
33594331
-27438823
89343135
-894070
97836622
20377188
46687238
-70570915
57025607
-73772657
-44116017
90171008
61136097
46741097
-90377739
69997559
-86313407
-92657513
-24582489
29339733
-62877313
77468325
-25076164
9013146
-22915465
86429457
-30571059
38338411
-57056724
-55657786
91710244
88658296
52005577
-81563904
-91002891
88244172
32559671
90328401
-44407298
-61759946
-77150067
59459772
76859455
60703407
76746958
-1572972
-32312857
49490163
89058868
-91986891
81792043
-5366186
-76741390
-98669470
34472834
-35851717
14302800
-79702564
43317824
-77523998
63373548
-98586662
51550845
-20256346
91187221
-45238655
-99229242
-26773610
-2166852
-40773811
-78205254
68223569
23500094
38394106
-79620883
66428931
-31769469
82390309
-52753318
72292215
55906396
-33446229
-4504838
-7448705
35229205
-59817784
-19820751
-77988928
48415346
71305958
52433510
-67331876
14423975
-85110058
89221395
-31150742
-23822354
-91742426
88958076
-57317863
79565577
-11719749
-54350821
56742171
84620801
-72925050
49939091
18393013
92725668
-68014565
-77235702
96942094
-35573865
-57499884
-63110835
69902809
16000723
-21591656
7286305
-3715327
-57098804
-96280293
57771342
-38908993
-22657913
-32678336
75406446
97871194
-78731313
-19594519
32496475
9964914
11135903
88238395
-98393701
48915334
-55357831
66882929
26628977
-43992454
71856475
93990539
-52789693
36521863
-79418982
95373110
-39608658
51213058
-70096513
92877087
63562880
63683796
82203262
-16408808
-23307492
79174817
-30986252
-86029393
2554316
-27857540
59006373
-94093219
59641925
-25825969
-95013
-39592014
-42246847
48425898
-42436873
61906868
4793176
5242527
-84345094
94028252
-74933578
72538143
44034207
-17655889
89482488
-94880291
81903258
88309944
-51111324
937132
40397498
-79063854
14277355
10677289
23598428
-50881464
-73755556
-69218618
81418318
42950103
-13679079
-65848330
-91791648
-96759448
-43276188
92606545
78079896
81615981
-72857465
69654389
-591181
-53805942
-27477177
86246168
2329917
4626709
12796944
62403236
-44928997
4560771
31428805
10219599
-62261832
90218658
-85616305
52626175
-98986311
-18415806
-10333449
-31850607
78504215
65200729
-69412638
-25379965
-85190347
-22580117
-20134610
13672062
-70862273
-70865794
-60589813
-61026447
82874583
-99961095
-56901220
80527947
-70493132
23275620
-3583201
-48540977
46621923
-91481327
-82409328
-63168579
-41163010
-39940231
-14602565
-77447118
-22881307
71797016
-60520600
14169878
91603862
82295024
-85731579
6357725
95036249
-88485132
25381818
-46668865
24390693
82375942
41618924
82540733
94445686
-29414940
-24278917
-37224742
60055231
-64635192
-84734863
-74931311
-23874806
-12014610
-24492113
-68518553
77524418
-62510384
-9943359
39416478
-95556909
-46900665
-1982425
78573636
-26216473
-54046973
-11560408
34989546
-13303456
89699885
-18104918
-22541483
82838453
-52332862
99438219
-65014067
-5323795
-89082531
47960169
99059370
-94408170
36144469
21406261
-47292721
-84892449
22825351
74443992
88447535
83275843
3739451
29314788
-86699454
10307876
56103065
24804988
-40234217
5966492
-45076879
-85352345
8044833
-91350355
-10220799
-14398657
-10283106
-19652368
3798518
51687841
-72095084
-93802360
-51415717
14130358
-46387859
-59561506
-56419344
62571941
-87364281
-29716458
-6302090
-83491491
66417616
-9408020
5600267
-17029328
-83269183
33800289
-75502638
62354919
-46632457
14037224
47355280
-21646930
77336686
-8574147
-80485986
-76874441
-12934394
-59745857
-15033694
58002429
25321129
-66726092
26545548
41513787
-26332604
31396872
84110560
92851642
-50863128
37255996
19852294
63405970
98946655
89482159
39561628
-75731735
-19339788
-46525007
-50559554
6015026
-78853813
97225267
23964319
67060073
-24573102
-22273341
34514900
12821682
-16378780
83832979
90448638
11923027
91363715
28959003
-20476860
-2852728
-8445341
-12881785
78658780
-25025816
-28443253
-61947127
-50330262
-90253753
41728699
-90362939
34123391
-65575148
14577033
-87320373
-90487956
-24017317
-45353702
32123081
-64916956
76057618
83258637
33614055
98340396
99629663
22615421
-1100878
98282678
-39975017
-18133352
33862162
40523706
20431957
-12510699
59139975
-76594592
7643794
-39667021
-54798815
45822592
-99762175
567320
40592642
-15010506
-65192321
-70316266
47419311
-273747
-21782192
42961657
75306011
70904834
96153688
50200816
-69411000
91533503
-27057826
85691181
-6716304
-68363215
43556571
18390920
58675911
-25631266
-92222015
-87888712
58172631
-9314889
37319771
66081017
68386541
-24010410
72233416
-50114726
49527253
-10457194
83639963
77736821
47931183
-77310384
-79516699
49949172
50690613
34206123
95231464
91351090
-47847298
-15926197
-43746701
91896402
-93668719
75156926
-33277325
-50438500
-79381143
52270556
85813931
-33081737
-27927573
53288880
85964685
-75281945
-93228369
-81221942
-72496498
-2469131
-72672155
9312404
17526381
-59884781
80317094
-28099808
35771242
68715378
56844296
-57894624
75576791
-89729463
-49764861
-4998396
-60133490
93204081
80982809
-58048074
-41147256
95519037
84879457
-74602559
95919352
56347395
-39925765
-42333727
3465946
-1554743
-27096868
-83177246
8384496
18203938
-29442099
-94678228
26055459
73506523
-25448380
-12293833
76914299
-35068341
67621269
36963651
-94231697
-51540413
13819502
4721021
23909947
16648107
-94645105
24249713
-30562144
-90755664
29281475
-17328812
29170035
-90027418
57443548
84956394
96355704
89266263
-52537891
-69382308
36351623
-15369750
64634361
-48642378
9224459
15471471
-16252190
36659297
40047730
7316161
-57570476
92848009
72769427
-14107843
-88636372
-85871009
-30072804
83798528
15325483
-12949560
35508892
-6610218
-84546333
-349140
-9422755
-73949535
76493129
-49098484
15541032
61007431
-95435903
-15412357
-18622239
-14624030
-7675311
98864995
80376007
17467840
-45154853
43120122
25556732
-95677297
-76191345
75386016
77707282
-16270467
-15558574
-84611865
-44154168
43795319
11667941
-30657923
-35819535
-806633
31049939
-41981455
68932244
-50870704
-64658260
71966368
-89807624
-37355363
93605106
79769222
-56747000
7947897
34227723
-82083724
65681712
25740209
56941661
-62246733
-55749216
49708702
23125037
-61508198
73593517
29934155
52970052
-7347862
9927158
-89879759
73782657
16528643
64555460
43424455
47067377
-77493157
-817512
12571853
-8963107
10065594
-96562430
28560870
-57557308
64604522
45342127
-55471284
85054622
71521914
89597094
54706948
70753357
-79000309
-40184409
-46614823
15731311
-80766653
-83946640
78913527
28222683
89820194
17421951
15760109
-23106346
-21528386
-37996865
-97521784
-7179229
-25199299
70107254
-63239445
93049170
5519740
64706355
-3199881
-50760891
-20395683
-64257801
-91609202
-76789400
-45318104
-73387678
66273198
-71465617
41386289
-71012505
33120151
-62316714
40792999
-86974986
66200229
-68806595
5475720
40841814
-95053382
95461051
54642609
35969774
-52047968
-50136554
-38748001
9235993
45172363
-32142490
24658259
-1565125
-66325801
-40201730
-45253863
-5681929
-68409532
-2989926
37383316
88482155
87345255
22790736
-29270651
-22146545
9616347
-99513242
8062779
62204542
-48814325
-5616032
21725295
16003845
-77768781
-58791183
65480792
62994230
-2864662
-46551009
37781189
-48574880
-10756290
-17938723
38123537
83614520
20138557
-89489098
-83653409
-4732151
61606705
17916203
-82237150
-51654830
53093738
-85926268
26123224
-33009821
13702366
27624129
-51003144
27502401
37780590
-84883152
22380280
-26616475
-43477400
-89898590
-74774175
98913127
40890715
70244318
19544736
-14061331
86645049
27260803
-76328131
99477470
55188489
86640499
50845101
90923656
65153253
-64875526
5652781
35576229
-14473237
98342831
2821924
-33247090
-66082291
6553072
-60304931
-9657572
-86833740
-29544065
-35783906
-92968177
-62627248
30553839
-13926549
20415368
-60831513
-37229769
86029686
-1435814
51191146
-33627195
-7262653
-89150844
4238512
-64610489
-89523325
-66789781
-20654505
-57098648
21422391
-6586955
-80452726
16172755
87727951
-7388330
-39380294
57370546
33125160
-8459515
-29790310
-77209884
82296462
-95012300
-10390937
-58206690
-24168475
-21035580