68587106
56992376
53627291
-13276714
27135246
-56548551
24237795
90639885
58378973
66146211
95881320
-98688908
-61146418
16177199
35417888
-18809524
-83120517
52249950
67625364
-8430762
-82227107
73746600
46229591
-50551493
-32710865
-22227258
81506965
86213269
-93194252
19664140
-28169105
38241668
49661109
1773474
-37794492
-62904297
-57996171
-35984663
58641735
-51309212
-16685995
-58022535
-51614903
-84131407
-76506409
-89493563
56539242
-87633302
-34936745
51629969
68350687
-45033527
89521282
2744800
48415300
34304561
-80413049
3216608
-33866669
-98959608
-49984869
-25411564
37210188
-38585156
-81785309
89393923
-27651480
13116876
-57369837
16684534
68647144
39232562
-54148344
-10570219
-81037721
-30536384
76910726
50764808
78079898
93880086
-87868640
19452976
52346959
-98363257
-82862700
-85654770
-59754100
-15764802
73658732
55582037
6025523
-30496152
-46179475
3305338
-88284289
-43207746
-67484761
90547569
41941346
-37079906
-35818286
15525331
-7685237
56777496
-625497
-69877945
-61514160
-47422846
96418410
53854121
-69047086
-91158045
-62843370
-36201817
-12344419
-78783578
69593760
42368905
-83995847
36346968
6993094
83542856
57898317
-36482294
65301702
68745053
-97146470
-81990152
84548432
8671266
14978318
20216841
-92012387
38872345
67946643
90631059
20901899
-62434789
31706482
-16530616
53237141
-18533989
-29971506
88005772
-87172847
21992235
75442345
9320765
-11716393
-40588293
71960843
-2711762
15175303
-3359065
-69558482
-84239174
-92491431
46781215
29583351
28993097
41815594
-5723983
-83931430
-72259585
99010
66954248
51220257
-39024018
64455362
-2887619
9522717
-50804295
-92320134
-46275016
18767903
69378968
-68301161
-86249726
-80498259
38761421
-49724713
42717121
-91612633
-94302482
-34061301
32165302
-73310403
68066738
-76546578
-74520207
-60605359
63532911
38868146
-18704451
85972692
82327414
-44602999
-24085180
-22797637
73764780
-77038444
-64514792
-24007138
-94945596
-2114304
16991437
-1738778
90712782
71753890
-34942069
-49284761
13974145
-85018615
54823344
94719414
-35197203
1851837
13927965
55912456
41866110
-54595438
-86847731
-70755757
-72448569
31091720
-29121184
27434382
-53059459
-74679805
18116262
-14577134
94592780
70736043
17213827
30338472
7837019
-93048610
-73859878
77251913
-51800954
-95686467
-42226630
6010316
25179228
9358220
47557960
-33399109
78755026
21973566
75128639
-12021527
-32851705
-58426333
-58713742
-73079729
53981564
-36246467
61198760
904508
7253885
-66306290
-59043588
-27578512
14905212
-85811397
76853413
-99148116
-65816894
-10549903
-44648756
-84477792
-9698306
70429215
1546060
38392961
5831035
-65574315
26163647
-54819377
-67568193
-11573111
-75421905
-64401846
-3602349
52356240
38037833
-47623827
6320259
15480833
-36915449
71159673
-40343747
-24009317
-9377685
-91872243
59286147
62479256
91505209
1520485
-24015311
-3572357
30456347
-87088721
71419753
-63947064
412892
65728666
13741481
-23220707
-3895888
69311082
-94458560
48949270
-7894534
64087870
-91004711
-53185397
-13569716
-47602642
-21953596
-31368022
2005550
-56715537
-31216285
85463827
76295482
-30176139
-57527835
15851985
71044571
64024239
-22644612
54036387
12372866
95909564
4122554
17217699
99643924
71907051
78601207
6473166
-28926388
53376721
-50744391
-94774408
97945829
35992612
-19897715
38699755
-73521169
58449523
33861777
2412361
-2693844
-46834643
-71582419
25680940
94111770
37436526
-60166384
77550426
-90837299
-75080575
-2486731
37990568
68648377
-80915248
91154464
47273153
-11122461
-23263866
-72542189
3329669
38777649
-99022900
-65625224
-71010587
-62533007
65764517
-28021459
27818228
32877487
93094391
94303377
72989413
59638632
-78212258
10615133
61505775
-2411144
22560265
78527107
72483977
-75622527
69595827
73246628
-88192746
74165722
91318029
65651716
-64940977
69460209
-50245021
-79926574
38902864
-12915052
65557193
-98303444
-51930569
-15672809
63331929
18491128
24597396
-94421794
-87611495
21748405
-44432419
87210005
44778530
82754458
-95421665
20659539
-68371414
-2802562
-2817931
67022057
-91895184
99204459
94770765
95497866
-35001109
2785715
-62179867
-23702062
39524398
-74453324
16073582
-13737680
-64940992
-27143160
26063245
-96976919
-99172478
74066453
25368957
47985772
-76348464
49111531
-14717742
37180874
-59255245
-53531393
48202630
35417686
-28835041
-81553225
-97337275
-22873117
99981676
2831874
-92483581
-46374146
19583233
51364068
35276439
31139169
-3362450
75166562
89778115
-29768263
47136317
17946568
-97963157
97461063
-6587831
-64167080
68172768
-67629544
-86252056
34978039
-38285746
-97425472
-20696662
-13196971
91354914
-48188619
44664063
-88316284
8739582
-95792012
-15971063
31470822
-25532622
-85810193
95981280
79986812
-75236983
-37544937
81550681
59834665
-27218052
47340531
66067281
-68593213
-45666199
-17383830
-59181553
-83081480
-407604
-26691983
-14110465
-8023164
9791128
93940774
24082927
-84640135
-17612769
76334741
-34574938
-35212859
25600235
-98430220
50118952
97703124
23997426
-48611657
3042001
-47822851
-35718232
-20767718
-21812093
96682593
57857810
17744421
53591663
-94451218
59786282
-50616632
-92607809
22737671
16298924
-19361811
9214044
21214136
95148917
58894786
-47312634
-75379199
12051094
45864180
55962697
-8778665
-37136945
-5400964
15403952
-44159242
-44979672
49063081
-50155457
-29647926
-36136627
-3953549
70035608
35908347
76600981
35766770
-89418528
-75236829
72125554
68557112
47591920
-54451709
-49332079
34241953
1283291
8677668
-61532272
83795198
-61766701
34650832
91521663
-52722937
-71457236
-67154738
-47146606
-86274093
-965647
72931565
-77582112
-2531279
-1157383
3971589
7215370
-79273029
-3823857
-42979187
-24741855
-16850866
-44019891
-4858327
-49949922
62750936
62723221
-63477925
-32004685
-31735055
-24624569
-58315088
98501255
78054716
350798
32264836
-61901771
38531388
61970758
72209285
-68398876
96492462
-43797491
87392687
-78297115
36557643
-83316071
-60509940
-9355112
4527972
-90298623
-3253444
-59766534
96996790
-20949174
-29398303
-6970476
52338041
-40814714
-51479557
-86614929
-21506383
-61548975
-89001716
74365875
-37614980
-74433374
-77908478
-7895749
14839890
-7868017
79684040
81779368
-99816520
34077600
-11320612
23319039
15528929
85053828
-69564802
-73667690
86181822
77506185
27364588
51875841
61869165
35556810
10193303
-28057370
-80790995
3567447
88437570
-92439658
-44379595
-20921823
-79443169
4263905
-26133078
-11743133
-20451861
50118836
94888781
63982913
31796215
39308312
62351965
-73256931
-91110172
98608747
51455794
74728927
-55232169
35730236
-41350322
9411654
30314061
73542751
-50578610
-75564661
-33209058
47400922
-78303585
-22029990
50324582
-41406387
-43423560
-28194949
73748083
42974915
-27261052
-93415532
-87235968
19658884
57046396
3558387
-74424717
-71705919
-74373820
-92813489
38077566
32457844
17377306
-63619901
61609756
11421059
19508153
-19896648
22197524
-71278354
-16284613
-74060396
-87022514
-9088572
31422228
-61379999
79666711
-99586455
26293842
-67610526
37527310
-23108235
-39058474
-57565703
-57980178
-62332095
-14506004
-71813706
-89584713
70104135
-86996458
-57609434
75813490
-42127678
80663570
17397150
91843941
-74914966
-64202839
33655632
21261617
40293966
-10798651
-55586824
40118380
50775039
26575214
-88243100
10802254
20956708
-1003688
-65554035
-81749170
-26062559
-58332487
-85237542
-19143456
92444477
80445116
-46838738
-21518607
-88379450
-27360152
-81920003
44482173
-42768856
-80797309
-7776674
92201232
36266951
-26253812
-79949065
64151819
57430401
-72259998
51656989
70707140
25934932
-54443552
-54720179
-95884255
-69484804
89001901
-38923869
-42348781
62927472
-67944966
-93570719
-61462732
80330339
85369072
95490726
43351815
51490631
56394513
-38890059
-58962763
69159860
-83493731
44515975
37501227
-13007620
41388687
-79005738
-97296484
83017185
-5240951
-4021580
-22108181
-90206244
-3745511
-10923696
51900711
-33847226
16081319
28677415
39764208
71746033
-40967818
48363185
-34517098
33315046
-59343069
-13405003
-94125690
96181703
-44687195
79294499
-64528680
-20384168
-85739415
-65281674
65095639
48349044
-34314536
21841323
-60376620
-5467779
43164995
-45485035
-97878570
-1959241
6695455
-94738108
37935908
-30374490
-48270784
16234349
44187635
-37767173
-79935486
30464485
-39478949
-14894044
-33540538
93689113
67881123
40143671
87083838
-46083280
45604049
-61595602
-14100355
-72337078
56491116
-46461730
-44296400
-54989622
-25840442
3569335
-59932862
95409559
-13130961
26105229
-34244028
-92347246
-76698707
52726664
-30076144
1337123
-34766053
58321297
92158608
-53924256
4246848
63899874
72198434
-88508158
1910834
-6393139
-32059509
99659538
32683987
35231523
47131264
33918962
53611679
-55683602
-66675507
-43754093
1240107
59579019
-75838885
754403
-16904136
57518534
-62908282
65197328
-88389368
-69979558
-8802540
-70136802
-41922812
-95731127
-29351191
-94617812
-48285356
29200983
-29824205
51548232
-68220464
-11343146
33690206
-62277648
61297624
23344725
49892228
48355373
-11662724
14041474
-40966234
-83414224
-27317349
80119147
-16641195
-56233506
78134342
-30063543
-80200157
78681500
27495447
34279231
55491754
73018397
23927275
86908490
-62074848
90290762
85980521
-31902406
6173333
-90356726
51713283
-25752669
-30956862
89063899
-50290327
1506120
27399617
38930302
-17840049
-68971038
68253934
-71533404
-10946391
-22425971
25765912
-7173339
-46145559
65276320
8450760
-88400360
53073345
-7990848
-36434149
-89400101
-3609869
-88375248
79573647
-26552709
71997666
-28001014
35410676
-30534455
-32876894
23982082
-27788182
87339406
39267016
-43388301
39560176
-65319667
73709937
85380500
-1020979
-55623557
-38741692
98024201
95524229
7574110
-77512399
-89342958
-12258322
23763218
-65666750
45819291
95653293
89882237
-90509585
49381996
48027300
-14674946
85733558
83628620
-86464609
-37137588
27729557
-87084086
-82714910
-15822676
-60619841
-31727120
40447163
27273506
73167252
-51480475
30685428
46713569
51626060
57498737
25968217
-9266686
97633562
-78427330
81872425
80872906
-17653655
46191262
25388413
68517304
66079602
12843466
70942478
84983872
78131279
-26198120
-37226054
-98503801
-44695153
19665311
-80026010
63465693
-68800931
59591618
49414317
24568212
47222121
37386488
65983021
97503530
32549463
-6680366
-990318
-21800935
67367901
1976440
-76197501
-81617599
90246585
93810411
-37781358
-64727015
67177281
-70997440
-36423415
-95100555
-62579491
-17287881
-70505734
97671074
63548711
-4045812
-94940818
-41956286
60604848
-29735257
58368470
-32804612
73761954
-34108429
31889058
36848728
93170665
67753483
79880366
67979033
-10759236
86238650
-82210556
90291184
17530228
66202059
54276664
-61920892
8487288
-62683056
-46699822
10754497
-52545965
-77610507
57031703
93353142
59824450
51881772
-67519755
-73337581
18289895
15117847
70277523
-55423724
-90366567
-24951971
-91871199
-68929075
6935210
49523568
86030992
-79837460
-17862198
-91399461
75176567
-41726765
-38163010
-81852162
-85390131
-17134032
-91781129
-95275065
61236264
-35915612
-48498969
74178054
67728144
8927964
-49372748
16740672
-36415273
44166654
76619363
-94293726
-7837067
-56513042
-78274429
85657644
-62305945
-28423364
-15068856
43797171
-90271719
-57941091
30552106
98797383
-25430423
72893190
-78858899
-26810954
-42872725
56040667
6830678
-54163778
47711117
79625723
47177526
-17738588
-20385066
-40183196
-696284
44665652
-11247775
89010037
83181599
-88942517
-38519788
5857246
-69684915
-15336448
-96995960
-36269046
28166949
24445336
-97027919
-75243426
12908097
-23128127
-94811626
-25475635
51830672
94722508
-33214985
-55768956
-75116186
25044570
-89353062
-94752627
-14481869
-32920917
-2018428
14880991
-89787275
-74197623
60593493
8122412
-33533230
-35203869
6266933
-77236193
-39266438
75870915
-24461644
20895548
29639202
-7321665
-34585764
-75575210
89575003
-15684488
67388610
17258670
36155800
35480124
-30249438
-14931785
-54828101
-76055836
34889034
50988163
60692842
44697902
93835559
70570364
-75492872
-95852479
19460484
-20911989
19967159
61983583
69918669
5926171
18236248
-75743880
-41155393
-88760336
80136962
-5748156
86764905
4967305
5911047
-19929924
41393569
-50841770
76453360
-64377770
35519591
17004036
30642946
56591148
77199019
72339931
47370820
77365738
-93055891
49779635
-52910913
87639011
37924264
-96723034
-7641817
-22502516
-60095501
-46521186
21371179
14353694
-88664916
16158796
57132860
-78911849
-47348627
-66068158
5008423
71000910
-56045617
39951454
56278584
-45835458
36340031
17362777
66872850
-12249495
-46605468
77535866
-34623381
70581701
41354047
-65232196
-31924249
-73196467
-25091655
-40909516
-36695031
-92187417
21587522
-12822931
95924724
-36728453
63633401
-75463565
-8248802
51831586
-43287204
86045568
-13645780
2640865
99394403
-98789671
92546882
17209715
-83640868
86307639
-28149880
48050979
-66246850
4796606
96985991
37856701
-4909434
19641428
-70785364
37744795
-19072637
-42064416
76488678
48550646
47522644
23908083
-28832514
-54388591
-44829635
22232955
-30842929
87401619
35069869
-39243512
-3105532
-65752589
-36244795
-3123718
99376286
34368984
-68283757
-14781286
4428053
23363604
-72027786
53822489
56223610
-55830917
-96557802
-50474768
61880227
34573521
76479372
-22029949
-36180005
45843920
-9095295
46369491
56183689
-93781030
-57259397
56128536
51999828
66338370
-58136823
97440988
60747409
-5955450
83632668
-19108013
-87526562
58297463
26250290
87113287
-89228275
89191853
-74365231
-5923501
-27246285
-98383784
-46245940
27725438
-956774
-80364137
8390463
17329127
6590037
-30542702
52636397
11850546
-41302953
68434534
41604037
-13530021
-14802331
82905583
59307805
34885896
9457967
93207992
-94888571
76424049
-20918702
-76020913
36628385
-93447123
22148184
87267679
-65598171
8755004
-34644353
-66863986
-14354787
-60424143
-78987030
31102596
48780700
33798776
-21172030
94817674
28900684
-58396445
-37753315
13235506
19800875
52677158
36346129
66485938
-73691697
33194327
80582753
23534794
88997368
-51552499
-42438365
36413241
-23426298
29670747
-22301888
-16507212
-49448241
-52162101
59167478
92102585
89501309
-21290962
60366920
-65724333
-45522895
68376088
-70717574
-42336512
37790407
-44325125
-68497190
-68477626
-38668105
38374039
-64337130
94977238
-23904637
-69002725
-64569578
-55448684
-21698421
-31292565
-20678709
84694694
75089074
-85139943
-23798271
-47095895
78516712
-97281103
-35865465
-14450585
-38650662
-44747360
46977544
54552441
53765526
72589700
42184955
-91477223
72323878
-48144280
-6518200
-60466858
15881580
18332121
72066522
-30804014
-13275539
-12535365
75913934
-28803534
52493792
56960175
-53498566
76388024
66852026
-9145907
-6109976
-69138019
-90601699
51781714
-11859933
-62204027
-10198439
-33599127
-57038139
-47017157
-36915274
56981599
-21942971
-16664970
80038397
66069653
57968884
96960337
-86857261
-37383222
-91679746
-63669067
-36941095
-22186189
-33756743
-87034076
-36216387
-40226779
30350228
-84337949
-45738293
11129457
-25364878
-85177607
96548538
89666098
4037625
-93023744
16246187
71159708
49811979
-27156277
92085114
-96940273
97382094
44575452
-46622328
-91310495
-27016232
68031372
12344220
-8068394
15483272
60794301
75103792
67032389
86221556
-75194446
1079238
-82615983
44423753
42572769
-78960515
-87229779
46370507
-43781051
-15656041
-82511211
-73533164
-84654205
-72283311
35430270
58196711
91482478
-8411225
-36283734
95660297
24858455
-25455564
-57297923
65926816
8291862
-32785421
85475155
95212262
15232813
42326303
60056313
-22846198
-12965255
-76010833
-54430868
-9583165
-54979353
26087760
19924344
-49066014
84458435
-26409821
-94412694
72333946
-64888196
35857727
23243861
-16871558
84352190
-73893198
-81266270
99985002
8256207
-9821696
-9082544
69259017
-9014458
27373251
-76550647
51812688
15484252
52399487
68533117
75063806
-35076652
-60547846
-37048057
-81637193
7411501
-62493965
1458347
56630620
-92674648
68448536
-68016584
81133492
-13944439
-74518607
-45522369
-24149977
89023282
-91116700
-30781479
-85467062
-15399166
-55665363
69887249
65509663
30689066
71098191
49230766
75802812
-51316102
-10561586
66010715
98376987
-56986844
11802083
11032048
67341744
87960719
45189283
92373365
93233265
50481145
-15384430
38870307
64507583
77047271
-67114538
49237655
-31952063
-33567890
-8538896
47197615
17937338
28028702
-27805882
-97138780
-41615946
-93876649
23209031
70395482
-91409966
95103173
89515670
-22857026
-6559777
-66911171
-64941455
98378783
56946958
-87683855
-62164096
34745386
54167589
-83435061
84224655
17917666
92118250
-38724953
19789890
37480575
-69287663
-59082738
-9663437
-19628005
-27218676
15592606
78866580
16022092
42024149
25394119
4065585
91279133
88628753
75832389
-52783508
74529309
-41715571
97829979
-34082262
99084811
55818520
61218607
-50578140
-8595423
71364953
-38167658
-10458026
-31138106
-38685242
73118612
-29065118
59554539
64941396
68384268
-50964154
-79798321
-69262727
38062707
-83920918
23165309
-81455910
68762984
79004975
-54689012
52170677
73303997
-15046986
46729281
-21279612
-51058212
39465038
93732497
32821979
63165108
-56898621
-89352710
87497529
75117058
-34007118
-82077002
-4581762
-64556044
-76631219
55941644
-70628020
4040943
56506253
-44686266
27601280
26364680
-27756705
99770061
-33189649
-57272202
-39234396
-6498450
-73930766
-36792055
23810485
96841290
-60018325
93647775
-11108323
56224568
-52944711
-81198229
-4938057
35207870
-60280147
68621766
8825252
-90131
35888828
-18856075
95043283
-25503688
49331589
-77091060
97620459
49885765
-84259604
-87863497
-94565548
98118416
76442224
27163323
70737485
59598724
-87079496
51904136
51040143
-3646915
-53318419
91935266
-7805850
-32925664
64851769
-29223381
82842551
49486383
58953828
-73028824
72084332
35911235
-1673786
63040489
-89598355
56872493
-45607690
-93748204
70294884
64119449
-72763079
-22899776
-53842703
51230352
-63070251
35096571
-98878109
-11209637
-55920288
-86481903
-951097
-87949395
86889063
-72645282
-6674042
76938319
23978894
-53559543
-45749344
32454047
-53723370
-67248458
42684765
-79469428
50704560
90459333
-45467043
-87648528
87333335
-62462873
47296639
-46251954
-82046709
-77799513
-46780821
28972488
93119515
93385670
99827611
-92413641
-94983494
39591299
-64001528
21737317
47259063
-63278677
-57399892
-41795251
-75054763
-37859181
-31892315
79392605
-2310372
-1721102
47408036
-37582910
71446973
27341023
-85054643
-86352862
-12010492
-17207950
37750443
34945321
42635076
-54630753
-38620038
92482460
-95674245
55730644
826011
-61932765
37900720
55687319
-50596478
23458995
50533435
-61068303
74967632
19577884
62726861
-2425718
-45210899
72045220
39209470
95909752
68911668
71558324
-59029579
99755240
56237042
-33629394
18900699
-91845983
72276948
-78705583
60328840
60639788
-1001362
10546036
-88056443
99588428
67043963
62935880
61206831
-64402922
-61885094
-65919427
54167151
40022899
94119322
-25530036
-28418773
98458792
-69781438
-88244515
-82970675
-27638242
60680836
-44707344
27839684
99910893
73958951
15104744
-77961130
9330749
62339756
-15720660
-11894432
47114975
-20095286
-62792651
68885614
-470289
71495390
-25589411
61438418
-45637816
-40499338
46315997
-6537655
-5241922
74638130
-51165776
41688455
-88159972
31332154
64589828
-2918796
-41641736
-5664719
-24323105
-52452495
-92610452
67241546
-12689680
-12962026
-24224482
-1649405
-36374727
24219427
-3140575
-66234647
62018698
35276582
-94492230
-68952239
-78512484
-63268145
-20565814
4728328
40566332
-98575104
42799030
30950727
1758609
952773
4661919
-98606405
-33041298
-72812557
-41961087
-89736873
-50347
-30147699
-32025093
69950269
-18175608
-86410547
-24208890
-46483635
40365886
26881476
-64362250
56329000
340826
73753804
-64545588
6466597
-75201408
-37601803
-84196322
-4969800
-51379520
6069474
12465735
-98326420
-96992880
-40592440
-26330932
-26744613
-67411260
-65763816
-33914783
-81441469
59484620
-39365629
1307470
1945943
82247031
86875367
-2153985
47042897
-36554585
-51685839
57207620
48314959
-47489904
31955426
-77436527
98926885
-5772248
-62397074
24302281
18312135
-74854090
90411706
-71597977
58932395
67713998
81633317
-69886482
-84052043
-28531955
-57689032
69610398
-51510248
54402194
26223624
-8593269
30568658
53277634
39819203
-92388468
-43901163
64893578
-25089434
-24614127
-72604307
79016465
27850917
88482979
57033421
-54967785
24992096
61317445
14383260
-72710787
33734234
-54676619
-30343949
91228932
66616149
-35945510
-80567447
48209360
46895899
28799636
-32747505
55754625
12853051
13746059
-28713943
22457603
-17681331
-97523571
-88680720
-30165156
-53287983
-48750882
33616830
51680409
69953712
80983668
-93024932
37757638
-12848696
-41450018
-70595303
58670759
-42596763
30240176
-19265957
-55988015
-56785687
-69946233
79803378
76281160
-24983478
74115640
-34509186
84957160
-76035894
3752494
-61728324
70102947
96071277
-95591283
-10927194
43591963
63611736
-66264637
-87566997
99179442
-79785157
69318012
-69839360
-78648382
-33652153
1875721
65162152
-90756449
98987566
55254242
40806189
-88684408
-56259086
-59258145
-2446166
48865636
41363
-90203226
66130267
-14524568
-73898738
42721058
30316618
-12820005
97359115
7694365
-59437210
52823030
-96644340
-10745088
32607551
91610601
70210862
-10811004
-47445105
25286614
3557821
8788020
1683398
96302236
40343067
19623111
95547792
53782305
88929560
56581633
-98639529
14869363
-60314656
-67667070
-90005620
12905391
-4100991
-6867421
1349614
-72996685
-35937557
53769587
70357488
-1430198
7103148
-47934838
79734503
-97739045
-69041608
47021090
-83997438
-23491345
58167228
67142382
-41963579
-20462378
-13706385
58264188
-58419103
97845840
60761889
13678116
92249450
60253366
-10865629
-76470745
-44608948
88746213
41289935
94973160
97388207
20791832
-27618066
-51213338
45738923
-41379866
73193359
90409247
-97567747
18544023
62720996
-46216471
-13526196
80436202
1725975
5641508
-37480142
-97461440
38540211
-55605776
-38957431
-41338502
5613373
96167215
-81535910
24584061
-3355186
-81529098
-52012023
-68656007
-11614275
-65581187
-78202461
80326876
-75708074
-97122731
48451874
59094255
73981001
71148933
65033184
90088001
-95258363
54850275
-11679860
-75028891
73279093
14923596
-87416218
13400964
-61495628
-44116159
-75451471
41757430
59566508
91199055
-40239933
84454497
-21580942
37431519
21693077
61575178
32392418
54299582
82454195
-25688862
-37914376
55894636
-50251384
99641304
41687129
87050494
69677262
-82983886
-60658401
-76683094
29353658
-52073603
-13176852
-71135359
50047936
-70871729
-80133252
-62440059
-31426936
-23044957
75837440
-56980701
-64807142
-38346082
20490854
-38199904
95932361
37745426
-79023893
-6460105
-84557381
59673544
-18752403
-88953121
18655868
-40290543
37347642
-84852380
58407838
-31276454
-11287347
-43095319
-33575030
37944467
-91322522
-96407595
4728949
639177
-29076622
55880653
-86122350
16397616
-35289604
-81737645
-89340481
-96059546
-83688050
-61512093
-90367647
-10887144
-13641712
11009942
-45110635
93908280
14059356
22942834
-82007765
-38714243
49840713
79482386
-25491602
-2715174
-46865097
98439916
48202100
12280749
-91454561
-32354591
-14742026
-78800916
-11141094
37105006
26448719
58753109
61880284
-49965555
62215098
-76078496
-34765158
-43406632
-19816176
-88751247
-9611931
-80986621
-18815753
25801062
89644851
20337385
-47838170
16969364
87658122
-69472353
76866158
-49907050
1181030
24273049
49062227
-84328342
-99562248
-99040084
-18468277
-76368554
77345863
57487422
60227764
22639756
-16460037
75954112
10275155
-49790027
-44500365
13075960
54071691
33639211
-26848330
82870753
-83813184
8394095
50620248
-32189664
73383342
34477097
40883104
-24073431
-92951905
84998623
37123955
31594751
76644868
72739217
11750571
-41087259
-85532070
75915079
-14674419
-93878085
-31664496
99910685
63219246
-31000996
-51866026
-10546174
-12684295
-72691917
47453868
16422150
30080958
-25085469
3292312
18183600
57246430
1236900
32469763
44044168
5672393
-93477102
33530667
-45922067
72217768
-46052941
59632273
8323564
-96012330
-73476472
3826816
-91546975
25240869
-888121
-44161308
63831763
-88371368
27419150
93087367
-13796525
62944247
-30927136
-1868111
37111587
65241564
-51858509
6012770
-60875004
-79489864
-39076954
-43011649
8298176
-69567001
50051982
-28790958
-45519894
-76060899
-98778192
-39475890
-44538820
97510998
10128569
-69632791
9699949
38768871
-35276033
-64875554
-93060524
-16303625
15071059
-45026128
-22608535
-8684132
97277363
54358429
-67426429
46598073
-82753723
20233902
55532531
-61062697
-5938979
-22166694
15628192
-41305562
7628303
-20207429
-99370471
34661259
46462054
3208558
-11913521
30145309
74767500
-63886532
28456643
-65041583
-66997554
46764595
-8985
14417836
-66163803
22894364
-15085888
-18687417
22285719
33854170
64626768
49429411
92496598
-16478479
8528370
-67253640
38459219
-90915005
55747015
-96351384
31136018
75168915
-66452735
-17508171
-68534677
39353072
41606100
-75624484
-40200535
-7216517
-77740999
69842488
97252478
75308054
78364430
-27314417
-5263641
-75949518
94896131
-60931090
87626450
55734037
-21876023
34184382
28191222
-84936297
-71112107
81075170
-59723515
-22420758
33978442
99983300
57962248
-41062026
21188528
38328514
74593496
-19314499
69160622
72784225
-74863831
13696310
-26303430
-6195009
8195928
-77388511
27933868
-33201307
-61844841
-27399787
518716
1639042
-47501398
-32303141
33730984
-94534691
64052057
36846555
35650157
16376912
-57865485
-20356246
28538914
57777865
-32183283
-40543174
-33535626
-22902614
-12616386
-44711425
19294626
90753986
-81754757
-56248510
80218121
-68307490
26666952
80475598
-66360093
-4541714
65214974
-81453720
35021376
38448339
93406677
3593453
30903772
-35896835
81569473
-16629491
-53360842
64447295
-65001928
-7433303
21056755
55094002
-91585311
-90592763
-25239085
30850198
56735326
-16133930
90503951
-17533951
60065590
77678776
94909858
58391346
1962713
17880611
-44533793
85792643
-93641608
-11890413
91481833
-43896914
74403062
71963877
-48594703
-4384834
46206937
-95005678
1582656
-84383895
95312734
89141706
73529467
-80607514
-99106729
71266000
-94964450
73837769
-1745171
-79666327
-29005561
-19623381
15713547
57337666
56557109
34382362
-16239418
-7530622
87608603
32956603
1013355
68454084
21896004
-32834609
73125759
66330193
98371796
-21004998
-64481742
60139757
-91109634
-61611426
-85673658
-50961356
-36714919
-63999141
-1216982
-40032250
71959986
12993893
-5427237
90672241
-26741743
-91788648
-39092976
4252695
79661558
-60406457
-89223449
-24938585
-33775098
-27733588
87128963
92176908
13197718
26124901
-64075148
81197091
43017606
-84412231
81063295
34262902
-66609579
86970972
-95461244
-81914838
-51146946
-61353574
-89411614
32901991
-99564063
91440839
-94979930
33332569
42358069
-67478640
-50184615
-54998039
73997061
57514011
-81636663
-56569421
-7640346
37521208
46812439
37972805
76994618
-60063608
-61026024
-5768556
40247302
-32824614
69606922
-89605245
-50494089
-56739471
70303238
53372232
-40669119
-29911668
89338594
82651722
88671678
53720084
-62124142
-9398509
21605978
34498858
-14052940
13410219
90627800
-57085968
50424070
-32989615
-15444178
-56808884
6858843
19558824
-33312563
-22425693
16951854
-57654651
-14343083
29848344
42081272
25019269
51981609
88077921
-36167456
50038946
-12000704
-86518371
83570887
-58771894
13001793
69725096
-79297494
-13624781
65463148
16335944
33790078
78993020
-43648258
-89231145
31540531
-99159438
-31985018
96202614
17043683
-24997376
69274480
-65412504
-19215472
-35812585
-27753475
42333422
-32626477
89135512
26749101
-32555816
-92387249
-47176099
56429955
19414786
-11539644
-36986899
8942297
-98308350
39133205
12219009
-74208285
-22171510
-62044510
8819228
44569969
49383956
-17340491
16566425
-76011424
17953004
76621585
-15464416
-77014776
-60061160
65407621
5267499
-20248323
-2612199
-22022384
-88962323
-99109275
-657010
-85638116
27666203
37942989
31352675
-67223531
-74314888
33659954
-13162807
36815968
-81127552
53939776
-88404345
-92835812
-37974473
-51768481
-56331730
-31508895
-71770624
-1477059
-35866402
-36518075
97736401
33462599
-5831813
85285984
50069802
98765896
91877586
-26196953
-13768302
44702249
41461004
-94962596
82079443
-82135344
74867197
1977492
-71729373
13524750
23809013
66778392
64527694
1757578
79730452
2288363
94686384
21878489
-98412789
5755856
-60459864
63957301
-60832050
45941235
91373255
71826951
97443256
71719356
17241981
28319959
20447753
55247001
68947205
86121440
53767326
27406283
59451945
-10498965
67931488
53197463
-61664446
-26033530
34134338
-89375926
-43504000
48299326
-23880779
-66385068
-87790525
21459531
4957634
2651248
-10508054
50324436
-35792822
-46039683
-15523182
13468470
-56037895
54347280
20880352
-76245531
19224869
57475681
24740177
-91338744
65710577
88109043
-32680996
72365756
-51526585
10855660
-45147164
31180348
60127465
44840836
-23464663
-99536358
-19202430
-72794190
85291619
93837553
-15205055
-97723176
-59947313
82179768
28151397
-99098087
-44206080
-83238545
-29136463
-57128475
-84384454
36551808
-25015920
38492665
-56660077
41834781
-3415952
56935743
-35846902
59013311
-60611698
-32129445
-24993458
-85244905
-72826654
21905485
-48888833
-25476458
-61067306
-74354407
32453213
-59181004
55172732
-23667745
-82845493
99637971
76177275
21140278
83765569
-40692063
56640675
-37828124
-26422292
-35962749
51854413
-94496860
65163654
-18981104
45423987
7271255
-99350075
-10416119
22653440
-79573884
65151392
9482396
79275267
-81884769
190903
-30652809
-75289151
70370226
-26386954
-20614081
30095138
-62339209
36584984
-94829356
-39586789
97293521
-1366870
15673567
-9021040
-93348914
-41943042
55768506
-67513771
-32381561
-57217373
-7316282
-79203566
51087009
47612607
-11715113
-25701578
-19066028
96501439
-59476020
-55370263
-4697434
24332861
-54582253
-4552070
-56227531
-26668579
97282860
46352233
3313145
23886337
-96381959
-5822573
-19692923
9945566
95545618
-1527008
19246961
-87592495
-45149159
65772112
51018918
-29018581
11418491
-44972091
30378227
51473648
-8552278
2445152
52616414
-48668335
90530360
3298343
14482947
24301907
-56607870
-99353773
-43641003
-65506074
4693267
-51717304
-57881155
-70386759
-69559796
-76218022
50326895
-84828445
-39550117
35887230
-41335981
-57761957
57419810
35615397
60801536
7189318
5890488
-4997254
9629694
-11618624
7508605
-80551282
73976902
42412359
-8093326
-74402539
-82179659
-17977314
-60366284
-1976254
-29488550
10878440
82467526
-58890390
24285848
24783871
87697719
70677264
-30486180
-92444866
-45400271
60111531
10924244
69129847
-22332616
38929683
54989446
56114843
-65716636
71745085
-16643876
36240367
4394585
-21139592
-54794355
-54483725
70023175
57257229
92977377
74419481
-30766110
-15624947
69163550
14976905
27809007
-27596680
61102274
-37363838
-78787941
51753240
-35036575
15948355
-20557673
45737421
11457565
-56343346
-11824359
15593696
90091133
-95612138
7043657
-7434464
72673535
-90535900
38932449
-5452903
36066788
-22192277
56090027
-59603530
-70801900
-1812420
-46400743
-64933403
-75684586
25461374
-43749818
14208840
71118659
52015420
13512565
-85858342
-72526
-43452087
-1307216
60288538
49693552
-99899718
23638511
49862138
98921044
-20444290
-24508976
39665036
-27792676
8172263
98286957
48332244
-36782130
21953965
-90404287
48089
1264415
22914670
50758009
83835086
86730012
-66000594
-99004212
18402669
-55494016
-69605756
-68922009
-44514460
-20554680
91989729
-60380202
72498666
75039185
-23378886
-80186346
42238612
-23095751
-1845122
-44665529
-3170116
34733468
-71139876
4164225
30631801
-65790844
-43166122
-77427288
59511712
19140317
46215827
-95662921
-33165839
-27627475
54797300
-57262098
21207383
75225
-84127124
48027469
56014031
89448486
35071331
14409281
50763011
10022942
-13643721
98659953
-75124692
82893621
-43399059
-52156272
-81549181
-95660817
-63399375
-22776542
64596746
-84498480
-2102797
40213905
-87866174
13219189
-94564089
-22223988
22232067
-15314654
37869743
-42333902
51659394
-76893804
-88668925
14788289
-36316597
-44031256
-12275493
-45801713
63966846
1250608
20796220
-94206430
-13737779
-3729191
-74055968
46751301
51903762
17463236
1574958
-66926392
77321087
23714726
-66585992
-59866996
95115071
-56591715
-35255862
23433342
98216657
-48015052
-36313568
7375850
61675613
-42639309
54491495
23515623
-52656594
-33164323
81524459
23457608
-59611281
66823437
-57663024
89137432
87780541
98952601
54605442
91049929
28876496
36713858
-8450318
-60864607
-35390165
-83226296
-16392224
28796657
-77090371
-19352835
-63385491
-92297663
80595319
44526276
-58679598
-49119790
-51240009
-53712160
79648203
-21375860
-12229449
-47636009
63791524
42446303
-51570129
-19646533
53085140
-97164579
11108345
-2788716
17711839
-86921777
88021889
-58045941
62174828
-30050505
-67432606
-79245124
69676389
48122236
-32925258
98388839
-71855606
36143317
92974056
87032145
83763291
27551220
-74163088
-63403324
-73991574
-84816713
69496748
-71436815
-28718346
47514799
-81489028
-63674881
2048593
-88073263
38568680
-36671137
18133052
38587072
59491806
-46229306
82579938
-78289588
-40087963
29445989
42530151
-92921892
-46164245
-75348144
34521077
-35202043
-63997402
3305922
-15684241
-58343479
96380457
-88807028
48369595
-12390143
52332842
47944670
17561377
79857499
69486996
-30136244
76596619
-13312587
58653955
-80240785
36735984
-54497249
-93045103
13887209
-50634679
68228146
37256506
8033381
-55035269
88052088
-24404151
47897049
-44180676
-82676754
-40895013
92760786
-89734574
-28999543
-32043054
80663294
-55782139
-93663698
71323237
-69117554
-70695115
-61220783
93692800
-93858803
-56264385
53908031
-87899822
-18161633
93605964
-81287691
-61913054
52561035
83083640
-45539419
51579171
98432813
88850778
-40673559
4827467
-46264703
3604593
79084462
-55206241
-79461854
-77468833
-39516805
34684249
-32081462
35325287
-76870797
95151122
-78366345
-887721
17820014
-64576814
-46824335
25476691
-17126193
87484110
-76764499
23870957
8977753
-72191888
-96649531
-75388848
14890272
-62717372
-26353473
41726399
-62206410
-48256188
-412685
34917427
-96403408
-52157207
90560248
68074974
52878833
-79880823
-29825170
-7687959
-79249645
-4075939
22675875
-6744729
-80049920
5583235
-42918705
19769266
-80455920
-69706020
-23123136
35776036
26956620
90619961
-36726558
93675023
13835630
69706692
-66309898
-73036576
-40427010
16921416
-45190202
-73479652
-23489077
-76052619
-20844681
91403613
43029905
9423169
84401656
80765099
-27115924
65477946
23922894
38336394
-28213187
-58858922
65177304
-56147937
86327318
23006159
-47954704
-37186107
-85188220
-42343450
-6326275
-66438077
-93489045
-4295408
1586583
2702236
97409192
-82075640
71329958
94470348
89802342
-63516591
23766558
2772056
70931351
7739692
40794606
44776621
23527127
87850420
85832689
-62314516
63521545
-67657979
70589200
67081560
-94717846
5824879
50904743
-44759930
74402744
-46023680
30561795
11422981
-65441147
-84376170
-4658040
-76690392
30805191
54412019
-24058777
84190822
-83472525
-63886720
40559485
-13501434
-47921325
-78289029
87731251
52197327
-61946405
1095819
-8984581
-79070314
-91902455
3528976
-47613135
-49305151
-73547216
52276603
86435679
-18227703
-5681085
-65432581
53438141
-28287905
97410942
-74203422
42678762
91470524
69391814
-27119325
43208138
62173648
17816867
57259971
47628555
53880232
-41153273
80762624
40126128
47608524
-45975916
-26173629
28613527
-83467362
27425379
89492341
-5847386
-77770113
-72108273
-91661919
9578779
83407427
30507636
42027875
93736440
-90452077
4879369
4030724
-77669302
68920119
-10023320
-79558903
-31962135
84023822
62080402
-17205543
34916793
62125118
-45038123
35497688
-89774472
-74007989
-46037406
77996055
-30779363
22021571
-27446144
59877172
-38748929
-36941788
47060005
15995501
75225156
74695225
-62663815
71662785
-45402880
59819781
82521066
-12775008
-50840483
-2338395
-80054112
-69660395
68769635
-99159323
24638799
73729975
89130994
73569523
29215509
-53193389
-90425741
-52844644
30448490
81226846
-88217932
43707969
20623320
65911605
13358825
86385232
-25422895
53554619
99947964
78939119
86578470
-67338607
33295878
-98229589
-66378460
-6815028
-16534219
-27060878
8935019
-53523102
88601434
51699431
-1472406
85848631
33564405
-19390613
-76771102
19494715
-37620596
-54562573
-45663642
-99254149
-60960603
65654260
-42114244
22578423
-28506806
17743236
-11684194
43444728
-44350556
93883233
27702932
-86863020
21898867
-4964156
87080130
73678648
-27664069
74453779
12550752
10444471
17554466
-1728206
68626005
-1747041
4633127
-75675028
-3056519
-34946680
68473968
-4962370
45659358
74343853
97891777
-85830323
44106358
-21311398
-42479405
2659776
54519643
-82302703
94446922
26361363
66786029
-41031121
85365062
-77535405
-96524491
-18844866
-5334994
48721070
40515779
-32727200
59017084
94629687
25523822
-34934786
59370172
12267533
24904375
18921031
-79125934
80744291
2977121
16462316
-931845
43605082
30317801
-7419237
55136280
26240917
-12732959
-16198297
-8860208
71441130
-68507741
-25864306
48896680
17202839
88576678
-34069703
-3239142
-41029482
9018991
-73629455
-34362512
68117941
-54693798
20918055
-87555501
8662449
63051422
30882555
14260688
67666535
-9137991
26392424
41667933
-31791910
52123669
-26460356
-47032464
-40505398
-65233013
-13006975
-22435143
-31914870
-68829037
-64468933
76779666
-14099481
-47779894
-26774531
-44061999
53360871
43937005
-35140020
91066625
-63411130
93849753
77353475
-78567131
8656497
75581658
93386575
-43442859
68599496
-89725960
-93679363
78668639
-98167296
71666337
345848
99220327
-63476199
-45147559
62767477
-31651135
-60300152
-36411936
-3514617
58551008
-93375227
-27881327
-29244349
17070764
-938860
-44002622
-1393840
60414599
74775116
-47745123
3053491
68302064
-99156357
61299138
-87469343
86670045
82295162
-14003111
5232581
9135693
-80310975
-71146338
65452311
85435164
-83810532
67300791
79172509
24947954
-9262645
-24538861
-797134
-83133599
96728597
-22284195
98013230
28075206
18856892
-37581247
48868876
-84742794
15928896
2274459
82030851
-68049455
-10024324
-8814650
-71096905
-77011607
-8917761
-14643458
19203026
-82838462
98053933
-61704490
-19193429
58718237
46393706
82149073
-10545257
-66030507
-35292676
-68746976
6470455
89754134
-34223615
-70271167
-47882319
96920904
21079497
-91193123
-51508959
80855981
60693832
67705369
-56989171
-35851901
-75437060
87732607
84662923
-37503489
26311692
-89489504
-9520314
63084153
-80446005
17705084
84650489
-34666228
95322087
25471706
76689110
34637181
-34312588
-668988
59546209
-91723981
-63172820
-4108892
-50977238
-64019444
-36571155
89427930
23913280
-30679688
-57389318
-28430786
35264871
-68096378
-12941850
46782739
95446939
-29207967
6764573
-4643177
22919552
-39681674
18418152
-96967385
37304868
91049285
-96665238
-49476774
73168372
17196230
-86176330
-89818237
-54065271
-64346107
44351858
7276948
-43378387
-16769715
98996758
-91136390
-27998251
23967617
90192120
-5771692
-1713902
-98404506
58935707
-60472226
-64039075
28148277
17048771
-82038840
-20049341
68385175
34997708
-76996314
35558186
64904589
-48678034
41846113
-86914359
-57447270
64620092
75284403
-63203536
-3087841
-74098018
-77029772
-12858225
-79338196
-95090654
-61598761
69871123
-68048694
66643260
-69886488
-98493662
-29080870
-75973619
-54078730
-13436085
-71404224
-48790612
79818768
-90583560
-3198802
15463597
41583914
18559913
-33491800
-89326830
-34934494
-42305835
72125618
42063152
39960363
-72432798
99026861
56508354
-42489829
60971480
-45117325
29040384
29981941
64990483
38948940
-48731850
-97861183
-47305790
-97732944
80787449
48236809
-16876494
15910679
22990509
-59470823
36042293
-26016209
-2567024
58629048
-41717616
66520860
80856983
53707268
35316061
78892111
19988066
61636526
9921088
15108489
51806803
-93223089
-7793857
81858516
-66571622
19705578
-73010684
93918025
35948351
73952735
-22026009
22288723
-14756455
-10908206
-45294227
98375256
-88201327
-55954580
-41489769
-17430394
43251540
43058029
76938955
53096822
59341781
48268736
10784028
79105340
60311262
62987927
30197871
-29856429
-50814188
8199903
64205664
22471243
-45699599
29570204
57852530
95901478
-3310547
-9668260
12011679
-45544675
-3892403
-5664727
5497763
-72563507
-70753727
-57261476
3335640
1328861
19658795
30545347
-32805189
-1038754
-34977041
-72148799
-47479546
-30883000
-13570741
-95964499
-94113166
-55822490
67119263
-97842537
4152748
28107812
-97431746
-2688133
-36337155
-51241237
57575876
-34545238
51589005
84365672
94824840
-98437171
-96629909
-28298282
31836265
59142779
-23227495
13354266
-54169670
-89494776
-482386
-80395573
-29936179
27062900
39697943
-48635920
-46225045
-79834300
-31638891
-76556787
56445675
-79311414
-68002223
17568474
28081174
-37327886
-15740850
28120198
-6542735
40257711
70812843
-59911468
47880897
-93232395
-71147865
-60704181
-85243146
-55053366
37050568
62593754
-15261374
26859262
94694310
97939468
-64883184
-31090741
71245901
-21088994
62504595
94265396
7430769
3950260
-73284167
39312284
50903267
30164400
6628786
-21050621
-33867244
58080941
85135125
-22402042
-81261531
-12822909
-87116616
-54380687
-6069419
39602890
55390348
-12704027
51081458
9385966
-88857824
-63524857
62435916
-28443082
-37629947
28587553
2468557
-87702977
40486568
-8072268
-63780834
-25408408
9825775
57790533
61578674
-94571193
-55751601
-48710580
-35221604
-86809448
-71363328
-45527173
28710080
74030448
56913088
-913197
39713013
-65914558
83175207
83375415
-46178226
-9101556
44104566
-57470451
-73160417
-60696523
939533
-93521656
-63252378
82979618
14588189
85996641
-92464368
82709356
17274531
71095701
-5916317
16381665
-87033038
28523492
40248600
87116436
8038757
52257827
-49468806
-70741406
-29074793
95884771
52601770
35290034
-53692688
-36110606
10982919
-30276461
-77017381
7864747
-96772696
-95775251
90551060
17268230
16559886
-57073820
48134189
73321724
42195660
16371489
44560690
19326644
21470076
84108012
-42520246
77987675
-10542669
-3004663
73452675
36768406
-43043765
70194888
15060969
30048105
85112407
97007729
-60976041
1549576
77502438
-22563008
-81113866
54522895
37539373
-83534265
43533908
41906861
-6621480
56485287
-91411359
24210417
65593477
62571222
76812199
24689287
16811414
-76833923
68130872
-75242387
-99870188
-9292693
-78151227
-28399394
83053361
-76719419
-61656300
-73048171
-56058621
-11832437
51960623
58288483
88394216
-32523767
77171972
-27769203
97924283
-82010980
-69718786
-24311598
-60832168
39174250
91089595
-78205712
23004197
-50446022
92980744
51879383
-4923211
87014912
73091149
16571936
21915998
-21022046
-87143045
63930045
3151587
26916812
-13652685
15271795
70992546
81218582
82126933
53045365
52465434
-53864290
-64636763
33590620
-69964379
67598212
11903899
-94416605
55899329
58140972
82149781
-67005159
7363824
61438909
-73863715
-97006719
43050611
88308278
72866981
-66405088
32908922
45955443
-18868031
858452
-42715082
-17246061
-42899290
65838946
10536804
-3267916
-23462067
89442131
73577283
42228762
20795545
21183215
-43545348
82697685
43773249
6676409
-771508
-7304287
1199700
-55818765
-21675669
-69140916
-91379461
-9493556
-2832469
68878184
33065205
-39894124
-57793213
12127886
-29471220
-31356468
2459511
40153886
-6161960
50260345
47660114
81576834
-71868619
-28736660
-57443157
-46632220
-81570146
86654113
64184439
-69753542
-17081888
-30994434
-11547558
56082192
-50771907
-64699504
26530042
68497574
-53487304
-44552208
-74837571
26600128
-21931154
-12324491
-96263062
-8300172
22165180
-91262569
-48466547
5428511
-92808832
-47793833
51010979
3026653
1555674
-18884082
54764291
-19235717
90512438
4866290
-48393858
-3728369
93082045
37954928
-97032367
-21381603
-57985065
-19137466
40833354
-28587425
38120892
77563027
-24008649
-25284180
-18895491
13907753
-65234911
2654849
7740459
-38942907
20526094
46071004
-10860902
22468849
-74915936
43228242
37400322
-35450562
8425716
-45961721
-89322106
-18329308
76480269
-67990755
-11419958
46684485
-22097176
41905222
6398963
-63609746
-24804702
-17686711
79369869
42238108
68574382
50861724
-82049451
-99268358
97673035
-25908148
78478223
98642884
15424412
97496597
26529124
-91426314
14385205
2301774
-39990139
-30983002
19570342
-41990582
-4549123
-44331832
94579727
-38101084
93600830
-70199519
61272532
33303056
64231052
19358562
-71916372
-40956768
-85304676
35981642
69888577
-56810785
-94596444
71856038
3077466
-16359878
-29285636
-62059800
87329095
-32219864
-79913695
56139540
-75649805
22128298
33085482
-7936984
15707799
2917802
76894558
57411015
-5977880
13127752
-38797230
-34584581
-14912907
-30360671
46284782
1075602
99828231
25494095
65318936
-85325181
-40054793
-52937483
68107001
69138101
59903923
90458089
96221906
-5598696
63735573
4328087
-62592122
24998928
81824532
25272286
17852075
-91498776
35920235
42988204
-74017918
-85016249
53884791
13485831
-87939433
62415736
13766223
74917442
67142559
37623647
-33023607
-7048545
58361752
25964796
-89494404
-89727002
-46601540
75084785
-69215287
-19012555
-97991359
-15549000
15306940
65877770
-83093132
99843755
-80057670
-79788537
38481667
85873205
78041469
-28230208
-49893305
98719721
46573356
74421018
-41066920
76628877
49994954
-55911144
21976375
-69832709
-24084126
48122013
-67792591
-6161856
-47497141
-25721043
-28440308
74810988
33087856
16389874
-30782876
-31610988
36170036
-40009285
-73564295
85848156
-25069503
-61155482
-2163043
71656293
701647
-57060732
-22834543
-95787608
97940401
28825917
14579664
-60490876
-50946469
-20076730
76593525
74107130
-20113243
18126469
-67125767
29926374
-62847642
296364
-96856220
-42414948
-24272134
15682796
45929978
-21587887
13383677
48131621
-2820383
-76936015
-50536358
99737308
-78107098
-35651472
-71679864
-93726314
-13937826
78328390
52786331
-77751564
8636409
-22671198
-62020138
-66461555
95351895
66016736
-77479926
74310950
-67190734
-59014307
71060656
-62563752
56389072
77721583
63869739
40379285
-25432209
-97184830
3199161
-28459389
1591311
13781439
44230930
-33830500
-84649076
14968585
17907320
78800925
38867488
24804375
64118805
91675347
72920209
-91571051
-79399930
59055931
35459811
49148087
-38121268
40448425
18067693
-96616373
-37029452
-18859645
51233027
-81301720
-28297641
-82690376
-99783943
43814785
14258553
-79410866
-88909022
-19063895
79942314
-33300988
-69877945
-61264055
-86406886
72739502
-78396748
-35794887
87097525
84431009
7288654
-12008805
87555466
-30518819
54396638
-93716495
-62637380
-92972439
11701264
5694308
-30904928
-57680119
-80572167
53495234
52556015
-38469735
23556849
-99134420
-1582871
96273761
-59853995
68996780
76985872
11744316
68666533
-62182821
75076376
22759010
14985235
91846884
64900962
34538078
64047909
90887520
-670506
-25829528
-59102526
18690642
-96839679
-37491734
-68302732
60464828
48740225
18520800
65083581
37617369
-93756483
42145519
8755937
-90767377
2963309
-9738411
57138296
-68557547
-9473173
-56907117
-70533252
-49363040
96372669
81766974
-11635297
83957007
35831248
-1540834
11704665
-28061965
-81338975
-92778182
82766698
68261036
-36817672
-43739772
56208264
45839070
67984137
95674436
-30653109
18868125
74281938
99716856
-41691125
-76851575
69580450
-1800605
3130373
26232494
-5315081
45954285
56607791
-17322437
-9407905
35604434
78540047
-27608057
-6702176
-41000612
-237137
-13013805
86452583
-98852545
-453050
-46037817
24234098
-68263632
-45420133
-6890783
60896005
42156053
79070795
-15893045
-42406846
-62637873
-32640545
-43062932
-62740666
34266645
-26651134
-8901792
99283663
31453198
37688192
-32916033
58166219
-15767234
-52547632
50552497
79150431
-70461693
-86944847
72289563
-73185048
8370139
-67141165
74129455
51189151