68394731
34734661
17721107
-40422847
51839627
-42414697
-43312260
54276724
-94083409
-85884896
-6563186
86476889
33722783
42384205
-61167645
62934991
11449689
58676719
59674103
-19760876
16958400
-84285626
48889299
83947156
55848445
-28214883
-7828106
41024849
45046822
3157602
15648504
-27561993
43780876
23481562
92210073
97527227
-11806511
-67235971
76327433
-52493977
31579707
77892659
97711391
72022000
64860742
97127787
-46931174
-56965471
70454712
-44944772
71655103
-6918193
86185016
6940907
-24361768
23453697
-43221832
-47328028
-15074035
-43059730
75484644
34347639
-93609798
-52616671
-76790365
370163
-67102325
-36909316
47469941
77477713
65576551
-96897153
88288791
40258199
-81742848
91109003
39771577
50022937
89436662
47228274
-82614433
-33708588
-93467404
-77388130
86322628
-74738246
-23175395
76078662
-11846131
-26099865
63460664
-366773
67301362
38573259
62644847
39695937
70150033
-29773844
-75633961
16970908
-63344370
93914604
51602546
20437989
-31429269
-33277686
-4107090
85803298
-27570785
-50719782
47593215
-1472888
-8063626
48292853
41351983
-48077363
87901996
55347789
59021912
56402176
-33935577
36332419
-41160274
58434849
-26738842
-16077794
-44758680
50153392
-21359140
21953991
-68253105
-36967393
74942732
19660905
97585488
61549927
-13729136
81473017
70186435
-54452483
-84437604
7420392
13384385
-16889077
58163593
35909115
-21002357
-13653301
-10977657
95721209
-26590953
-56815696
-29779781
5762294
37604562
7817043
17628429
-82141454
74233270
81873499
66458250
35563705
97681019
-99386164
6221575
52161001
-16033197
24543491
-15573998
51486867
47567221
-16112161
-65266681
56951935
15050730
32760807
-48728015
29175791
86506794
13983015
83730224
-20323223
41421084
41989273
33498114
-88594074
-43184512
-53456502
-61505815
-94438222
-15730738
-97728987
40425331
-91264913
-5482228
-76637830
58712411
-26330713
-63450464
-33466084
-70486583
-27137684
-44792962
12853452
16391275
70756299
49414361
78888709
47564263
-18502142
21393874
97082400
83150954
26792634
89005827
31536955
-1295992
728325
95834192
-53372989
-95934108
-32957254
60884406
-9453638
38000175
-98479234
84940534
-13185526
43239808
-75227477
41098468
-72610360
46733721
96832969
-62837093
25172820
-64653148
-51986950
4288551
-90129040
23685856
-99403048
-14238282
25890712
-6204632
-79351658
-91520389
24769698
-53748159
13755383
56055580
70681810
91302627
-96886608
-8387614
-71618327
99348061
-26404929
-86581660
82735667
-57527300
66102475
-47924200
-66885
86056079
68088073
64920150
-98439191
32476983
87630504
93567234
-91633014
-15853082
37065101
-31948368
-41478155
9141242
-99616289
-48253386
42459131
-61375441
-2596855
96833365
42467799
-98391532
-63728127
-11086294
16775062
-5901092
-24981921
-77776710
73495493
-28889410
-59057543
20654268
-40459944
-16144840
41380021
99207687
-45439159
3257854
-48940651
-21027439
-13928299
-30828038
-83198790
-77130340
-49240396
-60882444
-69034121
-49180827
-78620510
-86528216
-62803194
-56744445
-55389390
34791372
-96783551
93912362
-7101336
-17757586
8159421
-85218410
48655092
-64632539
87564690
84020995
19914058
-1179198
71552731
97811735
-28375257
58702609
-76855169
-45477254
-50558899
-17020134
72633229
-95353124
89664857
33378362
19955385
70945658
-7552888
72500339
-9857626
47279305
15199814
45357849
-12066627
-62945316
-66043771
-2955182
-3953576
70810257
28087139
-33620272
42310517
-9110433
-75929927
-53700852
88102293
-87808997
86403463
-35876046
-56699039
-55914129
20700047
90449648
-93084970
-14005440
-95279258
97460444
48476603
89041372
18299438
-6781875
519931
-52606007
-74745084
-37630756
-26960739
23036956
38653908
13312220
81456193
74219353
-39534066
37809234
-83568535
-1089831
-26034171
-15289407
-39326987
71584480
13984909
-74659018
-96481750
-28464326
-75903327
-5560312
39094364
-43189578
88764838
-81384104
-8600495
51732487
-86489766
-72888798
90505199
94533200
27650292
58563182
42844324
-51765108
-8467756
-35271647
-41179423
34132571
54804434
-74761944
-95704701
85753291
19344954
-75421125
56721151
57829433
-33118229
14125984
3228271
23219118
69773191
59150241
-85333733
-96101329
-73939576
7639822
82936656
-71638738
-54207632
-73619680
25378729
-544175
18892151
62534437
-1009531
-93789616
-8618648
-6918674
54114875
-82300612
-64728449
-39691590
-51595446
-49161169
-57146241
-67986799
-53983414
39373506
-2995107
52257156
62710751
26248657
-8633029
-62182503
97615835
-8630064
49541788
43618253
-11729613
-15826984
-66118715
-70163792
52997097
13133050
-83943062
49246166
370352
98176891
48903433
-42185878
40136435
-31640519
57935367
86489630
-91612338
-75644502
-23020786
33401264
67338204
65358384
31982208
-52684300
90157156
54494472
3493392
-47168633
30501387
27908015
-44217563
23554385
15814157
-85257653
56333772
44741759
-13222322
72991395
80526159
15966422
-29478579
-72964484
-573810
-50132770
50913903
-19457102
-24198894
-62393996
-39161548
52713839
-39870376
-41251618
-45894907
-79411251
-5046446
68832102
2379407
92358688
-99127900
58200574
-41872897
68721630
3271071
46184935
-75630476
-23221204
73046446
70512243
31866561
-32630789
46198903
25776215
18539713
27544299
-69864263
-47129442
-94054752
-58193556
-54553690
76907077
-2609969
17407030
-27873143
21851629
64893824
-54480006
49123574
90368130
70286131
46342841
91053405
92218622
-5195446
-44158916
-17122739
87818365
18372074
-84933066
50771270
-5084602
-1292986
-31979731
-4482362
68668930
-85083006
-71734114
3773455
8144237
104730
26917939
-75547904
-7374244
18997034
-59040592
54353377
57045753
-70722122
-87751904
28600921
52097344
82762189
38884782
22527657
61327523
33331467
-26690574
23712323
24910582
-8874796
-5497597
-74563455
25565610
33031213
13954467
30153255
-94285466
32233099
57668010
-81049616
-95351174
19910415
-19414949
-8158752
22484383
77350642
31281669
-46435992
-29283033
53831129
28145500
77423278
28060923
61920937
-50037115
22024441
-3789021
16547406
-69826665
55064160
36247294
-16373677
-22319397
71069265
4193509
-42169273
-245575
-23196269
89198762
-38985589
31474979
-2335482
62592181
-41105444
9405600
47346168
78791566
96849007
-42027224
19849475
-60872127
-32256593
-86256527
-25398117
-31164621
13221297
-35971120
-86697358
82349508
-74165987
-42094592
85011984
-65951145
-77213981
24161312
-17515416
-29105545
-69387038
-50430778
-29054530
82037945
-67726408
23796074
-6715935
93598505
-82521309
3536727
-13407067
-3392376
27881750
78711324
53239823
69202239
871538
22527316
-36746143
72060536
48039000
-76218832
15197925
-54911426
-78493272
-90262222
29389453
-37176285
-43117136
-4612157
59955042
13507512
-54978254
49564305
54293914
49531466
15566331
70664861
3904969
-46218792
-76820286
99349859
71835375
39340061
-91129404
-68221546
-36793097
89957376
-17572557
44089081
-98269887
1908176
96586698
-83037094
55184005
-7417007
49635512
38440624
27346574
24319039
-84201432
-88794422
-83364826
31291484
-72495147
34303726
-1602013
20157923
-59726839
-78875542
27944006
10307603
-6391935
-5381705
-36329617
-7212615
26790002
-55973225
-5623836
-10758193
-59334585
33267174
-1596326
68193382
-9071133
24276501
-67340307
-43258484
-64247939
43001656
-10445205
5319341
-42237416
886195
70267755
-42046822
70403718
-23627795
-40610868
-45051760
78734417
15451308
-25727888
-38281618
-97737237
75507459
-84287607
-70869651
64783483
-40391731
1794144
25585443
-10730239
14661791
-53724104
-7894261
27314563
50018835
39448496
98770845
63552239
-63606711
507964
42518880
27124484
25501885
1520962
-396233
12371876
49428158
-77516486
25746409
56956481
-4931661
-77094612
25317789
31371901
-49474626
82907906
73263052
-39030129
5459851
35051768
93777828
9030940
-6280055
99968931
79769809
85978130
52181364
9428103
-32208214
87480560
-64217928
-46883769
45255085
80839981
65770900
-95417364
-20656159
-45645360
16365284
43405199
-46378837
89287339
-65575252
70380754
-80278698
15043244
42607606
31158427
-31263877
-95711601
17482347
62027277
16131943
-54515300
42132595
-30379954
-94749778
59069734
-12209636
85556017
-74442999
68486284
97448778
36103765
-67458811
-56031805
-47381132
-96286444
84700024
20224964
-30954247
-57498073
65331233
-58920630
-67255780
81048042
-53273231
-58901662
56059295
94693352
-32313422
28994694
-32324356
97732523
58320245
-47500236
-45479830
99259912
-89609624
-68135568
-9512407
-41130323
37929046
-43834402
17711013
-61436937
6761036
-38987114
-29949548
-58030487
51357420
68003069
5112540
-51608509
-95230435
-95318391
-14879144
-99806377
-68099904
11035299
-99371793
-70168344
30474132
10652078
68309162
-75543928
6293411
-65663877
80759857
56485374
-19006601
-84623914
-73500481
6832652
60993042
-40618443
99346477
91772252
-70295358
-17367013
-60336101
78434364
-87018684
-65783342
-81222180
88409932
-25383201
-1931762
95956784
-69965769
-61124052
-99013995
-4572177
31568372
-53702092
-65276323
-45526424
26086874
-76121222
-37407481
-41185686
44530052
-44609533
10210439
86938603
-49849074
-81358483
-34749425
-93146210
41926473
-46439344
-19430017
-56333571
82570725
-32678889
82477355
90473732
57180715
-99156768
-66413539
-848817
86585368
-70583567
-28163618
-95404575
28883030
-55300431
-7920512
-98808074
-96409027
-40095197
9137824
-4638274
-27554025
874326
79501710
71204673
-74214818
-3113557
-34765838
-91529035
-56211190
-17396746
-71355817
46843510
-65949199
57305319
-87503879
6320779
-39155856
-59088876
38308785
97936143
82476028
-74256884
-22974223
-81887273
58421803
-7382405
95541445
74831387
30404445
93834578
-60074660
-44862721
-24357810
43183534
-88873883
-47886819
-51888362
-21643787
12385391
61375836
28700719
55477565
-38743287
-50551875
-93765511
27662602
-52569587
2757944
4180833
-18728000
83579344
-17273344
-2939683
-18230292
64861507
84086401
-12815137
-36497034
17239789
4562694
-80985591
48493956
-67986018
-60624360
72644541
-12945793
53071622
-68887116
59875372
-54863364
-28962187
-38273523
4113185
-56041673
-84477011
36638407
82792694
49497156
40781071
13445634
78847113
-68234027
-8799272
11321235
-85587581
82958653
-896126
8336789
28124399
-29677955
79499126
52813255
53935931
-16350619
-62735085
-65832058
-58479864
93813166
-63658671
-89129584
25756367
-55139725
-59351690
9531245
17796590
-73082103
-76553337
-20876565
53323684
8961239
56512515
-24190902
57662273
-3420951
98515662
88972416
11570085
-1447887
66075137
-44761001
59408508
-85632683
24746481
12798356
71949769
-80689315
55331848
-63283232
-5974908
-74641485
-51007693
31557273
48440855
84717415
92089460
-18803977
5451568
-72281581
41784089
-53824247
-58983059
42218880
51775677
22931143
64012061
19821735
55851153
89530233
-98909165
-59075633
-14250772
80332009
-83021144
-1838163
-91635963
-65970240
-35327526
-13841122
-13758592
56238884
61080070
33380173
16123277
60198592
23369399
28492404
75619772
54772252
-53915380
-93084220
10889201
43175716
-40781982
18759317
-3165766
72905373
-89390272
-52993868
-67094964
83698236
-56172354
-21739834
68365082
-79497104
-56324036
2346978
4580423
70200729
-42762206
-16338637
33022249
-69413060
-68565247
-64115014
49185085
67900009
-79267482
-93575111
-82536206
38875155
-25355682
-45392556
33435290
-18291008
34779463
-55284840
51578288
-86447025
17333498
-32468507
-27149814
72497856
77491649
25035547
-4625633
-61441092
43190188
-31287331
21970735
86719247
18072428
93868722
-53288461
88684391
-6750079
95456322
-82503947
47584193
-50675365
-9820738
14641706
23567462
-16060976
-91915960
-37687950
36659304
-27543550
-62276843
-38781295
71010727
-8689654
-39955705
-33420773
-43894547
42698558
-22278224
-27693785
81383448
92190539
36157680
75657037
-91784671
-1496746
65610302
18172743
64305384
-76845239
63102543
-2112782
14360270
16893624
74202606
-82824870
-29567535
22767973
-13258599
74929460
-89793598
96782606
38750919
7855581
95522559
19958951
90182809
16126797
34625191
-69015558
71575511
-83914056
19946074
-3470120
89263300
67228783
-8530080
12503709
21301440
-7023069
54166709
-63101626
-95668795
-22417173
-81512569
-43062676
62233699
-81722735
12552478
-69662908
32426379
98699019
-63377850
-82212504
-48443611
-18229731
-7813243
89675670
-74014983
-87121153
98458479
20101109
37305432
89095997
-93223118
-75537243
-1796796
63013894
68010244
-93586650
31403160
-13161989
-15180998
-83127184
204185
-14379065
-26013454
91610882
22121778
99394487
-65696725
-54911029
-51139144
-21836365
-6149916
39955921
99270019
-15291121
49140411
-22288919
77902778
2843010
-39542197
-88083304
63039990
-32541867
74030642
-63849052
54767047
39348877
85604179
-482838
-76559703
-4862897
58912817
-97760981
25640164
33373373
-83245857
32159839
-79819499
-81213046
-66123649
21130012
-78079453
21816980
21096770
-5526069
32206912
-39858051
-47433784
96476745
8803918
77686258
-60681969
58281688
47676231
50424745
96067963
-60265069
-29539276
-85395202
-65424290
21738175
-5038929
33613741
-92516323
43730537
88645718
-66794700
6153033
-98532258
61108336
39036487
-80660151
-55794333
2970676
79246528
-1663617
87142848
-21760011
-30823533
65805191
65995687
-2326656
-26500520
30838656
-52112110
1027588
41281985
-59042174
-42249593
56944325
72657758
-19874954
93727052
29435643
67852831
78200068
30876558
-29915088
1184355
3539626
-7008021
85270176
-19457617
46874351
-2892333
64239537
-37858762
32252082
50559327
-1325951
-82016902
2320779
91867637
-29502759
87283278
44618224
-4204126
31269346
-52567727
55228259
74782431
84196445
-48618845
6667897
-28430105
28152534
49295726
-47152340
-29421971
76463353
-42778589
92305894
-56110166
5707150
20607722
-28085594
79417515
57393865
82663007
74447058
-23094955
-64182357
36844832
12878075
75952370
63413936
38166551
-53462376
-32898687
70772593
87278874
-36721591
-75170697
27763054
-78441360
-22793791
-95303344
39848984
-56393705
16308106
-35432506
-13676460
18599049
-13365753
49730804
-90185020
-317227
79500654
-8053875
85615348
-78346970
-65958100
43078267
-95467950
-95648848
-52291302
54787499
54480634
83906627
43016406
7211458
-90126155
-66851736
17523340
97728550
-99354864
-78357254
-20515625
-7811136
-88268396
-50573405
47040442
-14755433
32125721
-15684258
-54913004
68449558
-13685284
96760128
-20249781
-43811784
30756149
-18319359
17012959
-34989328
52793851
-62697405
73277607
-10754493
85298502
18086508
79955515
-35548106
3443820
-69708228
-46243319
36579984
48508734
9622774
-74849204
-68472686
-9815499
7160199
66140565
-46717603
58803762
74673883
-74447180
-48558356
-27316441
-62555238
10487930
4961626
-12176619
92641866
33807930
-32863487
-22820712
-24335246
295832
2988661
25392964
-87003481
54771006
-50189855
56194649
-93349751
-88468774
-60753490
25997333
68137252
41928058
31389356
-24957736
41467380
7326826
-12569898
47782964
58251750
491104
-54731045
-38344858
16694600
-40032955
-78173891
24107793
92148907
95228997
-46449837
71236599
30400081
20163073
97616796
-56966406
-66712530
-88629055
-8335369
-9031080
-67321213
-90231618
99644762
86012301
55555425
15537367
-72143086
30781651
19762244
-23719961
-99981908
75324265
19792001
-11642302
-54107622
75893923
59886112
5315578
-6870195
54640389
-13115854
90286069
5380877
-27849089
76138888
94615062
12563355
16030071
-71512968
6189702
77301416
-41757738
-87378464
94359549
-50139172
-43114966
-20255393
42848213
-1098027
-23306636
-29767534
-74646681
-6197456
21277375
-2651246
-60122497
15795199
27588850
-63426828
73025617
80854213
-80502197
40650686
-50868744
37806874
7107412
-69364097
-99818472
-47387494
-52660242
-34336623
-85552074
94740457
14580474
-77185537
88822512
10647124
9243107
27017354
6993130
72860315
-77283169
-6809967
51165621
95728224
31125821
2029397
-33683343
-56978431
63338643
53980597
-65972228
15701728
-45944073
1514271
19867865
-46499051
94590836
-81996081
-18522882
2469662
-97767292
18702205
20135238
-50250792
1663796
-72936120
-10783603
44483881
40201054
-93539265
35311291
47134402
-4059847
1360809
-3927146
59383259
-89541435
59144642
42274981
50045439
24406439
-53186227
-87586460
89754697
99635230
9773878
43139219
-58577484
82307805
76177116
37426496
58670168
66375716
-65421433
-37699855
-93875599
48762678
38286377
42594701
49773882
-21437151
-85086186
-65483171
41232706
-87160256
25394265
-35444184
55138352
17288401
54273192
-47430525
-6260376
-32507182
-95602702
-55544521
82178853
36761375
-60809575
77310059
-79322510
-15219059
47853370
90675563
69323627
53817856
-81379143
59690016
64455538
-43183150
42068672
97702096
-14209913
30784333
-21839725
71426144
16493543
75748419
-31444664
-63826743
-59873125
-95774444
72497589
4255202
-13153265
52208073
13625236
4990625
-79342092
70552543
16742669
-73814684
68644325
42000378
87772756
-93504021
-74099137
-14229200
-19037766
4979187
-69369186
-24555309
39638347
75101259
-70211162
34825605
-77247209
-62279147
52381963
12496735
-4819184
70743931
32647360
98057417
30173729
-86373046
-26892825
39685318
-65230127
-84060551
96313335
-41509799
60554052
-57097306
67149894
-75142007
65932494
-86144618
24888822
61347333
29064975
-29416734
90025747
-76279483
-15203571
-75555616
67164613
-32013658
13787003
57761163
-92065190
-76596542
-17135920
-24477545
-54839778
-24085865
96679725
-73056384
-93194661
-10140084
-65622126
84826909
11852430
-21927494
34747097
-46823961
6328533
-68580081
50130548
30194069
33990396
20802523
-28262462
40450151
-94862835
27386224
-60793616
-11874246
-33297930
-6757456
80217248
-36861283
-32146211
-20146932
30118721
-49818522
-41752190
82891934
-15633751
-59158155
46606060
-51052960
-6725678
-21997572
92506106
-71372378
-45488445
-98480652
-51161647
-97644691
-87425947
-93919154
69533588
63930627
33510533
-83062785
63023939
-44726898
18274305
20002858
-76678784
-8423932
19962592
71669905
-29717786
-16025648
59806960
-44073710
23698450
56626732
-93636572
-51178735
-60147994
-17625070
-31532736
99828854
-59130195
-5176699
-20568990
89173959
80072838
-56402746
-69350629
75132439
52222306
-17385946
-5253555
-9108208
13744283
90800504
51595824
57679413
96915818
-68265794
53685042
-46337395
-51631671
51731086
40711674
-71723407
-75503304
14764280
-12020726
77512298
-17238347
-88813007
-19324782
51375576
-60948155
99205840
81629446
-71676555
-56970727
38475538
98580460
16159304
98444275
38434121
36463960
-43164922
61397813
71448915
59790141
-20928964
-90314891
7261676
69682227
83957745
-77853466
-60988348
4060104
-67670175
-24063482
-13857589
-54248725
-39038060
-74463974
72019942
51438166
-8451847
85071723
59848594
-70270796
-84501442
91130145
-63638395
83071493
-93850744
65419347
12623257
27511355
-11939818
-40293238
-42155827
33252216
77226307
-5190970
21367037
-9394280
39831047
48991732
5684645
43560
30485632
-62552703
-98099097
9903434
70071807
-59479229
-27571285
-14416827
-33953752
-84398236
-6169749
-66649197
15505813
-61774036
38861008
2750190
-24284498
53261527
19999215
-60644974
-64584867
-82687322
-87174473
47778972
-73508058
72686386
-47689700
725938
-95214005
33155777
58423151
-38667070
-16403071
47556538
-39307196
48250605
13364046
-5738155
26236261
81016778
35504209
-70964408
35475861
49403582
73005276
81055459
-25268080
-38022887
63473730
-79226013
-6791138
-4730063
53554435
94459764
87161726
-59710166
24889359
2442703
-80755986
-55286479
-17699120
75384262
-16788662
-73464571
68343769
-12079571
25141933
637870
-58208247
-72680456
-41743680
52686124
52982175
-48062070
-30224119
-24615544
55395532
-91017807
-14818699
-6908827
9200034
93283901
24844087
-20028877
58860185
-11740671
52577146
-81324118
-42578104
-68180716
2059182
-47224741
56765101
79689460
-45000653
49702619
-16101665
32447971
-70115494
87614723
-41232774
-31487616
47746338
-78882422
63824822
-36046760
-35970225
10793288
10871212
-88703171
7849026
-32365379
65395408
-17221074
-57147162
-46505257
62692507
-26541496
-49066724
57085104
64910430
-95242947
-85799945
-93749514
-67964094
98250263
-5932038
-77199573
39631991
-88872637
69457731
-11242111
-81094048
3623149
10653982
51535299
-17134536
-12959339
-8771158
-41147734
-15771509
-4099650
-39355604
-92990339
-70297953
55574837
-7842471
50282635
47026852
-82904257
-21390307
42130468
-76223341
40933837
-53790030
-80434541
12620029
-10153777
16266080
11087898
63302551
-42050893
35793288
79248317
-80914733
5282179
52775542
-37659295
-63932935
10030731
91449053
3032295
-13196160
-73858310
94623863
36325307
-25856748
25328936
-54246816
-26354755
33251532
38038307
-50530408
-85510740
90689730
274589
-18576132
40676308
59367511
89131207
54697281
-17734038
-84840896
-80670236
1808018
73171718
-86020192
-2950569
-22482845
46350700
-77803332
-16545503
65657227
-68078824
-83949252
9638019
-85858966
-72186586
-71269109
-18290381
16607933
-84465932
70390842
77986138
68740655
-59200420
23750008
-49025905
74420118
68564350
-46788103
21388807
18342643
93511257
-37583280
-80474177
92918229
13191088
84798641
44190254
-77848448
7734284
-5205519
41096842
-75116620
-72385586
-76657134
-20998256
-20675044
-81333404
-41217698
12498749
-95431639
48670406
13238603
-94091543
-93461515
-73906012
81000472
-47915005
-78047430
42805081
9400694
83464064
81207671
87420774
92079098
44546608
95543658
-90528860
76826180
-90161330
29910249
92757159
42232244
3255086
39726399
74377456
-71238700
59622132
79058666
48021092
-39518098
-64654257
-12907130
27989832
72103867
-82068832
21949108
18537961
-80278667
82116121
-15405972
-71393352
84254103
-45951623
-83724724
-68908794
63505088
-38597903
-52648239
-17240986
3429095
81787385
80547789
55273937
70256473
-35028157
-50292228
-16578511
-8657859
47081750
-33551179
19926643
39734604
-43346435
-90621253
85972197
-47490207
-82011465
34388573
-78625400
33239153
74127936
-47269462
-53184119
-9131100
79138931
75730780
16230363
-21518449
25193382
-15768289
23597254
-52597025
21479992
34469063
-67471477
63144193
67767131
67391706
45713668
-48000340
-92956230
31855126
-54966565
-28140266
-90399303
-43118012
28180295
16973473
-86117531
30292412
66084733
-74155591
54926011
-37299022
-13790066
37412318
-16335060
-24590895
-3599541
-89582624
-69945368
-30755395
60380370
37705995
-14068963
6893095
51144120
92396490
74748861
-60794031
23700622
53897079
82210289
21421517
-25648818
-1316105
-70259161
90517973
-7150209
-92472366
88091900
-16387315
90891679
-21206715
-9260521
-53400398
-17849612
73340635
24196681
-81616169
-6060234
43427375
75312345
-52838942
-99364363
72479241
-1964831
94616556
-87863032
-63031617
-63885981
11847113
20194023
-42579817
79247102
-15596385
69350931
72495727
-33689436
61159048
26067385
3830412
-5342499
-52895368
-39927632
1439782
-38502656
88597303
-60078313
40525490
-46184996
51696802
-5639515
52256600
68837420
-52013550
71117721
-63847787
-76268439
-1748302
27600941
-74270683
21045905
3140887
-56935690
-23933274
-14652630
65565429
72014186
-44335168
-90194341
-21964294
-7769743
89371743
-59623888
-33342553
-72192158
-16148319
91628242
55294586
-98009909
71692969
39907396
8565278
-2168447
-23951695
-61712991
9157307
65181129
-77887469
17371195
62019414
-19856211
-68800593
-88484329
-49894539
67025238
86532130
-14129717
-68951896
78835522
-2707398
-63419367
36470724
90876452
72661612
10266630
-78102235
21006191
78719045
86979392
-278503
78078021
-90714266
-99269956
25749821
-19480405
87789528
62091993
-72152266
43401488
30951984
-79195376
87972478
6747189
63776514
-59618736
8790831
-57126675
80967223
-78472482
-76235197
-26048037
-69974285
-33032573
-1448068
71865982
-84936475
74605815
-42247578
54866293
10025492
-88237233
-14733386
-16942962
5089583
1605458
57276315
37181768
51258734
41802410
-58424265
46136839
19421578
27671195
95676527
88386363
-20552764
-17070721
-19382292
-502108
-94468032
-48688435
-88657274
35615056
-94532580
73032329
-20681791
34354561
22746216
-43073157
87352974
-44039894
74288403
7469643
-75175125
-11581460
-4503904
72804234
-11311939
-13692364
-71010910
-61347608
-62515765
1953746
86123881
27584440
-57695678
6709714
-74092259
-79869766
57128017
2129535
61012132
-63544096
-9988641
69445024
-16754386
70238516
-90110856
37805195
-97600015
92213771
-3469653
-10204982
99275332
-92636672
-20367257
-81861602
8798257
30584228
-52629285
58145160
-73916109
-39234382
74823445
-51208379
48740314
-3016940
14300302
-98098924
-48354382
-12399487
-21625608
-3234822
10385379
-64965206
-13305983
85909283
-88885737
-84945039
-36927500
-75152902
-70958075
-50356619
49796484
23228787
70042115
64855611
-72550097
83962439
-74967107
279336
2425213
-82338730
86926781
27627046
90732139
-46768785
-46865989
-54220697
78283378
-81258307
-94689476
41809299
94542172
44918239
-17111268
54086613
-7765784
82656922
34073991
8991264
29310136
-38111204
-68490585
76235421
1996320
-94208247
-27583495
-41189123
-13764725
-85394193
45120531
34291567
-94564000
-52432233
-29388448
57254151
916630
78980017
-56791772
-21010201
-37822181
69533565
-28973207
-36241115
-84023967
-37590379
67893557
-86110249
3896375
61586928
-84747828
73620597
21977491
38741217
20611119
86139213
-42583190
85818455
-30974597
59280565
17915426
20871975
53267419
38924555
-98845097
94089601
68254209
53061703
25547948
-288365
44428101
36292044
14157015
94448394
62038186
-18327406
-34960736
57846806
-37797405
53843785
-55507904
88418135
80393676
-84015980
-9337145
-85610821
-74322776
-69277515
87442455
76851727
44732869
-11257869
23029434
78957103
-57440145
57501082
49318590
651180
-3168621
-50123947
97428519
-21102588
-30800600
-79360146
41458517
-49614677
-20309395
3749595
28981217
57134865
2202746
-67901013
-96804902
-36721590
-37413226
36225234
35830104
26950929
72331033
-36405743
91940442
89225910
69709578
-96886585
-40287088
46475302
-70491298
62352058
56424521
-75818362
36457770
26360047
-40581717
-57901018
-3028814
90954003
-7951967
12662732
-18322678
26212331
-70316185
-2121508
-181173
49271161
-35478529
72096744
42389994
-10105700
-21347828
-23726552
51442015
87584933
-85511847
10078502
98853020
-94274579
51736890
57013129
-66415895
-75502052
-24621046
64810475
-74326037
61416010
85075283
46270502
14801767
12423085
-15116178
-58081111
-2122966
-11960663
-12287028
93083163
25067384
-78193054
-90144022
-98908133
-5766673
21546949
69378193
2611387
29194155
19570160
-55446553
-8609240
-38640264
83819933
41062864
-64144765
32292672
12198827
10884376
-50198634
-87300271
80749264
11540814
-19865451
-35398532
-11580296
-80137461
91337303
-51946737
38852083
53404144
59116495
80261519
25674886
-96872697
2671581
-51831045
8517572
-61544142
89732518
1539142
81894203
10423046
1144535
-93512485
-30155032
91712099
51336416
32011603
-12403336
-60378369
-77837108
70724280
91997771
-83276388
51571090
31626966
-40133277
-29242617
-87345856
33031360
93408856
-12445240
68881041
80988540
3398783
22254470
-66914788
17487646
23546278
25448712
82144968
64103066
-66177311
-74357538
42134999
-66411370
-54520258
11102892
12024989
-60413958
-7148370
-81104602
93262225
-90996188
33304198
-62210996
76501975
-73734478
-93873991
83936942
61070087
66472749
21246692
-34093132
-16630914
-6192722
49665780
31324370
-59373893
-71915508
16471314
-44529805
42135624
48612232
-75918990
-85556869
40884551
97781097
-78706321
-45015497
-28880933
-37637932
32142842
-66328670
92078831
-32640590
40565454
55970154
-86319328
-22604544
41850317
40164514
-84369507
-86039690
23888125
24973380
20849390
52896749
-17348472
-87394264
-37069767
-8991691
31317240
63815331
90306098
-28192988
-42212976
-96882995
-99288152
-70626460
-34975578
-12464210
-90898603
-68316241
18883158
-65433986
41363520
-24808346
-82193730
42643609
-98002242
90806963
84623982
20807904
-81110350
-18838686
-94970110
66509806
-10658826
-7850047
33774441
-39874168
-32921603
28808922
-53150272
34134222
57215225
89929520
63450616
11548010
93945270
83603585
-85865367
-99038269
15248791
-62525928
-97865755
-52519387
-64799429
-94643058
11835893
-2130948
3607874
-29506070
-60791390
-28588058
-22152408
36847331
-99642202
-67676483
-78420336
79001527
78247556
-51034875
36526973
20499297
-19862499
-53637708
-58223033
-42148440
90256839
70820723
29693274
3813391
71142361
7333241
73475367
74313991
-30346960
-26051980
38231301
73007641
752383
-48182403
-71299121
-58901264
-50397536
41521704
3406794
95162028
-38796179
-8590401
-577285
-57490212
79698361
58418825
73841173
56566724
-18546326
37007750
48617395
84709847
-74507940
-55224110
-96107733
52792433
7689973
-62951662
-24036062
-49085656
5438503
99159607
-76086181
24725135
-4667250
-10806624
20973228
18576415
30478061
-94908759
8080775
-10536100
-61177739
-27685867
61120309
-31878889
10785455
-80502936
-860907
-60670932
47231072
88101332
15594919
52819929
-76573081
-86298123
87521765
-52508429
-58239654
65737697
73982238
-26954447
9963380
38847467
-67278887
-16123772
-36763136
-36015991
71305562
26802507
42710283
50608289
62396415
-99088100
-29286434
-90491759
-66338509
88170252
87293162
-42631160
21657764
-38957242
-96184807
-5652045
8731
-91125600
-69564859
23221021
44023921
90338051
-55859232
-11923275
33492171
-10340040
89510011
-96732328
71669252
76759178
31169124
3647785
23609155
-49619038
52731458
-9187854
91688010
-41785054
91696301
63787725
-95016717
-10332029
74446216
39118305
34615285
-63425971
38100657
-16972263
98805927
-56527642
-19730350
-4557255
38237822
3720538
34253256
59838540
-94753388
-36492696
98019864
94498229
-25407472
-94516416
29746701
-42710542
14109442
-96821043
92363197
-61435640
-21400154
1338765
-41617419
45873856
91112050
78269608
52223003
-4137294
-8190114
82168263
-5832446
-30384996
-96698151
2412521
-43344061
92774743
-96233204
43890654
24821109
-78307489
-16105959
-25170847
83570158
78310829
1347489
-36534904
-91530328
80754514
-88599382
-12759538
-12866232
-49241109
-81190813
-65273441
40496509
-34699915
78306895
-89058139
-96041703
-13970517
-3054765
28064328
58943673
-79593094
-70106334
36903146
85800117
-80527957
48711379
-72739158
68732120
6603040
54107876
30770690
-46949901
87597489
47065893
-9025499
31266058
-17558949
50243290
2881860
-23982748
-23795457
92264955
-34036842
-3142892
-25792846
8005908
-91910504
-91834114
83280459
18835293
5847456
24491912
71372529
-17238101
18736554
-93849455
57018684
-81338196
-30589479
35005293
63618391
19889394
67751779
-68987356
91905458
50678165
25897887
-70791826
-38262198
61928591
-52157701
74466356
-60424055
33000312
-19849134
70690761
-44279781
-27148481
38562235
-93841739
-4643439
31664769
43358285
-93100377
-85701349
26343385
-74690935
92244624
-96838837
52170059
92092636
88324009
-87247032
18171532
2449796
47259449
-62715310
41607534
-53282957
91610861
-61588875
60931804
42410398
39856928
18331827
9329792
26988814
-70394544
77031256
70901345
-7974943
-99379989
-87620297
47522945
-39227344
-60286271
-8615004
22446226
688648
30889910
-75239731
15749895
85607272
-60508076
80425953
-57276977
79317299
-83978844
80155293
-65125788
20199153
-92586084
-35718010
-71246206
-32905131
-88307317
-65470978
87685751
-19410162
78873243
-84036701
65852427
4940024
25587302
64582158
-82762277
-19262230
61442291
-7491855
-77433291
-42191444
8213503
-92496370
73080601
78387316
89663005
-72124536
88663012
90250170
-90631441
75541462
10589493
-47396964
-50575085
-4987503
-79243847
-46994373
-33144948
59785572
-53174347
-35510150
66868848
-61049081
34389835
-16849077
2764105
95909695
-58187066
-36367196
96545104
-21367267
-42767196
-26237357
32177503
-11307497
-49781344
84038434
44777775
7897285
34760979
-57365956
-85243612
93591470
49929709
96675186
-20069177
-21255492
-36337890
-53570279
-87188954
40452095
-49627009
-80476306
-1221232
58314751
-19952673
-40819353
-3788607
-12963218
-14563524
56054419
9870145
-16662236
70781073
-84643938
35259312
-61723947
33756409
-5843928
81490765
-91815294
43168109
-16831360
-41284315
-49666850
-40036893
45802865
99869132
-33515355
-75870600
-15363887
36471409
-36690532
-52380075
-49189544
27943387
66083233
-80536314
-58320216
17387605
-70592905
27274168
-87280561
68122589
-27330252
-82494553
-92759709
6403753
74640945
-32400354
-66343997
-60381499
-84981069
-2479326
74880678
68534487
-2372409
45871434
-20518475
73525145
28893456
81295924
51074987
4659143
11031123
-44995431
-41788982
-24360492
52535384
-62614496
53085682
-35887063
-29581711
58539542
91710260
64080113
59627210
-37940862
-21910088
-81359522
95514667
-51944201
-15379498
26949370
-53673026
-11216371
16252312
-48718936
12021942
46666947
-47619238
38344096
-15725930
86722014
14239810
96682255
35169996
12903777
-50328395
91069670
-57555975
-21795917
-3008169
10172516
-24528663
-18241783
-44393346
68725246
26432421
-58193413
73294848
-23696597
-65384597
87068641
46219462
-33130930
-40450025
-77458147
-37331859
56048919
-42695476
-60715276
-3821589
-88378542
-83550680
-77413981
-1984452
40273756
-67442328
-44175627
-59254411
-54951977
70470584
-5809761
-45199922
-32286157
-63771813
72928809
-13013471
91265551
96974510
-12604855
-40919703
24777631
-48305886
-81300517
72915074
88977054
73769353
91647126
-45643554
18443163
92153580
-80173562
15496027
-25084829
38377094
-61764765
-7908233
31977488
52777636
-95451077
84933823
60551383
-70413524
-74423361
-35146939
-14759594
-34312056
-40875838
50350160
-54360205
-40421758
47287852
-83410412
-89016005
14072369
-15719004
12669139
-49448142
-38657015
1094597
81775758
-21000069
-76877725
-47620134
47240890
65412468
22511117
762282
-90020814
-8821602
11170858
36703578
76533463
3025071
38450628
-94798858
-99082982
-30199611
-58429196
26741169
-73325094
-28330732
-99485491
-91229349
-98709673
-280060
-62066020
-20749264
68264523
39731213
-63648224
-79870825
-25355242
-87238281
77068103
-62756766
-8319313
-68094838
64902474
34204524
-74265781
21657854
22060185
34704162
33206974
-14967798
62446185
8546582
-65507884
13269346
31600834
-39785582
-43566013
8078024
-86030712
4202175
-67969413
78822308
-18008214
62523347
43269548
65616049
11496976
84290064
90053426
-86810377
51138898
66810902
-28376668
51814405
6161380
87065405
-85040223
-40830766
-9979275
23154450
55500842
-30087587
-29643050
37179647
43801205
-90623239
-53759028
-20020001
99605232
-18058498
-6098814
88695800
28787264
-73316424
-37556982
-69426529
-73227260
60230193
-87210674
18889864
87491975
17022307
67651163
55405563
3499572
-88723333
-98419817
75852768
71144134
12313812
78739399
53637116
60670820
-58996102
78216460
-64918686
6769255
20924104
34882719
8880588
94427962
-93141379
-24158363
-55267560
39063900
-6071896
75484090
-84073477
62354825
14251831
-76448659
89784562
-16770578
-60621603
42266074
39897220
84436778
-41386976
45948089
24658770
-58218686
13650558
75983302
-49989933
34442464
-14814894
-82002347
51952518
-95630272
-19835745
-99384653
59134898
-50523545
94813492
17014342
97946067
-41686960
-72872267
-70300281
-26515943
14093633
-27429358
-19899476
54364225
-25876194
-92805852
-19563189
-58612156
-17535021
50658577
-2454450
45374489
-46700125
34809790
51068866
71606142
-32815847
92119430
-74723259
-65837181
57303728
-22005870
3476780
-94394838
92189666
15130089
-11105581
86991966
-68058832
3505924
28409732
87084649
-39049291
-65694313
90891101
8823651
-72735258
-58064680
23333926
-45322105
-82065287
-74643424
-85591213
60479670
53435380
-96386400
20454747
21891293
-85228848
45430090
479546
-25124780
-69547284
96782630
10992491
56443858
46642702
-83120372
70148005
-54398228
-77951608
69150392
-38099344
-51041768
86008998
-5984895
-95101518
24636428
-82569781
95611811
-9940890
-65984670
-39682309
48904512
28953933
-46705799
-50730299
-66701572
-313265
65127269
34226923
-76175316
-37217956
53084107
64249237
54500545
-27270629
7364692
27276967
23658715
-40050774
-62222457
85193393
51225880
-99769962
45373649
-5985597
-95678726
-21198722
-28637378
39086183
4507771
50861973
23924151
-18529105
86367280
-1621135
-74305797
-31260583
-15780304
50711729
92695744
65842416
67265927
57016884
-68004818
-78749595
6330974
-41672981
64725113
-91461711
-15493407
-15188351
72625304
-30065819
22342709
84532071
48690586
-62750830
2034295
-79254387
-85530598
43829275
32437893
98034655
-55815577
12104445
-27781546
-29114097
-77939175
-98901389
-13010155
-66957906
-87224322
25247713
-82987696
20679178
-68792830
-37749870
-93237473
21445609
9272747
25821597
-26635211
74323033
-48620324
41624885
-50077468
40635412
74070658
60697822
46620465
-7374869
-82937023
58442768
-85281157
44563569
-47887434
-62440864
32296905
34659696
-41769745
-20016988
-53966198
94160499
-24772464
-85946494
33982828
-51206389
82546143
27227557
5657341
-78822676
57230954
71805751
-37476547
-20758847
47356790
-91691015
-49126378
45555376
-30218690
37890403
14537258
18967238
-88356997
-10808320
-43371103
-77743397
7039520
63571759
-62240932
97044671
73258760
58869122
42882499
27862896
56810516
76522973
-94636981
64921696
13555744
31098627
59735766
11214882
50764362
3138556
18320130
76226233
-4213711
-90893082
-92978189
-96196702
43061113
35956892
84188713
-11658383
72403510
-67038524
-99964641
-99598105
6921949
-38890330
87769478
40738824
-68356890
93562003
-67480483
95793875
-26104329
-29773789
-64182998
-60174038
-72060932
-14883017
-31291112
27499730
-39497010
-65815620
-96179659
53302156
-55324477
-8517053
-3552311
84103899
-77809967
36108891
98767797
-27157512
81251323
-87320020
-4866978
-3950930
13748074
50129510
-56376763
-16052876
-99532034
56444324
-36040431
82820301
-4507957
25999736
-38711932
-95354692
40229460
56988348
39250211
53306387
-28064171
-35180433
-47919462
67057946
29363810
-22454143
-1687029
44638461
91026062
-20485243
3756761
-71834788
31975154
-11439528
-75013704
-71319462
-7231128
81974562
-94431777
-83172283
-10887150
90129173
76376407
-42156488
4392798
-35049550
49045581
23762373
41970370
-15290250
76759086
-33574105
-92928019
-24598843
3921842
-78748701
95695593
69382693
-28626030
38945075
-56172246
80295578
95528561
-47333987
-36999514
-58948044
-44793924
-36415315
-72222841
78388609
-92903735
-39683952
-11844310
-72186235
-23102916
29369593
-89759694
-13748089
81260360
-13977071
-12090951
47265346
18047287
85208258
7568824
51799749
-68872423
-85071739
6284849
-79469281
87727999
-56691381
38228008
49950318
68174932
91432558
40583420
90261666
10688756
-41618938
88942651
-34007170
-30772919
26481858
-27961263
-34035832
-61711889
57051488
86744445
59456098
-65456656
19473324
78351049
-16123060
-71467523
28602919
-61825619
4285677
-61460575
75982834
-13035012
-8310918
45822000
779720
-96154852
-98280601
55573365
-16442322
-50499867
-65810113
71393991
-27703695
-73608556
47442351
67596354
51406846
-29706558
-97541796
-62148224
39488246
72138629
-66185595
4200997
58245902
-10459387
61245090
92681881
64927101
90761424
-32845261
6268169
-89448672
3593722
-35108642
-41363312
-83613709
77443265
53216362
60202047
-58610129
56016746
70935789
-18316116
63604437
-83513644
-68679794
-18130693
-77194807
-44514624
83393436
-61141019
85290198
-28835136
-56734784
95743557
92731589
-56566263
91105077
-90173871
86725694
-71612337
25316694
15912939
-26938906
40621489
-96161908
73869965
90915919
79438457
43377929
-3418963
5834834
-44553265
-45250090
-2531150
6299054
82792976
82377767
-19362220
-26376739
-3887334
-5856259
-46205607
74151396
86217914
13467672
17948162
-84284970
-91775402
-13927709
24834102
32605214
27495561
-70266819
-59754081
18193601
47760277
42241019
64794604
42688327
-58286254
-5826093
-22452992
-45188670
32656848
-25174540
33194698
-60227309
-97865062
94749582
-70463931
67049162
91838265
15725380
37484234
-41285288
-43458054
6861221
7031870
3110528
-48129541
97816816
-66225361
94152018
-72095332
-35985562
-69804397
-91542960
-39880038
-51191864
26532635
-20325793
10570043
77327968
44282650
-51869220
11546543
54831013
32540551
-98665429
-85920061
-43864964
99805524
-20918226
410765
-51286923
85411646
46493477
87704560
34154677
83808707
-63699748
-26387773
4022049
81939567
72639492
-46002125
-64145930
32208756
39607522
20150964
-97665394
-61983234
-86891423
90672257
31443901
22823325
762989
-63945451
-37416326
-96593428
-6439124
-75314437
-37258652
64039768
-22320301
-62755779
55652994
-65436704
-58074658
64022077
-29067485
1511672
84681540
-92016062
89534552
39435549
29172969
-4274241
-16713785
-4064566
-72581810
912278
32962017
-23735781
4514746
13945840
98167878
29014197
-39526710
95533175
15172025
90903777
6328733
-92821712
90734988
-87111045
-79849725
22943894
-20370374
-74452097
-34377798
-88436915
36660040
47574868
39074397
76337838
-22019615
-77778378
79854999
-80161901
-82922727
-74285288
-15923652
15206452
40953558
-51579761
-79641088
23377906
90683350
39466376
-98206464
96992171
-46439697
89899673
-86816754
-25198305
7042259
78802044
-7183480
57357317
-49481135
-39217514
-2129030
-24077467
-7281444
-78846713
68421705
29424066
-69964528
-76144224
-37417435
-94052588
-17901452
-6125326
-15929593
49685208
-67001177
23203108
64805416
48097773
64916242
28625936
9208342
74903519
-90366330
47758722
-94433753
71111727
-35778334
5781157
16530248
57311512
-6582951
30903149
-8400406
19100946
91139175
18638136
53847531
12198607
41517087
-90350026
31831573
94092355
48892743
15765393
-77566505
-5861727
-3582530
5506672
-82050601
-83507644
-67735577
-58163618
-18693762
-5850195
-64924898
46538647
-99187701
-63616985
25749636
-27160258
51078125
-31905585
15989583
-39833487
76218388
-21496769
-2091930
93495211
59318246
-95799451
-27422974
51204147
-15575040
-17499403
-82068547
1876955
54334308
44668635
60307497
70371881
-56326088
-78447337
-5043461
72583925
-86683613
76505423
-50966216
-60686318
37870693
31032805
45464740
83244396
26522647
-59064740
9687016
-92633653
85207271
58665486
91069389
96371717
-87025248
27284254
-79091491
66555331
4480298
3454072
33722392
55718894
-35288938
50766462
-4168102
-15374843
90407124
38065062
-33404126
34739349
77959494
-56764602
-40513681
-55455551
-28346100
-54141388
-13362751
-82217203
-72933726
-18349516
-656366
48479503
-98470221
-26978484
-81591174
6561236
-37047219
-8694204
14377753
-88219013
-63499741
-76146496
-31726052
55425821
-36099797
-68293789
-20434893
96867883
91350562
-75959395
-9225359
25069846
21971819
-41401936
52227086
-15500466
30134713
29645174
-43762310
36887895
-7699409
-58457059
-2972974
83120434
17340722
27164913
58978036
51463810
10863246
63165056
4982018
-45885716
-90873588
1899176
62938
65454244
-64165405
41528348
-28433930
95910168
-62153292
4360849
-6590011
80934296
90926343
32837809
5589806
12045904
-86165828
-8885663
-58045694
-54567112
12534717
12083952
-42528852
-67823297
56819806
-9657930
-24983050
42000784
8227786
90209030
-75299603
-61298589
64076882
-52387003
-85107099
21805673
87071014
8885160
-67991884
-63366600
32904112
-29853339
-90260152
99177371
-13518241
1399105
-90630753
-1061443
92020527
-15000493
-65900156
-18247001
-54961549
-45234274
60842249
20006872
-45970077
-77076983
-25273455
99939507
-50417572
8923165
49935889
-91661849
-46737558
-87682679
-56068538
46867806
-93558552
21776715
-88497983
-28000719
-98946681
-10199811
72671916
95338876
-24131350
-22506484
92077029
-49343379
-50350132
21262635
-31811199
-75679272
-99458727
80619082
33705014
-47178927
22959994
8849513
45846547
90342785
-17229876
-80571217
-9260789
-6547403
-83527291
-17109169
-34925551
97268880
62116181
40141630
91543121
-90826285
53540355
50200182
-69323534
90467083
16128027
3241474
-68250395
35615664
9468509
68607978
-83022632
83721686
-1721056
72301015
-79223835
-22589986
-84381118
80458836
5000179
39797721
74463406
-58009411
-23325127
33635432
-47932216
73845295
-65826934
-81574964
35046616
8397427
-28207463
-97129278
-97598104
-38582897
49515596
21537319
90101701
18298216
30265391
61567217
-75415031
97575492
67623325
-28368452
55090262
-69555125
-41078259
97344785
-25067972
41730882
-93410080
-22857976
71870048
31830588
5087598
12471184
29373927
25296016
-96096717
13236260
58054355
-1971378
17562070
43593462
31490570
-2838399
82481071
-36793846
-69073124
75605714
-34722807
41118891
97856827
50192406
-22393680
73357570
-3578025
-59851582
-73795760
-7564924
77430648
-14177373
-24412124
-42614303
-26233553
-33391464
88070833
9279798
-38893669
-78362953
-39646023
34822151
79404711
-69416660
35718278
53235179
-19215026
-80510427
-60305620
60405039
96535044
75196204
-7911534
36452136
98631266
13015074
-42330664
73770764
98199619
-90545592
-70406608
29106374
-75416347
-41853760
-31933731
88507151
-24493775
19017520
-39115995
56335547
73231392
59683806
-34497303
-90641247
28191073
-61554238
-2444302
46261575
1325410
-17530847
-48193002
14367519
-68862705
-40973864
-7017960
89245562
4359377
56792752
79129373
63177907
64099253
35084748
-5148452
16771755
-67877676
-4542290
5120128
-64075619
85084282
-7996706
64365422
16652419
12447959
94455018
-11463248
50821940
-38210478
13031932
41633429
-1106906
-74647897
-29478063
71919116
-13980952
75200887
-37416933
-89660651
-39758184
79126166
-71467569
97372785
-27598422
34686981
59820976
-35445141
-49085574
66540961
-13404342
-5080893
-9355700
-38082999
60535308
10265939
75136185
11776600
98127204
36977866
91888969
-21835398
36701214
11348439
3498947
-99302819
-69983106
59984852
34964677
90637347
54942512
-61796019
21966994
42296470
-64683430
-28028910
-62864561
-50293819
-47137871
-66730231
-12293012
83576113
-77917357
-98248578
-90186391
-72810652
37967556
-55171102
8993198
-28509536
-62261172
43721557
-39272058
93003734
88151000
-94100295
67843062
50571814
-10023754
-76898697
89617982
43573607
42710227
-81855546
72402953
58994906
19591832
-36481337
-88076099
-55614249
-87093772
-440753
15239401
-93213492
-66509976
18549437
2124856
64767966
-47101191
-57918697
65955681
60351224
82722039
2813576
-96427715
-84938397
56013929
-59501145
-89588292
69750460
-37570218
-43676586
85451761
43795631
92013861
30428133
-78160663
-17376250
-3666624
-65787530
-17959821
-88211607
-13257108
-4600520
-48799268
1956703
38215619
-90401763
42545229
-92799376
-11199576
1763786
1383066
-71791046
71548917
-95321332
-18642518
7220730
-63430463
-23698330
-43258659
-31669629
70997767
-53334407
-86983670
43519914
-97792476
-56439903
-93334330
-59911534
-89784738
-47864004
87316924
16029887
-54176697
48833072
47061172
-80508556
-53493147
-30320440
-25740636
-96622969
-64294680
-34880867
-17296862
-84416375
45622968
58160513
16822100
-72856311
-12575220
-83270179
47109271
-77775202
-86333066
12434260
-81428926
81547897
49651092
19709302
-30769715
-69433843
-12609722
-70254978
-94518611
58098855
97584235
19535965
45961845
-67622826
29581057
25037430
-3314090
31724274
-1726298
-92955710
48056766
-76366384
68324703
-85717772
60484851
64949559
50187591
-21534209
43930234
-42815040
-52708816
-76746330
-1633949
-94424511
79152350
55688406
22108136
-46480411
28638158
-84377628
85507319
30135343
3819958
-27124706
77729333
-51942573
75461032
14109976
-43823457
9207949
-22917432
-80152874
-32297498
-63623514
19750789
48463111
-91299257
36960393
-48516379
-98953968
47682091
-5317945
50761210
-33966801
-53165996
-83197845
-50559874
17122354
-26152016
99765532
-91638014
-70901837
-48175207
46424470
32929047
-58094740
-52708217
-35335026
30515626
-82865755
48016162
-95499941
69064449
-66524969
42322176
72535015
-7509014
7358259
-16096122
-98571009
-73865122
-37356193
-76020689
-42711307
30421881
-95226257
-39669627
-18467967
-98118422
46239706
-27685282
77863026
-85375319
-56080172
19049942
23195154
77502593
-25957480
933225
28842903
64278812
76864517
78781064
85658846
-3998574
-38943082
-65165356
33277197
85921828
66510395
-82937004
-27977982
-84524087
29039053
-35623375
25147801
-86502661
23635293
98058574
42531304
4019627
83542793
-55649108