72626969
9306212
-2408313
-33142490
78146892
-38261311
52854396
-4681938
-88684201
14830461
-82137913
19247643
-9006283
-83769559
-10882546
-55318902
14088146
-91936737
-6247478
48432943
-61053946
-75532690
-31586285
-94202471
-36654238
18631235
-82112026
26063230
-23633095
51661101
-39006587
-15977843
98309632
20740003
32109653
-11835381
-3020606
41072341
17715891
55073495
40408954
39613191
-43533137
57042866
-2901070
-47988142
69212633
52392751
-73138795
-90608262
-67784120
-65812980
-25324629
-20286221
-55177100
-10775756
48242026
-42860019
-41297696
22203048
-9699806
41337400
-98210560
-34669187
-19069757
72277072
81627144
61550918
-44365779
52045144
69508112
18401126
-20887475
-60286432
-57025353
60457378
38832130
-74612134
61491765
67276081
72093798
54965268
-79582366
59513442
-21307073
-92795958
-87114647
16741122
67060363
-71830256
-78222786
3287431
-62694259
84270530
-51597039
32482655
-67861589
2464795
-56106547
15422357
-39771213
91484161
-55329802
-32856224
-99645253
-28469332
-48429536
-94798626
-41000440
24688345
40716595
5464033
-52281878
57839122
80828878
96516804
67140027
76108561
32238713
95402223
76624203
98073565
25880330
34888928
-17487719
30538587
-2491518
-69937322
15642704
-38876217
-60200491
15354556
53471199
1930141
-25278999
-7787770
94449714
11490234
-99996845
80368399
82986828
27981863
-35018612
-43011686
1904142
77002840
30819049
-63468746
-75574575
29455307
-36533162
50467153
37465689
-75287814
-29223658
32623130
78757838
81589740
20224965
53694398
-29818096
62375749
41806344
-93955922
47754769
97064934
-80833270
56540155
32966720
69761536
-53832670
-54674928
76090964
18756542
38529193
-79663851
-9863192
14727340
76378410
-35697754
88090797
-40804446
65943809
34981382
-74584173
-26904426
-76775264
3490988
49545314
58601734
-62428823
-19285021
1240166
59730696
-12086722
-58907277
9244762
91670849
68755911
-75080765
-75994003
-14711888
-16742523
-52691320
-18374968
24337657
27127509
7442822
41852615
-52486275
75346521
-90805274
51907138
34928967
23263951
66343174
87979905
-89847336
-86458766
47940927
-14482052
28581552
-88686846
18018016
14330027
-2324371
-55476023
-22005176
-78723586
-59511424
-72686896
-76880193
-12614565
31267454
35323450
-26013686
-69368422
-26453547
-27589234
95142343
-84769036
86341169
8353493
56249823
-82903982
60334334
22050526
-45990233
3221604
25320849
75586299
-23546426
-97906913
3207773
-35908531
-73487453
57015088
-84316261
-41779253
-28944489
18985801
-11521177
72400493
40291107
-496832
-63067370
-74629139
53829538
-83416587
-4215857
-13156105
-89053499
65046184
79573005
92411904
-24981604
-25242952
16242097
37522197
-76135568
-96092660
-57091404
-33111404
83236453
-74140013
-8015856
85630477
-27106373
45004594
31190473
20559677
3106729
-88330411
-63609023
77194563
10836667
-95420406
-67832278
25504710
47813922
79532524
78701656
43027055
38388541
77216234
90685539
41349116
-56169863
-8222649
-50771982
98823415
-22847723
-65189969
-66705857
67402210
28564693
-23632067
-45633755
29887988
-24551687
-89804822
-15902388
9442424
27192965
99959738
-49190316
8044453
-14334925
49668618
-21751054
6026854
-42906292
-34048003
-41588387
18864187
57102870
-83279904
40590324
-58270035
337178
43371810
-42668632
-67918864
52332393
54693555
-87627032
54871529
65517184
29967985
-94141311
21684256
39801502
-60288396
-49730651
74036441
-21633900
-96612019
77813928
80292787
-32687243
-8846680
39846143
50247665
-12657361
-65421247
61647212
48284931
56953915
8522960
7298107
-70564937
43464081
-50660467
-94666976
-92209331
57145508
98732529
10514012
-9162224
40188098
40083544
88616830
-97733674
-73826134
-17529401
9830936
-88699670
69875323
61038986
-3814328
-94559400
-57401420
1313792
96197122
34502473
1583380
88942172
-50052580
15176099
509619
-33259256
52486105
-17166266
67399055
62596277
-52381240
46123693
-7588963
53489038
-77518490
77191940
-70684632
-34881138
-2081686
7722420
-5306849
-95832699
-24766129
-21916852
52735442
77389440
79275834
-32800506
-93266089
-4097442
-62929806
71409185
-41348065
82872312
-26905914
-72717934
-411090
-336024
57093606
99872207
-81881632
42965164
-28526903
-65570016
-83568418
-34302401
66794507
41427155
-46715361
50079440
8211202
-9719219
-15837794
53371399
8812235
65311390
-17009258
-1013764
84921692
-40273384
92914375
29231872
99280778
86207264
4189918
82103876
82671101
-88944949
23463942
-24729332
55405000
-61552311
-19274338
82476638
54749611
52493693
87731690
-70194811
48689415
-47110493
91950916
-63368948
93477717
99908450
-47676942
21576807
-42269375
-96913803
81909643
-28614057
-91314571
-43833073
-19501295
92506010
50793688
-44288876
63474380
74450246
35742626
-55759430
82689077
-72156728
53033559
-12968745
78918928
-8896481
17678383
-68141650
-35865574
-93288258
-26419363
-20302894
68567126
-93516585
-42902744
-30427641
84330702
3082713
-81919101
30443276
32089540
8483411
-23029067
99700517
-76295413
-65301208
28360976
-86915737
-58451477
2632849
-88079640
-6719148
-83943568
-19432296
-85092878
-38812014
86766175
-6067980
27910136
-27089223
-7885294
56408558
-63089598
4412615
68964970
-7932594
-78383868
-85138090
31551213
68791168
-64592170
16128409
61223664
-44526954
38691812
-84769014
-7694863
-57901243
-40802757
-42736305
-12998067
-53811045
-5061151
-25334251
52168091
66915450
-70483627
-97059029
-26991848
-86587491
-38010165
2848766
-81489874
-26439614
-10175369
-52554643
-91233617
12531238
26601013
-87744295
64088032
-85153009
-63131150
98348540
4066306
86242479
721178
-1293234
-91944941
71901105
-32914137
-57093512
-65305512
-96699948
70188406
40089410
-60598654
-31977393
4228711
-11852553
-86418354
1540829
-30522765
-80918899
-32786468
49763192
-22735940
-55135563
-92392322
-53307497
-16519581
-23449049
38284232
-9502227
79180912
66196180
92532215
-20948657
-47247477
-18587894
840929
-8971125
-38902960
49672860
69196854
63082741
-75392558
67302123
-73146805
55572591
66822926
-76475572
-35701466
-85181067
52140558
58876326
-43427013
-13716438
-25978841
-53226104
-68663290
-98450418
-49081979
33497018
-54291669
-90833240
-72503415
-78755635
-64249993
70198812
-21349353
51905446
74095734
6886836
-35107990
80813611
-93659930
-23885705
12296792
-13780973
-88890113
-38326272
70908658
41727840
64437035
5092125
-38919213
-56037722
61915103
-85869482
88628968
79147956
73727039
-59129242
52386682
-34343645
-8285576
-45893876
35702854
98035840
-43471969
-97565930
91970972
-71680303
79522365
66400624
26349661
46153219
65049251
62174065
97991610
-79631624
-83416299
-91912629
49186374
-29939344
28385440
-52503446
34950996
-12556913
90796525
76239717
91271772
59945435
-26111076
7553501
-17921796
-80284360
33366895
22870425
55634262
-43514993
-13442891
-21446172
-50054160
-98678557
41385459
68486058
-2106917
-86765992
80283298
-66240473
-95850056
-17893025
-38224600
-2568077
-27555647
60961533
-6881936
68660045
72550391
-96430500
-19616093
-81672703
-70864892
97201723
42354842
289371
-4590064
-23102510
39536288
19892881
81803004
-18449568
42398274
99959353
99541333
-66961220
-45549113
-21381255
-53033889
31877563
37504804
-69219831
58243810
50919019
-29197923
-88049381
-42137095
33780004
-64081504
-89128835
-56180428
-56082057
-7246045
-72613154
-80163968
28322027
79094581
-48648926
-22571518
23245056
25563147
56785665
44395836
21954105
-87559992
57041188
-61903740
-4301117
-25678358
-73285452
-46365607
-99755501
20933395
49420007
12832099
67030960
30691113
24279415
16463336
35302764
-13073046
63254582
-49558572
-42046840
-9151275
-3735859
43660325
79850639
-90475920
13936828
-92579103
2600949
19155779
-99920097
74071443
-31954624
79406972
-19752730
97041255
19285611
46175408
-77742082
14601909
-79587208
81225898
-81249234
-61299250
-38550900
72695385
74857033
-28704173
85497804
20401221
-84517009
74232862
35759459
-5520485
62773505
-92862451
79047920
58829615
-76994124
-77627678
-35454313
26238550
60499780
27013112
-30701912
64197618
-13703130
19494275
22862465
-88436146
-84298199
83138743
79580861
-39862009
-60081977
-46465177
-11578264
-30427115
32138884
3957544
-55392617
-30386131
34562311
-16388647
64647170
-74338545
74463591
-67900488
92177719
48838468
-45364095
-15605604
24407611
-78448491
-38294878
-69888150
14968445
-13506283
20340046
62398972
59387028
16304434
8176954
-14279199
-8875513
25519020
96717804
24526397
-46471037
34394349
-69058484
-76802037
10622162
80632022
22564066
5149984
-68806324
-13955970
-16375383
15642802
34215960
-50084102
87672303
-91563119
-74028087
-87226413
99634462
-85847162
58037726
16160531
39540676
-68956977
37369851
48011628
8663177
40772628
-11203315
94775652
-74860369
31607812
30870309
-83508247
73050021
-65495002
-82784587
-63208606
89481899
-40740741
-63232608
52010108
-90615527
-3480056
-87038282
-11518862
-64168537
-78252521
82159711
-53020710
9905773
1182229
2169307
-82762709
62943711
19702988
-57367648
98809079
64094640
-20742022
9889326
-8412433
93551033
86945557
-65699177
-29774201
8259352
-23692369
-61813862
33788976
23724354
90855965
-61910916
54338602
26639763
-89972177
69009916
44438644
90511547
-53889647
-85239694
-31895966
24153607
79517593
-38370610
-7244454
-56735273
-53526132
-17787667
-26870978
15653632
94864194
13336591
-14805741
-60062571
56135802
-38101305
-22063647
-72182062
43827167
-33561698
35297157
23398169
-45527542
23836941
-31721458
35014146
-54101830
-85315867
-90595728
65555950
29991145
-83664703
-83340870
20058267
27706645
-76797630
-5218616
33534958
-33146347
57480739
20745955
68573298
-32963145
-36530344
-23197495
-35340001
83124779
-55298448
-64165990
2687740
87770745
-87661605
15519861
92822043
-14231120
-41229785
85925744
-40558132
-20027845
-49753271
43763297
89357228
12177539
3914831
-94313663
49502185
82674083
-89741613
-48601586
-40816386
-31578871
84037317
-25217924
24480731
-77941602
-60524942
24662322
-66677263
76559734
13403725
-62512508
44925931
-14499991
-43924651
-21362930
36959097
-57824009
-29597957
-52247617
-95823735
91535876
-19075593
83580300
-91055729
-171749
6469736
-96374547
83236993
-64947369
42579612
36227755
-13088849
36487911
99143643
748674
1761550
-27932072
92167994
-49020033
80160534
-80379849
-74857814
6456235
-17783200
83264396
-9737205
12663718
-15302950
81181422
-66323850
18736056
-37236828
-3053042
-66765400
-30103926
62824026
65134633
-74702497
94245733
46021467
-90218793
89967410
-26963342
-34580658
65854889
79005234
-66808832
-61334108
70274602
11472080
47474160
22559291
68014823
45850844
-333222
-38371169
83352342
-34428794
76050030
74844280
51641727
-34869872
-34672003
71988848
38238873
-84707117
86769941
80837024
-56521416
61611907
-26872092
-37143220
43728183
-41953508
-1691332
-17841462
42039308
-57800948
79514948
-18991006
7899887
89265974
-95799819
86963271
-76958991
80117734
70350419
-6053401
86229039
80369863
31769813
-26353388
-1647910
82977158
8929420
68407066
77513149
9255779
8996246
1613814
6314032
90575235
35001044
-11859355
11319690
13172340
-71517770
52099799
78757079
19320070
-16169785
-99287103
54471261
-57174468
-69887392
47729228
61045184
-60026914
23857178
8515973
68811415
79235081
-39834271
-95864317
36680536
21761140
-26172006
8747839
59420599
57404768
-72152447
62770461
-55167907
-96420709
11394584
-93983202
-89404277
-72532975
-39779865
-4394546
18438576
-11963137
46169713
-23199722
44893621
-23250318
26881672
74108946
-52816859
-68542366
4915748
4776858
-9782202
-73853675
55037614
-62047798
-9573346
65432019
45208385
-82006303
-41842721
58176076
68404824
30610082
77829195
51939229
14095396
-89203674
-68070323
-53730847
1026041
-72237047
87639038
-5649352
84987451
-17587786
-78812778
-3603569
-26563248
-43920456
-93237221
-17902487
-3598886
88406644
18552527
42758356
-8474251
-38468721
59745099
-51336085
79339864
39727498
-63369032
55998193
-38068399
-9501277
72491603
43506416
-10463578
22779541
-25672980
24088637
-13553741
-13374492
-94048386
-3265261
-34841154
-54400313
88752985
47055924
-32440447
-35892222
-12270610
24783983
-39273168
77607176
-85618158
48078020
16190243
-16533584
90773624
57256762
59885480
89681385
-39884213
-59114986
-76528795
48985381
40502952
31134403
87157418
-854677
17878497
15827625
47632269
1290871
-6631689
81915354
70440736
-77736185
-67400565
37164504
-87293482
26326606
6274767
76356189
44049830
10577645
86612291
77741241
769316
68541035
59563597
-785285
41403
64833704
-4439002
-78203386
-35093138
-51275566
95800948
-43092834
-43092709
92981411
44980744
78466325
62630357
44738420
82343877
-71717331
37940771
-93174338
-50330231
-26076284
42697403
-81911152
37725759
29927424
90356504
5100598
14301511
20970270
45591390
93372527
71507037
-81157794
-20138534
-23697936
21827873
33942975
96580582
4026537
-90398865
61074671
45031084
20183529
-56377146
-6835315
4381812
-29791874
84036403
-88336717
-34420165
-80603392
21870364
50882884
16840108
52494084
-95002963
-48419231
66285257
-73684957
71248273
3620769
76189108
85537591
51601387
47050262
54649566
9460786
18573841
30402901
-59338007
-6996496
23044346
11476570
50158626
43017501
13195560
-19743434
90163612
34859585
-47566212
44211217
50749951
69365516
-67181956
46103235
-97052251
-47743871
-77450474
65281197
55526104
63736465
89940006
-30043511
-47129459
-12930923
1225543
58679536
-89624868
94360701
-73310533
-97415131
-15065351
-55146138
-12533901
-60279698
30155019
25058888
-58756262
74790905
52619808
-90813327
79553092
53949309
95411387
54069098
-77972707
91335897
-13685214
-13084713
-92565111
-30620179
3804794
85059185
-32867973
43584809
-65975165
21769932
-27329608
-81912667
-41653411
86970548
73411831
15592696
-6338391
-66772568
-45392284
-52819293
38678157
59796993
-73287696
-75872267
97041862
-92517683
36126042
-16510580
-73706355
-16863433
29691655
64563543
69676404
96193760
83356367
-33971759
41854623
87648651
57698730
-37835398
-12716119
-72645642
5779131
69294850
-76168712
-93343169
-85254477
-53813060
-23004698
-27182602
-18341664
-57659831
-57314066
-96965112
35886743
84635052
21450391
-15658136
28388332
63691758
-15442243
3233854
23307457
-15579900
83149015
28662434
44719890
86952549
-7658893
-90016371
19116808
16428996
43268808
80393309
39243459
58435824
-79233307
-69337469
23452839
72070705
-96624554
-22461405
67350598
82566328
-35264334
37633675
34530567
25388923
82358451
27345447
46269845
48251714
53923852
-43883464
-62868917
-21099378
79085444
52444708
-95357788
11140992
49783398
-53257578
-87762727
68449416
-23700173
-17005922
-99747394
-74508847
43822877
16789168
33804994
16572956
19108336
99815401
3903167
9124161
-13367620
63974562
-15353652
-14755046
20074655
38429657
-74791127
-86880029
64308755
-80889017
52176745
-32729352
-42274825
-32828991
-91806789
48965803
-89130337
9094408
26391854
39889099
-13619058
83011869
50636863
-13409162
-31230289
-15096487
-30194350
13645085
-67048485
-5662441
21732096
29734308
67844102
31904159
-18962408
-32440062
-78998494
-19875768
-30920629
-354895
-9832064
-16263396
65227595
26340676
-61804468
-12319383
73849047
-63040139
-49425238
-39112847
37140414
-61650099
-57234230
-70134957
-93916092
19759411
38456695
46260022
57961972
86923087
31586979
-64119332
-30389944
-48345450
-83547110
-97553692
-57774014
-25682729
32558772
42708631
-25246166
98426085
-68296360
19371371
85153480
-53367886
65662520
-18396375
55696411
-70414332
83606104
-16932487
29331949
-88171309
-87537020
56859584
18276301
43328716
-14168
-30452598
86244763
-86154505
13288529
88746315
31530863
-58312477
-98383819
467847
7267326
-29829128
23502454
38776284
65626112
-77884038
-89553585
62817497
32677900
55517577
15849123
-2298456
-50400124
-88807535
-41035709
52980019
40962416
91383508
-8523874
24134444
-58459646
-74393569
-99900955
7171460
-56235351
4529387
-17031353
43288402
11254714
51193526
71153043
84301596
70725777
47662120
10746554
-52970987
-13299406
32340415
22206506
11020181
46544781
-16461118
-13509660
19586417
18956100
41527886
1495727
-86939528
-74671801
52827444
-19312865
-67209192
-78729928
-91207142
-89190152
89509027
-57130823
1326198
-55788382
-79867676
19204514
71203975
30788449
-12015823
32144407
24580933
40343758
-22122077
34140366
71305969
-90962471
-34664722
25774674
28987189
-38052229
3967196
7714238
-47320183
3518853
50638785
37527853
-26008527
91032811
18237856
-51608625
-96634951
30089972
82963126
-61565778
7877762
93780755
77971734
-47006633
-7483045
-66376957
95521881
20406294
-27220882
-13736898
-89254272
-16139337
-83527940
45214966
89147290
76467764
-55304563
-34482264
65741081
87348418
98336716
-65763009
5619749
-46147196
-98190750
-15356578
26444112
-80763116
-50926498
-71622765
3253756
41200071
53284631
-98510321
-6251598
6539231
-21779555
56741789
45664799
-42796610
63092448
-4320560
-37443090
-63054743
-54803632
59457056
-6988337
32321993
-98013633
-24506068
59352744
42954134
-67639029
70608717
5561310
-50857993
-12112038
-89176792
-95656797
-16242623
-80027202
83147564
-53943347
20806225
2718001
-67198042
12687904
-27200679
-72932656
74333069
-22039202
-7026872
-94309684
-63559004
-85107210
67955244
37503306
-86190963
14513502
94323115
16058525
71361878
63680740
46216865
52539224
24241842
-30547122
34045880
-30868317
3966186
79260586
39859507
-15356114
39973488
97842712
40234743
-34591957
6744160
-28431588
40637100
24049705
-84440312
25277613
93429854
-56830041
2374980
-67868914
99150763
68619315
-75781060
77306156
-49855341
33152652
-232323
77747361
66723442
95458234
92411526
35108692
-11710377
13711627
-72690847
99483726
-99669884
-55034367
-67982817
-41610543
-19810277
8166846
77123110
-82988060
-19589216
-92602773
-73069036
39183202
-53181555
97334882
-38723528
-63327805
22842269
52575151
-93358001
89563638
-13873571
-90332857
-84160793
11630800
99677897
-19375849
93066127
-47038564
-27023996
62035418
-61839646
71081452
86524408
-48334578
-18762787
-68856699
-69645411
-85762376
33424762
55041681
-43732201
-74227078
-45956788
53066450
29895007
56133613
-31280924
1320322
35693252
-95452361
51740580
-95050391
13935539
87165065
69425242
46141239
-92805792
29172116
-94393682
74950200
-15491769
96828654
-55370597
-69930790
-27166532
-77886868
65108263
71978412
-25532610
-53964038
54320573
1542748
-18012024
43388858
23344051
39033882
-9986851
99906810
28951514
94516607
-39669136
-65879144
78166576
-31454665
30515208
-67154570
-76178978
-14208976
-91799880
5319652
23046980
-88998783
25483929
43783017
53496306
45939664
52842170
90814851
41413375
-89850740
-18754693
42673525
58100366
91568367
65204139
70833877
-30783389
25298819
70454085
-72232553
-69963149
-89505981
-73741033
-66711531
12824448
97581267
-79662878
64851795
38170950
67140620
34808932
16183779
-36217290
-59425343
28212649
87116980
-29906470
74554927
-58328194
28887867
60538955
-52851604
78006872
-21526891
73501373
11846387
-84577666
-40094872
-83046041
1055479
4628481
-83815413
59706527
59513463
-86899808
1115083
-87761167
99181614
60344408
-92731034
-71070933
-58349815
-21407297
-43347151
-91669260
27265621
-85727076
44143750
-33636742
-85182555
61442233
-53017841
-10014694
-73553140
-90441381
53424087
40439321
55948623
-58158610
-3198760
28313174
-91353363
-52158306
95122023
72475177
-92094859
43389618
-88774828
-96918272
38816675
-11293401
-89725319
99438478
60381564
-5906633
83534277
3119612
2550728
-93208443
55690153
-72967545
67800604
-81584020
-64975509
97335338
28938252
-22450055
31311823
-91308376
55258650
-92504566
-10136163
3175066
-27430350
-50030790
-78853519
-35056009
-96784310
45178434
69600070
13946684
20320722
-91027068
-63075166
-22522729
70435674
71411641
-42743634
-9078972
82734573
76340377
-24918542
99705015
-76942603
52769328
5803388
-98004902
-11777080
56497841
-92753500
-66021217
-51185130
21299978
65567647
41873744
82123802
37588195
-53824191
-47488921
51220139
-233172
-76083409
41850525
22714068
-28985321
-98853878
-47798140
9203753
-93779172
-5104846
21959852
-3139286
-52592059
-63185817
35207379
37311390
-34389265
7093852
38201500
-58372057
-32298009
5878277
-93781672
-9228810
-10569523
-19950095
93844194
-74688666
31496425
-47202851
-89007978
-70102593
85393563
26872322
33029730
-84677283
-89314603
-56243698
76174407
2963983
26967951
-41688391
33419354
54067348
-20451659
-11175177
-3248669
52700962
-36307749
75942767
-95631577
40490428
-6479377
-54964939
43319825
29878047
-90944456
-66191100
-29200846
78905600
27283195
-3475727
-37277286
-66924282
14203730
-8367070
88155488
-89724165
2818934
-15286921
-79961292
88012644
17515014
-17978495
-26353724
51924160
-46623868
23525966
-40097322
-53890543
-93332148
-43154676
-9980701
24308365
42052390
70303263
32804311
51826107
33169455
25305065
83394839
22808743
-14488370
32406392
41475929
24618395
558300
39160261
91257371
-78341569
18714380
21764890
17035006
19330503
-6298702
-51671044
-31859878
47893870
-32378916
-99369528
86508350
-82493451
35282731
-89474799
88059572
-44369566
77635428
78628440
33028354
-62947754
51361964
-55994066
51366597
-96861323
26747707
-90966487
21037203
82377300
-12641537
20459215
59566556
-27749072
33009385
-51002456
78967579
-70075171
3121285
7006783
-6069328
32439897
43640439
25655544
-13298743
73584118
-43409832
43537006
3394928
60780193
15918358
39369503
88719015
-60098279
20194859
-63019639
47925472
-70110004
14406263
56434857
13881458
-92409654
90460832
9449154
-97367350
-91917750
-78809548
17573944
-24200700
9878940
-57106505
-77048591
26627518
-66117485
-6445857
69177686
-41038124
-46036611
-48674229
32067319
-53701301
27814536
-13217368
7998906
-87634727
30624234
28591004
58596318
-47423838
-62968258
-44420117
25513332
87842784
-14030857
95114711
71162208
-31243478
69201737
-41385229
31103153
10322071
60830849
77753568
88041849
-84365883
-71652388
1894955
-94299221
45423349
-60574308
-4216624
-15177387
-28034477
84394531
87069600
-22270596
88631603
33467071
-68826266
-61711131
-55612255
-16736341
-34548201
-48056936
-5397099
40306273
-59501816
-48995235
33688885
78958917
-78923030
-57315936
67976091
-82532660
-67712716
-14016714
-56521208
14119939
-56431505
-79305898
-97543312
-69186137
976077
-21890291
-6786162
29005406
57154516
68922294
-43361395
-12756477
62042255
-40947113
56064941
48400557
-85007533
-53754547
38092155
63932879
-50092491
-29582273
-2563887
95875536
424837
-98414507
-11382697
2716153
79942793
853584
11986356
83862496
-97280031
-13162579
44886530
-31364189
68646164
-22092993
16605508
-78785937
79693104
70313909
50119927
-86069803
-74483140
99331275
-63135254
48319856
66794396
51408670
43944680
-54764421
-48696512
46526800
15267805
35000654
65417753
33555867
-68373412
85252569
63391329
6818254
-68161655
21811751
90559983
95683456
-3417613
248690
-44499920
-87951053
-24716901
43770802
40050112
36494820
-21440543
88842633
-78629654
-32541432
43167274
11580921
-73731337
40474393
72661732
8835170
45456496
77474376
-47297975
-83509265
37056595
-37696578
39009982
-83362213
86782405
5721410
83647495
-56767328
-42282028
90549516
38611247
-98990320
93382695
65354527
-31447086
-42908570
-38196270
-94299429
38001835
-9752392
-83723756
66622174
48897937
67499478
76930255
1903904
23947804
-47720584
51774922
76016327
16513119
76503539
-4024214
59588100
25712227
-27239008
17814673
73943943
-31721233
-32544160
-3128025
63450113
65490395
-54702178
-42786646
54227396
32206385
13472227
50588914
-90644868
-3104892
84226410
-35529375
-66266871
70156140
-49134632
-33324672
55491499
74604600
-15464721
-70383984
-70754824
11238752
57444010
72706943
32450864
-14967855
-87376877
-61283922
89222819
42494832
25077715
36285948
66596381
-36241765
59972887
56640274
-83504470
27359506
-35428776
85372294
68717379
16447114
55923899
7144781
-93419618
-71069458
-63627037
-33128090
-83793547
-48079806
38048945
47339081
70780733
89058329
-21848543
-14298878
-646203
-16315224
-50388573
-68873548
32136579
-67863174
-84864795
14997766
-22860323
-6562337
-14781547
-77347064
15253802
25674862
80699570
77831703
-60763968
-94061023
45868800
-7645748
13843546
71311548
59442934
17799114
-48145954
-66796368
-33514976
-25402514
50958002
33599448
42227103
60523272
93181124
-9318934
-80089542
-79268769
90365555
75314107
44701106
11104325
-54801376
39801677
-20577311
23437678
64779645
3423858
31319526
-45434079
-42412608
10384042
-9957882
-93914848
-36947808
26043428
-86263036
-17191550
18215505
94753833
46559377
-65872133
63025308
89007109
82440062
-58499326
27808625
-40902357
10725254
33381360
-72297394
23226811
62608525
7989631
-83153269
8941757
-97717065
58348429
-20946126
-32930487
99291825
-90398127
-28937250
-21828381
22834139
-57173480
13989802
20913249
-30390403
-57261787
-23136764
-56673438
-69096803
70158493
-84553756
-23949913
71719414
15737353
9916371
25584595
52187898
67090069
-14243463
-40963941
-77060075
99091830
1669491
51450342
24244624
99835397
53266715
-98453733
46902157
-12704079
-48966103
-21267876
-89776161
50694814
22172942
-95661250
46682416
22591311
55972855
8595351
-549378
-79541518
65573518
-86120653
-97967299
23191595
23035722
-78811205
-46807005
-96294198
-64280605
24100818
-88585750
29055861
-8535308
73744412
-51626262
47812098
10009443
60408550
84856078
-89530494
40399337
-26630865
68122934
99267871
9573566
-88389794
91006257
-9984093
24568556
-97002737
57682987
13307377
-66965437
-99351805
33477942
55206390
59683424
-89511893
56831605
-35847170
-7968886
-20833042
56364047
53443000
80812436
-4457661
54049942
63747987
6712450
-74334461
49469897
34828936
35295118
14242263
90826318
-43029377
-96615550
-68284105
51256353
-54602412
-26762588
46262027
-30788921
6702849
31900012
-42987663
-74269862
20839439
17330785
-90536393
-52652198
8437456
82590718
90916711
-99070802
13063783
12939438
-87051359
25065671
-63683998
51403515
-62018951
93431540
-79545495
93926926
-12613634
54917694
76205063
22847875
28346808
-97405101
-42399778
94693660
81049631
-85577464
-94626612
-57776560
91093566
59078816
-94620873
78945745
-64966427
-24439655
-84535764
8895047
-81536882
-37014035
663396
91130901
-72793701
49554653
33375890
-7070125
-97377953
36728456
26480785
-16009507
24232968
-28428769
53317655
2947964
-61974430
-58129898
15788639
15643139
-39844002
-89627197
10081619
-87161691
-41256945
-4746233
-85970809
90404984
12244065
-28033809
-93921775
-27085367
43967772
-51578802
-57628436
84550332
-50598364
-97137056
56943837
-12537527
23335047
78347232
-30367264
-24795893
32271771
32051212
26553016
-16008175
-84291632
-33891374
-27339514
95787036
35758451
73410371
68177360
-88857350
-96680974
-66289513
61590156
62012092
-33989774
-91440390
38645300
-97182750
8582619
77771833
32955085
48946461
1637061
55028759
-34750033
-72905961
-8598552
67866526
72926818
-41669550
-52240276
-61430734
49297071
-30994526
66517981
-85370874
2642952
30465947
20716712
-23655252
-18887543
-17720980
-89224322
-88836642
75404367
-40861450
34860524
15025341
-28512349
-83790614
41791620
37848012
92328755
86120854
14443449
-84817293
73072234
-26739238
84062374
-35456472
56346481
-41559742
-69357585
62476026
88690232
-70663206
35853017
41224282
82456696
76554518
29337530
44945710
-72857123
59898012
51727271
63094538
-64152606
-61630441
-62891781
72050459
8908117
-47916503
61496397
18229601
-40618404
-3785413
54970461
70226598
33029967
-20451275
-59579386
6469034
7714963
-42328154
71323318
-79866940
-55847552
-55482920
18944269
-28392157
-97899994
43674561
-87956847
-99997430
2431820
4113093
-97654692
-24611852
66171962
28151308
95904147
-6414314
-55118327
-66398928
40137108
-40838896
-18323699
58272529
-46232311
83125413
-84048495
75173405
92197400
13736898
33183672
74492595
-36933077
-96542271
-55399843
-12309033
-52980365
-68021593
91516583
37411080
73054657
58536650
24108005
-61717360
91779537
-97833340
-92449682
-20911460
-29900715
-74249939
-3472948
-79021306
25340332
-50423826
-98984488
-8338607
19027702
28267497
-67986160
-66414091
-37262805
19410454
8402323
-32078996
85911641
60406324
-74954939
40968017
67855785
-58360051
-4347256
38575592
-32266870
-14950593
-33079740
-70096137
84855712
96746583
64923227
6338807
-60348031
-67406374
58477971
-99640262
-95044147
68401054
7443050
-25205166
36495571
44781554
-73240207
-82805411
6550808
41479772
77154843
-10536873
-93089577
79655060
65612757
41559737
-5181337
-4499387
48743855
23779380
-30319869
-36364692
92718036
54156205
40350702
68481904
55006854
5101036
-19643000
14522698
-71370837
25103179
-31889979
-2427255
71144415
43463366
55912061
-9351668
24220417
24404766
-64289583
-71928865
45645039
-43067344
-43478373
-33740422
-82382886
-29434509
6166281
-26575446
-5477452
41676116
50496415
-41912049
31855274
13605732
-60679838
-38820465
-31884174
-52236236
92784106
67764586
23410453
32363325
-85420265
-16909272
-16957017
57666096
-49464961
-99195049
48764635
5252281
74385806
-44957823
-89406155
22744837
24241537
47988995
1044895
-18130546
-55096355
96036768
57240167
-33253605
40087954
14951107
-76853600
-61990281
59533294
21277447
94180916
57873113
-18469947
96472713
-43066917
23950247
45421284
-22029673
65730758
-74230343
28207012
-59487870
-41927948
44865764
95054252
-55082199
-77376375
57707552
58194058
-72499859
6922592
41803593
80314126
-91882161
18585371
-82441374
-18227261
-52469569
-2980001
55636143
74930278
-86888551
89947435
19072896
-52079912
96961831
-47699102
-4024005
45325073
22215911
28533727
3545627
47236715
-79153775
-89524157
7222174
-11848746
90141208
3364767
-8274480
49992762
92702084
64110286
99325001
-24612214
20639164
94194756
-46240186
-56703492
31771097
52505491
-3406947
91259403
-95828847
-45881560
-45693874
-95575483
-29030060
53752411
-3477675
66267669
55389950
-70024287
-43929326
-28250990
54179172
-66357707
77752437
-68420656
42712777
-47710252
-89150397
-56740427
61472167
91702885
-76427151
13742800
545711
14203763
-73675779
-87024967
6594691
90499659
9911501
-34164149
99742671
-46663735
-46286795
88758457
-52450340
-39781219
50628616
-78085356
-9286965
-22754020
24121684
25471660
-11442403
75426473
90810035
-8522139
-54936105
-82292462
81766038
-67711575
-47686759
-45937795
-38863092
98270100
-92982011
33395423
26676307
63917036
48239409
52692418
-73557182
40302043
-66051509
-6645285
1749825
71753959
-90899077
43797913
74027515
27227137
-82136888
-37986736
-95787410
-73112894
-40322048
37483527
78982615
-91062631
61016075
20443051
29777698
87122782
-84392831
-43382174
41389886
57498807
87274152
35985321
-98646685
-43194873
28463681
-24884074
-6622766
78970051
4535997
-56854044
74206714
-92389935
14813255
-6005931
-93015806
35943155
73902819
-51675270
-74383856
-10884694
-53824107
8069607
18217462
-17961652
23692445
-13056435
18868648
48237336
-72129184
-14670027
65120780
-19475666
-58673644
-16700081
-24371012
70163227
-86345574
-31539764
71863640
23443221
-23492569
91287663
65339204
82590571
-53362447
60286057
-3288081
-55855793
20593408
-95084635
25236660
25936731
-25858537
71215847
24272700
-50014855
-95737635
-47500831
57543398
-63365386
-44692672
79754272
16304977
50068564
69193517
34291013
-57379834
40924096
-80897245
-6148806
-52275626
-19779468
41790597
-40036531
-4771851
70127756
-19767571
-47386815
-77484340
-53123790
-61699966
-91264919
-88228533
52998419
27944711
-41647333
-4681826
-11928637
-985214
-87643969
53495822
-9567414
-65888258
-73058563
45974521
-1206557
-19302376
99706209
-64076415
-55543327
44356190
-84283686
-76037574
-90572365
46230669
60850933
-26581278
69473098
-17189671
-26002923
67530357
-12712047
-91069337
46624088
98313805
-59136676
34077318
-12263762
26271744
-88394361
3207359
-76871146
16333520
-13485540
22738738
86206399
14568204
-97381606
-69142028
70409119
50323900
71303949
27719972
-91229145
77070760
-21368142
94081409
31650577
51940781
-46230851
19799148
30378409
97949123
95587511
-37073993
28205333
-50516328
97934585
-76897405
-79869454
-80485351
-57422575
33339081
75625303
-89942610
-20022089
79572216
-79622961
-37162039
93804884
-28035103
-5867006
90753123
51571739
-31991996
1002424
14174901
-65170204
-37473475
76261646
-63043069
54970255
-87819252
24697229
45977506
19338779
-74099093
-691811
16052201
-41380880
85642373
-98046018
-97708946
-70110932
95801788
52350019
54625377
-96505212
42733786
-95575559
-50901503
70091460
10955206
78484936
-28794607
-87193053
-90415173
-57208346
85538281
19595856
-5959919
-97981329
52991712
-63650805
3072568
35242625
17683258
73475559
-3852864
-53277800
-65433393
96199506
-33998439
40540209
78121333
-18583855
44855115
-36702102
84970132
-61920772
-49072236
76454357
-82208537
86007064
-34522953
-78490797
71221400
-61300662
-92980089
59912228
93177065
-23319925
-7341338
55361308
8316056
75831286
-48508967
62825680
98344443
14226957
57252527
14254638
63654248
-43597294
11835868
32893510
-83865361
-18632357
47626238
84216370
-33936111
84674347
-49936168
-42014333
24218648
-63853376
-2397180
22236310
19970264
-77161446
-57192544
73019190
34245499
-48666919
-69840869
-57811774
24315396
44878497
22206494
77639478
68643648
42008203
-78493826
33076910
57963585
-28939978
-13496818
52495091
-87124573
-4448269
23608196
360174
-63810312
15129772
80116934
96042337
-20016892
21320606
18385234
-84625285
35456575
54032747
-58097168
30486228
-96315765
-59561671
-1534625
-9925836
79983381
-65335538
-65958338
1898954
-61244675
-80826383
-40912655
-4671939
-61474106
21886647
67597008
-14166248
99092995
75504956
91886635
162356
-93359800
-46546871
33502597
-69101223
-42541871
-4105979
6913973
61317197
-76565248
-69495617
-52616842
76605309
92165863
13049962
-68099322
-79704685
32100315
97900815
31439745
-54585125
49319713
-57813582
-59348278
33064428
69806663
-19040239
70808084
48298086
76822082
15849907
-96685450
76596420
-86673543
-49790623
6459568
-21267757
-90399262
54531037
78746614
-52258949
68912922
-66546209
-93198723
-22847309
-29039416
-65858208
-99368643
-4092309
-54335700
-98290369
-37782008
3365089
-40992418
79174415
15516156
30734374
52229569
89582066
-16022625
36573813
78583826
-63590926
48575467
-46415097
27969892
53482191
61266994
24213840
18032194
-96547892
-76655985
-81379881
19784156
-61518641
-60672071
-28581527
2652512
-26683857
-38186038
-87804246
44738604
21831096
67509340
-25882900
-4443911
6614707
-57555921
46444298
76715210
14250102
-53267432
23621676
-49208508
-28310199
-67669110
82270567
-17058052
-88316304
-33704042
-50220205
-1640007
96016353
15470271
-61338100
-50594719
-51642997
-68849506
52797472
-44150072
58396448
33831251
15726912
83755363
20537217
35391617
-61459147
-50679620
3517468
-93948427
91592299
-17354551
-48809664
-52902140
18723298
-92253365
-56736364
-69958667
92878935
33236264
70340628
-84017328
99745691
37606323
-81172376
-46020432
60162953
-22328741
-18933239
49795235
20791674
-84390312
20226627
25834135
-64382453
-35871588
-43997270
-30753684
-40802067
71696932
92163911
-73606561
-51527174
-78376979
-49087905
-68507021
-98498818
87096826
-57556619
29200752
-59947451
56178061
12108919
-67421524
-20212685
81833052
17152524
21437693
-1090799
-68789205
48761392
-5742433
-54557135
64588399
-36438218
-35816085
68241576
-65068127
63376335
-82719467
-52716479
60598401
92602355
6110107
-17806531
52780456
15259572
27772037
84986873
-22465992
12582923
61436401
36814326
15902259
-32859971
41655865
-41734764
-92282253
-27795653
-65429200
76996747
-94583876
72246825
45672406
9588507
17640091
274726
43772924
79125391
79784093
-46328518
90282060
8981524
-69684799
-37922232
-26590400
-96278060
23242683
-38903480
75886003
34407078
99075112
31993974
20278525
-1630674
-88082664
41659842
60533394
38172196
-52635541
23072556
-57364097
66256787
73683883
67893655
-73744554
60324196
98990253
74737525
7868604
89259446
-66581361
46553516
-32529985
-97543460
20036552
-66000245
-64846966
-88243468
-95578048
-73346307
97283066
12868268
57195984
56681700
-95465998
-33315600
-54090250
61107334
93003163
74430761
-57704802
-7760308
29103289
62806920
-71536013
56404832
57686850
91350024
-26328673
34646750
8597405
71155946
59440270
-52450690
-91453997
-68824670
836362
65381637
62050118
60391321
-88052320
-87261547
-31265339
-10670773
-26165376
-88107540
75348478
81564545
-22014591
-22936683
60305695
-22689864
-27512940
93658261
-12900020
84934051
7559340
-43668630
81945820
16492234
-12925260
-95287773
89116417
-12622467
-66742993
96274962
-94477404
-38816311
48446830
56403119
32836695
26374813
94984694
48848082
8414712
97288067
-62941803
-36764457
24808694
21192045
86276455
6191140
-50206064
-30847277
12244585
47284411
37088072
-75847045
-11195465
34694126
46417880
95938807
-76253777
-59156466
-38715410
21736994
50864203
-23507331
56161616
-79447781
92118179
-34438273
-61647921
62385978
-3311344
-48792741
-72291444
-18260298
83738446
67318880
-17506396
-5864708
-71263269
84157357
-92309507
38279449
-89719453
-69629027
13193418
10243338
62662526
-4794379
-25393928
45971787
90471944
-36318048
-13555112
-10915574
-55935581
22729646
-92799107
-82948950
-15069613
-56507890
95919877
11883778
-21548090
92172019
-7360067
-58565878
-14808175
-25388820
49198418
13356110
91570550
99000535
18816523
-93271290
13831196
-6927630
-88459178
-16605862
7190261
94279734
-6481658
-96590184
-46433027
-54937951
-92786491
32360569
81681075
18296624
-66545399
-56709087
-31553912
84841221
-62499984
-95815247
-66312589
-26772065
-65757354
-25290230
-43833530
23329400
59497980
-4519671
86063980
75385517
-42149581
27265027
23030240
98846903
69128101
27492551
-58362716
85230099
-48416252
-57316909
56653870
9522819
70781141
-12799069
61559657
-438797
35027615
-4633917
1214630
73951406
36727617
36124173
-12145563
-10134586
92273892
50611848
99146259
-70272715
-74320679
99491950
-57319379
4045709
74865591
22973955
-37356350
5828434
-68563508
24511642
-17632704
77449089
-70219413
75007433
52770
-50549056
72936008
96972654
57606802
-98623062
-74147517
-59435614
-993729
-99175737
84371252
-558137
-1184646
-5767389
-48914666
88167692
-97774386
-29260319
-79733152
-37673697
-34153982
51847481
-29400866
89543369
95810933
-48372963
31112076
37867017
-59974204
30037124
77520318
-49994009
-63628121
56743612
87965031
88352208
10224571
33845509
-73247867
-89471354
85623250
-51548887
-88404657
-91819316
48829178
-37336283
96776074
-47726143
-43009586
-61991091
-33860513
-56362915
8260383
-12304856
-59197417
-73725417
65396215
29015804
-69721671
-4836837
86822706
-2361726
24466989
90236302
-69961842
-18018926
64676592
20353096
26899249
5500946
-78507571
71167117
-26267597
78984279
71122464
2637493
15948694
99183360
88593478
-77665735
-63141220
-77430820
95907090
-45966221
93945400
91048197
14278014
-71636281
78676775
28632190
92420873
99869134
-13834247
12156366
-71184810
-43951751
-11748002
-68666199
31461848
-59022360
33881373
-52500771
-18453882
48801907
-47530713
30218084
-37033282
33952311
-74558515
-94301393
73548776
90094916
-56026808
77385740
-87104260
32888997
35698970
97854906
-35679525
43280658
15385272
25036938
-51687233
98148816
-48151169
78655223
29210720
-45603042
21719911
28861475
-19410938
29493152
-84528049
-80724664
-13612423
62481576
-97393588
-67505592
-53636342
35474057
95305538
-28874765
-24829441
-54681555
9599436
-92416789
-36781167
50350777
7620933
14582892
-16550570
26426283
21467977
-38636900
-10165955
4234999
-26762625
75216963
11785367
-7263268
78250214
69122781
30259213
-69398946
5636883
70370711
-69875867
-11340357
18834552
-45521332
-16795070
13137085
15523111
-23668290
-15854215
13974559
62244619
4151011
49333495
-10683537
45009150
26960741
57427506
-56377448
-5908677
49444660
-80973961
33647580
-44463135
-46103284
86628252
8976063
49063557
-40018278
36641632
-31302200
85718802
-37574689
3868274
36975498
-82150568
7789012
-7364021
-47140345
61810780
-765959
-23012845
30950866
-19987629
-44739162
7423474
-46707472
-89832175
95500164
-44377903
-15539525
17285873
97414190
-46192740
36265354
-85498956
1633824
-59090053
82125041
-25911322
20477823
-93354885
6837527
63526977
-6111125
-52507322
9612791
55479978
70604453
73805729
24600125
44379578
30334097
47794599
75483484
27637232
-62817267
2259935
-93494211
-22094573
-56683835
21610688
46225171
-735382
-43973303
-58002589
-46289103
39510919
44038452
39412637
-50278155
68453904
-51419152
-3149542
-98548150
-94533639
60778067
61302634
-36504688
35644741
-67128677
6745038
-91709660
-91149970
-87053379
72179454
-2544870
-13619543
-26248568
80054451
-46276841
-98799562
-74802245
-79872704
90594956
96508616
563170
24143193
-31391524
-24941813
32564252
30104439
27587803
-17015242
66840108
-67871077
-46823882
-7474600
14797763
-61748509
33345690
-24079278
65363494
98089253
-5341851
69627240
-81980653
60786114
-49468944
54924880
-88746901
-93485772
79733721
-42773857
49848
58052871
-89608655
-7985871
46798117
-74454379
-5512996
-51061394
4635710
-89930132
-25829101
-58263759
81774692
-66655781
46788753
85797039
-78544687
-68938147
-98342430
11340130
-33219641
-29554098
28143799
52185822
-66276184
-2484043
-48102881
79328106
98750327
69184322
3825888
97864566
-73100229
-70274966
-54473569
53343267
36316347
-67060100
11165994
-83237923
9839743
16835817
46894165
64118035
1096653
-38173469
-5128587
-84509183
-70794495
-54366142
45224333
28547907
79011445
-51563523
35684370
32569687
-36436404
33036479
79607002
97797676
-55899190
65762234
-23084267
-28180653
84268455
-56384716
34282644
9723143
69259519
-68843201
10457151
-89399977
55715316
69030358
-20312732
-23436259
-50303781
-11510920
-16070807
-65540513
-99158691
26531707
89992779
74713890
-52967958
92906058
-8540474
35550053
40064576
14898295
-14391824
69672522
51405345
71728168
6492393
70275049
-56474524
35360600
4245153
-88151308
22922095
36671072
-48991609
25488606
47743183
-6667377
-73092639
75084964
-7510746
-17731884
54317030
-88378051
-60938778
-76586653
20295841
14322655
68538356
10202997
-50619413
-11129406
18322780
-81397046
-70542196
-84733504
-38552456
-38136412
92195237
-11400898
-59369502
-65520011
90409411
68464925
36050327
-40054765
-70889812
-79157793
6169296
30220746
-9616235
1893865
-88546194
-91633755
53665677
36493282
99800925
25856045
59441957
-52895850
81050639
-57661186
-37478679
-56943908
79496932
63166103
-96649449
89285297
87312324
-93902052
45715560
48453596
63576307
-65051853
45006177
-21970147
-15796558
-32425482
-56574834
-33887537
82386159
-46636492
58357227
12067880
94025521
-5330349
85032455
-72269929
7528979
-3114350
-42254675
-37805442
65814416
-76330638
-25062475
69037867
29833803
63920331
21840129
61723867
-70673288
-72361289
-91008249
87434724
77813053
-33814229
-60260734
-41729852
-94780139
24995284
93252289
-53094033
43040677
-55586799
93277344
66387312
30266881
59802440
-59388568
-26110652
44836571
81482064
48267981
45083710
40781027
-81077087
-52740093
-92628615
5897983
47634425
23935430
-19374881
-85802774
-9102395
80331744
53996321
-5299244
-42028787
90487694
-66402195
73368860
-47537101
11344125
-25944230
58966760
-11543549
-59370786
39591523
43477575
8411150
89964719
72620181
53811248
5301996
-49438650
-10075148
-59947395
-50714372
61098099
-14942084
16415097
9530429
-32448617
-25352550
-53610800
84538296
-20060764
8914477
-12877234
7906243
-50614511
65293400
-19904794
24185782
-58744328
-46415801
-63381809
77478896
6122015
78594578
90067103
-62803049
-7175678
-53791699
-67310486
88782558
15572262
99325594
-73960590
57741865
61688124
-56166580
44597467
67974368
-29483408
-77512394
81099349
-97904107
-2648079
-93237276
-21661296
13007976
-50472641
32601235
-51798121
-43188434
36414376
55008777
-46614418
-40465035
-84325691
-59242648
10927998
218827
-88811135
-10764096
-94444177
-57683332
86101854
8927093
-23519570
-39875296
6588692
41496046
-38157515
-81333398
-93978598
-5054529
11074683
67676866
-53958502
-28193360
28512470
50516088
40633824
-12481516
-46247736
-15350731
76946125
71511447
33181968
24162751
74000718
32311791
72681467
-59447224
69007451
62488503
88941929
63644874
24232038
50048228
-73735087
-25227986
13868463
97601749
-52574120
-53295472
29741389
-71993432
-70969873
52171232
57722354
6829937
55474361
53660246
77439597
-37701053
-36982010
-38490827
-85916839
42808694
-93984013
22806700
44225553
-70708620
57590398
-33207612
-29724949
14689339
-51750427
82038750
36010521
-4685028
-69691006
-44771316
63605547
-36156314
-10455152
9596339
22344037
-29026775
99978573
52955966
48438355
-84464248
-42884651
99492831
60089171
51745936
-83249495
-6960213
-9320299
-40831049
-9244127
60936438
-96563049
-57285847
-85494941
-97079616
-25545764
14247571
96386175
43848241
90632272
40212081
-66645328
-22068350
-81694893
44404624
47732510
86281603
50166346
56835440
-63044666
-52105794
-92936998
20840778
42908224
19177823
51178584
47933156
-33303313
-40645193
-47540020
-49962283
-94279962
20411795
89893960
56327752
35019263
-56192374
-11200692
59639779
-44204938
-30892266
-77934033
-12453532
56174758
40432143
58224050
57897389
44667608
-7190528
-77534517
92051837
-60943375
10217286
23419878
-98120437
70163952
-77346342
65440256
-9823101
16852741
-42009272
17049569
-31237245
-66830551
-65657262
12923639
85045540
-34181523
55909716
43615711
-67960244
-95685117
-27290492
-22960344
348314
55430374
-21119080
-91250614
-64344763
-56361466
33968259
-99307081
2215453
47760410
45597470
64466163
-44789110
-71523545
1910359
-56407067
79771417
-29942784
-51901347
-90813300
-72242894
-7714222
82850712
55450813
18112391
-80260886
-81973659
55907530
-24877899
-61604874
-92305170
45522119
46803500
-52713483
-50250521
66066232
-14715963
41791419
-57794953
-27812319
73453672
44027402
55874976
78126247
2037707
24687482
-81878935
56367663
-6062333
5463720
-37635144
38610379
30430745
60924164
8323490
-66391602
-96581972
-70832852
-22371650
-93758343
-45212662
-57109763
88152749
38855064
-53140875
-64749284
-25474501
77175055
78585663
-38716405
-89547505
42663793
97139788
29027407
-73002881
97403380
99240613
56453148
33854737
-22639946
88339149
31038458
-3334338
23667632
-2158956
-26298737
58775302
-47322509
64558254
78151327
-48944473
56142339
-13069511
72271821
80693668
-42032740
-39098437
9134431
4555316
11140141
6766777
-95665424
-66370007
54421428
-41638569
-61619061
18826904
65551096
-82450379
70625712
-64857330
44981952
-70557042
-90937591
51605583
54352098
7449264
69685067
19617527
98641946
-28114199
-3565795
41642343
36878209
63005517
19079287
-39764059
49321803
-225545
77059046
261610
-402362
48689633
-3005822
-60180097
-73085196
-73797967
-62862306
62860525
45097062
61373197
-9247012
-87991258
15862429
-7970258
65401872
-91055664
-58405069
-28802226
41973456
67967010
46776522
68203160
56662354
63739946
52211289
7907771
-98376504
-83588304
67019466
20238871
86459190
24907194
32548717
91549556
49950668
-87675010
-72423284
-36538425
3495486
-45150111
80087588
34063080
-45689762
24503078
-94075397
76463951
-60216445
85317250
-79775341
-66853934
-95403711
64513114
-85133926
-47168973
98177236
66817767
-23454492
-98895895
73907149
-43874431
-99446485
35588826
-8075662
10171552
37149774
-91127393
-97122625
-95120167
-76653657
-29735324
79466832
-18520635
-26129510
-43893507
64147792
1034508
-12732151
87061594
-71544997
-86067489
-4322623
-66346272
94009148
-23929701
-92841017
-47157916
-61876235
-25837605
42484176
74506226
58814323
-2303684
97750845
35616331
65737842
-85420688
-96680770
-27440688
16577604
-77009585
86505023
-67457509
-9509845
-84814009
50293171
34823699
60596273
-28847198
-45334399
52806402
13251450
97159951
27697531
57186023
-21045899
49501904
14689121
-79664252
80505265