70318476
-47720916
71750214
-63928801
89697640
-26204150
-62778987
-44673483
-54361418
-24569049
87335285
95096232
-42795954
77804376
-50136448
71968658
21076360
50544084
-5094154
-84166193
12334227
32640508
-68414590
-14897992
-98137202
54280
73255715
-22527589
41209040
-255478
-34834980
-56181130
-7835572
-96722554
-26909777
77678386
-14408062
-36104135
45141431
79589760
88169336
79971985
-49279620
-20038701
96071618
69056502
-79197368
-46290885
-70386870
27561649
-13412093
40838702
79445975
-5068547
-89365307
20066662
-38832319
78268537
-56512624
92740082
-17815816
62456531
-47983334
-82228159
82738922
88963730
-88241670
84960758
68327613
8823093
-15041770
-5105811
-32625296
-24441597
-60361561
-69407453
-23678194
-61289953
-9423988
26846880
-99975023
-79617473
71581388
84567583
-41478811
-32290516
43202498
33170063
-15923475
45823076
-4925184
48320765
-76769789
94121340
-23884116
-70742904
61882087
-13479740
38314042
24107554
-1877985
-96690345
43217090
2563278
26424966
20662126
-79732282
-46857322
-55873545
-16882105
-93279243
55862526
97113589
-72461632
9395068
-52629352
-5303184
-59151257
9540478
-88868158
-58351112
-63882490
32150678
21297970
-61216590
37716570
-5840526
-35938879
-22674149
5391554
-64860208
68003150
20484362
62258275
-19205438
91457838
57516017
1846493
71694531
91910785
-95640680
1637787
8700340
23753992
-64616516
-67473775
-48273575
-85348535
-27219491
-8009587
-45001347
-49353742
-41801199
-40854439
-68040258
-61775789
79753358
5844704
-25746571
79373714
14678123
63245706
-42499162
36381832
91062494
-63386065
49736545
84470102
2051327
87692486
-66648933
20064187
-32255107
1206707
-6003816
-20815363
22227661
-42805608
43720757
34583321
-95080259
-51850847
14047916
-39498053
51489579
21872126
-91565203
-43345647
93752335
-93082585
-5924883
-82265513
-12949296
-74232557
45838271
17611194
64417636
19512276
-81954602
-84800624
77963851
13360408
21335468
-62449001
75837126
74213041
-93020986
-42402279
11132682
45235817
23530349
54864644
-39229884
-24545196
-28814386
-4577217
72682746
58895101
6893521
-40694518
24143160
-32558291
-14549668
-58332309
-58110165
90868176
-95542392
60316835
32598470
47084090
62213404
42904294
90341142
28508589
22746574
-45924117
95381238
-95216109
1417192
89692241
-1892480
22300117
13530293
-32709193
70859339
-55768510
26774909
29382399
9735864
864673
-7902475
9483543
91355412
7797388
17065326
82813794
-21826457
4883308
81673291
87417165
48291894
37904196
-16641524
-30205863
-33586264
-65857282
-15337649
-32589827
-16767395
-18958167
63196672
-93691408
-29041915
75779341
51406746
61551144
72756578
36975360
52428196
55420301
36561897
-10227328
51542280
-43571657
-8832673
-59695374
-279516
-86858173
23744399
97473465
-52681456
65734750
-94789610
-93528827
-59104012
-53075835
-19189042
-80927768
-64625949
-54826452
46054190
2575623
-77461831
20120002
55452608
-75560498
-79369692
-7051689
54900864
-84731478
78492931
-45487093
65415097
-9946555
-73533644
54346903
-15033314
-9368479
-78449171
-69921006
26407017
2447290
35163559
73214438
53522867
1411672
-35732798
-66569695
74947868
21450889
-74635773
7926699
-27677537
55078504
32411273
-77440469
76599361
97004952
4628289
45853005
-59937844
62961047
58541697
-83430128
-82738666
-85447069
75868002
-34176780
-88177459
66204927
-78957878
62497962
85274435
-91438538
-14727687
-52797078
-51584674
31738780
-50184003
76229290
95017823
88947750
-3265907
39657621
3594783
78731423
-94673413
67532889
-7233488
-87456284
57549897
-725671
-45441900
47590470
55520230
54844984
-47383485
42999444
63551531
-73546713
-95065979
93964248
47041683
-92623682
19506706
-95672395
-8462040
73989614
-61855563
62765120
-17846485
-74338871
7998447
61115052
-93581179
-15855394
95123306
-7498920
-31295008
33535063
-30644414
-96449834
85649728
-93221250
-69460955
81405251
-52420336
-75974179
-8944143
14282532
24084990
-37677786
-21821615
-3923410
5156633
89139802
-33846187
-99163035
-5988587
-45889894
-65690397
-76499415
23489323
40733240
-95935769
-9581765
48246418
51509485
-67533444
-4396925
-42973548
25523433
-37800160
-19824423
80574317
-44649086
1206606
94220980
6363167
-47268235
-3911857
-64734230
-87883934
-66534030
-24495079
67420892
98709514
2828829
66397971
88983262
-60201273
-17137742
-70966959
-75677078
-40347052
38793378
-96523767
-2499690
9975297
-31318608
16052607
35420001
-88375876
-51533084
-6303188
33319254
-30193818
99302414
-29451681
-78705143
-22357815
54934898
50320931
7524535
59720076
-71250312
26362410
-16695112
22220820
84047694
-44106175
-86330289
-70487665
53273329
-40701021
50256319
78897210
63928990
-97595742
-11919568
23578983
-95411321
-63630516
18809517
14192522
36710027
-89542451
26781399
-42258905
38908947
-19942216
45968253
98470147
52687444
-76049554
-28905977
74640980
37014417
19882091
73491683
15800105
1088246
-15724903
-94297044
94882281
-41847763
-99046301
-6716808
46788643
77672965
49710140
-80178852
-27361885
-74318486
78964343
-15782308
-67456857
53587287
90739510
-93107383
92331853
-25363097
-21970168
-51581008
-48141173
-56032092
5743337
39659174
39697699
-86639476
74459904
-79009496
3638709
-47873992
83063232
-8850437
-74182085
-20109439
34202353
-49636624
-5422532
56271048
37914980
-99619512
85718023
-1154527
-6757281
73316044
28084989
-86398928
-36554884
55312482
-77990277
62927480
64526179
-73732727
-94306134
-35483803
-7808584
-61826075
-70577430
-14591224
-69062212
73809548
37462542
82491714
40542911
-63579093
-39037817
3865611
5755980
-96759828
-78593268
24035741
-45686311
-15592486
18247632
-37475520
-87483332
-56999308
92825017
-78229901
-4910284
-56504141
-68065748
5107819
-40197129
12042048
-5714204
-86372571
-66513933
73323101
-36222842
98187141
-88015396
-44147087
13789937
-88878997
-54217331
-92604855
90720639
-87169213
76936746
77838000
42375605
8811581
38156505
73981999
6582396
65215596
-73588710
59740423
48295927
-93962490
61387249
-84928680
-73763936
71296645
75820850
-95236794
55725601
87893602
67864856
638610
79989061
99761367
-870535
-79023452
50575906
-56626311
83762445
17350024
-25893474
50251054
84434199
78992471
-95807035
89880867
-61301046
-50952644
-79367230
88827644
19734575
-20666592
10533967
-39049748
14143727
-29451477
-64280324
55764347
-49654210
27536764
-6387740
33946235
-69247230
-24932914
31449098
-69147609
73456408
97165242
-86972265
-156268
-86774638
-61835634
-53807539
15698137
-24734624
-50710405
-6833184
-58889050
-13174635
-7080670
63066866
-91845635
-94792546
27690189
20773800
50662342
48703740
-31858035
73089756
81445534
-55947691
-72788563
-29167604
89255395
61088560
-3772448
-12997625
59651254
60203969
60840130
73846233
-66494208
-37504645
98355522
-60153885
92971251
58482679
43306212
-70073858
-56296232
-9988071
694046
-97905858
91923432
-84224652
-92344451
91754459
-95916891
-446565
68464123
70070910
-95714497
6830274
-81539460
-63883246
68345116
99999480
-76145246
-8493528
16946801
-19917447
48721778
-7033701
71069939
49131648
-33530987
-9814297
71804940
-26333711
-1387115
24886219
-11763434
-44604459
-38278680
-25657206
-42083071
-78687855
3155608
-59621096
-91871946
99950897
99364016
-62767485
52205952
-1387032
63287577
-45323357
78043675
84037731
-40794391
33386094
76106333
-67819280
78402289
40615907
71037463
38375520
-11680460
70977918
-62891684
81591355
21143002
90361767
-36592358
-58640427
26295241
30558548
62948957
49512226
22843107
99475089
11800544
-31613561
-83585070
89341041
29778611
-37627079
93862804
-87024630
-58020763
-18431367
-81818515
-17979799
-96551808
-52182757
39184867
-23713034
45413864
59744860
-85527502
-17521819
-13079684
-419915
43619367
94411249
80920151
-91943789
41103393
-2974545
-80349772
91957705
52099518
-96464288
15103541
25750172
-68780597
-51191383
-46602423
55274094
-90850371
22379546
-68405437
40420341
-88429102
55261536
72547026
27676469
18540469
-2790920
-38737836
57708245
-75758988
-5964549
-70532222
26797115
92484966
2416260
47647033
-25596826
14525349
25522805
-48940244
-57051469
-42925725
-10127098
-26065302
-71053616
-55120612
12014361
-6233393
69686618
-60387441
-3614005
47018936
-79490202
15618226
66719667
98227942
35365798
39189630
69061264
79404478
-82845810
24742919
69171656
45753962
81653057
50007538
52440870
54989926
38949576
53758052
-51353925
66434132
-8719113
1943471
-8784819
10755168
9884636
-1829827
-25706680
59590191
29169353
72686002
-83030142
60885412
57452075
31705368
-24537876
74239024
99617060
65128442
71957960
25524031
-35345937
19086258
9267414
67244426
63968619
-66026101
84017970
56601743
-93087582
48212270
46297069
-14750668
-2052049
-31723946
-54106712
90821361
-87690185
-10342569
69730083
-24031394
23794917
-97090381
7749344
-74363577
-41673277
-29507642
91851348
-28617934
-55444866
25727503
66778638
2635469
10463804
35256117
-44836868
62586018
-19485260
-57056809
-58238785
-22263510
30497133
-70791368
-73914256
-94556218
73560068
34110697
-99074656
-17014068
92087700
92023716
-48782932
55619033
-53851885
58883069
-40105359
-98944103
79923207
-62085696
88137591
58008449
26650932
99192210
91923595
-76360694
-32295430
29415776
57792683
-1861198
-68445194
-64098935
87333104
-32296360
31157246
-1666884
76259392
86416518
17257721
43382608
95944607
-78925536
-97862111
-83633902
22952133
47106802
80524461
3682074
-88256049
-2152812
-14830321
-79084533
-42499392
-77203908
-88217683
-78736167
74664174
-87049930
-34892621
-1388758
49000112
7600496
38173364
-80041493
73531814
16654420
43074574
-76958645
15223252
90370013
6949953
-53331724
63048016
78349347
88565042
91074881
58663649
37924927
13087431
78452823
-33486319
-16775664
16249241
-99942086
-29640225
20803182
-25771461
85452642
41575549
92815166
-27206533
-50621646
27046067
-4474762
46589701
11310864
20949655
-26350495
-47003263
41438028
1131031
-60579170
-77353328
76495936
55114648
-12385329
-81890359
-50118710
72107866
-35197115
13961652
-80995399
35176258
72097016
61858735
9305982
-32926164
-8995488
-29751329
14106895
75963354
-18413104
38281278
22798708
29042728
-37929235
-94266018
49317163
19108804
95239826
-7644772
92352343
69301796
57367349
35249758
79723180
-23261246
-52050226
-21766
-66076361
-91337165
-39979964
-30951949
60867351
53283191
99380215
70171841
-97515449
-38388299
-39224167
-82620078
-14229227
-1053213
31500130
91049996
8173064
10447548
38614860
19350616
39866507
4402863
-72758906
-8255371
-23171061
12648666
15101649
69848827
-45395446
69516664
66679736
-41353846
23017846
54338964
72433416
21941175
44946842
-68776956
-86584919
-76133535
-71092588
75961904
96343397
-32886633
62833275
37104891
21930974
-38435612
-90631567
-89749947
94908885
58207059
-5640966
-42531063
-47673981
7192722
84195269
34446352
-36034391
51177076
-77798163
-10188182
-47187501
66474571
93270993
-26780245
-35421281
36389940
-83663627
-16230915
-39639121
-56443968
55871918
-15172662
-43969368
43301020
73358130
-6981286
-50531318
10564111
-87430394
-15816882
-97101482
32109205
11926729
50531843
-29405855
-77967925
33913837
-37735410
98566821
2686980
43415790
-27185621
-51447312
69867666
93563323
-8718875
-78145586
-278911
96280826
87116022
-74028212
-39885311
49347104
-83256233
25448701
9381082
-85263846
78621781
-31142015
-565008
452427
-38841962
-80968219
-33830005
20620895
-44830023
52960056
-62849670
-89568921
70182362
-32108397
-40720952
-3478023
-42667924
75415095
-17867218
-78358573
59831839
-33429
94869553
-38891744
41653874
50729366
36716344
-24823400
-94098217
-23351753
79398984
-42579509
4553171
70757519
-40038861
5012843
66429835
-20067095
63916418
878489
-6048225
-64768512
-29178421
-88923160
66199531
21506845
-49181145
-94941200
19101844
57757576
70656581
11564834
-74888611
9302438
64209217
-34770073
-80403317
74511810
32602630
3125222
79012044
42509746
-71592903
87076065
38548685
-69604394
-12586147
74936509
-8298025
5277776
12097958
12315790
-35222404
-49550921
5600343
2425474
-82026098
-44070977
29039294
-18014814
-83680725
-38099827
7349280
-49160359
5279488
-62057331
-26479029
47480919
14582829
-52233470
-47593714
76490015
68763068
-76638419
-11228652
427385
13868402
-34464719
-37671988
-96830958
20529975
96192939
-74266042
37931724
-2553528
-37082533
61805080
40487149
-64052363
-74185219
81860315
-80742095
-19421387
-68682241
24018486
-93089395
76061097
-67266051
-75265768
25314348
-76392068
71087145
24770043
7621781
68097957
71794017
-38285624
-90623304
95984959
15718970
79188726
37496958
-2429022
45479068
30489670
-94750546
26303851
-99866343
-81173124
49629911
32506180
-47059713
43046499
-91495555
-40841443
20697257
22372200
-94232544
83248404
-13194263
-26512068
-78494686
-25582247
60387842
5121910
82333862
49221279
-76017582
57886198
49044302
-2677431
87604959
-62573822
-27112843
95514866
88137605
70853446
-32052247
-59187796
78559352
-34326944
-66108780
-12427219
65979481
80738804
-14820386
36373811
45850708
93323854
58906268
-99896607
-40464077
51668034
90413561
-60046348
-41165340
95160660
95785812
45173566
48984648
8699499
-16098694
-48874799
-89610302
27753175
30085858
-95222443
-79878918
57695468
62307104
51577114
45512647
50714286
-40976614
-62368856
-79685987
52246665
-38042327
50239976
-98034163
-38299249
-79570628
-94519703
58398803
-50669338
-6533769
25315533
-64618228
-69660093
77448817
-2969405
-85663957
98919820
8083940
43391175
68317525
-53880849
-37696012
61646459
79987696
-35526228
-53349183
73210241
76653216
16120932
23594439
33137151
19019189
-85156519
19258760
-4123154
-45056064
-43478456
-13098025
71067799
53290369
-49652329
-36348256
-14345557
-32405078
-33809838
-26585452
25073981
-43900171
-41204100
36289453
-30615395
-3973292
48764555
73618432
-47058788
-82840199
45468839
-99202349
-14299750
-77262530
-87125451
-29453667
-52937519
27927144
-77347991
88429888
15727089
-22990239
36279585
-22564981
-7265731
5040339
-7985985
-44666475
-67858854
-84106182
-23033367
7577820
2116597
-68990283
-16313872
16075533
-22462352
65306626
-31804816
45801151
-6496802
13106718
-90985987
-78142967
88448166
60822966
79253695
-37198593
-73907485
-62876319
69740453
18681672
-5480906
12436267
630736
86119777
-94815176
-68611634
18878446
45026502
62712932
34840936
96016263
-79697785
-94545652
93784219
-29148573
-24569305
-75650852
81420735
85214374
-2052176
87536263
-20794029
86601079
9131117
74708680
-64381245
66924307
3553691
-83097873
86899242
-85367656
-16517707
-53714242
85943003
88832490
-96551422
82565287
-38721582
79959309
-3700933
12952775
-23139798
-30576602
-49221428
24964452
57364291
27074896
73529026
-64771207
-38688785
42552673
-50320649
-57849667
43190188
-30846352
-38630073
89563075
-52185269
-88593787
-14742577
-36655067
62541022
12648480
-46995368
78819019
40380884
86924543
54716848
61367220
-55097147
-94595485
-32735139
58962075
93809386
74509614
-9745629
-70911712
56478343
15557476
17563546
-31118437
-85160707
2186215
-82416206
54993779
2967572
13245282
-31776784
10553739
42388520
-38900691
-47217001
-89343345
72170757
-36636613
-46160081
-68618257
-91723489
55014156
38788163
36054585
-5781031
20706528
-14924674
-81550440
18897693
-1734968
-27232392
-91494857
-26896725
-68232640
-1342974
-7774983
-36608703
44514091
-85062012
63125541
-16400104
-7484914
76237409
83689473
-69982808
-34126223
-66331745
-10829940
-6941103
-51256235
-50521025
-26210256
78692748
67610740
-86955926
-26804050
-78738217
-12040400
-93607578
55863922
-99037052
53199589
-94596360
71998049
-86538172
89243358
47892799
32471638
1401984
52374222
66148948
-90428111
-32174350
1882847
86128679
-11347543
95843396
-8955687
97391772
-95126143
-96727802
-58232564
-16239713
-19322944
-82190974
37906132
16123202
37452509
-90465084
99955946
40911979
-24109435
-21271808
-11076901
34431238
68597423
-18233061
42830854
-84141790
-29615997
-7615281
85452661
34899957
-92167778
-60059642
-68657799
69266903
1869367
25751807
57780348
-97555857
41922319
79126439
96119433
51494171
79490661
-88859490
40897665
-66510024
80538084
-6841124
21522086
54784278
-99419960
-85650159
-90408133
75512468
-94609211
-48031429
4476495
-80094297
73517185
-230142
-80835988
47294315
83402523
93354019
-39515898
-11170778
47152654
-43689338
-59101704
-68697599
-52298370
83715761
8566290
-56923543
15342511
9368738
26816084
63870171
-57264597
75347332
82260513
78725944
-23188595
37140712
40759598
69774907
52163227
-54584483
145948
17189973
-94721307
42907129
62540501
93202369
19183980
-16492599
96663381
28608918
-39840174
-32090789
-988023
-55158058
-46315908
69203590
33132961
-21226907
-46401397
9119329
95742720
86153302
78613497
33058970
-52854103
-95341341
60669636
15876385
95486848
-60370968
-9356503
-85705962
68317054
-41346799
51745757
-73623336
-39828410
-59804347
-54320929
99805061
6799939
34875650
71950547
-84024421
62140610
98230942
-91924910
5006858
-74747738
31132777
9341672
72777147
98268906
13528818
75806344
13377405
86274464
65453066
-48282145
-34717711
-6283750
-2699929
-1325807
7986361
-15440175
8757949
-72698339
58538900
-39475862
-49918651
-43429407
57287970
65488221
31502889
63615873
-54660017
5335665
36355389
90031826
52504341
-44100429
-44439327
-89244918
-38147539
58382126
85864804
26697551
5113789
-76046950
28874357
-29900760
76424085
-58419230
-52969966
9084881
81043494
56147295
-32885901
24557290
84254711
-25279206
42818946
19164547
-7040304
-89319797
63134487
-13981022
41935319
98966225
-63545416
-52032265
-33875316
-88751105
48509872
-12966083
51868309
22910604
-65201837
60260985
-32068364
-15856958
20110774
6819298
-62400836
-61986340
16387073
27073005
27085473
9450502
99851484
96662963
-95882312
48798627
-94044921
65985344
19177707
63583482
-26386582
34190608
15006402
78374243
81181377
85874920
63267454
-48878823
32475209
26256644
48153549
83481233
27839261
-48661069
-30809746
-7119414
-37301572
34968123
78411032
59375811
-15278116
44368446
58006559
-14405200
21785538
96525654
-12802401
62664474
56730799
7019390
44214866
-44048734
53453086
35635941
41446113
-57582299
-31245641
-63439492
9643923
1234236
77113783
59797173
-22668774
-95917546
36290591
-72100391
-15659924
74542932
-53276985
-58666250
63005535
-20388522
99201007
-57006530
-89156394
-65879587
-58786028
-5124570
-21161606
-48151344
-71880186
-10899705
45770477
-80065518
8684275
74922110
53490002
43245825
49133051
-37154748
28198808
-45105507
11250769
-40750194
11550243
-67832490
94298427
-32285180
-77800880
-53622962
29584501
-98271803
-83588516
-89200002
-83833255
29703760
-68676568
-60019901
65110910
-4545323
-96842105
-57510744
-98197966
-11094659
-96829659
-16401087
1656180
-55798820
62429925
-24767539
-26362022
95686782
92580194
40753157
31175575
-7225438
-59870621
3583456
-12904674
98216718
8416385
8121443
-4713041
-19930382
-97602550
14685974
-45936397
-36458488
-15857477
-52525710
-61548234
2426550
62000155
-49840075
-90006598
-83577457
18699039
72378018
-59757466
78743914
-15733586
-37845305
-20140201
90313298
5601305
-58735967
66059277
40920222
93206286
47199073
87525609
55777966
83931176
-77873843
82100408
-44164763
-55907582
58857967
-384025
22782153
-53450597
-31504483
-27859297
-90535011
22400995
25829152
-10758600
94200558
-69511610
-54008726
96427899
73680596
-61909861
-33207987
24562264
-58801265
-27379742
-38715459
64732823
-96605882
-10939321
81597334
74091425
98337938
3083353
17409071
48143711
-95299242
59780134
-78920369
34756720
-19762552
-84857121
-48184312
-19534009
-8817531
-68146677
79144060
-38137364
98763609
-30731127
-22211513
-65873653
-16792974
52266503
-25597678
-95432620
-50252643
61625612
-79316263
-43365644
45412175
-1212106
32560604
45169790
-81476329
-82462929
77480151
69000806
39331106
112178
-43420631
-23345573
7002560
65363828
3329108
-80711919
-40955910
69735273
-20619293
31463178
42568744
87003161
17593106
439811
89103092
14345685
-89265309
-98143358
-49571034
-47127621
-86039426
-57084884
-43486275
-78916044
18020945
-13679395
-47081888
24154842
85704608
43259282
-83472986
-93717540
18322227
-63178210
35167210
-40083348
74210152
-3425632
50319360
-89827437
-20007955
11496790
-88465449
69417828
83836503
15635349
-39176879
51663705
-81237294
-40388949
-81860509
-85463633
5813541
-90936979
-70680486
-29248697
97154653
-3790399
39665824
11603791
4092896
86696847
41470835
-70159292
-25739414
65861488
82347835
49956261
82792110
-10771041
-59692039
-21453238
55515719
-33213917
8578162
-84816414
56395688
18422664
-47283356
50275156
45694353
23871865
-39412359
20669711
54308220
52612708
-40940511
-1593786
36460196
-41658268
57092546
-56952227
-8496236
-64832482
-72207667
-70192779
80450328
12179491
42783452
-86910489
-63244391
-99874171
-79911065
13481643
50381930
-62125292
73386194
54765415
-87271433
-53658353
11403504
-45196306
-31897317
-12694851
35208436
5941786
-47308345
91382154
84812852
68524272
32735592
-26383483
44152671
32342119
90328252
-1456348
97399802
-58687032
87593948
-2661297
-3895011
-59185373
924955
50935136
-24739249
12430577
-77320883
-32609334
95101037
-70410381
50800307
78346787
16691447
-98484033
-50072344
-57996453
-39328080
-15721686
-86105515
-72536479
-96781597
-62424674
-37815519
-76311387
19513855
26401545
20733269
80349973
-35606690
-62156681
-76462088
-45032671
-39393956
-63977126
-51931946
-66441836
69913743
-76906002
35558732
-3829680
79295505
-98839236
21103153
-71466462
-83121111
-62690919
49085681
-46971888
-52077335
-90323259
-56104288
-92225330
88234225
74335794
-98838677
-55589765
-44426261
-27164019
-99307226
8500760
-83860723
-51229171
-67762248
32251421
-57491589
78260503
16779916
65139132
-32026886
-66855718
-22019721
22781059
-18252045
-40568114
-49040299
-46277916
-59635772
-89892751
-42084816
-91907795
94196682
-31687626
32140073
319819
90029811
62768731
-16696398
58656505
-72774631
-65256711
31772859
28152603
-13195210
84426073
53692462
-76653236
4632579
44743024
58292589
-65507526
35357590
-82261119
-6155614
-7924846
83477688
-93881988
-67433229
-22798148
-39887102
97677134
-67544231
-56504715
-19703383
-34051073
66927185
81160571
73836430
-82938874
-90631661
5798660
92719575
-7757062
85169591
48859437
15519434
23064128
-71192727
1912706
-60738212
-64157825
6976022
-92331075
-84789999
-73826011
13942843
7912140
-67272716
-51122128
-42462600
30445241
47940154
71554520
22496257
35425515
-39406060
-55128608
86998168
18406850
11129756
-63893525
36594944
-24054366
44572971
-29681069
87515403
-48377128
35277064
13204477
-78744400
49234913
79402740
67619322
65320349
-68231377
-28896084
40238975
9104241
-72311435
40955592
64140966
-85864515
-32358445
-51773557
59921216
9922651
-50795652
-87970042
-28818631
-48406925
49269936
22730659
-83785924
22743348
-27863646
-10413349
-1848146
37657545
48907740
20801898
24516237
98428735
80804612
2587180
87928657
-33414384
77458592
90161097
-47722576
67048546
19857417
-49892933
46354688
-4522907
33807099
52159998
-72445804
-99164987
5529105
-34998697
88433639
-41408663
25110106
-86251826
-21898981
73077
1611439
16488612
35477340
-61509662
54310842
-93027167
-23496735
5914217
20809588
-20934430
-48384089
-12553324
51760010
49556477
55652470
-76780733
60089584
-16390349
-24357918
44088616
40130866
60278716
-90331299
-38240446
-28451143
95672093
87080373
-76325545
45450564
-45656621
-56244899
71358377
34889695
55661806
13407506
70505027
63400441
56747619
-62018118
2190904
13280454
19443242
-83899128
35022554
13916438
81745741
59580066
53904728
67505362
79668529
-47530588
13702443
77965914
-80379179
-26117873
-53462764
6432431
26124494
-53685317
17360532
63578598
76680834
-42044160
-69299847
98738599
7568494
-39982689
88769739
40749144
15459071
-36701095
-48373046
-61463161
35253202
-87631557
-80235566
96350226
-66329634
85840519
-58126645
966359
56200316
-26122912
50454194
1169403
-93423539
-61842414
56427353
-52623259
11265020
14636484
-18316483
-77627787
46772660
69985299
-52014860
84553233
-93295584
-36576692
-91729767
-59911217
78766006
-89629542
91415827
42260884
-27057831
-4056814
11559814
63821809
-50962412
83519479
-15500838
83122818
1539810
-14426961
-93188424
-63607242
-63473732
-56493337
-71954806
19989251
-40740945
63551262
-12243860
88053396
-30303989
92051741
48305237
-3480761
-5178370
77560351
49525957
-88341911
68117971
12616052
62323769
-42761375
-88871702
-73496286
-95853575
88214622
96910156
-77770111
-9679415
-30281883
-88202913
2249462
75398565
66822883
93953463
13761521
-2876097
12858997
-4937595
92175596
93714270
80331353
-53295042
-15021897
-58359801
-96650707
6602653
-85825393
-881314
-19771964
92567679
-72890519
-71648092
-64555590
14600022
-28666738
25539839
-75477651
-84518910
-47301666
-33324654
-44084131
-3066527
-60161893
19840852
-13424440
-65031680
80578272
-37919922
81850979
76254813
-35938428
-27079996
4881482
50664876
-96344328
9069497
80667340
24411693
27800155
20240188
-96033594
-91164026
35455889
-39420354
98820128
-44751938
71018058
39351989
-73738559
-83121062
85110350
-17154059
-93861063
-52465897
-74678363
-68718755
-22850503
-31618728
-53495908
-70323103
35043781
91736890
1175600
-31530485
95284983
-99904693
-38263817
24448718
13914270
-16908449
16824788
-31385570
-22115166
-52479895
-23620610
58692820
-73093291
-14423105
-42389644
-57622427
-10316096
40841353
-10715066
64878347
83366830
24898323
28000311
-5437569
-65301275
86485679
55343244
54456855
-19456516
29008615
61263085
-22378738
-56590276
74168013
-62199750
-62199416
15725931
12101033
15618660
26409726
61310508
56350662
-64396555
-66028643
-26477638
64981015
3788394
-45584818
-2722744
-2487431
-66688660
77845337
-40055026
-24447094
-12777275
-66267108
23108385
-29248841
-98095058
-67685905
98611454
88983225
-87962286
49875279
88693364
56892496
-88167675
-28212180
16153142
-43138558
-9354630
-14134754
-63568032
-6787339
98304039
-75300502
58589164
-49227502
-95131143
41195453
-72129529
-739783
-46994454
49551099
-82063269
-74772910
-55226331
-81786482
96655476
-99008650
-97157411
-83545566
75500217
4191518
91602473
46814923
24524452
65741276
-36000085
81741563
50061347
-43891003
65175611
54938080
-82483868
10338903
-80685329
-32055958
11333226
37715032
25836890
-12190689
22222087
96377797
59198621
32030972
-23423751
-41933848
99297393
-40309905
-33090861
76513602
-28093086
89546989
-88786902
-70963195
51654088
31412844
71412166
-20580997
-79619789
-90041231
10101498
-53768537
-7321438
81795878
9425898
40165441
-78901330
56560899
-43323732
73657759
-37914941
-20198011
-90859286
56182238
-14019322
37255734
-28494673
-44899915
-60188213
-82045826
-21404625
-10373403
-95580000
-15585236
67517382
-66188877
25167634
-21075604
-11959561
-17257957
-76730675
82680185
-60185746
85943959
-93618005
41425677
-90083247
-47357259
95056456
31929600
-51338872
-72935978
91876143
-11921607
-14171080
65515756
-82507116
-50183401
55200474
45514602
30616749
36038577
99709386
-8313848
-15930243
31473072
52028572
-44652919
71226755
-91366092
62660265
-96634448
85750156
88844493
98625236
28189432
20958312
-54889925
67453959
-65291648
84282347
-63703455
-62662020
-28713534
-32327912
-45672448
-75783469
-16547474
-62190752
-40363610
-70586888
-6405300
79187132
79359499
71504729
-73840276
62860178
25303420
-62997836
34519507
-12887032
-43955373
-73521734
-71644090
73773545
72929135
-80281404
75593996
-68200119
-6236281
-47144856
-23118222
-90978591
-35327793
-98071004
40364535
83081897
-47269485
14837689
69298042
-76556140
-94540936
-42559961
-55227231
-65745129
33621694
-38177966
83362688
47092738
23673663
96778746
-99447524
-9589764
-53521259
19361599
7068972
-10466139
-89543318
9980649
-15348140
-67154750
-96255014
83360045
17935644
66488014
69698245
-82330253
82834750
36611056
-94038473
34257140
-37902845
79217999
-29533539
91580308
-33887912
13301656
32837488
56535458
-67321390
-8671447
-74828895
32663686
-15836724
8507903
87659141
-350692
-34137724
79116457
20350278
59796161
-86469134
-75986442
-54574207
34525838
-58939613
88462381
-45111375
-30674391
35586528
6600212
45559268
-59694703
-56847258
50480139
-66111740
16082184
13913152
-31465232
18922878
56079239
-11195818
-37458627
-12827794
1761810
94093425
-87166081
4806968
55800862
85836615
4821568
-97767884
75481692
75861364
61811215
64506214
-25137947
-16987802
-32776495
-80536445
-80802892
-60988719
55472230
-10112479
34000594
-44462181
41917825
30135061
-14568609
-96714612
-10582992
67493005
-73334573
-74847754
7343826
-61281545
-6468504
-72129191
46661025
-11256577
68934811
-7175175
-94981941
71638500
-52681500
48569019
-2708981
22903704
76564414
89611152
-18390575
72947875
99703710
-92752066
35944028
88360621
80159125
-25481560
50239429
966958
61237573
-1966357
38603351
54968166
53206064
47649783
-96101646
-51773898
29518242
64721915
-32136349
-65373353
60886042
-11932390
62202169
-34313107
98360800
16513155
36140437
-83887001
-63884836
85309049
31748526
-82007287
-62202671
90711274
70773103
-82287468
-94881692
49111207
-70937692
39921938
89867426
97635761
83063269
20675239
12584867
64623978
-4181280
79354320
-33733181
89927791
-89173669
-4873849
27153327
-82232081
-64487649
-69381008
-73376198
69527700
-4769587
-99607475
26971218
55137657
60844545
-58844990
10314664
-25623169
20005170
16261583
10520241
10631767
65272403
-57595944
-44497465
97701428
-87799062
3677069
31900311
46996740
-50507622
23946922
39450075
-30237955
-89218164
73366227
-25122604
84572462
84657367
-34829585
6661840
-91190954
30714239
72192841
70665265
24459224
-51478897
-34518203
-95611834
-1938442
-49331461
33903693
79708634
30651433
3952053
-11005945
77478975
-283379
-26975096
-79655208
11064193
27375006
-39364483
35511650
-15202653
-12192577
42686438
5718148
-41129733
43542436
-15996123
-22845043
-75023418
84185266
51685748
-15465381
-80556964
-24407911
-17294359
76514169
-71983249
84180784
3406420
64484460
-32929409
-193532
53970717
40206856
-42695191
-34658856
31819427
-42890623
-34908022
97143824
82463503
-45770544
60638788
-45908636
-7793307
-39277354
-28248720
-84072054
-3489390
-71258494
-89436530
5264950
38803869
-49918252
70100674
-70061665
36411357
84602047
-57077619
-58859176
30148707
25695963
30421585
72307347
90592954
-95137208
-16103478
-77503008
26379305
83945796
39217504
25151964
83988007
-69226004
-25499665
60681980
-76797409
59956351
-58390073
58148539
63821070
89130712
13414439
-13982981
-84227109
84500676
-43200518
-62794250
-89573317
-25342518
92012668
-71429561
34202531
-17470756
57460889
15975921
-95672663
52943427
-87814370
-73560849
-55401087
-39166380
-28841191
15199444
67726044
97640406
-2965927
-24341114
19547132
-93761686
24891635
-53267685
19768055
-21010805
32307884
-53548361
99028391
-89061765
-94914109
90569977
-27750992
-60968677
-35659661
236346
50139155
38562270
-62447625
-81099723
30625748
14319635
-11101518
-72387383
84750261
-90595889
-8114817
-26358199
62361920
-22536330
68139657
-67947484
51806681
84696742
5363351
-72985003
51450137
-81463783
35998521
86810859
33545425
-35660039
-41653419
-82325941
-71861723
-31308868
81103618
64077922
-88510896
70098412
-90222877
70789827
44784047
16214685
-6317319
33930848
12764665
-22498904
11572356
33177942
29140212
-99892307
-3772551
16320882
-62375125
78901145
67255645
57524417
-64739353
22398327
41419522
-17105414
-97345848
14730237
2574474
17081846
-10180046
33363062
-68429662
22329151
13643056
3781787
-70222403
72964066
-11950812
82917059
-3402115
26436952
20086515
-83440151
88240750
-28784541
30309337
53922884
87811391
8720749
22437903
-22518949
78936350
-86483312
42886305
-52288254
18802983
70612003
-75350189
-22391923
34870550
-36426761
-36108492
-60946590
-65721421
-22301843
54651514
46461310
-88988588
4462625
88602568
-25490614
-3543496
-28563357
95015417
73042605
72306345
-22822355
-36599704
-3345927
-55465827
28576693
88190833
-32763191
25760045
992733
-33393689
28728202
-57333178
-37749875
-72241611
-37407773
-5599827
-16022464
-69336732
-42757562
-41238912
80908766
51364368
69794264
-20259639
-11984597
48133781
10587194
17749173
-26714718
14212037
-66260080
91325296
60566561
69626473
48768179
-64211025
25484511
-55724741
-24561330
-67625552
-54695768
-76845692
71972456
-58796799
-50061622
31835267
64843965
-64991767
-30930272
-15042736
29644696
5292605
56987627
80274771
8420692
19240482
96406129
49392005
6885494
-45464015
53635230
78973482
-73768826
-49650366
97545069
40488762
68100935
-97092089
-93198040
-74225796
-38060534
17961514
93078484
-4088624
-4959531
47999999
58747152
7596059
54506805
-83553968
66296798
-55792041
-91261317
-96525317
82879310
61380015
-65096372
27445081
20480013
-63418584
-52725062
-30497216
-76840745
-37454547
35067471
98145208
-77435765
41228498
-84921575
87244983
-76705302
-66640399
56619754
-55955695
68393459
-65169581
-27726771
49546795
33002852
34365902
61717277
67280636
7552838
35458531
-86950438
-2257589
76844729
2526532
70637099
-39941132
70288315
-69579123
-39294972
-58416943
30361285
17310132
-11745145
-16446447
-12683242
-73296613
59133831
-13410444
-58695321
-1098951
91125466
-70192890
-21067586
-57361481
-95416479
91676624
85567426
-25744749
-16199253
27913497
44293384
-31854941
-25590464
-58641721
-59430410
-4123407
-85212329
-61150859
84687700
-90368587
-86746391
2339539
91889268
37453148
-8149698
-92169619
54380577
86903399
-42108200
20070937
77533898
25423375
2691872
79726277
92927181
95135584
33083302
35267699
-48611488
-93620155
50002601
78296255
89667329
18742844
-46312762
68493340
28763279
47994470
74066273
-93871750
53464133
95446392
-5963600
-80641338
96791748
-20988606
-4442985
40172042
91034226
-43800659
73559752
-19963178
74590594
-15742489
-61152549
13554162
-87185720
21853336
73243686
28174010
68185936
4608244
-39854649
10314299
55457136
-96888037
-21931859
-82188908
9582342
-77505494
65936814
74646039
-7894712
88006439
-85089113
72416339
-75874094
99581039
2778459
-85559892
94963104
-55570658
23842988
9951866
11142777
-89281165
8185387
-18520709
84021986
61632897
19757764
-86784441
62892008
-27406441
-65020246
79535033
-83495240
-7517676
-21136965
-69086065
22388849
-93297362
2845202
2622253
-57869233
11736014
-62744592
98006904
-48890358
92910758
77460440
-73307415
-95030884
-36742379
63714250
67075470
85048848
-1931227
15813693
1582789
-672603
1654339
-40014824
57799588
45260296
-22261620
-52413549
34709638
-56216455
99099564
-82365439
-32931127
-27339636
2428188
-95413196
-88122911
83478740
-52604893
6444657
13728287
-89872108
-74195063
-31373282
-75697133
-26579107
-62489821
70851862
90156230
24730799
-88031479
65401381
-20653560
-84887116
97577969
15258773
-70425685
6069668
20237027
43511151
-61981276
36069027
-6271879
80874792
-22281501
26288085
-45792044
-98204143
-43047150
-31377034
78770520
-48840641
22486791
-40401448
22474490
63472252
-99637779
38147345
37353909
65648366
53850013
62478266
-87511763
-67781062
-62400239
98243031
18030449
-57179540
-40028302
-55223471
77086809
13975218
-67931410
-68558894
-99524266
82216691
-91981191
65351031
-68271795
20974383
31220679
14493500
-93139931
41105711
17899424
-68220800
73001394
-61251596
52374974
-7175049
55933359
-78716031
-31765512
-58012000
-47217239
20769483
-98208512
43729848
-69512462
51942497
584358
-88698433
2909946
-12360590
33624788
20415733
-19375047
84337867
-13583051
92293499
18871026
63783226
-73847014
-4844318
86317176
-52250285
86431228
16015701
-78815254
-67076650
28784035
50155599
76604525
24835314
-6859846
80191818
58177544
43632614
-43987374
74670423
4246025
-98098703
-83590472
30189201
-11694990
-63999517
20295774
75666511
-27255107
80619885
32218462
-37719057
-89703608
-68915086
54343552
-24860335
79610920
78137457
419910
33964261
8824131
53420798
-81858327
58294822
34038548
90878356
84440512
-27218985
38741860
-39384412
14178496
-38826860
-80018223
-22385548
49984649
-70188735
43371107
30434147
-8731559
-3858237
-77967969
-85735443
59193351
97542293
648405
88636156
-4148567
-10061965
-48515552
15159677
-45474478
-87093439
30107988
67408437
41533210
-30510684
-1036193
25746843
-50172508
14955376
-5468181
-56794611
-18348088
-43561566
-75189790
-88825940
26355192
-38585234
-50417217
-41361512
58984311
13598000
91276127
27787987
2918680
65235365
60858234
-10889337
-64835039
-89102472
-40262691
-19164543
87951633
-15714153
90309462
-89910230
-38796359
-13232919
-98268829
68068659
49192467
-49791571
20981954
65432227
52649958
-19682601
-80040406
-28136636
60913945
63778972
-20467529
-25672567
7150043
41082756
-18649693
11579348
42872544
88153354
22104206
44126802
61182868
-8288010
-32815433
89847974
83196683
-80618642
16865764
-32194333
17937872
55065469
5623805
14342809
31439783
-23853504
-65408121
63550890
-11220483
40762831
26635227
-93877341
62841143
-59438335
-69396541
-47440210
-57107912
-91472324
71591598
-83874846
67981645
38101812
-46315986
75418463
-70054115
-44829244
62671807
-52651782
-95761158
6688714
5460118
12660405
81157043
43155791
-58211098
-36837896
14838140
-6093574
16423942
12092868
-86230824
59212666
-9514138
86391835
81708852
-82121458
-93127023
7406016
-35471715
77282809
8026
-52585952
-66615595
1076934
-70430419
52410432
92548040
-34269575
-47836820
25696857
-32639549
1216034
-34983391
20241403
73888871
-95564035
65443570
48261941
-31309615
-44631808
-68349608
-45841308
8770250
47479121
-68125072
-39631651
-55483058
35798640
-1135070
12702125
75624842
-51842732
-47563881
-96862134
-55806025
16592576
39785748
-16505307
40436960
-79709263
27371790
23278587
-12251999
3995070
-58502940
-50359935
15369385
92834509
-42047654
-96136549
-53871958
17314400
29162715
-77122927
-84444410
-95449655
82153678
-86390893
-95720587
66882858
95094179
26185558
21295187
-62403669
81476871
40075294
45581095
23332071
52287622
87371881
-97130671
-42165426
-25748371
-30467679
29033040
-93696279
-1220541
-60677173
-27017130
-55581201
56182512
-27714671
42953619
-62229308
35679989
48278538
49031374
-2727187
-53757310
-26947148
-80103042
-61745150
-44852387
26474306
-15391809
53625661
98592581
-20300550
90718091
-95779698
-21659377
38728135
57088569
32349884
20089383
-69489986
-71002424
49174129
21039871
-69909377
981680
82045935
-25691402
-28443315
-74392005
-94087519
20061438
29793281
11791993
-57278873
82863980
18851610
85197617
53499770
-996018
-9988035
-15871721
-45537565
20898109
-40423181
-43059956
15208127
-34725545
3783990
3292764
-84252098
-34506746
42267274
96760797
10714684
-42309341
72724045
-7700680
19041266
-96769985
84358148
52219868
-25972576
-51804042
15997884
-26702240
-79254461
-1938657
182395
-79425196
-65949007
69822250
-67516477
4842732
62539337
25834001
38795006
44338100
-14366788
71372969
31784957
-74592652
-12600760
31483474
29698965
-4821439
596721
64681294
-97486312
-28870903
68717188
-80114912
59467614
37634583
60100345
-3852087
37628836
-43668724
-7857568
68015189
-65166001
-91129754
50468037
28538628
24630727
-31694849
-32780088
80071940
-3231661
10034679
-11812427
-61999265
40290421
-34454092
-60201934
-63833325
-38580210
86795485
-85312733
98149127
-30776417
-88070946
9251067
80851120
-69985245
-18431200
-89377059
72339607
60344826
-38437118
77544091
72885048
91865333
54509973
83585909
55719965
-75412213
67354865
-64502340
13649431
28501433
7559097
46207693
-89916344
34911748
-58668386
58721164
-10311087
63469519
24349566
-83135872
-58693654
55056394
-63384503
-1031925
76394885
-68345240
-40215833
12180762
-80465364
-64227516
-16865300
-75326421
90184788
-85152072
-28821810
41891434
-30345136
-60791609
-77025179
-10591671
-84138645
-82070548
-2461124
-74773545
75701734
32167837
-92533819
-45937860
18626944
-41581761
4177599
-56049611
52464799
3247310
-1886862
2932406
48595483
60619275
-40696646
-49907966
54608300
76552056
79227714
38399556
37128416
49209278
-44953928
-16098073
-25785645
81233679
-75030874
87589286
9842831
-42354564
99126939
28579809
66396623
-62089272
79591989
52360464
-36830563
75589897
20074702
-48441497
89913732
-27227997
11457196
-15761039
-35356615
-28502735
-93986889
-44372768
77285681
56920520
58346043
-61855853
-3062262
54355132
18226613
64003551
-19080522
-77927463
8286631
8796473
-11577320
96027045
-29612636
40754528
64186540
55358584
7088900
-40160976
-60781122
-1500723
28698867
-19490879
-75721567
-81545675
69410540
70297168
-69863079
-63370385
-1792307
51348596
-30985765
5984641
79426932
18252645
87426803
-77140132
18404253
99864542
-53028517
-76962035
85257428
19888416
-9798162
34061351
7567167
43612377
-8762266
16585493
23517769
52419770
10754703
-54557195
85815411
-18648835
-95172145
84841853
66848444
79153959
39985499
73057422
-31407824
-41944214
27848657
-52772505
-28801964
50304072
86894241
53471338
73639594
-1783093
25359338
48470659
-3460054
-82150444
-75458990
2267014
-21869891
92758804
-66185950
-37149259
-43081804
-87117995
-16246242
-23034867
-68784287
81493177
-38301451
-57609241
68261770
-57186198
82261274
-74801609
41570609
-65919984
-56548053
52981363
9142073
-10366811
-30813466
49091752
-4837469
-73390385
-11335199
-41416042
5865087
21280978
58631770
97265831
-34324308
71785237
-25069996
58213824
-17692972
-9071262
26837706
-95180092
-57469541
75822886
90598280
77311501
27361646
65472302
-36743318
-94257035
12122413
-86428247
-96129349
39973241
-42075708
-64649611
-96513987
70867613
-94955034
18930810
50256827
23571090
-25270357
99818034
-22915414
20835991
-36811251
-43772093
73553634
-53332788
83463865
15202641
54766015
54539105
-34026507
95455531
-52187499
97895062
-86239999
-4033686
51022954
-41574891
-16075273
15862119
69681519
-99501188
32240216
1795542
-61537641
-75118719
63611696
-24656156
-54286863
-43931146
-11326710
-66443205
-44586718
-96639432
87365196
-83763776
71392071
53151028
-35675311
50200948
-55210971
-48250836
24658780
10391606
-89754171
-58940743
98512917
99433511
57494135
46973717
-89063197
-46490748
7863630
69402841
97523180
-28306137
41365044
28079490
27737907
90971988
79306274
11109243
-4630669
26449810
53615988
-91232851
9534709
98397678
-57633511
-85225361
-57660509
-93375491
91049015
-59629697
52244610
-74286906
93558935
5398725
70796849
-11822737
67114845
-95560021
-82760847
-69486514
36444204
67549338
-43370653
68208327
22331804
38581709
-20619801
-24572798
73528985
-8663069
-58393119
75031823
-40374158
2927426
97831967
97249673
-80547620
-67434755
1822968
-8505249
82055757
54733866
51278088
-62316393
73540548
-18592197
-36134374
53712798
99395910
43089126
-293103
30284247
-62554362
-35312407
-96966707
-61587739
27615883
47604464
18980156
-27606719
-76120628
-3112002
-8945237
49173149
97762930
-89655394
80868796
20876926
-26250941
79360968
14297239
-44466072
-4332603
-33387692
99932268
63511037
90663096
84448981
2807698
-55519313
20691645
39328916
23384805
15588363
-20945124
63921202
82678099
2730075
-93094122
-84050804
32555892
-7694141
-16711112
-49863161
-99691313
37150441
30496419
69504053
52149733
-35632835
11129299
-12283604
59268501
67931860
9496806
14365710
16094121
-6176832
24894383
55202106
31010255
-54480038
19368105
54916436
-68558329
-77562807
-75481985
-82538713
-4981595
-24317356
62627439
41043137
-26478490
-73179352
62750964
78326395
88242553
-62390382
-57733080
65424994
-11460618
-63367746
-79829339
-51438645
44783551
35494574
-31622900
25753935
-46775278
19687653
-62642102
-96303876
66995189
43424313
34985416
-19270680
37669220
19660061
-13892862
-40755621
32244896
-20764228
-25521862
49358283
-64006144
-56142355
90653018
24451496
54143769
-47888380
80281238
31550565
50819708
-60409580
-38719821
-35635400
-89122066
-36381545
-29309465
2874520
-6244685
3383692
-86778250
44419728
-59222728
64736233
-5459779
-14642710
72693854
43944580
-70654804
54252964
12932484
95178845
-75064861
-74637292
3864943
54280714
78038839
34916404
6234349
-72750870
-64072931
-36165790
-33529026
-93020582
96951182
58318943
22010025
-42110387
52685858
-80553571
-5759857
16940774
26649613
-35757813
-61227433
-45823405
67629194
43719878
17258482
94386864
-70936824
-61635709
-78061543
72366929
-54384748
-32986924
-63661901
14602313
-87888958
26927216
-89220099
-38838477
-83562665
-2047169
71207252
55850236
59451266
78084970
78035855
15646686
14480294
37423400
-7433572
-76258818
16775201
87276740
82288632
51992950
-50177791
-93389070
-64585450
-60336870
-87775542
-48471395
60381609
-18902449
57014683
-23834261
24866615
92327436
47669158
-69749630
20279165
37443325
-3011265
64278495
-92691264
88131932
17652733
-7562792
92289808
-75984382
-87528957
66979393
71498629
95906794
-96594366
-53067748
33719163
-65321110
-8843234
-6538822
75736789
71348650
-53917599
58914285
70899743
-21000033
60102357
47933961
92487137
-56957548
-33572554
-52367156
-87371678
85726540
-83510286
-63075846
-26215896
35161756
-70007279
-30125953
88627889
-94467810
56627230
-4018338
-87084036
-96329585
-84356785
-97681419
-90379730
39935060
59896379
57160973
-283665
16419067
19354924
17681714
71285583
94961592
5832738
-67001286
12623680
-24344505
10148969
58685386
-56423977
16883671
-90240789
41209588
76373966
92628899
64507680
-28078121
-15757225
42554602
19183116
88670470
-65719746
-82757976
-14093645
99427434
-14257766
-47571547
56342995
-47403101
89057665
75100242
-40016822
30951114
11835424
54368610
-71041730
-13854740
64426981
5735523
-27233203
-17905155
6443112
365021
-3430650
32925278
-30678521
-4542120
25375460
-34117349
-18970113
-18801057
79672590
-45780081
23144847
-56150432
-25931637
-51130502
-94767911
-62635338
-40975482
34587265
-47809473
-56925514
-92594506
-49806663
22877107
-69069465
23525575
-62511084
46150393
56011028
48188096
13249089
1128272
-62624362
69278448
-34681246
54123407
49314190
4745470
-12322579
-56858579
-97949431
21341244
99173587
36037959
52230243
-33196089
39429832
67776486
51613233
67659141
-34338647
43255199
50206235
-38144912
-57172442
-88075667
-34575825
11474380
-94323475
-7506044
46384337
44878933
-32575881
-22970132
90207696
29358011
-45546591
-70493976
88617327
-93853244
-56824333
-24658492
9191128
71350823
93964272
-96155400
-43022575
-94841843
-79468167
-39751944
6845694
73366476
87606610
79946591
90679799
-5813815
-94496655
98523942
-56781132
56544558
-61012276
-67866503
-11267986
40495046
-26696875
-78813517
39503851
-78132093
-55490945
-49107938
9049031
-28586256
-14055809
40375649
9660312
-86851309
76337212
-42848191
-16678245
69421524
96468951
-75473288
69962534
88871515
1798593
37904354
-60933795
65032109
-19305086
-20896721
86142709
82857791
83152632
-27845486
-45898666
9531346
-13393489
70294725
-67590044
92417871
4968369
-79591420
-61120287
-76255428
-85820962
84203053
-32376319
46762007
-59366040
-96897686
73319411
-18210907
-69991514
2464395
10362356
-97427299
28356168
-69478360
-73716227
94583683
93794372
55817630
-38143947
-20395862
-37283105
-63807247
16144542
7997657
27374991
32158590
33845886
30092303
42095948
34718292
94452454
80745697
-54972569
79260163
37144143
-94327614
11914321
-25367626
-21566053
84312737
-36127292
-33203451
58675958
-48612834
-95979233
57868247
56118517
-45091673
-68607554
-14912644
-49504173
16229971
-3142628
-62173959
8346611
-99486914
85486518
-92228458
28517179
-83918789
-37918941
2741947
10763274
46940841
96466627
-90693147
-40318212
33851248
-3421976
-88401657
87824417
45090348
-83920130
70840716
40995819
-85288498
-51826665
95794078
-79732961
-25291880
-55933718
-73169437
66732349
-91196923
70240971
64429046
-46665072
91027967
32872599
55965517
-60179191
43086535
-11509105
-23203670
-10103156
80161803
22639565
-85607852
-49710031
14721264
-53745903
-88116664
-22268270
-17578066
82214672
-85653899
91866620
82494328