70895599
-33464134
-20531237
17509596
-36931866
-60128823
-40616727
-91941548
-56964155
-64719172
-68162105
63004994
16791313
46960645
92503555
-88302971
-5630561
-35754600
63145389
17786808
54863093
30995380
62360167
50929764
-34216321
67226134
-17872726
80298336
-24708307
46019584
-41973958
8943021
35322082
26178244
2150734
74499240
-20937485
-94602217
-56377074
-50180637
-56041689
-4146201
-84378723
-82741373
-75214932
52274133
-54051480
-56843714
5398492
10526854
48828591
-39835716
-7861707
-79993948
-99623919
55818624
-88001433
-64125834
-85215037
-18789889
48948236
-22083288
-18811415
70174015
-5599406
50979256
-88063614
-2771084
-82291056
-90847069
67803893
24462335
87543168
-51631849
-113322
-79898230
14763431
-50705401
85013521
-96041185
8165560
-56130851
48785074
99717087
25699405
-40745261
-44565061
-92851330
12475753
-4466642
43038857
6564368
-35113940
22144110
56684772
45708206
-55194770
77566037
87221514
53782585
45904526
-91905456
-33131218
62076699
-8433203
-74471642
22554622
-42454359
47414255
2378519
-24315772
15323652
39620198
-9060903
-61152202
-15621458
88920481
93284040
-73245469
-31670705
-48135264
-40277221
86619220
11618238
-5130857
-44560718
6827664
13755390
96362188
-95473800
-78706725
-55619915
70306135
51597571
93594167
-23641797
-47211762
43540931
16372036
-80723843
-67461786
60649291
-41066898
40658069
-77336332
40261379
-60459303
82225931
23892519
-76442196
-49337047
-56713119
-5454031
52885697
4026048
15129426
73238618
70670823
22476788
11995131
-78539823
37074390
6322502
-11576484
83142383
32431909
-52426959
-18999026
-73847410
87869764
-2078805
11451767
-88258701
-6773571
-63675839
-83638586
6870542
-63427301
69540268
56469635
94994475
-58464088
-66450372
2086291
-69356061
42756492
-58657879
8120117
-75254669
-95203654
-47410198
-50459581
46882474
68862554
-19170482
-22517035
-13052442
98385470
54995784
-5364745
86706758
-87767873
94934882
51428212
-30642567
22783478
68153046
4211908
92538212
-14058200
46335975
48777284
-73619997
23222652
292472
77327898
42798286
-38176695
29626381
-59449188
-813562
7920128
35740965
-7707121
-74622435
-96660325
-36121435
10478299
81703416
63465351
13936811
68357895
-41582393
-45523084
-418502
25674799
-36457158
14768055
3301342
27716425
68106472
-53897315
11108635
55779465
-50701535
33414095
87406042
9108629
-11962566
2531688
33216535
-46671626
60689162
-91896159
-95199537
75701281
37004634
19641240
71639885
2354181
-23216445
52652216
-52203797
-4754417
-42595185
59420788
-71696062
-65118895
32430137
-11732314
-83376199
571890
-77731397
52031989
52042921
-45838336
2834420
21973163
-99476233
55744675
-18197912
-14466459
40579265
35661024
96416466
35101445
60665411
23523655
-74400215
86598903
-57262201
-16153837
-86261892
-5156837
-22719323
7715743
-81400297
81616960
-81051967
12895311
62048169
9017514
-94508651
22108679
-841788
94735478
-81428098
-78764225
-35424988
51685462
1288809
-8726035
-35349355
-93712004
-64536284
33282990
-91006586
-20055686
-37109752
-66558672
24490355
-17412907
-16348474
24058435
26178033
39732595
51723393
-73591202
-58487127
-85543813
-60569787
-54379010
74707115
-47524754
60827991
79432889
-38131692
-79779259
8421872
-53388145
55133034
-31707527
-74784354
23362410
10601942
-68150903
1572208
-79246755
27548519
-80820185
-37620630
-807025
73023333
-19311809
-28547495
65219839
-8359237
33526274
-89879278
18255600
-7646960
68089388
43169486
83295173
44357209
-60257228
-97650356
-34443733
-6807253
79125089
-29285450
65909498
-40471499
-22226810
-37607903
60321767
-86133814
-51102982
-57558624
41823224
28748764
-16809104
-49707850
88747541
80494072
-29435440
-67642999
-27568323
50121536
46111204
70188203
-96000093
-98586421
-48125117
-69836826
19229895
92098662
-43599255
-37842265
-70031903
31642565
-1235713
-11103666
-82318377
-18465054
-11893481
-28230752
-58572762
-56387283
51645520
50075636
4822816
45685568
68306911
20878308
-72089445
52833540
64595340
-18085453
47030466
-60682973
83845185
-59825756
-38027202
-65297173
-99434959
9220713
54731652
78660225
20452362
69613501
75883811
-45708707
-75827549
963091
-15323802
-58265186
84088551
-42955232
195327
76126395
-55711992
-45584578
-32571868
-11359460
-93814624
91985480
-11113171
-318914
80010985
12820908
74722436
-36858673
-31059495
21176893
-67105621
-40349570
-98656476
-97676374
-38826676
72945427
-57837621
-9312386
95694515
-52767225
-38518144
-69654737
89090277
-24288400
-11775260
-67212684
77252656
-84659540
-72163615
-9432067
41941118
16502618
2221256
-97627052
-21052180
-28992899
-37569661
-64811093
89339337
79562828
29471513
76851647
17126354
-80871306
32816915
45428501
-43695691
-31103969
5118247
-79941991
-37445020
87377166
-87920926
47908498
92605210
-9209090
42546797
3714772
1164644
76957590
75662
-32559223
-21984693
79322609
-50512916
-26755206
59993426
-92772132
62345529
67314973
36899124
-67067246
1586863
54597457
-89370145
-70815905
-30041993
-69499749
-7724190
91929422
-92498061
6297418
-42250348
-20351733
-50731259
-89143339
-97873688
98461482
-76960407
57337370
-60949913
76411040
-4865530
-29749095
-93995393
68409642
-49157110
17747337
15390726
66990870
-91982180
81444510
-51759509
-33633875
-46527689
-88475371
-23517982
-72350884
16255379
-31264856
71011033
97680966
64700556
-61405670
-17244503
-31649813
77463564
-98398912
-64886264
83806519
-18044958
23886386
36059943
-21482419
23053583
-67103051
74099340
36900184
-39850369
5664395
85064681
82548757
68100626
94777220
-41528891
-71049584
-37437524
-76012670
28904120
91575797
-513421
68207100
-8329860
52190310
31661000
-62593356
-16756786
26426915
-40666286
50294954
-58219649
23369365
23749686
-9745002
74505747
-14325076
-51303617
14990847
99951613
99426258
-87562569
19988986
-3272626
-89109628
53562811
-93787443
-97825361
42911811
20090536
-86529322
21460433
57756144
-97534606
-40304279
77134731
30560737
15368123
-57366543
-92708014
-40893081
-98446709
-43077054
39086268
3047476
84983251
-66324598
89880132
1816337
7676208
-51300539
91607545
-56615809
18192539
97469533
-56015753
59814360
83913384
61605404
-21538084
96306184
-19171741
-36144658
21144846
21503714
47883974
-19124648
-87371035
-3450796
-45871171
-86681359
-82819640
-34061895
-42156265
-38737485
94418678
84485493
90999445
13681993
-99275670
-94174590
32241692
6744689
91697261
98189364
94636366
-63791482
21570511
-77293517
-96994659
-40116884
-4968827
54557790
-18556351
-16734198
-9538236
51058435
96573119
7763819
93125891
-5034780
-34272459
-6059578
5638255
87867275
45505747
87731383
-58870022
88259522
-52103384
56198568
-43284513
-22899015
-91197107
-42294829
-16231448
97779725
95819649
69037504
73983463
-19433338
-59528913
-55293779
33500124
29732655
52017720
17391068
-20046268
50097220
-98295775
70899666
58197305
-84010155
-44787846
-80993896
-69031602
97737809
31544935
-21730896
-8505337
-93193408
64181545
44853330
97974136
-45078967
-61217928
-67455380
-1766206
-35301484
37237992
-18447061
-43733702
-94345650
-98145079
92291925
-19525217
-12900054
-70944747
29632978
-27427871
-57182049
-60605742
-78186039
73581332
65767275
68387232
-79394547
3006051
54561080
41421595
93111636
-36907617
-98532545
-13405722
-22210530
40049265
-97346785
24123675
-30633276
93400300
-48445458
-17831135
-50012894
73121457
48983191
-513759
-97944449
-57776361
-23505049
-49764425
91115866
-39990330
33921829
98983114
59222024
-50868249
73259852
63794825
96538159
4245496
45585451
64533947
55683716
42411838
-26590740
-72787153
-74484260
53648313
96892611
-6864173
-45892274
11383846
43557219
28975414
-14572836
-26213168
-85004687
60485513
-36476912
-78221987
-13777781
59596245
-86197215
-31093796
-50419493
-49362037
-78762637
61575950
-11896705
-63438401
-69458145
-73896024
-97409506
11894251
-74209061
5854206
-79115927
-7628073
64757166
53987817
99389556
92909400
-89979378
-39462292
66365764
-14985945
45835310
-3943087
65365480
63515107
14304231
-17493679
92727819
87820289
27579512
22031384
50032021
-63336990
85092725
12225779
39980205
-51440845
34383074
-22623402
8262116
-12855237
5881343
74489634
83602067
-10552457
-86524671
-36997532
-69490044
-78863705
29301299
-88768231
97170594
-70559376
-3429568
-59203240
-64106165
-92383493
-7540276
-83417744
44810622
-62604609
61079008
19468697
36946169
-32171107
-62635387
-59582626
-8372330
-72068066
-78141385
-47424374
96083384
-36799851
-20301341
-71445568
34565604
55533712
68323690
-18734434
-31971468
50824242
-89740745
89371270
70462773
15850821
-91126313
-6062968
79403261
-36654974
-30245002
51606778
34352893
63702803
-29759879
80724682
-60984364
-64360485
-68758293
42508090
55600995
-94770291
86227715
28262376
-40230445
-61658847
2655867
-88708800
-64359739
13271653
49130156
-41210775
26159135
64446693
-23982026
-34308243
-91763079
42212290
27362523
91860886
-2849959
35121882
-58688427
-42216049
-20804928
64613614
-49636514
41760315
6776979
-44463365
40124403
-6350061
94592676
78918531
16667906
97481841
88437197
-50798498
48117568
68960456
-52424881
-23940775
-60621198
94684259
-20674876
-73330112
36429714
-51454500
33244417
-8588441
71785984
-85616073
11819785
-77002299
26236546
-13675172
-62306849
-75901639
-59830212
-35934207
-59196430
53005133
-56613304
1609208
-39238137
-65244512
-57570443
-89989960
-16336103
-78646805
62286085
24182001
32189076
-46460477
-14405024
86786874
11110953
-75814171
-17956395
-878504
68151432
57958415
78115651
48231365
71952766
66457866
-67653275
45482007
35555169
7411195
-91295857
44075986
25698319
41470908
-16102807
-38812194
58151812
86605218
64230631
91941049
91171347
-60343316
-29230527
90715116
-15996355
-52238838
-93348799
6372943
33278542
-3920121
-35185439
-24678080
90155933
2599169
-10864428
-94717601
386381
-62099828
-50409509
10118654
96524872
-13424967
33375598
-83706841
-84645953
99557879
60484228
20590082
40953071
466706
-64079030
61408142
57817524
-61882633
-65298747
-99672207
-94895309
-60565613
-51849415
10475919
-5938066
59825014
-61920433
-91214030
-20029354
69711014
74797449
85567208
-20136545
-16334430
14148459
-31948338
-28645599
-18873535
-20270239
94518510
-72393418
73093256
64026079
-23044091
-69095977
-3661016
-83641436
37428259
31090404
-29269951
68882323
89304391
5623203
87440149
91180468
18475676
90241074
-71803554
-85871740
9287029
-5520097
-85083836
-75300960
91218651
-31370929
73271044
17009179
-81665114
30017981
-34337758
57272399
99540309
66773382
-15168967
-96244829
9642332
-4287983
39010197
51746181
63627618
-90973919
24812462
-26058732
-79657404
-71666106
-99369798
-65798484
-43565535
86791502
-43340610
32151400
-25433405
-56697094
-67963245
58786152
-65546907
30140759
77240504
93624706
36850924
82550206
-77625596
15539524
-33950780
71186092
6046534
27405836
-38012135
18554027
41317907
-61076924
47345736
-39079307
-19630934
-6552842
67510094
22603774
21144857
-77017854
-38366899
-15737068
43066673
11066503
-88678788
78817796
52088283
-49815899
12422195
-24252016
-20458484
-43887238
51359358
-28150833
67181743
13783290
59397483
-17018013
-51102060
13397336
20918076
-5080128
-76634172
54126578
-10426256
74570628
44651430
-25221825
-76397149
77198183
-46174236
6691714
-6981499
-23977123
-76838627
-24802233
78434671
-81557630
5343551
47976901
78235958
-26063322
55946390
-60430180
-78578043
-43705960
39163332
-59593529
71848907
-41573439
-45210219
-87849540
-74455148
-58943203
60477627
83473906
35850902
-40346909
33293064
74109108
68860007
89658533
15687718
-83005202
-36016174
-9244446
-71071936
-5112448
-29030616
44829456
-48033175
79462024
-43803921
87200527
-27957395
-18593588
22060687
-72902070
-34410847
32950187
-52943824
29402567
-60179713
-83759653
-70417170
-84959317
-98072428
72151857
-56459634
30955672
-92307971
-64961618
40443502
-61645790
-26359437
-4463001
-51990510
-89844463
-99938088
52933719
54709203
8254456
53287505
28508592
52901241
53779612
-4556255
-88336188
-24055531
63580375
-36605970
-64671424
75986203
-71916992
-34543427
36636048
-11778394
-44600583
46980390
94979193
55731394
42222909
-34277687
-62165734
-49736213
83644636
-80967195
-72972608
28871723
84140402
-41328681
-76813753
53665541
66492412
61872370
-80173850
-85027991
-97361857
-6514052
91620164
-73812433
91804923
-90170606
13178711
41409293
23361655
81694789
9177226
4277445
26885013
-77931274
-74281141
-27455925
16365361
-51218438
-90985253
7492894
-94778955
98272259
63205195
-22728762
321043
-90721398
-21041251
-56042058
54049279
61809740
22020033
-54926147
-93150499
73302632
9759100
-8382171
12542375
5154802
-7370450
92795664
50912988
6201426
17019527
98062808
37646308
-27026167
43106604
-52935705
-5465665
97686626
-63457124
-64452889
4144057
-82248454
72293416
57833380
-29289420
64565271
89102728
54508584
-521198
-27834766
7401669
97308910
-77556174
99614730
18087551
-40573394
-31887374
-96722756
-51967304
36710546
-44389930
-18002431
47820554
31323007
86772927
-4047644
-54521416
-90180821
-12625039
-48557302
83509082
-42678447
28366171
13531722
59456726
-31098481
-3977672
-30928643
-87518245
72017140
43394485
-11460014
87178376
76957934
-99907555
-1746681
-89831668
-30535357
-62820936
18673537
92194618
86028148
14581439
-69284013
-42755813
3034863
24916770
25358439
79621266
21665269
-91292511
24196603
-24340941
85201656
-51938092
25849602
-94222020
-36042623
-360564
-500171
21581950
-61544431
-32084188
-47299602
-73322780
-17425590
81973478
7571320
15853175
-52920867
-44706315
-3787029
32012843
84605367
-52118234
59840050
-52615403
36205782
45580838
-49985113
-6004452
55939728
-6559623
80696879
49975926
73240852
-68695165
12963958
36783716
15218806
8105307
9490884
34641510
-29259241
-7694217
-67399305
-93022195
-88080882
30736860
84917975
-43954334
-45849058
62491368
-15687839
-78731660
-88903711
61235896
43357391
-60801122
67038124
19180632
58703953
36787236
84231870
82163675
242515
56146431
-49716639
-47027548
-20763178
8804082
7631426
-7142479
-6715401
6863566
58616287
-21830096
-77822632
-26870067
-62729114
-87620568
80444463
42997744
-69442754
-89251031
2922937
17698422
18396459
55603884
64655051
-50995608
16748976
33850062
92895552
-37794734
8248499
84005545
-59916058
13919546
52727419
-80801337
63130912
-61367541
80702941
50396427
26676610
59176439
14667713
-56827523
-29538891
65425863
-58551409
66691876
-89855824
91637106
84800417
51211975
-93556883
-38978475
-32253301
13504422
-24386615
-35330405
-65025068
6269573
68453881
-49195305
74888808
-62509998
-13194123
80578271
59675965
-16086018
-3782304
-91549756
-21758867
-490011
76221784
15735914
-4584125
16920124
46489330
8519289
-54169960
27580086
-44474456
7246122
75102053
38488385
72178151
-28202899
-70922431
-21985983
-37804255
-48374907
81180304
-62505042
-76994777
21733512
78908169
56527846
468484
23605333
-20574380
-308893
54701126
14836646
85828262
-51438457
52848482
-56251050
-64493559
-65097430
3191553
7385835
61005333
-11523173
-7463347
89708723
-63966916
-75966965
75912761
90919708
-88192775
91663166
87618155
-70183727
69681218
71692231
87159891
82355863
27809119
-64270170
-30023333
-64969261
63111770
32752581
42464188
41840635
2415835
-11785513
-53105637
-42521054
-55063266
86838324
-15772250
-86326356
4652503
84030975
99784204
96616505
10537266
33604824
-14985654
-58898712
43747525
-52637011
-55173695
71252927
31959360
-84562454
-53650279
16461299
-39189987
5671855
-97666273
-55826566
-41831989
24566088
-80069160
81765446
75704301
90066405
-78412857
36363547
42148039
-78126584
-3537722
-24340019
-18002491
-41650836
-98526459
-13064554
89420418
21113145
6436752
-25392660
-19974463
-6201990
98974738
29147329
-421183
66609932
6503782
51365960
-14238059
97245516
-1272604
-70815547
-18489553
-3933350
-25192962
-67380695
-38797353
-10572279
31255103
87216289
-99576296
-73750098
32476849
67859086
-80275692
-20304420
-374747
-45738255
-4271394
16327630
78316921
76574442
33846087
-86024161
72850116
-428002
-85892760
30316459
-95294779
-36961779
-34801425
66216028
-81399380
86180764
69726801
72463507
-69985163
-22179046
22820425
-74154968
69492837
6730356
51444857
43339779
92532490
97812287
6267269
-94183654
-40923827
-3165533
52616332
97416547
34497299
-47866068
-65878323
284413
-21513121
-53620350
9584704
91679697
1318660
-67989610
76698311
-63194244
-23950390
75834653
-51361069
-35284620
-5405328
45057966
74166580
92666699
76739023
-39951898
-75259893
93608343
-12463353
-57174868
-46650665
23076817
-67460861
52034550
-89560930
98238700
22556422
47894648
73121979
67544691
-62279102
-41525359
94800660
83829141
46930368
-82514671
-23892280
62105768
1251145
-24933273
50229264
-86642220
-80978304
-64515243
-20079665
-67708191
67967895
-78773996
1898434
-64195579
18711913
29307434
68931335
-24771554
26900694
31488340
36359178
-97502238
-26605090
-91495169
87729178
72292636
4365007
28316742
60994477
23106711
-99948639
77911511
71578212
-11309220
-53268738
-87964657
28196295
41040646
54040278
-48944616
56833874
-99477796
-9434212
30933504
-56631079
-21636299
28514439
-67709712
99765048
-29882688
81986735
63870455
-89621983
-67587651
-77469883
-27837432
89370510
41722982
-38054282
8145278
7102973
-96553448
98397506
-42865211
-32350716
-64007210
-20312373
-28362870
-59452830
4387367
-93102603
78258088
24209925
62472224
-50043441
50405696
-42473010
93175202
-61000462
19214453
-5838385
-56688472
22976859
48112891
-49068107
93110554
33037504
78611238
-11834517
-6184608
3769071
42490403
25730884
-43740610
-94552331
14144191
77444421
24769340
49691014
21215424
-37382885
-59771338
-90140171
99413345
417290
-80938729
-50535556
-54609890
96365631
72426522
8776437
83038499
19887872
-2762550
32100414
30489357
10185776
68834690
-51938795
13306045
35865825
-31619708
10633223
-45614984
-6271729
70589929
37350086
79707214
-50260265
40034885
43343082
-12533779
-81741372
83928084
45134061
57633769
-95869967
1855413
51245451
-17823448
-72484580
1766714
78130877
-81099013
45199572
-50561148
47467123
-77880210
-28450050
-52038320
17432110
-18502683
-79072440
22273346
-38057131
-47344729
49004285
-38339760
53333345
-13635152
-40838926
-1204840
87347700
24259279
2240578
-59369815
-79109106
57486164
-24916710
66069425
74514752
-37680449
-82124138
47995855
-15434818
-99642914
59010134
-95228925
77603630
-58578299
49102272
48614121
46058913
-33367310
-40898237
24288088
-89543091
-83337081
43873772
-65082278
-59343717
-6401665
-92029162
79408527
18875252
-51213139
45712607
60521692
-11179254
82679355
11463795
35344482
30723728
-86604877
-50895518
79573443
17103100
72923105
35248911
98678207
57950375
90620339
-72378381
-41120966
-8206957
51912770
56505181
-26356857
-61692808
52039294
-42142767
21440645
77296597
56435807
-68366228
-63079507
54484340
83686187
-37803170
-12231879
40309829
74152555
-93326579
75087618
-11409129
88673798
-40380955
39474692
-40176788
16166674
71541194
-22030347
88013811
-20604510
-35880147
71044374
-90209087
89264013
-23477226
-18105453
61646074
-37101285
46795060
-84623384
-81716429
-44631438
-82028337
74285077
-55529519
-4022923
34521053
-88577713
-67230791
53854872
-21993819
-14347291
85265273
72144845
-36859467
-26554811
53467128
31208821
84814227
-32265507
-80212158
-75471749
59525020
-62706002
-49797198
26461152
-97113967
-99782464
17090177
-6520838
-16708240
-29300448
-43329895
-110406
-19879934
81792087
73617352
52434358
56678955
-61623403
-58531873
-34980940
-38569255
33767757
-83685860
74261547
-43528564
72913055
78921238
54853539
-96988707
62051945
94435847
38397352
-84637185
-42862665
-47081569
-96818975
48291058
-67308415
-95398186
-93303493
25292455
27837993
84765570
-5818077
85281570
-53721554
64753700
75404861
16902852
-90402103
61246132
85243567
-93886549
74483695
-38413629
-11866653
-27920557
-54023609
-34566861
62993026
-12712149
22759522
-36226049
58514741
-53637784
46769601
-64265981
-31043889
37611758
-51078518
-26726673
30733178
-63352476
-87414089
32002437
-93787382
68372031
85680638
-27777134
-60181402
-1583578
-6113934
45298337
67780142
-24669342
62743903
-27156444
44272229
-96667044
64537416
-37185468
98111778
62606649
80008246
61434468
-13155129
93205450
-61308216
79118662
89371338
-17515465
-71598405
-13629402
-87291296
48859649
-28591368
97354859
68444592
47487054
-66123880
81031800
73637820
-75456306
-58226628
97973053
40470714
90152105
-2622618
99208744
20072195
59474125
79477645
61265356
-45394538
70879237
23623334
-32516086
-17368404
83232884
-51216029
-90538259
-29304
-11496965
61059850
-46363529
11586678
-62650279
-89756610
82785710
-67281393
-51403861
-60982856
-15024502
64082169
-99549592
-75623647
-91760991
-89019209
58306838
42241745
72850523
49038778
-7328642
32500773
-76748867
91351309
-17628386
48931166
-92154705
-76709105
6639443
1293771
-67798860
93884342
-53575460
-96976772
42145415
-42758196
47996560
60741831
-99418941
66389842
-6132963
-22163683
79371437
-77262014
19950026
-27735975
-93169127
55306146
86498332
38293145
-61524557
26190619
-27752582
-68041121
79290951
6032897
70534827
-47573512
-38925216
-55771246
74581263
-76217455
-33512402
79764801
46609007
-47420466
-90965667
64881731
-11615352
-2889553
-59249950
18857426
-43511379
-57516495
83100020
18122689
-22662619
99565393
2498105
-61412788
78904578
4337029
-34934967
31191372
-16749881
-35994475
64932773
-36914046
-37774735
31656394
93798382
-46258678
29795868
-32925771
85649581
5996745
81506144
-14522532
97491659
-85833162
44846855
81372831
21452997
-67915109
-17441979
-39491132
41129532
93008489
-82231773
-87081632
-22699844
37962562
-37444831
55598277
58966308
-16132688
-47666631
-71659273
94031051
21159975
25671138
-77880700
41635016
54398880
25060409
-38589020
-29148125
-33287793
-74582207
-44192017
72675494
1857938
98447438
61612762
-30283102
97224702
-85260236
3435603
76402017
95217227
51072903
26771669
67139797
-73728861
-44975303
92428996
-15177208
-89527941
-4746511
-90298013
60626739
23551770
-63802980
-57874555
69373826
71588192
-25324608
-94359452
2344281
34750896
78904162
-77276004
-19085918
-52900387
14409974
-714562
-51985950
34226685
-83173584
45554035
16130462
-19770603
4445185
-65147546
-92189705
67032152
-54746695
37093019
-47085406
-95037809
-58398153
97873249
20867666
91651168
40218693
-40059425
43203418
-55949282
12258750
41082744
-1245496
51212796
81779824
-54443210
-57523212
-17758705
68133487
27562575
78176247
21264623
5439945
-30049660
48516512
90406522
91585323
56098788
-96002635
-76568007
39973039
-49461980
-18075236
-4158172
32066052
-58992813
-98206323
59026356
-91063537
-22340396
55092722
-76702774
-14424269
4445635
-52702581
-99191480
-84808599
31845060
21702561
-22051529
26726480
33766858
66568739
98227359
-24972214
8661780
38207396
-66271667
-48196210
-66072494
52300214
-74545757
-45008375
58396951
36664052
-75289671
-12863810
-56821665
-67787673
69710738
-62054766
-30223748
-45451352
83212017
-41744346
74678118
-49116846
23730759
-95865709
37531578
37012814
36349388
-70047379
49154539
79692509
58693559
45447299
-60126382
-52949761
50232812
29793796
-60240252
7399638
15121464
70424061
99238597
-86168920
-22164948
28640044
-69241084
-75675632
28096728
-60983923
-82929922
-34433365
67238936
70932970
-58832552
1037808
-49716882
-80340882
78756647
-49040616
-9140389
18257579
30050565
-80405855
14963774
-98639891
-22777320
-31160407
41438556
-90989042
34542442
36592914
-20806457
-74787004
-72257729
56643659
41109181
-77481390
54734464
-22370940
82567650
-1247364
-53789041
-82474531
-9497436
-92638674
-15769368
44653257
33816046
-11209501
-84774146
89671041
35191494
-5431728
2070936
81141028
-82049512
99722883
309701
-39547392
88425895
-28999231
88482266
78144888
26650773
77630987
15273456
36744060
-17942160
55717218
11284123
14689346
-87733871
6160963
-17019896
-57568819
-21230016
-3382099
56160737
6755435
-86453008
83148258
-13239845
-11785983
21671163
89981951
68332838
28163113
-44968171
76585958
-85427901
18817915
26826816
29638059
-26083433
16175297
39231347
-20953657
-37440461
22974511
-34198511
95507600
57915061
-20229205
86410293
16594281
-56685831
53353819
7140660
-34953561
21786783
3106233
-12280701
-19991008
-58347911
6615647
-31626531
88248478
37653604
-42264150
48688339
90392252
-41101632
81743310
81438270
38278078
-29624810
44296355
64286014
-82610045
8281924
25081614
33296538
-54760500
-37539241
-39322304
24478521
26216704
24454237
-11727182
-64903097
30464095
65468794
-25906664
13894477
-21040743
-23286569
33843096
-47128947
-17567380
-40744044
53614417
25187140
-55746644
94450258
-39019819
-61740448
-82119515
-5404793
31513820
-14386435
47469873
4380283
64216722
-38590899
47680693
-35970152
-64507670
64288163
-99904449
63653332
-8268594
45962055
-47896494
71654738
22283110
-60539803
12264158
74917039
85404530
-53280632
-50158816
87116766
36313314
62191447
66133197
-98027535
37289938
-9294352
-53142651
-1571813
42205406
-6044282
37226301
81474128
-65523475
26561666
45939583
6995099
90576243
-96299239
97736124
-34968340
-16042214
56356223
32578109
-78732999
36513433
-71840873
-30335292
79690752
-43603291
14308526
-10299656
78450961
77479482
-26484118
-63211202
-4278900
55606412
41184596
13473000
-11476673
15981600
126202
22847914
50785775
-38151663
-86939292
70419269
-98210888
-41696934
-46695642
98685013
2209286
26474335
6906904
-2641974
-1428001
52925043
-8304807
52613625
87541189
-99170203
-60448329
41562960
-71630537
38257455
-57615624
87361899
-64047417
37741457
-53140660
10147127
-42963611
53382579
-73661413
65242550
41125802
-99333743
-96795950
-77999414
57241587
-83948627
-72088
46975563
5309030
72146178
-99671532
36249398
33897034
61125064
81823254
-25840433
75300138
42407974
-26271330
-16680220
-74951032
30812019
9377150
-538267
43061718
2296327
88676966
-44945958
73804055
-32065690
-68395692
50138993
-93640723
-54151096
15104472
-11564618
67316454
81603061
36307767
29168450
94811934
-25476722
84856138
77438066
-62832298
-47730542
-67151638
-78505917
-71521194
-17245849
62379536
84090664
99251076
70889466
-41776709
3753418
-99686320
36561105
86110963
44626013
-35045881
-94842869
58711771
-317041
51594423
-95535359
-71157341
17265773
-1165046
41674979
98516905
65643465
-36314392
72210812
90383556
16414039
95138789
7796525
54114244
-53989261
12600896
22040843
43107747
68346482
-14722745
-75462780
-62743417
-5242705
-54455755
95109021
-1912485
59622440
-98378443
-84736819
-34382221
61438841
77191319
-3103703
-52671800
-97317378
72582426
85892499
77789613
-6036924
-4901686
10809757
83286235
-64835440
19819486
83291860
73909557
32413659
87213593
30933716
-90218945
-64156236
870450
25062933
-88034104
38446200
-12547281
26749068
-38108433
-33916563
-14703969
96294394
35060607
70368908
-28252923
1166296
91115973
70746578
-82440158
-93928190
1519758
99406940
-31678143
-531958
10473288
-41575606
-68434596
-7138741
94672377
-5123938
18899552
48430916
-97519161
4029746
81448688
2653137
13529813
-12176951
-29381354
59568345
16613913
77794099
75651311
-3762883
46579533
-34906952
31369767
85727779
-84394951
58426363
-43096591
76518533
-26005259
-29733354
-66837112
-39472222
70572194
-13013833
-12605194
16260447
82370050
-62804200
36808661
-2884117
-97852253
21606063
42167146
90427472
-34425708
-14335911
-19045235
11055714
21821681
2125653
-65233626
-62899799
82236624
63932584
8296262
-99276437
-14152975
-64548743
88422350
13848576
-44529636
-55448722
-99880730
31236834
87652323
-55861623
88600050
-15280039
-25908629
-78421240
-80927227
-64617409
-65082652
-61546413
18870644
-33741383
-78539016
88139796
12725978
39504382
79400788
-77328642
49446927
-1861441
55213384
-73056203
-59965517
16361446
56319941
-59264701
59292358
61993477
57728981
-87678602
19762947
-77515748
17427900
51155516
-43639845
-71666276
-88031430
98169007
-78012699
60565771
-69620016
-59982344
41480170
82455530
-45732480
79255626
-61372539
-41505802
-99010337
-13854148
-16682756
-40383935
-51502637
-80354935
-60110685
-40256526
74654534
-27620443
-82349027
67314725
-92754424
-13006345
86844920
-72908176
-19036801
3537455
-75237164
-45459146
-14493836
-44693543
21125917
-97093505
-55385873
-1888768
-82281315
87110016
-61811497
76296572
56622471
-10762524
-54609846
29474374
2161974
-47094017
-98934255
15439188
32021887
62428821
-5017547
72294953
-10706823
-95412941
-6758693
75141425
27012875
27383873
99247949
14558783
88147856
78261839
73522852
-63554859
42642090
-2965096
61817405
-18595872
-12050519
-73270312
45120312
30332832
22377139
-56090260
36106903
37064022
5315934
4769998
34307443
-64433673
86695664
-98090206
-88273772
-20605101
-37385403
34508027
80561809
-88127150
55389301
-24931164
-36027656
-48500290
88466730
34637417
66057688
89404815
8977085
67784449
-88437026
-97028055
98579174
-59704504
57314367
-25771068
-93053845
-56733998
44147470
84426005
-3629752
-79998148
-25160757
4453494
-7933403
-32157661
29832467
62599966
12674725
-58691695
91524173
-32747095
95170332
-79197898
4084857
-8508373
56577832
-32851899
27170167
-99016624
-19420747
36500188
-46874996
-39768356
-2806430
67137888
64658283
-21381554
-48649259
33982001
28200500
36262419
87160914
-48164215
72352596
-85756390
-37992481
6902063
-25996226
40678262
29893863
5081677
47822555
91578684
-45580986
83666913
-60172181
-33523995
-70308124
95022962
20704168
4669234
45607386
-99365539
-77301519
75419125
-65661338
-90462516
-89070436
-65027342
34417546
-2235963
-71501789
-9943413
62085162
4913685
98255494
-80078792
-42888979
-83133577
33284263
24598827
-192042
-64681333
-73121992
-33035589
-42000707
-54656627
-31073869
64829079
-41316462
89704682
46762143
-91073817
59650031
27878609
-10875303
90183009
28127096
88775454
93781043
17462659
55715099
88324275
93982940
-26714739
42026384
85217452
53097848
-65316459
44599881
47410000
83797109
-82536997
-62924222
-98422064
15223712
-2300270
-64914191
-4589515
-7471835
-16804153
-91286153
53941828
-24762920
46071847
71492847
83216356
32001012
28709413
48024869
-94665286
-67974790
73172827
90431709
56986763
-30538342
-46457926
-25845030
28931062
96894849
75093989
-67409398
-27803889
-60557770
88418040
14151069
56889486
-30279216
-74972795
-88662454
47750847
-43368046
97262151
62946833
-71411221
21688449
72252933
-19338217
15422107
3646834
82670571
97697122
79639167
37442276
34069772
54052034
38793571
-68146636
80250908
97584516
-14234088
62320810
82663340
77745974
-5480884
84467017
-46323994
12949665
-97718034
44733826
43997863
73497962
-85287212
85674354
61618398
33889730
15084275
-15476110
-6302606
37216707
42395832
13268674
11284187
55298219
-31556175
-79417854
77265032
-4057479
88973455
-91691233
73003930
-27113134
-69391350
11719816
37342124
27780131
68606502
95816516
-75567912
36459437
16226121
72266360
56712624
19337732
74102201
-48446541
2614927
81910547
-47017689
-45225049
-35086920
54619459
65941026
90913761
-32973040
-12332724
-38603760
-89345921
-6142849
-7983059
48029444
-73219727
-87446132
-66695680
-33557089
-83124933
41812100
-27769989
-29070522
-64106608
58789380
48400351
-3922830
42770242
71381099
15581091
31364887
12095006
-14736456
-10370103
4773612
-97981372
-79953122
62459359
-26829565
72292435
48540927
-62835821
-9888231
21423029
19107527
-84800184
-7336153
51419304
94297270
11084129
-22978633
59131911
1964601
-31179880
-83479504
-64425898
-77034516
4617834
6245639
-54488057
59460906
29664624
87667379
72385241
-86544488
90103881
95382526
-50838335
-94302893
-88491938
36815077
88454726
-81479448
-4231403
-1916893
33798579
-49859906
-24811372
50113856
-72962177
17178810
61389078
69048784
65780103
-94454055
61239962
-94752114
-76148308
-52755772
-7194217
20077428
-78394362
-25270212
65678641
22233527
64180940
-23485754
72635719
-38429199
38474745
-94441880
57730845
-83339618
-62677225
92868495
-21983963
-93310885
72677689
-26690682
33687639
-55696900
56068334
24773864
-54316083
53345626
-61726804
-94684588
-87922887
87358378
-82897079
-50453549
-61791654
24070662
17197388
-82091992
1202971
-14371185
58632481
55523781
-14994593
99786780
78687066
-99086583
55825325
-22693044
-14182224
-88862398
-50585707
-95416870
-51594046
90795557
55533366
44375874
-28159182
-86053829
96050737
65268696
18575809
-91436540
75007137
94920808
-97734161
-32738206
-72149513
-10623162
-72194061
63157441
-99990164
-52893898
75093417
-45743684
-15593067
-22291650
62148898
34313999
-17548898
-78706051
-67893744
-51103648
-80338380
18471842
-85004216
86554357
-34807415
17692503
-7412997
-95801498
61286771
43618092
48255690
91250741
85710747
-6694735
85388570
-27887159
59584935
-10736793
-80347520
78315033
-58808
1530101
77372534
33735125
11922242
78186159
-14844872
66438951
84861852
81282623
-34569074
-73618602
54653027
-22630739
-75562336
73502395
-61315972
14089502
-59041164
-31678855
-50534150
-87358413
-87129282
-38756884
61560788
-76838861
-23182970
-67749018
1027517
43819839
21253509
-62177348
-34598721
52826054
-3873260
-89655892
-23736716
-38655531
-19550935
6949709
-49489480
-75593432
-18038768
-75299382
9073568
13652610
78433400
66460993
66615615
-80386845
68860731
-94413817
37967822
-68548301
46362261
80846592
-6819397
-5155343
27326539
-35016954
32738834
1847479
-68969179
-89694345
20427464
70827056
-2579949
-20130477
-495421
-93632604
22102398
32326734
6965028
-27873458
-82615434
17398111
-70804913
62309041
6775768
-89269763
86168804
-92671285
83938997
-8314230
-14600722
87476558
93552587
29795432
-10179177
-10906692
4159679
23436401
1954778
56438270
-91133695
-79356869
-51869570
68730932
53475256
-54966693
44980790
-89688031
41390509
-58648027
58552292
-29440096
-49608995
-44958734
-8192648
-19912319
-74575721
-41756726
-58651713
-45903714
72098255
-28712335
11282380
75395784
-53459074
48123178
-27681821
-33483673
12743625
11181920
82934241
-18169309
-61604862
85727335
-53386347
-63510591
-31913295
96776332
64021771
-26715307
75368145
85292146
84037646
74202154
-4537960
-28365825
-79173895
-33350373
37027349
-42319557
-54636036
-23708748
82344596
-14131315
-81717154
79975192
25935062
-99635961
10102559
69240282
-97987855
58225598
91207279
-99342713
15307986
-3240869
47693534
63131514
25738197
-71666762
41665405
-56931810
-89225304
14774354
-65608792
-23483477
94271615
-54047629
74087271
-2060505
41514487
-42754873
57505174
91211630
44462585
26710523
-39653681
-4113196
7691032
78337052
-27754712
51201488
15677293
14145042
24840146
15409979
-97909547
56358144
46869359
-80880779
70724848
29108016
-85188645
38685703
-93550211
91095598
37812790
-68901650
46005841
-78479093
-64921967
-92092065
18881959
-63750147
-71570607
71456959
-78560275
-1204866
-28631871
-79653805
70866597
86239023
-47982396
-8394927
26778009
81561539
-55446169
78105827
16212275
81561369
-79141346
44643729
71266985
-20970764
-72917078
-91986234
47386437
55425691
-41191749
-96855154
68202999
41684656
-4706037
7724795
-68492504
59642204
-56461514
79853186
-34985650
-59299819
58699597
92131742
-69602831
-58213397
98312644
83950687
91585996
-49417959
-46616152
14986443
-7138965
83483293
44680229
88810667
-45275721
-75205845
-15711049
59876913
-27107598
79787408
28273370
91027726
27682072
-38044990
-18663874
8475647
-46679683
-14626011
-61314928
88203307
-58940391
-62380161
96673368
53357430
17610054
-59757819
-45840185
-57540261
97958689
-92186173
82635822
84776896
23680766
11487231
-56009018
-42805606
67190091
-36030335
45150530
36069225
26875487
84147431
21491728
84984986
44467778
-14322360
-27239222
-26855002
-71220383
-68906356
58676078
-48645318
67618767
47998928
-43225571
-17933633
-83016738
-82867095
-70915319
-70894006
79948136
-25008753
-30282710
5824432
-4648738
50366798
-64005624
-89000237
-6860580
-41599001
19180241
5973022
58952658
88343131
-96128658
17321053
-91797830
83564224
-95955302
89388684
88563355
36626168
38744441
-19309517
-77326866
20152473
87731433
44942716
-25454077
46164791
85813678
53395607
-99106120
72964256
-58764497
15697623
-55237550
38533321
-40170134
-76450360
71120776
89178096
-24059710
83078581
-88502207
-21844323
-32007049
-43524607
-51669434
36337314
61506472
3114351
-47886982
-24486145
-3816081
13687576
-48810912
71531514
-90065672
93972131
39502129
15998833
31574947
-1382687
57509049
18926092
-28168845
-2292174
-8732332
-49445894
56264356
64670134
82226068
67230503
-91871626
56698153
-95661704
-43815662
-8950053
81214266
-67652249
-56696772
66996091
10760362
91571579
61657436
-4843077
-83482663
-40061702
2172388
94909731
41698750
-23906645
20884474
-30937132
37357011
-84875862
18494485
18478477
15968079
63555497
6706684
13725338
82095657
79305575
-78824344
-71268711
-43774386
-5787486
-62694421
50621955
-9934957
90655321
-6969158
14460444
41828386
31850487
-35968092
-57649955
27307651
-39959093
2893860
-73666122
37860578
68612278
-89761818
97793660
34776563
-49895935
55787605
48303516
-17017525
-77417124
75579092
-49548863
90989904
-44293879
26022701
79933851
-79227370
71527026
-21613643
-6713432
-96752449
-50372785
-45855150
-19743564
-67041100
-27621342
54287157
30847288
80966433
54607222
-80900439
25047275
-21684264
59711852
18164903
-50356088
-2956663
53175069
-92140390
-6610917
-3850950
15774393
-62688613
-92558106
-48750868
-96902794
-90266547
-9903092
61567382
95414583
80788350
-28254996
-21019372
-2251474
78886125
-47326900
-7756049
15091084
-53258377
-83048306
-61847672
-61325506
-78998621
-38453020
6170125
-97655616
9900550
14570476
45430630
22611708
88735298
-6999311
95155383
60717708
58883989
-37007065
-84126022
73262267
-73337434
30631344
82504531
-7367470
-3050641
10203587
58322279
71452183
-52391486
51320023
78663167
90363177
77247910
-32104943
5964954
-21586756
-18569643
52141795
-41928864
62762721
-20546994
87211279
76122812
-9017087
74281187
23889196
-952153
67349241
71467711
-75117703
-68777503
25662797
-19985110
-47450396
-46246516
-75138803
19166544
-30464586
49380581
33781364
30073460
92840334
-77038320
36488245
-62378466
14302661
-83704787
99124476
56632303
-52372421
-13943628
54106473
-61222615
90419003
13073290
-5161516
1063616
79149828
-30872182
42619094
81961332
72571562
-52880986
28685037
57078618
-61242919
-98597766
45121736
62329934
40639531
50361458
-92757876
-68615777
29782099
82752312
-57758429
-63849305
88738733
-92019365
57370433
-33825893
22545418
-21451105
61555272
-67902799
55511122
-80126232
76307649
-43923138
-93970656
-635429
41497512
-6447009
17844227
-45881210
-91024259
-6649558
14124282
-34174241
18175983
-16961987
-55803667
50216449
40257221
-88470470
-10638153
-5211210
-51708652
7703160
85019996
-48952528
-87710151
-38170107
80846588
-40382459
35156397
38750051
-70201417
37951814
-18805044
-76643732
74396936
-67914800
-30721025
-76691406
58910971
45637575
54921761
-21736767
73665162
-21620129
-78857279
7037273
-59333943
-84695129
49594856
35253782
44072462
-21004568
52173786
-43641207
51063102
-36799745
76877809
-60611601
79561493
78835322
-17533686
52959190
92663817
-88049868
56981313
-23110836
-2524829
26867458
-71968862
89026141
-67903293
-83307574
-47786876
28388097
-64364349
53501463
-86737130
33601025
-40123381
-67055814
80328714
-57063229
53132311
20874120
-35448338
-49343847
-32574973
68180024
43823237
-11590589
83804225
57554984
91409302
-16014303
56517830
15608923
-39889478
13765625
-83335715
-4185482
13131460
-61913616
-60167373
53974711
-9001957
-31259636
-35931532
85327335
-81642299
-93588571
65843416
-79229807
-51702484
42899444
15550472
68398059
19228521
-11404627
87294499
38125636
66892163
-66217929
-75197049
99886536
65966875
-75645755
9547380
68296033
77170620
12799136
-24618298
62199025
33428443
87845724
16226486
78283523
-76281098
-46781501
-64312576
44710275
-10216911
44542938
-83157127
-53405848
-84105889
25029670
15339843
-96558979
-72375144
17546502
-83347474
70600803
-12961627
58652202
-71566637
15757166
92865526
55542036
72260280
-72025913
45307649
42521583
93084018
16531642
56487349
-25427731
-94703758
-78846473
30765601
-86086970
32667101
80964371
73408293
-3408777
88851259
-68730487
-10621332
-54926368
-28328791
45761460
-51322008
61703591
-68025104
-63461163
-58886077
15293637
-9287588
92322098
-75502166
-7091662
76472774
-29824518
-59669844
-93984411
45460747
80806935
75052391
-10985173
42492944
-52839053
-38569963
-9627527
-83085625
75250404
-14391928
41483521
-38067059
-86075814
-1432354
86030760
-94826895
-37999973
66002394
54117809
51348497
69572571
-92618924
-96311520
-71676505
80888882
90525500
23175829
51766717
-77472948
68679621
-22667203
41553586
-82082608
-87071651
-30395779
-5562135
84858369
91576027
83872146
-81428102
11548673
-11324297
62481835
-79629862
55524747
-40727870
-25655046
-43171521
35812294
-51805248
-43939290
59108257
-83705180
-21052292
54591239
-78130239
-19471936
-84407864
10107747
-10405690
19880257
90656740
61762740
-96164227
30799251
25196456
-38097663
-44085904
32680121
14359884
8934428
67232891
93496300
14607177
-44168176
-47265864
32518970
62530440
-76324398
25677960
-84014997
70706091
-56669395
-23471120
-35016013
-94938238
53230463
-51240020
31976665
25308062
-68641957
5028819
-31144542
44455938
-67028900
-63240311
-1096232
37322543
-96995095
-76018743
83604736
-37739682
27082860
-40098938
69903011
38784937
-73731110
37922184
-94408804
95902975
-26895042
92226197
-83314945
75698771
-44528571
-77539929
74463496
-37081986
-40419043
-34079209
-67472602
48079052
27209382
44012237
58405343
30443297
86264849
57663784
21980067
20397893
-33942389
-15473241
-32910950
14235221
-40344787
31634500
-75461081
-20308016
2971565
-61352474
-65669449
34118876
-61594744
-5923457
-82990357
57192729
30976267
94315960
-97164469
73701950
24439040
-81185349
95352236
50999817
77299665
-6805293
-47929798
21602390
-19296963
-79267572
-64591695
-19816315
-54080509
11141565
-78324394
-5160383
-58396827
3964527
47959689
52492072
22405002
-94078670
81993749
64197993
71778812
63996498
25590052
-87794265
68908041
-74108210
-20562835
91258861
96032305
-26440897
3275994
-30192499
28608939
38196427
91841267
-4190776
-56415005
83120721
23655590
33270482
92559011
24150437
49700439
-3753984
-22109814
13996791
-56405162
32447936
-75345794
-18346413
64520355
93997845
-62753911
32365385
67201683
5080303
-67780764
12461716
95211149
-37680927
-81331330
-77047244
72489538
85527733
17962264
-33576310
-69492925
78092379
81135058
60668891
52559976
85871253
45498380
-21141942
29666323
8248523
-89486946
-68912784
-72091015
57469703
-62343494
-75155538
25386355
-36902825
-79463765
-16736464
-99264299
26424119
-72484213
-67378589
94965798
-91519293
40317447
22099238
-96860006
7229108
-53296967
-30575165
-58910935
-7094562
-53721345
-60291897
-28660540
40816969
-72314130
-89132203
24520819
-75184081
19419333
79720930
1966481
67568423
66447567
-91073881
53904253
15356799
53867781
-50248900
-10698965
-98865686
-16562296
24333729
7028377
69524680
-384755
-71573696
45127923
22325992
10698381
71906516
96247218
-89129630
42048284
-52065943
56989093
-82553642
-73219250
23231149
-22023476
-33922626
46836342
-48956322
-43497648
25713991
-90772585
4353580
-48336791
35765653
-90150493
-8265750
20945655
95599625
-52184611
-18629236
94599384
-90116327
-11033658
47853439
-75608628
-8785471
40243765
-58051669
-33210684
77064871
-21563603
49235289
67020485
-6829824
-97445719
96394553
-69774364
91736863
-53307125
-30559785
88882793
-91729158
-3538621
42929694
74322716
-84185882
17952321
31494749
-23203424
92101102
-92507576
-24232838
-4501157
55025269
47592266
29786468
-17340345
25465810
5115191
2976636
64612060
98024363
4532559
-14881833
-14343154
75057783
-73746288
-74421926
98064399
94794250
1335971
-54079609
-52863814
26240638
-93196964
-49296599
-73012098
-19006272
-8822736
63926887
-25390404
-42706451
-46222453
-42768786
7809535
-23947612
67601639
1465555
-42251492
23842484
63059122
-81554991
46177440
-23713718
-87922972
-42096821
-69250100
2210597
-41356173
-95923197
-30903802
46574661
-21966970
51992432
-96755212
-1863061
-66861925
68293385
27476201
48656070
-48936266
-98949217
-44112511
-70590803
-5499339
81910413
19138963
24932970
-66056883
84324051
-74767152
69755279
-23579612
-99861301
-94920993
-38328399
34385381
39841793
49933785
58754601
-9561532
-2958290
-24971515
-91680166
-28668712
-45003609
-784441
61830218
-80799254
13719066
96180349
48468538
35146846
20871403
46740967
48987187
-79147419
75800616
-31612918
-33915076
76194763
19869553
85301731
-10964515
-74537696
79949591
48118485
11421368
99318225
85775094
70558760
-3820994
-88893964
38612540
2253029
39876757
80945305
-82591412
44897227
78517900
26057106
-6510928
-37297354
-62675404
9846424
92676932
62505310
-20026507
64480430
35217931
-62003299
-19484487
32484568
-14578130
51506716
40082582
87389482
-98368295
-59941732
80686800
-58129410
26897965
16160878
-21112216
-39290354
-4870867
33160912
-87164451
-39633379
-87637103
45699319
-98354624
-90884562
-83403481
61045057
97476927
-12149513
24672160
-5838071
41702796
-92609618
7731856
-1541164
-86044779
95179410
-50412870
24575547
94267077
-83514051
-39609812
-94030924
-22794013
40808111
-5894311
-20940492
-73660692
-36991884
93681945
11645777
-5813926
16701578
-84119746
33513609
-47156362
30865894
18159410
20555833
51132508
86610294
12718561
-69251435
40706791
-92636757
-60861291
-47696643
-58419090
-92788488
-37976376
48419273
84654810
-28458312
-83124062
95558909
-51701326
12600253
-44291737
-80956772
72572557
73370571
78364766
53664961
44332858
-85989761
-54263766
82928024
-49084166
66293360
48428842
-17426317
11490575
-97297118
91075428
82031523
-76232802
-42312420
15304915
62835244
54669849
80439350
-34608040
-60784851
-37705463
97403115
-76395181
74169338
-1534494
69762326
-20519534
-5335145
-70868456
12016510
90300514
28963077
-36997154
5900003
-28248112
92485958
39987966
-53999721
36161744
90624943
-10154874
67318487
-94413904
-39536096
68895946
67260158
86462932
-57180500
-69680494
64123538
-14547552
37798014
-220411
-69623530
-32876356
-46811108
33356821
42550050
-26971068
98200241
-24041498
-68101844
81478666
44662383
57441600
-87462878
-73507122
98580209
-28564444
-8008723
-60383746
-76045417
-85260349
-17138045
61552781
19049706
-49186563
58058694
2330955
54166823
9545423
45346521
-5390802
-27905103
-7879182
-75864236
-91891416
-62001088
-91530648
-97189533
59370768
-86016677
-86517623
16649032
56847671
-51984854
-90111690
4090043
44303893
82422033
-2354305
-10439732
-8723002
-2362121
21097512
-17177685
-35835333
18360433
-56246644
-40659441
47069899
-70094496
42231812
98522547
-69035598
92176228
-7267134
-73387596
-31732432
73373326
-92500524
65358438
-3923652
91222832
-53007580
-16848328
78044145
-21839547
6491549
-67147516
-81895657
-81928687
-49783316
-29159021
94450434
-40160041
-69053388
-22878466
-90287800
-8939467
-83402751
96871888
69765845
-71893125
-64455600
-52306407
70446914
-37308903
-79869775
-56085018
-36599691
5032951
-34006874
74970968
68064343
-76529376
-32998350
-29469776
75909039
9158897
86612182
-40530814
-7772985
-62306746
88863603
27075391
-64541324
-31100914
8808265
92864513
84319949
-73873646
-6139478
86911596
-76818879
54058993
-27803375
-68204031
51503142
-46681255
-75474273
-38136277
64096887
-20537966
90087731
-28381966
19035398
-52679509
79675261
30587372
4516253
94785182
-588285
11342995
-2897441
88800161
256276
-75758621
-358279
23840501
33934933
53291602
61877973
-32008811
41319624
-92558459
-76332490
78543849
95201741
11732090
-57281420
37096544
67950985
-2889313
99940317
5297972
-26456402
53097857
95561240
-74868397
-32391186
30712848
35390335
-95649292
81809776
58801868
51458151
-94212851
8899191
21590844