61276877
-63637164
4290505
-64960634
68745341
-44625723
4415773
-68584907
-72454086
-96378615
-80734769
-87348724
-46720333
-27978503
91774599
-72423133
-42765883
-98444858
-71950423
-93217711
-96310528
62875720
61936721
-85734150
-27095203
10293770
24801129
89416409
64322060
-66565916
-28024661
45748143
-50453879
-19173997
-37162575
-71333945
39884658
-14969755
-15994413
-42560674
14371188
-29671872
-91214381
79490578
-92643180
76757108
-66474196
-79363569
27514078
59353259
45627708
54584773
32037176
50140467
72454996
41210784
-68658261
54306814
-31270930
91639528
91204108
-86877698
-44601832
21519948
-37269844
72896416
53847990
430344
-18346421
36082412
9330489
-2252336
-22360324
-31748906
50193629
-71473199
77203456
22908238
-32378105
81871762
-10209080
-59697847
34024980
8691794
-85579756
68281399
-37878957
25367486
34191469
-89175389
-36605114
-52229808
9510469
-65706694
-3475083
-36159038
20018617
19261917
-50593610
-42316477
80710643
-72729931
-52925731
-31540391
69562878
-16521193
5339887
36209431
-7242765
-73839509
37602134
7512733
-75604836
60714240
49319623
-64205462
-49490417
81334988
-48280947
-44971990
-1683391
-52848466
-70071306
-234274
-12740954
-7514030
90369080
82204429
-78451570
-16343321
93607673
31610583
76358120
-88714107
13365536
-6783978
23857136
-50994576
33784604
-7840873
96830092
-39930301
-63714923
46595824
57205817
-59671669
-61018382
20426410
-66624141
-88204199
-65417987
-29287892
89242892
-18349134
-18896758
-60702738
-27860760
-60413498
-97660531
19919592
-2393874
86669354
-53346069
-64652624
-18117820
-37312720
18235720
19484604
47404023
-81031125
-57060937
12629936
71630475
-34933423
80596294
51427797
-21347499
-2437627
-45908748
43890237
-15133797
90419344
44024228
93201615
-80906814
31847258
22148068
66543665
41847062
71101752
23270267
18526166
13601592
35343982
-71371844
87367418
-89561724
53119618
44826900
-14373357
42009507
-86103329
37386748
-9981937
-15742441
25037997
-42444787
-98573615
95450162
79206314
16640889
-94973963
697011
-29133109
42128841
64711796
-1291208
-53330352
-93150072
7162002
34257163
-76203489
-17145134
-613977
-96266684
17998477
74863749
-41739091
73009917
-1853439
-64898281
32094204
-38682256
28127650
-51852496
-12050664
-9811206
6543777
-96830830
8681187
-31547550
29788992
-91702027
-65209835
-54983551
47539924
28126314
-38549924
-20164141
-50047534
98154977
99103374
75440914
31677422
-54521639
-87005845
81159847
-8040656
83884517
25726380
-74084194
-66077284
39317379
-86421541
53401114
-89507628
-65921251
-46809311
49376856
-99289917
-11176841
-86484259
89362355
-95189636
5237570
-38868992
33349819
35635608
3721207
-22439217
74840808
-92839429
-13356674
-4281318
-815782
-94837178
-37788812
-22660271
-51866905
-15908577
31371527
70655959
-31603447
-91094635
-53056570
-53537543
-97122732
-45550800
-29823850
-65936481
-82715078
22246981
-5777649
14650481
44658289
3489330
72875822
-48004209
-66716311
-47012985
-39112838
43809920
89913413
90931071
74568967
40418964
55144539
80309120
90937191
69737816
4902753
-74338070
95945451
-89091091
-98938392
-9320357
-68684760
41495263
55593493
6934720
407562
35293862
-48783237
14873572
-37094451
24766201
59391649
-16205494
-29089677
-64527187
-71842610
-78352607
34824598
-63641952
27983215
-53408978
-285894
45893590
-59368957
-12112067
39207277
58413692
42549123
33009655
-69728905
-12521681
-1753673
98735978
-58992211
-86299384
-96178948
-13794707
15749477
52647284
6292721
40291010
-65693535
20824885
-95512578
29662751
-5452456
38234712
85113554
97291163
64712582
-59309125
76719397
7823347
27671703
-95610172
19243386
874800
-32202146
-26133338
38870697
-16533810
-44670300
74443971
6612127
41546059
-40834120
-29160252
-12325915
59545619
52279828
-61285107
92545369
31416394
-99806925
19479206
-70093636
-98970
-89153516
-14900693
-71790758
11884881
85997986
-92987484
-32141250
-46270398
-99523751
-5610524
50148823
94474241
80092043
-63391869
-92935335
47267193
-86728813
19805903
74951853
-88827120
60485633
-76999117
7470215
26069202
13954354
-88061813
66930634
24695958
54566941
-55958259
-47852340
-89319804
42424481
21751684
-45011947
75141898
-96141835
15526810
89153424
79788757
24200897
31170164
92153604
-97605373
15027087
55751903
69723915
54792871
21534783
-37175832
-8030275
7686461
74595269
11234555
52314007
34768484
93496327
-80402966
-19606849
-99725978
62452901
61101666
-58319328
-33162142
-23879900
60114671
-76526364
73262140
48371402
82496526
7586913
-83653136
66419261
-33204281
-85706208
57163057
41598595
71937408
12758734
86480976
17482466
74469295
-68784710
-39595840
69768085
-62919237
63920078
99032559
-74290361
87112760
-64800304
-4779734
-88017636
36593449
-6723415
82558124
-42512817
43333925
5735897
-21657995
11836341
61761810
176791
-22282855
97502825
-73991538
4901658
-4195764
69011555
-2604252
-81001210
-53737460
-60816076
74316567
-10587381
-66261914
-8757356
93993039
-10606924
-2263002
-75047187
39906276
-54180480
93086384
-84597243
22418013
43983635
-48255602
88656376
-96094981
-22149771
-44677195
39456559
10069393
-81871349
983109
86662367
-40990037
19863087
97923075
22375399
32706774
-68068235
-80768291
-99372034
-29727006
-74223686
43771624
79369392
-14008386
18103625
50761770
19639225
17960719
91089210
46838171
-97881288
-1527256
-94817073
-65286088
-43996124
-80253879
-36326463
-42462226
-70082948
-30261192
-32437904
14532903
25183628
29785770
-48310682
-59335080
63384923
5346704
76716711
18837154
-62884001
-18053634
95829021
-81109753
85428224
57024301
-69446259
-71068755
-76535905
20739687
-27451843
93932910
18097754
75863661
-47744557
-80074324
-55988898
76987907
82927635
-506449
-4572458
37481525
-99596956
48988549
24471527
-89924665
12654744
7537929
-82565738
17859509
39711469
-83530032
-31035305
98315323
33406762
5675565
-65929145
74080073
-27604255
58641181
59059753
-88048116
-63799678
95768824
9831493
58004023
76351144
50515444
75810456
5178553
-40539267
-29519016
56488237
-32020398
-84306664
-15992016
39231296
-93233465
63858123
51960059
-94722246
67086327
6688620
-21520126
-74739988
72976265
8483711
-15188248
66869694
-33990557
-65992321
23740987
-88584048
-86771009
34865627
25990590
-76346971
96581906
86074955
-53312404
78999480
-32584135
-44276008
63719797
73795091
23360010
-29487609
61423621
-93435588
-43396084
-7910563
-97877995
-18121780
57190880
-9716535
-46375925
-34695848
24037472
-46917890
57011794
19797702
-84089202
77052879
-93011196
-40371079
84344964
53323477
-91525311
42506168
8458692
-95809058
98823726
42359584
-3791923
59671950
12180500
-22390945
-66412168
13339138
30413205
-45788035
-63409470
-17868594
34554365
64904862
-2835080
4099951
39865863
-68418844
-82707292
-25335617
50936176
66455281
-17254622
-39437089
-57198634
-61782571
-15996925
-29050128
-64257611
-38759507
-77329222
64355054
-48362875
-78245737
74782901
15598176
-54107057
95028246
-2282750
4695813
72639430
76834815
-86241040
5285522
-35654507
1536967
81830324
-9397932
76977184
-88869151
68465257
13504958
98167870
-23251269
33225515
41985329
-78696819
-36193858
23273172
76409985
39068977
-89330246
-28130398
-72870245
67970452
87305080
52488792
66940310
42463896
-83431550
-69640689
-98280569
38317695
11276246
22028749
54375500
-410393
-8404123
8146475
-4751142
-63547476
48680363
35924053
38892471
-26554155
25554438
26021702
-87773332
53886937
85743358
-95326372
46634677
-78750140
63499150
-24454174
56944751
35751554
-50888232
31430310
-26464751
95329719
92691612
-25171065
93458729
-90786971
55960484
-98781240
10355550
67532525
-52825695
-21243039
-48576807
26275031
49452011
-45473834
67716202
-74618070
-31940582
65999218
-39198271
67945750
27971383
-96473182
45558255
-61855307
51385215
43667926
-22957520
50426417
-5440284
-47134330
-62742797
-49965644
-12799729
-73200375
-19027268
-62005702
-35149364
-63560508
-85009825
-40502465
-86145589
61445884
-95547192
23486984
-23477486
26325612
-98115655
33704541
-98916484
44333627
-83076994
-3473305
38965386
-62460661
-49063997
92505038
-50488851
45161985
64371413
22028963
-69130428
34918014
3609117
-7715240
64781053
-72502703
-28349380
32384853
38749448
91483408
20232793
89850221
50851366
-94688744
-93755486
13925110
-52537537
61912265
69215372
84651470
-47828229
2291945
-62801244
76282940
10401394
-64636561
-70021677
-52718974
98922029
-85044491
-7812152
-87595037
60616778
4229467
15796261
-49510814
-98089028
-67174952
-45786731
18286445
-74473579
-99722363
74016468
4110206
-96441935
-80826662
9373912
-20720560
-62426633
50475614
33791304
-23557634
-4638313
26806380
89886224
40784203
-67781391
-66058231
86883580
-41638681
7616084
39928451
-2982311
93265912
-38309136
48738080
-44090362
12929878
-89805028
96893590
79461769
14053283
-93273096
-96776474
-46207390
-75988515
30154929
-66315724
-78871671
-92386999
80198308
-61513482
29061088
-84055337
10950528
-38390043
84962415
71495856
11102459
-5127636
-3649899
-33135438
-16354085
-60649283
-50514209
-49011128
77786082
-55976242
84868674
-2857537
-99272714
93476117
59109381
49793674
92134880
29782179
-11258121
32203407
-79811801
75421823
-98229529
-15782455
-94337066
-86211571
-18831122
-56059872
-37120115
-52430428
-23083912
2347846
63556216
13977021
91956930
64212783
-15549160
-15390834
67033238
42740510
57744105
-18289411
50684983
-90230259
-19889005
22420796
32014996
-90201379
89033876
22206122
-87844210
-22752217
-2830784
73164111
-3483520
42074009
78058595
31440199
-79000665
-60253076
-56968613
-11278766
62418456
39581036
-89380917
47882804
-19334950
-91879562
17986841
-77336101
51092752
-89892101
-75002452
-9243840
81347693
22368653
81719106
50232400
-87726750
83091075
-82931461
-60791565
-6892801
32881265
260791
16585726
21170029
-16902054
-37947782
-24452658
-63961612
-27789247
-90094249
-42415643
-87348936
76275679
84722537
-36991806
-41605810
-76878190
-95221528
-48801611
-24164288
-3953865
-79867834
-39321852
61787271
3584366
-5150300
-58970124
-761439
-34445172
-79616251
55228740
-6569243
55931475
-75736005
-35363492
39089237
63483167
13415751
-13893368
46164404
-97428042
-17416616
18134025
-40811649
-82541416
-74010131
-87602059
55661084
-42293113
76562913
-25110364
-41498852
78363847
82675407
-8883397
64759145
49355461
-50726268
-17599512
-5768047
-43887114
-23502593
-42368505
-19765035
99298889
3673074
29870372
-98818823
-85653930
45989723
88660977
61289326
18844184
-31627963
66843358
-63333266
28612996
-60657559
-93600791
29591062
26210032
48497681
-95115356
-594258
44510954
-13210353
13403187
-49308763
47644831
-69890245
-28406345
95754529
-58975623
-73584324
-43628627
-81957797
96291346
95290409
2824840
26990613
7687623
-34108325
53285784
21249330
-58834455
-26739792
-40863986
-65428365
59999310
69454360
-214024
73836368
-53501651
-62092481
50166280
40025491
93957819
8046160
-65988819
53463999
-57335513
60873690
87230210
-76433172
81760659
-63738539
-55282835
-37466268
-13964349
46408450
-25706265
97285207
54610140
27298646
-82365133
98173591
55456714
-21934294
91345646
85872900
19971524
-2631998
-92337992
27030920
89215251
1770648
-36741725
12349138
-78088769
-9669661
-31656861
-87762033
46713902
22825695
81188490
1454039
-98953102
4897687
-6500146
-60334600
38984785
-41106610
-20852834
-34047166
10409325
-68538148
38908766
88019492
64834038
-22219510
87911930
-44749701
-75767431
-8174154
98416799
-55059884
77679746
-66263235
-47380966
-81712136
-76133155
-36041815
59647464
-23719493
42015520
80199633
27210037
35045380
29588890
88813186
77023985
-83019340
8482646
1296859
85822806
12793916
61940514
-41700565
-41689312
94639797
38177027
80564285
-29286896
35961353
-41334896
-53387908
-66184994
-38968963
52571654
-44629154
51384306
-63495251
38398451
-11317510
-6675731
-10287230
-92997983
-55751474
88443437
-2519188
9691215
50657523
-38602093
-47389051
-92575533
-91458539
-39470686
51540603
-7304719
64334350
54318728
-54773555
-18202744
-2365676
74791840
16971487
-64727861
-25274750
98735251
-19948136
41348592
-36683169
-21524160
-54040678
93376155
-98555312
19910390
-95087306
-27499852
24611203
-51486546
32546877
95300508
-22468767
-65665733
-41930439
37190746
60064891
-65415961
44492498
-7254221
32287607
-33038424
-59838391
-81054729
13014383
-94513416
9851106
-8315715
-75361750
91971268
-70102720
90368721
-96738948
-30435084
22884991
-71617989
-49092529
-49171457
-18319663
79017686
-99173318
-35836295
-10645867
85368284
-33643951
14214332
-61030845
27203225
-84320640
10199660
70407000
-82727731
43945289
-51753974
-29446532
64457812
54516979
-35347958
90696460
96889932
66289241
77172920
-6033888
88079198
74957969
-33498858
-46354415
-1421440
-29405397
-85981419
-29260767
-30877363
25795462
-19436483
68540438
1460794
-46844359
-11126235
93450650
55437318
29797690
-73897694
-56948012
79334528
-55186152
-18713045
33186824
60312217
68389617
-72105793
-24443120
-35656530
78902305
75427214
40652938
66626833
12848992
83556628
59746712
32294472
64317771
30410985
17328272
4791603
85053348
-54817206
76470422
45542013
65827961
-52989610
9504547
-61931021
8700561
-75957605
93583802
66071109
-76041220
81526597
-39741531
-672299
43580965
-14761710
86881026
97449371
-57556342
30907385
17493171
-79802299
-28458167
-20290873
-30956844
43483039
25231711
88470102
39980531
32631774
-30388014
36990052
91227344
-71855410
73266003
-75133239
60926249
41665865
80585190
87761990
37673204
94922604
-91508974
14149762
60027009
-3436775
-44717979
-71380302
-93949516
-87460312
-40259327
-14442758
12183884
-95116735
-64323206
-76906095
11178871
57497652
4060648
-4893627
-74611170
38186702
-21256855
-72126051
32280343
551673
99693711
-26066741
-92670572
83471145
4668312
-17837622
-61020854
-58777327
-17542650
-35900576
-74613346
-78139216
-38452976
8018838
-27830537
-6294637
-13107113
12071491
69316887
-54976368
-78994622
-2173223
-86387624
-74235657
-28061099
-9856670
68341579
-58791730
72632364
73681087
-87105686
-3217415
-47920061
52407855
69746388
-60000036
11349219
41401058
40091982
-59125444
61974489
-69043449
-63107547
35589841
-12326713
63228924
-74872189
-52265150
90789849
93434567
-60875751
83757925
47101589
-19378795
-28717425
-45129918
-53204382
-62925565
-20414792
-16513570
-84463452
-68916417
39987
74682627
-31739236
-65434023
-88951214
4628628
-89107023
-91450231
35391670
44803555
98646512
-90653316
16797716
-30877215
90866127
-81914887
95389257
-6623542
-12872017
-38055455
-45279659
6588827
54758844
4164425
65105236
-58363904
9881380
-8662342
57135405
-60025445
73503861
-60661921
77541704
70807891
-63210982
-80843190
65892087
2107762
42105635
63296514
35959043
-2276522
79023613
-11223100
-35563904
64005227
-28602976
-8062140
87488821
97246575
-14604846
22931495
44563459
-18123543
71684650
-39797819
-69036318
-3038108
-69744778
-70193986
59550321
14052623
75134494
59486978
-42419896
71661967
-47352678
-12775985
-16427864
-56887136
26451259
-40640073
-76127466
-35425468
-54441991
23203054
-53714815
906126
19288850
23721431
-96030256
45811991
47689353
-11468487
54949980
17827356
75984366
-14522594
-53653285
10857995
-8655651
-87027848
-14410743
5439248
-96383401
8785682
-64935209
-42089777
43506771
23655561
69794895
50815513
45773908
-58925203
66256621
32400383
49949256
-96519812
-14656009
97113558
94426227
92578353
88604152
-97733013
93171050
44798264
-49056962
84542999
-81066046
63792486
-10294038
-39318454
31739097
-78224081
31772265
70902968
-19512737
-70260516
-14115397
68537305
-53901437
-89476653
-70932968
19392196
-42858662
4687298
38319099
-27560627
-18157334
76929451
85150307
-390413
45832742
73294321
30978750
28061483
76492440
-72743719
50878280
-48446113
-12549622
-87627274
-20797715
-72887426
-9348341
-297942
68367741
80241473
16999216
1981404
-64653348
-79556554
876402
29894440
94396120
58591218
-15881669
39260540
26001830
26387434
35073187
31402522
30594847
51641231
95905268
-63888179
-86408724
-23125131
33905498
14964125
28068503
69846954
56623224
-19852346
-70843186
37994304
6912649
-92138382
-3951264
-39138335
48277741
90996278
94135411
39196033
57400625
8486463
-43874900
-69761984
36037733
84585741
-31084340
27454977
68634045
-36212742
8670384
16389447
25644980
-66950415
-3301832
-65388015
-66997715
60211713
76439915
27095877
-25451639
-34113428
-82404396
3403134
-64258948
61180758
-2115512
35055846
-93047697
94779721
-60020637
-13384189
65418395
-62306521
65242114
86093738
32206792
-48759215
-12851803
-32963606
-46761155
-93492371
95323080
-24493986
-26345295
99225877
6702778
-56935377
-63417341
98592245
-16516375
63839973
91060149
-59862430
-73474795
-67343620
-4936321
-23144471
1641913
-66188438
-82178391
15291699
75459819
62338936
69756778
-892951
-5071632
43502592
22576837
19599758
71860241
-474738
89200729
64693282
33466678
85678586
-91522204
-261483
59724413
56683277
-66846155
-13858802
49992328
-93934865
73525143
-18740696
-27904468
4336463
-71265122
-78042618
-51081434
-73785937
-82074778
-52806868
46411959
49628200
22531613
-41708810
81641384
90014632
3488560
64822475
-20120234
-96263851
28944487
24791005
-55508300
-14564792
40048457
62550672
-46444329
88266885
41466441
-50525214
68934927
63348276
70387671
15002744
54665124
-97459081
61767389
-87519922
-73737694
-82815691
31017762
-80043891
33559811
350771
-86426538
-35500055
49844661
36820290
-66337967
8387012
8379475
34947736
-56495246
65501163
22175930
-96415799
93563096
-13069330
31016004
-53415747
15973938
-99961027
53965916
21408459
-97358806
-24061591
-21383679
-41882981
-45140790
64703112
70836362
-56023729
97148103
-14115913
-6405581
24810024
-79025950
-43585291
84387847
-50773666
-12426227
46143389
-93554694
30040295
33629529
91652761
-82807031
60726199
-76429840
33487701
-53836043
-42717527
-32600628
-91371300
38620295
15164456
-74221583
1005182
68207110
-85131026
148206
94207417
38539114
28532744
86271017
-21883699
15938906
-45773046
73932664
880964
69048953
-9848029
-68865000
-13322079
-69623267
-38462398
-16821551
-95359143
86396407
67145434
71703764
-10947026
77687449
-22827649
78135519
94763636
70877014
80765844
-30960022
-72021458
-98835570
-96153502
-26340387
29789771
90268410
63483555
-31567960
87718634
12722047
-60766178
-65143198
-66404918
71259928
-6521331
-18782070
94404158
-50820215
23241980
-69948982
-97034821
-62938017
19407500
55998729
-25907392
-75181584
72851906
-46720691
-29222683
73705547
82450159
-58026772
-84294387
-95605983
-55700935
86379103
96711731
97684759
20224021
-71067927
61377599
93925095
70497572
-1132353
25240324
15062048
77363495
88807152
-42250423
-68345700
-42884680
98530563
-50613811
-40495307
-28089852
90807173
-93550607
93469384
-551472
95689708
41374845
-6889299
68165627
-93720288
82847657
89137736
80563742
15928638
94442680
-71923328
27652253
-66138199
-82295480
-95100803
87596929
71595716
-10662899
-88825726
76615642
76393022
73858379
-66380876
-98212387
-13639832
50375431
93804900
25855327
95455424
11661673
-18408006
80005813
94700196
-62255676
-91201254
25474779
54341759
-47325704
96008598
35856579
-75270724
56151407
-61160483
-78043231
68524485
-75149202
-33690846
-4679850
-16282778
-63470451
-86394199
61095255
95790010
20463011
55884495
-3265004
-50223219
64138471
-7269455
94320232
-51622012
-89809766
-45651487
-57309961
-91427933
60372112
45013910
-78555855
-59082556
-89512116
69880195
60582599
-4806407
-64000962
72210461
65395236
20518365
-33078092
35508589
67297663
648239
19394117
48228248
45872943
74817654
-50171199
-82425195
-20182106
22821642
-68995183
35584867
59995216
-62603425
-66192735
50114138
-8386759
-17834536
8744282
59200691
48866594
-81646904
57654524
-46396892
-29743389
69225820
-43441205
26742936
-45140043
44537522
44431546
37677352
22784118
85748519
-10932159
51853883
48338215
18455475
-56097475
-32721236
-3897549
27084125
88632150
37824550
-95468941
-71088901
44354785
89814141
43116215
7526099
18827370
-50537368
-67629093
-79031658
-48380378
-70818029
64851597
-95881583
42183930
-14740497
18268118
63344408
-98020895
-4655806
82162748
-23138802
-59763761
29549808
24713527
94210176
34757998
85152673
-92440581
-37908614
50877237
-29753308
61934858
17375004
-51410472
-43985395
92635899
9131786
-99887100
-32363315
70623586
-71384363
-62847779
-7831140
-77806674
-89939520
-1911869
-13521789
47667237
89014312
11106712
-51895619
-5650247
-80799807
-64714146
-78596348
-94138057
-80910429
66345068
-93504701
-83751277
40669582
-94206403
-11455190
89805735
-77691104
38311744
-31004605
46982393
-10541761
58296389
69016929
-58354380
-76575617
56331165
41662684
71481205
31224555
50226784
-46654290
77333061
-70864271
-15421314
-85486503
-55721316
3581855
-54716092
-49897819
-7888881
16247040
88450473
22071076
-82396092
30156004
-8952011
-34850598
63971623
-3051023
-48468350
-85402823
-72800045
19800086
35317216
-32467544
43802248
22239616
42321809
-77342942
-1368813
-69472891
-77160831
12522167
19471087
82117341
74702569
59384335
54299512
27788508
27414913
71706057
21033030
-27800222
-27855731
-40992237
15720357
-86857107
-27971156
50693374
95533840
-71796388
78960859
-58923190
33246386
71421324
-53475349
-92118454
-77090799
-39933369
92986753
38011165
59863399
-80785540
27586712
-50575109
55567463
64515978
78070565
40162460
98931565
35441977
11394327
-46014301
-96815053
98179839
56222317
-42913651
73603980
-50646204
97555817
42554081
72565072
53221728
6848679
92517139
50745284
-39511654
75119476
88286100
59735420
36008018
-97161864
-17557381
69973863
-17683052
94007378
-90896932
-67274530
-38016955
2259994
-86244050
-51331166
-71024540
60811277
-17187052
66110512
37353645
93142087
-50873572
52011813
-14371616
91462080
-6532211
-91161473
-13652046
2360663
4901225
-80599159
58836730
-22666589
37516861
-46316081
-87872424
-27149446
22049557
-31020317
-66338007
1982116
-96922831
35305925
92484607
43929227
40622507
17516417
90514127
-31023182
33341829
-49877189
83109308
24092008
-73018987
98207232
47030573
-3512466
-13085659
-93557677
-64620244
-61873632
-51046824
-98688740
-29559881
-51033741
92023027
46840539
66375194
75516489
28701592
48453066
-98079700
-12532778
64893284
-89913659
46879256
-73573650
6024247
-75047356
-89945406
-32703124
-74971015
40531997
-93444237
43316656
89893455
-46519946
18666304
61273907
89889632
-99065015
-27123044
-58697341
-20648347
-86945975
26012200
87158690
22190345
45762235
-82795197
-8823370
-19245588
23176631
43130985
-88226174
-31806963
-32939791
-65661462
1813051
-70506707
14751341
-95104348
-26672823
75416444
-22338428
-56126935
39339983
4129667
-24970176
-37457082
-16424078
-759605
-94071087
-72048052
-82527765
-76806698
-71161732
-45321107
-39402912
79014316
38925211
75590984
9954247
-77614070
31659828
-91097934
-22965208
-90346562
76229223
72527870
-28037115
21867433
-50098835
-63567974
-91702128
-26244121
-15856662
10695828
89275206
-29032984
-56074966
-67095192
-66030569
84005283
56807824
-25801984
29828349
86210277
18168916
11125041
50104644
40156581
-50336427
50244340
67283696
54771956
60797314
-70659114
-20467011
-69271722
-5798991
-96708281
-18004551
-90916425
-14675652
-47252381
-84318790
-48530146
-62692416
-79706715
-86260082
-49357562
-20055824
-29718953
81257811
21435660
31271352
71466769
30218741
62012750
-58966379
-15175021
-23420193
-12280019
41060140
-10029901
-6503022
48914209
78459222
-17724324
32555249
-20313262
-38986644
-34993333
-35018429
42336395
75743690
65464343
-46606130
3752418
62533947
-60531166
-18176269
71444339
-34370781
44440675
54023061
81453718
-3743051
-19400618
-42662035
44339935
83721500
45059369
-59574618
-13112506
-82812905
72839086
-35639004
5985422
53734111
55189559
25169442
78804499
489001
92752901
37327049
54627611
-58998109
-2320105
72114688
-27690748
-85013625
-43444821
40365965
64172189
22987183
-75023392
-51062634
-17266186
-2271332
91660529
-57308793
90026410
34804572
43970606
24112896
-95174313
-45713136
-85883505
78108451
-39015625
85485635
-83794427
-39220746
-52801651
184015
44817738
65412267
-92903050
-26000322
91702460
9994182
-63634136
1166489
48643018
90310337
6567003
-69334172
40488027
-30607956
75097450
-10695206
-72503898
-50817582
-80443930
25734452
-59605824
85051546
-74446830
74829186
7435140
54056382
57737743
66959796
85879864
-51676712
-60067775
63060992
-21546087
-47364528
26106198
92850804
-49255326
-90423293
-63148488
-47742729
-80568526
19512737
-91826612
81244774
-50906434
-51681578
78721504
-62665884
83917023
20482102
-55260705
98440164
-90754197
33241961
-66845821
-68385712
17371039
-43948533
-84897668
50304654
35866866
42997480
-24028952
94392390
-70701241
-10629577
76734902
-14277704
277273
-27867522
55530237
20604092
-80231783
74376919
12517948
-44008114
-5283776
62478963
-20288283
933956
84292283
89827302
72738949
23480491
80662970
47474304
-68131626
-63528333
-39446637
73613447
88933063
49933031
9296322
22773737
-11278417
-46885629
-73235848
-38029639
1967227
9880562
2997286
-71426252
-45416450
53246417
-97556190
85474335
89171063
-43220654
43415399
-6317567
19043826
35172311
-76881765
41199676
66734678
-47115855
-3517565
45290128
-1443918
-80427133
-22080424
-23563436
-83108021
96919227
15693060
14503552
-89850638
-82997657
-38249228
-41640732
5589625
7181814
-98477253
38468987
40868073
-17529976
-78946467
-31131766
45097714
50304856
-60148391
-43021133
-70075516
85978443
31909799
35686665
-93002508
38126827
60234255
-85814714
82495604
-27618744
-72766441
151411
83802184
-31983786
54826622
98922387
19528823
-38529194
26347789
24917900
-74980474
-25181576
4978803
58051554
-38027692
-24931876
30049778
24930299
98105606
-97222510
-14736568
-45326759
29590897
-92221603
6750989
-52314417
-96722112
-91472738
87692193
20209239
66559249
40439998
-5640515
-86121498
-40844835
76362117
-28586567
12981611
78176964
-3814778
-73499980
2289707
73588524
-37158901
-86505963
68722918
6661756
-41004931
41198614
-68100528
-69780611
48399951
12638887
18527592
9082150
-22677704
70018621
-88348508
-70137304
86541205
-11857939
63247747
-25356277
-21497096
2511530
-41199929
-81814802
44747393
456074
-58847331
8773893
-400642
41596746
-33102622
23081059
-54783909
31932102
40992105
-88959274
46403292
-99716397
-25342765
-66525682
-82359271
9640653
34897635
78636408
-97798797
-99915572
51849118
-17466170
-87389696
5565107
87202770
40312363
-25677177
74440414
56663189
-17661444
51913938
-57309228
-42054425
-86650282
-39369117
44640233
11764915
-55608675
-48628921
-61982736
-72723667
-94494554
-9213579
-43721461
-21597238
-12810371
-8334481
65654414
44694215
81678612
-59233693
18704126
36360491
26880573
-79807064
31987384
34883031
95150230
-97649643
-77504448
-18457070
71333298
81058774
-9738126
95386833
-94382959
-40748008
99108826
-78126241
48041927
19998434
-77009907
-8370952
69967940
57263895
-12861789
-66647113
-50811178
97475763
66492253
-12259215
-15233018
88727269
56552612
-60068396
22886637
82246309
4964579
11884702
-28615064
28038906
-59899859
96929996
51964663
4789176
-35916527
-21091257
86866804
60100704
-23067345
-30584776
-14193648
15775954
-14586980
31464439
31598125
-49188272
-520062
-71721327
14654137
71057115
-6769474
-8649364
34107444
-71227144
-12632756
-87615967
13206861
-2203553
-18766529
35075441
-52343314
-51758784
41309
1095198
68276577
80314512
-41945334
-21687261
-26881269
-61132065
-36154697
75999803
-28237091
-49675295
-94072130
-76804976
-14323143
94897241
-30091055
22026657
87626102
63146459
6517285
-40449500
-801245
-25637886
-21682749
3341434
8651371
-83608279
-90454701
72518397
10007649
-34162289
-49354838
-60645583
-64613133
-49489110
-63925183
60727939
-73209148
-89061145
-15104967
-33966543
53563510
-78260421
15308630
-71715561
-3332403
18361499
524386
69684768
-70293194
-31615835
95058471
37690992
47318226
94484516
-60337923
73106173
-8475759
75789065
-83065027
91072586
-13493002
-89417115
-42224457
-38114336
58696862
74042219
-19457575
-62573559
-61584422
63381932
-44156475
-59424859
10347380
-54577969
-98840469
-51009690
73498710
76777768
98951058
-41866850
-17382117
-14304461
42767027
-9400681
-12193808
1823657
-57990393
90229654
6630094
4382264
-33759566
-65120050
-71617777
-13910245
78944040
-62650761
-81126296
-99360582
-55569235
-50854849
-2305777
-12938451
85112351
53186434
-66772648
-31211083
-49780201
-69042385
78888989
-74247955
-7779041
79839429
-63804444
-81305275
-40194585
22994227
-89942306
68771870
26539850
76254754
26351632
682362
-78200277
1599316
33946829
41203636
44641577
-29703997
-19180702
78416297
-76418440
-20683508
48687472
-97584904
-5511886
4369741
-52794589
96329875
64600190
56233448
-74196364
86599741
65505189
6362262
-248244
67909589
-58438550
3985365
91525433
77823666
-13413834
80164490
5945335
77441137
-43150143
83070181
77077544
-86372421
-1279669
9045296
7487298
6429299
6961060
-53490202
-93238374
-68108405
-1180184
43241971
24452961
61301384
-97034925
-18797622
-38706034
13566550
89459971
-17073713
-96092404
39926787
-39332170
-10359103
-75006379
-77544428
96713302
69658323
8114002
-22953324
45803861
-90050746
75836986
90391851
21195641
-70430489
-28904856
-61611981
34065175
82073972
5922729
97584911
-38733313
-26036006
62378479
-95852851
-96109636
20725782
-11086486
-55795369
86906364
-65703708
-89784618
-36566786
-19861795
58142908
40426540
20289703
14675133
92483603
-23546338
40456310
-17326709
-4239899
-44160735
21688165
12031086
86117975
-60703412
34649136
51410559
-78904758
-46222678
74983506
65817254
-4436522
-89107125
48965891
76723540
-73244729
39592680
-46494565
-34439281
50621977
-55375730
68947147
-78399695
19489976
30843416
45589113
26482308
-71032028
-72974324
-80450660
71921333
46751
44073311
-21002183
-28022891
18169036
69538217
57489776
67962459
-93275812
72943555
29504941
-48765986
-39991642
-63976103
-67001180
81592460
20040385
-54646365
51229444
98597764
74347933
-18703693
-26302847
26851003
-79395379
-31988136
64020273
-20927895
-71373682
-4974772
-42513792
92907869
-89930305
-88683124
-57435640
-82159729
4774072
-36427957
-85017098
68035272
10026506
87039824
-46599201
80877991
-91104469
30267867
-67837478
71117108
-51195402
60514486
66297510
18439486
-81320544
50518744
81193072
85344317
-25369250
34270688
-95245168
58826956
81925313
-8232771
52045886
14478401
-8923099
-84685228
-99089504
-94700196
-13905462
68584433
-67981359
-13126975
26053182
38264979
70004098
-7487007
77220303
-51457863
-92438240
-45287660
94964756
63065313
49781655
-70254643
5698717
80030690
-94232503
-54278286
-25053879
93285731
-7995223
33946255
-41228510
-45967847
69130518
7321260
26649522
59950721
-42781548
-5501758
-82494373
-16905868
-6122615
-40469937
-47209458
83726550
84417341
-90834606
34033693
-82044871
21020016
-72013233
-325898
43088692
38175003
95758381
-71421072
39522430
49513773
28097842
12650390
91756601
12757238
79253558
-73581420
85549777
48422907
-11463591
-20659704
35142780
6163732
8294846
-74124172
62685196
66313445
-13414351
8400585
24329028
84636994
-67990145
90021390
-60959694
-63353579
42692646
3720707
-56997531
69135060
14572057
50350593
32698829
-24160818
-90600053
-53581517
48105945
-72476645
-39705139
39480891
26377158
-68250163
-47680032
-77199061
-64015762
-69509020
82670856
-90667520
29918802
-23704384
-77073460
53214203
56536139
3177127
91212495
-36786998
-30818102
-11892201
33701406
-98944378
-36342289
82951727
49870347
-8780394
45856086
-78357796
-69971478
-64871487
-13345671
39783165
5038290
64144784
92653267
43070634
-77372475
81746042
-5919181
-70506094
21693546
-58560695
85916434
81487475
-39030888
66288054
43550986
84101312
-38605729
-54851551
-32562794
-33969845
39405227
75405869
-15843679
24263885
9405375
-52142157
54655825
5785603
92366121
-8492376
55715233
39674007
-53689049
-50907396
-50813129
20151441
92537392
-90452733
15737864
72169944
55487486
-53078204
-27426947
-63868554
-74603537
-79834091
51745239
-46797343
30295831
-8558736
-36972983
-15329869
-96447732
23618464
-39193210
95664011
-30771250
23020725
85563735
-49757046
66788390
-57529498
21526932
-39854542
-63561218
77663335
10512850
14941831
-16844609
-33927034
32215239
-6669149
93907852
80709725
20143661
-37482032
-38811216
-92691892
-4685147
91606009
-38768059
-86971881
-464108
66590146
-59293663
-55104826
36026729
-36544598
42603589
-87101372
76769239
-25449379
-41945224
30474506
-30978090
-31470485
29286730
37520171
-84110919
69080433
-90614792
-54949256
69639057
-92725592
-40573017
-53359442
-54829266
-85643543
98676713
61251540
-63302583
-54204255
88375914
70916362
33831089
-16117826
-64355903
34604208
-68860697
6496366
51161369
-59725970
77072137
93626355
-54754097
-13650713
-11764598
-27689471
-35035336
80897727
-81026787
38675251
16120810
21936380
-35690132
95214093
-43751891
34404491
-60758561
25842760
-1916101
-49723504
57971401
-13647138
41415284
82619914
20552248
-76463916
81626622
-5707005
95604307
45872626
-5371640
1385170
-86857639
82854179
54364107
-52130230
36333569
68249503
-19669208
-18770553
-70103693
-62063521
-61422728
9418265
42322654
39499738
16774085
-28420300
-67982654
-30475094
65588797
-96130913
57944165
-94048024
-4931169
-79591693
-52345080
65870302
76087495
-24306389
-32575835
64880796
-8336416
8152259
-62324550
-12506400
-45549667
73961120
48520150
32243304
-6661038
-2143638
-92768553
58172972
-53519842
-65170747
40320058
26838640
-57715692
49738187
-53647404
66130026
7057156
-16290356
84711111
-9541935
21913795
-41000304
-27951539
33790811
95206027
-90426350
8982064
30974059
48827166
58347633
38834366
42251059
43314749
5090570
-97201717
-33726801
-92281466
-31597028
84038031
76417674
25937618
-45595378
-4488588
75145702
-36447372
-67720965
60929845
59308863
52499248
70194267
13346076
-74925361
-52897816
43712262
18659913
-25190687
-31976759
-38618134
-92783702
-12776208
94832295
-98636570
-74887711
-25740369
28132589
54700158
53392043
63327771
-15087200
24824567
76564903
25513900
1096850
-16888502
35825321
91085991
31053420
96927949
80317675
-31638710
-32749107
65848193
61483470
88779883
-96610983
33567232
42451664
-34717002
-97440159
-35127566
-54870799
-43993360
29176450
-66886850
-58732236
-24835893
-36627693
-39421377
-52781592
-38315862
-4144327
-70782178
83194179
17439625
49776511
-75451830
21496304
34446844
-6506979
-83868170
16820047
13277547
-9209778
-26768879
-76710278
46830167
20176964
38890003
30122679
-64729624
71819968
-19129367
-13756447
18873803
-28368551
655917
95107894
-99829213
-29917910
-85408235
69582896
63358403
72106091
-71943889
4042961
71646007
8105821
81177266
2647640
74974744
-33933139
55133548
-14576215
-86477078
73329033
-88811483
-72168951
-14352495
6100232
-76782512
70594719
-36967017
-51077748
-46579126
37234809
91119436
95129963
76544031
95044375
-67527725
47914384
-41325494
23621031
38496855
-92657849
-59942157
-84816423
56156190
-73427439
-34470049
25751071
33885766
83754008
-80241173
-28191126
-88877715
83660903
98502355
-79475337
-49064159
-53943342
-4330264
-81675323
-49909974
-74363840
73345656
22331566
40567586
-34472346
10306550
-94177524
32172647
78273749
-29528046
-24987037
23206309
49685226
72131595
-22681811
57770718
-74887575
-4551451
42685428
11562501
93183755
-81331811
64069105
-85579185
-90442654
63873047
40480005
12299525
-2722780
-45804496
1790711
73714899
69421147
-2014455
24437371
-32484246
-91040258
-80895858
75612859
48538085
18291649
32893941
-32666630
-26211942
82172989
39182140
-51379185
-8757957
-11348797
-94876370
-98630615
71131968
-41352839
-49756483
-20062030
3307940
91453544
-45888722
-63802234
75845760
76170167
4459305
-85173676
-93815299
88029856
27399970
72850654
-70190944
-87587443
12513709
-69369270
44035454
-31778439
-44881107
78751797
79419548
69382863
-73534107
69105388
-63572221
31798429
57946770
72162015
31519168
-20714488
99970577
-35908079
-49296395
22899801
4624140
-70398516
80034589
-41102667
-8040415
97737306
12508777
89231493
-95738480
69147347
-70785520
45204254
90136547
-87426729
34065976
92959421
34942330
-43445002
-8794793
-66319261
-39375738
-28022788
57464419
-30271289
42654666
48305279
-60562505
-68941150
89238082
-73580871
-15970694
-42510479
60608749
-48678311
95424134
-66000019
73461441
-47410915
52953502
-66838100
-83742364
19580006
5922001
-50304373
81602483
-53152908
-42116936
-59114206
-20430050
-73292704
74192989
36574967
-7131135
-99762103
-80691948
-92303931
-64174127
-34249414
1799042
76854292
-6504219
-4338353
27970564
-54266752
-76578793
-33081357
84389514
-29131658
99331827
81386750
-8814789
-57842298
82108822
-1850698
22912097
-56916795
-46457058
35509389
-53431328
90362076
-20100247
93790814
-24603475
60955195
-65527387
-61681694
90388810
10370299
-16728870
-21491108
5512431
96854748
32339615
-82147720
-47195252
93152407
-62249607
13582932
-92478194
96507657
-85290283
41301311
-31722197
-64758500
23942234
-28749024
-21907768
40223567
-81949074
-78362596
99672276
58785848
54057695
81952462
85877844
20368077
-51242674
4631857
31707881
31250238
54115052
-5609777
-66830268
3498571
10617376
60516900
39829624
82266545
96559628
22307834
9643701
83514032
-50427779
66662455
-17197155
63870123
-21602051
7843252
32685024
-24785421
-49635066
39078565
41633271
14455042
-10636788
-28985731
-26716125
-2978793
68691280
31678059
-86016933
66543309
-14077186
82130042
59188477
-275674
-95784871
-86933492
32267837
-71326808
55507751
34416190
-40422201
12476403
-20360958
-37753034
89875750
83414616
47651092
-96379753
50360022
79691200
98685887
-34648873
-67161661
-78054730
90940359
-69683343
53428592
-45327437
26359966
-70907306
61649185
71024677
-49315151
70006304
77748215
68802513
26171553
-79883041
89349052
10949837
-972855
-10214157
-49127786
-86513566
55850857
-29763862
-96192018
48882966
78290532
-26085576
-26996576
93849995
85415280
10067510
71078763
80697011
99103192
91121223
-71534295
-94869860
-27295312
77067519
-83895335
44311522
-41942128
97643600
87669654
72343023
-12117268
35691103
85634264
24101930
-15584771
-39729220
-83065572
-63363975
88747391
-42994668
-96293759
-94944129
45362387
56655939
60306162
67774256
97144537
-84305559
-62883904
-69978050
14665151
-14277337
-61943523
59318991
4689001
-50499871
4357617
-53556870
-34584365
-5658041
-24890830
36923687
-15091470
35886937
-73894465
-77084638
59362906
92135643
95518429
71375704
-13905164
-5687739
75489745
47075687
-92248362
-44423066
5034500
-8577172
-68797938
95596115
32365102
-79246436
58605462
-41253592
43419556
17414408
22119506
-95942615
-74426502
-80016138
12131351
82867272
-9347406
49608699
78459113
-15440370
29898701
2503401
43489700
9759897
-22563227
82975732
36830875
83832824
-65576951
-4647915
-83563673
-604535
-64556081
63914733
41517201
32431516
30384789
-53051743
63191227
15704857
56966580
-7736360
56340394
7772263
57618393
39731324
80562738
-70096915
-14023964
67571197
-12767787
49953822
87182439
-35540941
980252
-84553048
45870519
9884138
-69767200
37288741
-40267124
-35012746
-4927394
50867595
-88878640
-63905921
-65017112
-76842693
-41387904
-61967092
30448211
-27639035
6531247
-88586358
-94685141
-96215187
-19642727
-29878231
-39071939
-23531612
-43723272
22084367
55227912
19796846
34198896
859102
22318481
85918505
-12655118
56746567
-3734504
-74822414
81214470
92512820
24555504
31867288
91892789
72557765
-53161532
-37254949
82091702
-14705130
-72915221
-50493040
60705166
32141855
8354505
-158717
-34212948
78817471
-99409118
-25711059
-41913571
-88206856
68911155
-83257875
9959621
-42465952
-51691254
25971801
58738085
-76220408
1692766
-41357603
-4921533
-44891394
-37953250
-60807218
-27159246
-63790203
-95745921
73742674
-78559248
-28632252
-89665388
-72270253
-588269
25650901
81362360
-90376135
49793605
-58887810
-83192927
18950642
65713592
-70457984
30777027
-48238754
76509343
6536600
26012978
74277112
67951069
21573337
95046302
26209618
-83834028
95310664
16446787
-39759117
23885895
97259992
-65594577
-34164668
-70736588
-50190430
38180394
-20999309
62911390
45081338
93019450
-76786430
94067743
-65477755
36768595
-10583404
-41197952
36471997
22215512
-25163853
43359982
-34702058
-29100823
86313682
67244743
24086294
-93189150
-56534196
-85175133
81414446
19489934
-34931160
-56926681
-4875781
-38459879
-12782718
-2048056
-39715678
-77388101
71730617
45543941
-75669516
8836834
-95228149
-63593224
-20371965
35407320
-91428216
10212038
-9819298
-73886678
-53167957
66002552
19032270
3400598
-37798761
79308653
85703488
17127103
73490863
71574367
-86240342
21162140
22713514
-68140090
-173987
-91654798
-23410555
-89731809
35432810
83171908
8388675
22198870
-66813664
-22557066
15646939
-54194077
-93650337
-87007805
-41595739
-14914094
31893496
90643803
-52404752
67599694
-65217920
73865413
49791076
-20927174
-79444067
-98745182
-79959579
54386437
-54458592
29892079
-32591194
13065998
-35358853
29433686
-52544403
-72841863
74718898
-34257863
37527506
95934039
3301964
-73164566
-55103795
-79739678
58379012
-96500313
27144552
6726231
-26178788
88876485
-86173284
9907204
72513151
-90539910
-59716048
99119024
36850717
21948314
-29036259
-47117294
-60403749
35159689
22967388
-15917976
94788820
80194186
14808999
-34160580
-48612471
-43541232
9930329
-5045706
68910937
3596937
-9568805
21666679
35836870
68322925
-27159997
-22323514
-95636254
-18517829
-45425192
-62452394
-75745299
58842918
83370245
-759568
67894560
-25849676
83855338
67448037
53453568
-71853237
-52911462
14853383
63506910
-78874593
74711284
71131563
-55704281
-4265783
25390982
39754347
-73890130
15782781
1942517
11826799
-68637965
68012314
-25254417
83986432
-56403916
87804355
33449383
-96021798
25217097
21871809
-63059676
-60014975
43127643
-5429226
-22262546
-11276708
-25331859
88799218
77501067
58806257
27218314
11023521
18912983
-88765906
74264758
79999779
19811042
-32454784
-60563519
38452969
-24147560
-88667571
70585915
92188811
-20589978
-31921171
62375705
27876658
58692196
1793242
18343771
-7111130
48340489
-67471492
31238802
850423
-21665356
10994648
-91724658
-5610712
35444947
73745127
-5342426
-87875695
84376205
-14109111
6926717
95448533
-95959580
76230332
43371625
-69667972
53713962
89278923
-72869115
1415540
67725135
-25320738
-7663346
53962681
-42793487
65485667
97417954
38064000
37421261
16822206
40159462
-77521743
-96221893
-61224262
-19882316
11755810
-64653889
-71939705
-3612156
-63651963
40682561
83776255
7866115
-92704465
-46322848
-94373996
81981215
59127976
-68523277
-23438393
-78115417
-36916348
66141545
-14590779
72591112
-23769753
-54296978
-41541895
-80232758
63725576
22617503
-19508175
-9419722
52382578
6291525
40625893
11552510
-23834953
60307406
58913323
-51447326
77562195
73946526
-72331042
37536214
67219420
17146259
39025475
-15969105
-3377819
20169943
40906060
-46266039
-19425402
55777055
-90685835
-83387258
-17898474
49517957
-8118121
-33776013
84296060
55448497
-85198205
-69772558
73183855
-85272786
73971738
96799443
24390774
81319430
4785134
79226152
-32086358
-11170829
84278755
-33718704
-7211330
-81817693
-27562076
91356908
23426611
16680374
-40509308
-60687376
-10332335
3480379
-92017995
26279972
-34095925
6444079
-20906469
-55525888
-27524967
-37876968
16697778
38962960
70428283
72435911
-27566449
17894022
-76552458
5808868
89805925
45046051
3525113
-93785993
56084635
-94975184
6451683
-51323980
-60924467
71153357
81492892
1349440
-96106973
24202043
8976930
57137551
-4806991
-48453293
98281710
-12238491
76497270
73026089
-47502567
-893920
-17236028
-26039775
14042255
-94977736
28394259
14202086
18510521
51116057
6919928
-75149530
70512102
-96466028
60698369
14957261
-5414565
-13303595
-69724768
-12342964
-30446045
98963841
48943500
13275985
52223171
-60939296
-70532474
-13556648
-59672029
18583045
-8956689
8213459
-28197433
-85206673
-6438692
-38180919
862411
-75513506
3185127
11304245
-12815235
-95598661
26575483
84780546
-93687933
-76645263
41432040
26583239
-2292568
37737468
20662287
95697350
-97781138
43941849
52345212
38231526
-44241957
2888714
-27746953
15490350
1099398
8703289
74492004
-15486249
-65371749
54228796
-90850320
-59323106
-4204028
55118979
-20003882
-58288022
94645723
-25635863
29224010
28887160
-1402704
28154172
-17578274
44889314
-82024156
49088128
-42146491
66847568
-85600822
84566940
99624578
-21621919
-9609530
47993065
-56142385
-25534410
96813760
85652486
-33921208
-34420805
58321171
84672882
71021322
53685777
46321982
60275484
-88095776
-61876380
4261122
49090631
20087442
-1636913
25462964
-40156124
-44368297
-60884091
24372842
71659582
55931415
50790220
-41078800
9840498
-69900907
95895593
-88953058
-51159988
-75317980
30034788
87600074
83014961
40178384
75148564
-24487311
-9198572
-58951546
-65418888
51135123
58962401
-72872744
-25489063
40540499
8447619
84860987
64857184
-16895058
-48393810
53475400
29015186
24441580
40607497
78159693
54606652
94792268
52765581
-73097961
56892475
82253812
894541
76216203
17483937
-26292939
47900553
-32786897
-53349272
-93225645
10310702
-66480087
52910409
61484484
-3831032
22163425
-15164561
-73178022
-30869326
-30431081
70266059
-5093384
26490093
16409002
-71747489
62094868
69875137
76852078
-61843735
-59971911
-2178216
52143344
51007848
22249385
94275377
-19443268
36094686
-3675327
75598969
-76340308
-76112331
-23428702
-90524178
63756731
35444891
95473988
-68864922
-41183861
1628713
75282594
-74645734
78510029
88452261
-63611698
-59330065
-24799523
70899842
39912308
63125893
15256352
97343447
-91634060
-18295141
-3986286
-6268356
-85768068
40493409
62413117
67175391
-74266273
48868291
-68561826
1062497
-2800569
72156203
-8643567
-84829272
-41154305
2359490
60940337
-22659377
-14799190
85196146
17317340
83753983
-60603789
71191537
-56026304
30803785
37157812
39551348
71323546
6505395
-57487569
11410797
-88930031
-74093965
-83010260
79758526
-64129393
-11766476
-88940876
27990732
78373168
-91901374
26399930
-19401338
-94040911
49284239
-22400615
89802407
87027131
-97507704
-74296631
-35681191
-12682234
48183876
34075001
57349263
-75130346
-20261287
-87233100
-28103093
10630727
24715425
38773444
-65772226
41714994
-42150981
85350092
94618368
89168589
14895345
57565014
-20676923
-28353212
-18261456
49751326
32852445
-96644771
5159483
20271574
5696800
-29187392
10003311
-3636717
81144646
-85119636
-29436715
-71506828
65541123
8087854
-70155411
87821089
-80025725
-88255917
-71581682
47518286
-25841019
-57226495
-97903037
24900491
-80331362
-23878797
8993263
25115933
-53278965
84175518
-39414899
-32021023
-70255781
-12894262
-40753829
17107213
8695598
-53401815
-75409304
-91863069
6145602
27693779
85471199
49032062
1230959
77647968
-14797008
-10047450
-46201481
-94762621
96675251
39766541
69041704
-94068852
-90505660
66923313
94704395
-88221412
-69356351
82686537
7054646
75011843
6983649
37233741
-84515627
33097318
-57528797
-59527789
-61160219
-43799491
96611677
50520323
89071237
34737467
26708313
54865959
66082982
68735036
-70336659
-52830703
-60372012
85013325
75741419
-70937714
-39753505
-26076440
10395150
20380469
-56678067
12028369
75923241
71519394
-39642558
-68121576
-61572647
93709932
-33083924
23129599
38071894
74453267
14605572
79221333
-57457591
7287962
10347116
92208018
-439266
-16243305
-82952220
35392816
-59369122
16795136
-42186519
25701157
-47648240
57014379
-68422372
-70349356
74158905
28532136
43060633
-26905258
3318879
18042701
74613962
-5413878
-88874390
86495545
33675442
10558254
-13631621
40746424
-16366317
67163406
81213949
14691834
89688538
44616313
27080437
-92534899
81382808
-98507149
-70059207
46126619
5632578
-55789852
-68478492
-98258405