64931991
96677606
-71041103
60881326
21682112
-50587137
-69278697
-75096540
-68602627
-74961167
34337550
-85571497
-78762516
93979397
-52223600
67235072
-55549510
-27987726
97601116
9664018
27156270
-23494060
26568990
88824247
-53887087
-75855411
-58121948
-30496552
58549759
-51509184
56881833
65289415
86874407
-20224128
17680105
-47640267
61414916
-19342134
84481399
38678422
-62142487
-36496145
-60062839
-63346040
42674208
-17337570
-4071362
-35806462
-99061755
-35940366
58517680
-42692789
-54574455
-22241782
-66829132
-88878110
-62164199
-96327943
89932885
-71580847
71658753
-35575143
52170664
30967581
1258112
-36126656
43576593
52680160
18532294
-38752434
-66495042
73141001
-40716502
51264165
-10602947
-62670805
-12409736
9507951
-55002364
72036857
-5929101
-77376868
-35224793
-37727510
-28149685
74485084
-59725974
-90869911
-3450025
18724083
-92641342
-58037954
37309144
51075817
-63081623
68327698
-4508138
-78330075
-99286954
94855769
86215282
49237511
6025124
51819681
-61601944
11368372
22219204
52615698
24733591
-32717619
29111492
-72041888
-97390759
52808120
-83319470
-14432806
-47098405
-82436931
-78917678
36974551
80994732
-96030990
-14435541
-79312265
49656123
31629543
-90372682
65836078
8606270
19788221
-96506063
-18935074
-98669051
39323877
-96041875
-9499931
-90828673
-90115180
-62472874
-92318420
38538529
-83834320
55170247
66915376
-49314347
-5399674
-14501171
28355293
74481765
16298668
59740704
4122960
-4316150
-797121
-57773548
94351800
20442215
-94453311
89057905
8340863
-147398
-34470757
61705260
48585907
7260657
-87622694
3270375
76779863
6366715
42187477
71101072
48096035
-52075182
-20814980
44536181
-25933140
-57708695
74967280
-24245234
90059356
-16547118
-47393033
46607175
-72326472
-36249261
61640229
-50474323
-58203451
52671049
-67185445
-61227663
-15314985
-37869578
76976128
-84811995
-36493237
2532939
-42912665
-11227466
-19500949
21873014
84064102
53119556
23517696
-66930183
16614839
-27190204
-57185680
74317348
25716288
9088775
41846749
-31829059
-72008175
14439029
-53894954
68626920
74530179
64434616
630034
-71569118
2094179
36276673
73446074
-75297698
-43075360
-49944433
-41418045
74159940
84793804
87052015
-99362947
84693535
-13619050
36098196
-46311084
38723823
-38680786
34215391
24168474
-58649617
-58336841
-98610905
46914622
-80292374
21191968
-90077789
52911621
-12128412
71594551
69301977
-40389638
6081180
-59163793
45573822
-38343440
55013059
-40720556
-82390878
54384991
-45630658
-89389839
91160520
-65862046
-17211724
-93354012
28373932
-45734583
-37556470
-91552238
-92085482
-97261031
10834924
-78771256
98172511
41476207
-34886649
33446566
-32344782
-31671990
-60370314
-57188752
92643692
86385909
-37789344
54956697
97117479
-54834083
-21193129
-42532548
-75584675
99360080
11182258
94866700
-74584255
-24850376
60662863
80164121
-74334962
2977001
65786608
98334016
81865837
-23337791
46022188
-92726115
98399585
97296038
-47775256
-71599053
-93663952
-46156213
-60171719
-24723344
-80256384
-44680360
83117097
7176223
-70844890
88081067
95736446
-49042166
77496283
-21656006
6296818
87688620
-90128543
48454596
-34812617
-64501738
75676845
-48777467
4712137
47356139
25250478
-25009081
-12100931
72227405
97401099
-25733531
-55688588
63750272
-30973856
-96559637
-96816264
2296742
-17935409
34065571
-38643986
17834351
-80253034
68060551
4805039
-69024178
93303457
-95987234
-92273109
-55238297
78200399
12394163
2131430
70002680
62775604
-53849737
15778628
-5759760
-24144088
63892183
4683170
-81881553
-16307823
30046271
1805284
-86200403
-3757194
-83689272
4811195
39534329
17641783
-96141989
2549369
20977208
-26028185
-42995139
33026470
32737339
95192777
-20492021
-19418037
41920833
64805545
-13185303
18330558
-49010658
4916158
-14540649
-76837520
-3082862
-18375915
-73468992
14288164
40173863
12408798
2308966
30908481
86176628
88808879
-60184842
48486793
74686635
57516137
1185440
96619147
96206874
12249213
34470527
-49310629
29682038
41888412
-93202117
-71668295
58118041
-32143203
90094209
1721701
-51170841
-43036053
52868638
-29418832
-12568596
-57688821
-63968222
51284635
51803842
24310102
1775480
73991084
2171896
38279608
71264612
-26795161
-79991201
81222454
-16120922
-57409966
98774276
25018175
-39895180
-25628586
-23085967
87595188
29120437
-18751781
-23013488
-38327736
93345885
3800100
-82516078
26922071
-72897734
-47386749
-64986428
-21569303
-55346426
-20663350
-71594389
23239850
-5696363
-58573489
8444873
-35525035
-24016657
-73642474
97766585
42706715
-61072893
20584915
72884729
-35362784
-89232617
40292901
31807251
74817217
-82554110
13024082
26282739
-82412785
-39332462
79699147
-19494536
-10948511
-12232349
-64490929
20595997
36534708
-50539426
63474271
91231128
22476458
-383844
-26906642
94719239
-45068645
-44369696
31837135
9259774
44766749
88918219
142224
76755985
-3565510
-72066930
63803423
-25267990
26562527
-23903483
74954285
-10143715
22074520
64513947
-42596836
18636679
-37896114
-72489696
20495499
-53495510
-25607954
61020396
25474665
-73225576
-16199737
15210340
-49191592
55868730
-22098928
66111366
20903004
347675
-84182702
-19049165
-51979527
89557847
-67401115
-76553343
73775581
2038011
77493697
83686950
42660369
-66983955
-19066826
-91818737
40630702
-12793043
87851923
-99786480
-38022579
-82466160
77400102
-32194278
22079027
-6103880
54584149
-39813698
57568081
48286544
-28566602
-95687694
-80375792
43258916
-4401254
32324067
-1246954
-31819668
-13985414
-96424795
-78174673
-17003626
47118588
-72402400
-47592582
29229908
-26126832
50203679
-42565033
95712950
-59331758
12310442
31541405
-43314997
2094660
-85914032
13026262
-44820333
89061255
34666982
-35786289
56601366
-53655102
-56733075
35778278
-63242914
-31996508
-8622493
-48821189
30964113
66923168
-74380454
-79288004
-88967091
38669352
-16145584
68795890
90721284
-50273859
-13693835
64036656
60481994
6880741
-49976285
90878589
73969954
-9199086
-47583397
-84821822
86757152
-58180494
-95991651
-84923341
-787303
-58207997
26565449
97756903
25835353
9310404
16102202
-95423053
-79579264
24485705
93674714
62440659
19097738
-99855355
42513680
46286253
24296244
91409747
53912660
31846012
-39494668
77216827
-24773958
-79680277
90556579
-62363727
-97671742
42303728
78664274
5720917
75241225
91665969
18343797
90627611
91873904
88101374
-20766664
97733178
-16250119
27091462
44954803
17063679
99946240
-35911777
-96684107
-24524250
29289398
73482003
-97078587
-20695711
33348439
69929643
27412485
10716370
-32068326
365376
-57074812
-34040097
66123141
-77062229
-73224625
4288882
-17875924
6953542
25055882
39495316
89453891
63209932
92131125
-38748236
-56777651
-27326444
83526153
-95874490
-38427430
-15687986
74087949
-41784669
83128209
62472267
98633970
21575296
-65293056
-22005756
-32488795
4850174
48681353
-66470706
-29759975
50737810
-9599335
75544655
48698030
98430954
-84413571
-2411536
83230383
16993077
64564429
-66029168
54784937
7704550
4568838
-25517690
-75369555
-79159602
84302531
-58652105
82350418
78808999
41780424
-33480698
-40794178
54066269
11141792
66563305
-90387310
-5213775
-92162897
96246351
9467058
-86904687
-68414631
6387173
98651422
30384931
-61151121
-65220470
11213432
93199253
-19289220
-92709410
-84821070
-22249219
49154758
34477823
96413155
36804853
-98791792
29036137
-60528703
-33113612
18323886
15665454
-44392072
-2918046
59381406
-17781246
-33175351
13507674
-41165198
-55702794
56430628
57225775
-35662075
70440798
36095502
80061148
44853128
-58273949
-6274846
-87740901
-11444781
-44160855
25115038
69699068
26755344
-89934371
-46969489
-768493
98413843
53381494
20920709
52795142
-25378682
15614440
-72420364
-10586100
42117811
76282423
-20016262
-21193363
85732746
-69456938
8167082
73889797
69992180
-64604498
-56523381
44501092
54552445
-50553722
-64618533
48250020
-22219611
41824512
-88025099
-59290682
-96065814
40941410
93972579
47784319
97855809
6995687
37876747
96314940
-69240201
-71724913
-8476453
65834246
-46200846
-65443350
36036467
-64637527
-94414062
57405170
-77167364
86434089
-5727323
69549489
-31126215
55620421
-28031193
-51141487
-74046816
-12279399
-8021496
-44272387
46104026
70481994
93572204
-25511619
49600246
41546636
19981710
-66348071
86879090
73551961
39552825
56662791
-70108803
86392871
30043446
-30944959
-63221199
53315286
65813539
53658316
21883470
74485889
-51883992
19813899
-52117113
35208113
-49499634
-64933886
29405514
51612372
71179542
39667260
-87895570
-98889905
44511493
18815539
35291160
49566165
-57560317
-76979334
65077637
59469037
54677821
51109836
82905424
2511741
-67147445
-1723032
89976809
20684068
-79021521
-21856947
5113642
95652976
-16847699
-4611744
-57296259
40944883
-8099947
-4981395
-11158763
-98787829
75483748
-54679687
11940034
94868572
9258563
76040454
-38755843
-31181737
-5610481
-49587760
25261001
24385100
-68042640
-66463474
-26031819
66297129
-8447164
7129783
-23864683
42775222
82834169
75887818
-15987736
-36715874
1842419
-13816571
9246102
121057
40081048
-14158792
-73559521
83044651
-93790054
-70144422
44542435
-34226793
2381129
-24911322
59581490
22690845
25182059
34684249
95395919
-90980979
38637935
19888276
18484696
-3316344
1356727
63216095
-46607131
76220285
37647625
-83321644
-16839776
-9400611
89745927
76795727
-83145237
-99947911
-42823938
-61709345
-81654052
-82720637
-45182263
66496869
70226958
91011186
96216221
24453826
-94600697
89696127
-67943401
-23265095
-86335478
64162304
-78141223
-52954740
8093901
91129067
76854788
-35094143
74788271
-5228049
-45743280
41005220
-11813359
30736569
-39358074
-91596021
-7817044
-26562976
67206672
94268334
-62524300
70091072
34090746
79824272
-23864811
19277808
-1852328
66194847
48860858
-50819619
83757332
-23030136
-56991393
-72323643
16077158
-49762627
-20932401
-18580518
11986677
-43770026
-32047978
-3967423
-87277204
38852764
188083
-49377069
-60705703
-80378933
28072185
68387631
92429304
-42933223
-68556093
17609735
62033434
83361908
9462161
-19234094
-66200272
95567822
-35080133
-33588404
-60016570
-97502883
66567508
-59485815
-88986513
-63024545
68066554
-87352475
63933436
8213916
73889811
-63450602
-74730651
-74484305
88257129
78102352
-47544344
-33957397
-34107272
-94210206
89732611
72307411
49107307
-52210640
-10171733
88644571
-72239744
-61156133
32873983
-24995976
-14087067
-44296189
90671893
-13720788
-86988506
49346068
-35300044
-89436603
88242909
2925804
-99983936
58266371
-41274121
-44298476
30506166
56958958
-18635009
17304699
31286296
15777829
56187754
33610893
86654099
-4220771
-44129373
-38782722
-91872768
-63321593
-72071818
-32474361
-7632122
130548
25587862
70070994
-97789892
-45753319
-70081082
-3027499
96318930
-26309747
58250608
-66986046
-40714830
-99416979
-8704969
78569718
35795114
-16648317
-19277133
-56913415
37800771
-79187984
-38497661
-3546925
29447961
-58483104
-5575770
-18037222
51325242
36551181
-14216556
32402347
70469852
80707293
-23839872
47792197
-62349931
96325322
56492006
63822744
-19548561
-25493533
-37237516
-51909623
6001635
-47171517
4283844
-4543936
77269392
80841436
-2563470
-12686842
-70004836
-29916211
-9627336
16413421
-17377661
6222655
-14269152
68331452
5316379
68939231
70725931
65614752
35988971
-69439088
83691400
-66873191
-11738331
84834487
-4225920
91149573
-23291169
-26786415
-97463759
42419558
57286011
-6540643
-86405805
-5546778
47550139
-52529374
-87808098
-40465677
-77466757
35268406
-19592894
-1942399
-58345845
-49599853
-4257261
41825218
50241723
50209895
31164383
64763341
-89129893
62599703
83919040
-15702379
89847818
-12655856
-48227554
28625153
37644336
-74226094
59732241
14229637
-40297976
31259454
-79240441
85147201
40763941
-12491356
-50102461
-13662377
98705005
-56357374
81049601
95066920
-63706646
-12525292
9304676
67778862
85078857
98124896
-9173007
66924523
2598522
35881318
-10830501
-50752559
73827129
-10973641
45232127
-19257831
49278657
16465523
-29378092
95425486
-10245400
-73130526
11733333
66927195
58634217
38559084
78995090
-71271135
-54341815
61324145
7066385
43814737
16506418
-16979726
-42434844
8872079
-37464331
-67988544
53026689
-48018716
-71145807
-35894424
-18553631
58230366
-80991741
92509585
97371638
71693454
83676524
47558777
-41343425
-55208360
-72285010
60958365
-24686635
40601176
12856236
-65394081
-41981376
-28664337
59378112
-84020511
-7943049
-47420676
36156697
48994577
-7327678
18425341
85121632
-87645766
-92114317
-13521623
78652438
-3583593
-86315962
-17847347
13004951
-75591428
43371015
6529710
41274327
-87849719
-45865263
-75348849
-69498532
57676404
92330298
-47463994
-80157532
46687086
-29453225
5721848
-28625667
81452075
65866335
99931176
34278636
25223582
-10862294
-1394733
-53909693
75259705
63830672
22328676
-74182560
75220851
37703614
77164931
36971365
-70979781
64502253
75339455
13320564
-69343906
58312822
-73480006
31570742
65363269
67716293
-18207849
-28922703
33435578
20195279
-75244114
43454396
-76906634
-4781680
-27094809
-26193990
-24872792
5764344
-44334631
-81364945
57194882
-71112184
-85389447
-19824389
-53851151
-76727335
-65674037
-13984901
50567630
21466490
55156235
99433541
50848351
-86939079
-33516271
23255243
71766658
4338845
-61364546
-47893191
-31746077
-64863970
-98936396
-76341169
13015295
86083406
75358819
-23163185
20755589
-20887103
19219493
37820480
-28724760
24706235
96415115
-96948806
11169492
-87939245
-72244306
37731266
44921619
-49469229
-2778257
-51377123
81682589
-42532921
-9527445
9051373
-42070922
48709390
-95763581
-31977232
-42639805
63546909
45443569
-18687590
51378908
31990530
-85119597
13510031
-97445720
-96273445
80650864
44487827
26287377
-51610199
5931769
-19436289
86741973
83103847
-41242940
98443030
31286657
-54375923
-2277364
-90475762
10221569
37079107
-954371
-79605888
-930642
43801460
18289475
20731417
50829625
-26231493
35925438
-40736407
-68862111
79640072
-21604843
30249762
-56613729
-79767279
70854512
21414944
-65389064
-26378233
-88700948
-78740133
72690919
52107312
-91660772
-31034327
-25188804
-32791926
-96529566
-96653119
15011836
-9315120
93745658
35809359
-338467
-96826453
71478666
39570349
8394540
23126772
80780984
98869214
-28717469
60982167
41528183
73322647
-26135305
42309456
-75832918
10055048
50229451
63833294
81967616
99666320
-90730889
-53589794
-49490335
14143162
84423693
-62595490
86220289
3909375
-37509037
-15522009
6875577
24881744
45150253
-68570174
-25853679
81403861
115621
-96913672
-16291796
-48299641
-39417565
-93458656
-93116159
-15618418
-78036985
64475268
-24245103
-78419664
50341295
7814287
-55306293
-94346130
-305548
-31053686
-76377512
7277319
16563073
-49261156
-39075135
-15022978
-63454518
-61884527
43408793
-1326993
-40116023
87907755
9293934
98467365
-16255534
-92136949
-1544954
30830992
-34660479
-48732423
-12354806
-99313444
-84877150
26804425
12880302
-17937824
-62749082
-2861947
63760412
-65764769
-51531155
87636446
-89978210
-92083706
21682019
-8033029
-29238102
47509599
-86660283
-38590521
93383787
-33353588
46657064
-72448269
-87103211
-36490727
-80540947
-90369901
-6034834
67403828
-94911964
44484680
71092615
85132175
-3104993
1696051
-66972503
-41952103
8951
-54017198
8722447
-48382767
69808106
57903272
55034429
-99305960
-53722459
90295302
77905645
63258431
-75515934
26754389
-15690329
-62140711
-8362022
-62030470
23191779
-84381623
-35832784
10643173
-32383930
22293005
44261608
57109324
-79564041
83406697
26922509
30055383
68051485
-82853393
-63257330
55905414
6229676
-15186724
-62253870
-52857750
-3125267
-57620088
-11851955
-29770720
56949977
42733779
30818016
-61398531
-27259270
-9793756
-41392874
-65247729
23502539
82872817
2350583
94897899
81519203
27786025
35043865
28046240
59741934
8464603
91614550
-87694179
-31631639
-45292915
-48541759
-45842196
85559096
-47516056
-32896584
-51730910
-92946404
-43793164
1299621
-77004994
6163229
-79147331
14790331
-84557902
-11753229
-2027530
-40950942
82754274
35317525
60090215
47862862
8441170
-38484559
-21052952
-57316603
70164278
22681373
80121282
-40740460
-39187817
-5898738
-58683776
-33143607
1080199
76183711
-33612639
-85277767
-69203393
7776272
-49895736
21245433
25735522
7229376
-1356488
92189947
-53129790
35982964
-74219788
-74506198
-81199143
89479905
-56883981
5046215
-37959724
-53901731
53491899
59819817
91104595
9759256
11733422
82841187
-59386493
62221372
-68925538
-61031939
-47117012
-98671218
-53281642
-94476598
64885439
-17626948
50522048
62231695
79962845
99111611
22516608
-98711469
-57217837
-89771588
-45364587
-5325979
-57805106
7881804
-28177060
-72714081
-81594124
-41438831
-9971983
-74488207
36376013
34215138
87352717
-27053240
-41236833
-7006914
94399712
41800667
18731750
-37787352
-98019411
51327893
-67113523
39146535
-6181014
-47830165
78186275
-58221772
57097982
-23879564
-13487036
45006262
-28941095
-94238521
-20715296
-90560161
92571358
76595568
-87454653
76967000
95183339
1904285
-21480467
99828444
10559997
-23393601
-67973110
33945227
92758749
11730707
-72328110
-98532151
-92942430
-87564373
-21478231
-64844931
94640246
-85706847
-64742801
-70605591
-21461960
95389848
-42533138
87224702
-62461324
-23011327
51416403
94941404
-51334838
78332888
86041938
-3879105
13413797
98465099
19993879
24576346
-49995899
-51821260
-99374000
-72641693
34295030
39748947
61418305
33326834
-96038074
45263529
69358658
-47969228
-26998375
-44757709
-48320897
-82266653
-74744505
-1637555
-40838971
76757865
62720590
83072824
-51005525
-79316289
34738525
77217593
8417454
-24010588
36622841
-66376254
-4631409
97112854
-48751862
-71314852
-51403970
26777569
-70926141
19368169
-79735753
40358661
-10147427
-72021110
-38664016
-32129515
40803283
-10757591
51747035
90984143
-15962703
89287825
60540283
-67347237
11473957
-24206813
-90611070
70295638
42025387
28117718
15650717
45933217
1787498
-94965697
18894111
48575462
-52810796
-15078251
25289964
-11838444
96968424
-37465843
-28995878
21187850
28461255
-86494163
57081495
-40159987
-987513
-73472165
-65342868
22855035
9120974
12092776
50787326
-26496326
-88850452
-88963436
89756926
-38091786
-33836721
74097653
-54015401
-589067
-14472953
15568583
-63182158
-41375344
82403373
16515520
44113676
-28371478
64728502
2896110
92991635
43885013
-1798164
91738965
77778478
93367677
66559190
68571876
96995825
81652997
-42035005
6013350
-5191336
-47455798
86860180
50702223
82510392
57354739
88974261
94415153
-72258654
61129579
78475516
-76599846
24874266
-89514570
27543829
-8811965
-258987
-92154449
-14038203
-22338922
74977467
-87183954
-39688248
-75639237
4067926
-68744079
-11971986
-89534197
-9576861
1444789
-76518645
45427236
15411695
-78145921
22959272
27547052
55301175
67854134
80448015
9537397
-4343121
-82772156
-16242497
-46195851
72562538
93564407
-23313961
-15186229
76195535
-44044484
92069663
-69027184
-63082361
-6219284
-56016408
-67423654
-83923703
-93315633
-94844965
59173704
-99745646
-42537066
-79381664
89273328
56440285
-4718794
-43821824
9174614
-71819956
-43174104
-42797441
37989052
40923148
76100068
-3746350
-15983286
7001502
-4493724
8471258
1651532
19489886
70882040
55809307
41728211
16563938
50356616
13684088
-97961530
22687305
83150289
-20639037
-18213686
-4083399
-39177709
10965369
-66967510
-33149729
-30796810
-28827216
-10816872
-95784958
-97310254
-4225446
-82141405
83751994
-94866416
-6449728
-41205088
-37558836
-88098705
-59729245
85583398
-46372432
95039114
29177676
64996770
4961831
-48608145
3815019
99639401
86495343
96908100
27809341
-70763124
-89538099
47192050
27883768
62457709
-29170583
7460646
-52194979
-81926185
20680074
-95680409
-70948786
8826617
79931836
1822774
-12441171
15235088
94495223
-24629070
93441377
-21374890
-53623360
53931998
-1778935
-98386599
-68903427
-60410513
13858445
-35453688
-24609213
-11253901
-68257178
42266754
-72755513
21841677
84794989
-29446291
-14870828
-31326886
-48170217
82786341
-69218246
-91746891
61166868
91237720
-98808521
-20640509
-69781082
55670828
72310863
2431785
32702079
-86458120
14306881
-10004033
99190891
54979791
18849339
-99223902
65790839
26495363
-72796156
-84539395
-50953766
8884761
77755006
-99623404
-42798050
-41051537
96758282
31573642
5220001
-69555483
25042236
57822054
10067420
-24295713
-92691031
-69819965
-25267181
-11887566
-85851495
-81430578
6921200
-54750556
42626618
25111772
-7046059
-25805187
-78955846
9882837
-99418261
27620758
-76069029
-25070281
66052759
-18419989
-1699285
61378528
-35128396
49199854
-74059996
-3975812
-77095395
81123149
-47447413
-96484272
70671973
31015159
5850329
95214928
-57747788
-85097571
-66920341
90940732
-13500652
80932043
-12468535
-89726431
93220634
51930850
-32325453
14374988
-59840965
-16410306
66736416
96817141
70114767
30786052
31420998
-34053494
59946692
50041469
-69122675
11517310
-31137998
98897516
33375625
96348251
-90683462
-58618506
82724021
-800826
-8599757
-99470301
-1530599
26039233
-5280938
-18623721
-81870453
92233605
12631176
-44721538
-8479227
94884924
-24669449
-915950
99818797
89737157
73922042
-94554977
67529988
80440039
-76729124
64634359
40164587
44806850
-99342203
59647089
-43293915
2111369
-8963038
72429463
-4545276
87274707
93851997
-12940464
93225453
46870584
72297407
-34047955
90648392
97458707
20185111
14083747
97068178
-31565896
91396473
35593672
-60042563
99906976
-10223844
-71558097
-43614651
24123604
-27800262
-35877512
-5621184
3603539
-90639091
-1238707
68364674
41537998
47530771
-63607661
-16119502
-83225229
19158916
-18390471
54234686
30097131
20517746
-10852657
26852487
-58429089
-66070961
19499899
83832992
-95907271
-256408
-56996729
-1674328
-97856765
31692509
96483610
58260955
25716325
2453540
32383390
-7222671
32163349
52711265
97063966
50552282
-61765456
7644708
11898931
18630621
86597812
16764392
64796687
-32808945
-86870879
-94317988
31841932
4502068
-84928155
-43387623
-93922483
-40510748
24977665
-93217775
36339854
-32289979
-8803045
21946286
-83478512
19398633
-41457973
73754854
-52694944
58835477
83574874
95206867
80855710
33039812
39403398
-17038163
73156933
4757891
23079375
-76526073
32624992
79301975
-76139481
30848652
-11304451
-63400596
39661692
99438922
-44158554
66376888
48407009
90161132
-84720494
14866758
-55249564
372896
-57214609
-55817302
-26021545
-41189908
44238383
-98029705
96302014
59342260
54524286
-2487910
-27194464
5246965
-28843924
-27398588
31951107
-18439798
-41132879
91123588
-16114723
79269108
26728574
-18284282
-74954178
-90729466
27708802
-85152860
-17547566
77808509
98741866
56905545
-39260320
77950220
-48352791
72250395
-12724927
-7088782
-60434651
80250747
-67961995
50531363
44553219
-63963077
21941711
53668707
-25201390
22738106
-68395697
-27514297
28866486
83834231
-14770992
59608938
88012834
-81826409
-26672904
65883728
-77881375
-76341990
25624856
-96492386
68430643
11820828
-63631147
-29047860
40370788
73706468
-23690389
-18938580
83906730
41441979
3987586
29193080
-38673308
34940411
-38784843
30179369
-93791160
-65434561
-37301567
76878238
-28646646
-36221033
-31627876
15646364
-61341290
20625708
94640710
-20968138
53402923
-79031386
25170317
-37775945
32108354
-79847774
-42855883
73260259
-14196903
-42575794
20650912
-2334641
-49798551
26223227
-38723092
-6857417
54570052
-87650909
90158817
-99881052
44265061
13257435
6594939
20637448
-1665509
40671526
-61142605
43430272
84380835
-28428497
14686851
-68636487
-15645296
-32434824
-96238255
16763224
56256003
-61628494
-40442369
-38717221
62946148
-56272318
-33565880
-41856641
-70048792
53853265
40094384
-53424182
10750607
-27524900
19225308
-46865769
44450993
-4718072
-62280988
83483939
27108499
-66775016
-88164646
9649020
43021349
-76859879
-6523065
-48979513
31279079
48016894
21704872
71126878
-25030133
-40287962
-92255970
20214375
39734178
-47272411
74395101
11558320
11118327
83383594
52046737
94394151
-91672147
-70444257
60147024
20740146
97634672
47962509
-73760092
10989386
-36544612
-74741716
15826728
68302432
43039950
90970555
-15850332
83068121
-64097927
-52244643
-6808216
97766813
-45380679
-98047999
22073803
-11610984
-73941732
-88457536
-31272444
445843
67131474
18169684
56773905
22043788
-70786592
29512707
-54953551
38387381
41901337
75710490
76139778
253309
55880162
-40044978
-6547232
-90987158
74217625
-9931292
70689134
-64457671
6809925
-88962798
-37383437
55777876
4291816
-22443226
-45862355
-24424868
55277337
22157421
-61077465
76427341
20466518
-58332603
-93492910
41850533
52834982
-21535409
-10930544
55878323
95144898
-47647684
-52575336
-7641139
-56731142
39528611
65527383
63126472
-93274995
-21730402
-76194883
398328
-88159996
10326642
-36239758
-68182716
15636067
79611068
-60657184
-55789274
88051494
-22196726
25839386
-58931731
-37841569
20366098
-18468996
-12276741
-42675799
5204948
-30454063
91439113
41232469
-19878122
71844294
1220641
-92140151
-34542460
-46457715
-74921373
72208367
989710
63776741
-89877178
-54904252
8671027
-88093676
980166
74956764
22653586
78987012
94229114
-28266667
-36140665
54621779
41590645
70806595
-32614923
-20148496
63628889
-99232416
-3375077
57258570
-17691283
90648893
14484133
98295624
41070908
-15418470
85353648
23877770
65929366
-77765701
-71618506
78950085
92311457
69928014
-6510514
83963411
43745561
21168077
39667845
-3621282
-59022728
-86739008
-69629239
-96182675
84406333
-71714735
-64350924
-25516849
-93057371
-69264482
-13035381
-76109863
-5966146
-59799893
-72854941
22590241
6051979
2313893
-84022159
79984282
-84744621
-48273409
-30216784
-91507179
9856510
-41351379
13389077
7234041
-30074370
-43468759
-89223214
25815323
96918880
47002202
29397012
86785334
-60204822
98796190
74619770
46969312
-88709340
-69598380
-19983714
-80117066
32624610
-32800746
84371475
-61076718
21900989
44757165
59726170
-34061618
-1519432
-60716930
-49707951
-90375665
70824072
65929182
-27999869
-19588117
16891649
32911055
-25852489
3939624
26316028
41157239
38464040
32869515
-197425
-24934237
95800061
-25931411
-54858295
-64902695
-49921168
-24360482
40832649
-71951945
6599204
77904949
93463092
-6274190
-25363897
91986241
39914061
-12547394
26468939
87622001
-95066710
28727297
52930707
47980043
90652435
45678993
-78596410
39832870
6882100
23606654
13255081
-52562604
-58159656
-44677715
75308481
80472133
-92673479
58871264
-13903261
27494745
-83099348
-29969937
71057071
-66400751
-35916811
23988133
444145
-80918311
-62199877
-17393175
52884936
19623467
74218968
83368483
35639022
3775108
-37997634
-59581044
71985553
-43490615
-57019107
-92254784
83070012
10751414
54549387
-96261124
21136126
-2397134
62605491
-99540474
69832543
-78760844
-19597848
-85718509
11861370
-46507891
64575582
48315871
21711626
-14133667
-91824345
55924305
40036833
8974287
63915815
-17977661
-67755055
-4086926
71700926
-27342014
-81597940
54698742
25771429
70624589
-98707304
73315312
3660949
84097737
-36470031
64237630
29210202
-94888172
-42824548
98323272
-64337416
19503732
-76888519
-24434391
-69588543
-43194637
84425745
57076442
51108717
51434966
-94891903
-7071702
91260696
-50480167
54425161
86389255
-6450635
-83135386
65274836
98722808
-82390697
-99695177
-52060602
2122178
4316890
32780057
93456290
-6290419
-35520360
98620966
51528725
-87171725
-10184766
-86361955
23269788
-60095010
71505013
-43617249
-35663226
-83773004
-44928696
-88957684
8808633
22394748
-3203949
67209283
22535360
85991652
33428993
-95513389
-74164859
79345152
-53060901
45285359
14489078
57625801
-7701435
37567710
76194850
62371052
4201704
95035293
-59393358
-51507072
26665892
-93077910
-12328013
52696558
5636473
48496519
-27531907
52695940
41495962
85598495
2187282
-90240462
-85362202
59950631
-33556460
46170812
97326598
-55176063
-29919623
83898897
91108533
-66660864
33071891
17778516
76215276
89014939
-97325352
71399537
-62400494
-25458776
69139991
-15789665
-94562455
-78971135
-52135689
52140175
-40665482
28477171
-55450223
32825400
-74257798
-30308679
-30516104
-72906420
-41638346
32487102
-94469169
171734
86873303
80752471
-29771730
-15416747
63574656
40882060
-55803817
-4641959
-75228097
-39759368
75158850
71841539
-52175015
76615664
85534560
-39307471
-3101803
50251261
-75675726
31102197
-34848134
-54545190
-19590321
-64064072
-58939709
-60034176
27081139
1623535
-80575882
50845080
26127591
77430807
283448
67365770
-68445337
63452582
-98630142
21212983
-23831849
-26338016
-85141626
-392524
-25511760
39469568
-38069795
22686160
-12655822
36913161
24411136
23466638
-99690379
-76642594
-69686791
-25139847
-28748131
13291903
17502779
-17834182
74251161
88155926
-14529432
24115060
-22607032
-36222210
70569727
63927612
6832777
68007416
47319658
-60868723
-98673993
3818226
60825794
-21168952
-68282341
71503772
486368
-11873740
-77132759
70609381
69898602
-98079629
90164366
-83056953
-73907238
-46017499
96170561
-73028557
60100549
-8066733
85335587
-50549666
-19725032
39864396
51559763
-75477617
60368056
-93018012
-4546941
36472947
-54764049
-19445547
-97355846
61287143
57491602
-59035680
-30721039
5813166
-79586588
31742976
-1556677
16700958
-45345319
-8041967
-42618372
23647993
95924090
51142362
58659047
49495455
98588473
25227946
66404469
52126243
-34452261
63581750
-78886082
-84684914
-22054114
-21139546
-90259653
20832788
44641863
-11606867
12182935
-68483918
-55060539
-28680093
-2643038
-42461538
-33509400
74312006
-74470269
-22552131
58356166
51410759
90779832
-22427626
12707183
83799943
56634969
33503572
-42306822
-16949049
18144672
23298028
-5452270
-94494002
-74731609
64592797
-33380209
-72105293
-58670118
50203585
-43457371
-60446091
87736384
88778830
42235292
-93498429
-9452842
16129206
52378167
-32737834
5492353
2688435
-77362903
29265514
-27873128
94009125
44240534
-69620200
96312273
-66388060
-53107557
-98061095
10650261
24684022
-27204923
-1222523
-43070838
-29949362
2811625
23332032
39266960
15315281
-5040924
-8781250
2392758
41070332
594375
-36654265
25447116
27240794
15541997
20983186
-37960533
47565538
-87896004
-18445946
-47589239
-97056555
82215740
-87436122
-32225396
-48942028
51762034
-47313870
-32175131
17732872
56644101
-25726730
10756681
17898980
-43599116
-18426574
66696029
78356973
-21359655
79998605
56234800
51818441
9589544
-26361205
13622542
-39613018
-49231170
26087246
-5264406
94649299
-44849699
-37055301
-29151991
52331150
82905034
-59196370
-1147560
91157042
36348021
-1912214
-56629618
97512297
45233708
33256284
-30475035
87167940
-68364610
79803290
-60780031
-60508829
15671870
-71222201
5068155
11757598
69092624
-29537131
-52289802
-5016569
44433266
-96738375
-8932281
-50411891
-80238057
-78212026
99834615
-92971440
20547800
-59350919
-83020450
-64463721
-7225909
-88738785
14518645
28569672
14805151
95950566
-8721062
-82370966
62187619
-60978343
9587205
-33025367
60865706
-79425623
-14582573
38029394
15035067
3634635
-46735351
-47697962
34179375
41085851
18042368
47818637
18156750
49921463
98003258
-36001517
82317731
-44684836
35812113
-10725156
-14518778
22896819
-37582983
87698812
70076769
47680492
-60333809
40645175
80939147
64143771
42715651
23636578
26610957
44629134
-74256316
-23702612
-62674333
98470883
77230018
-93604143
75115668
-93286037
-38605020
31963621
-81820138
35804190
78785023
-90513917
77420980
37773839
2092440
93919932
20100038
-258661
67085910
8868727
-56917871
53948269
40014718
19041449
97022600
-47385189
-55155965
-91655154
-97322924
-44687944
86326079
72327856
-57544724
-33426620
38231306
-75928024
-23959870
45659945
-65252702
-14247829
-11783399
57342112
-45185505
39724100
-85119012
-37583296
69211930
45701439
42922698
51850004
25580085
38512816
-62262839
-44081194
68337221
8919462
97591381
26401911
-27726613
-48748010
41513460
71085399
48915726
22295892
-76296436
27425595
38073025
-54387350
-51618725
42222280
-11502340
60976558
-49729712
-65364816
94831251
31783033
-55489874
-9477790
38976365
2933730
-48350198
-60368545
-93067609
69155289
92099009
-77173008
38455066
-48517196
-77373687
-12518395
58364776
-63523690
-49619241
43439694
27398889
-94472757
-53399738
-3499623
29344897
-12391964
-26786490
-10374154
30946683
92111844
37559132
74841005
-63057381
62805756
53994594
-72555199
91001259
73556738
-30175537
50134250
-32954575
15056221
-72763383
-32939122
96421776
-55136375
65452245
-54003273
42850479
-75363947
42169069
55033359
55351467
64215422
-10576194
21370689
-86288877
-78072902
-33152576
65023223
85762375
-88331104
41999405
-61387097
-15795346
19254557
41689026
85296890
-53602421
21399608
68850056
-35158051
-93476330
36009274
91430163
-77571393
-25163978
-34720374
-46973719
-38536424
20770873
-26114561
-44054232
35388065
-73408436
-67296684
-20449147
-38761718
72723189
-25583329
-51554097
95729137
-80386685
39580608
-7661858
-54101238
7612891
-87525370
81930106
-47949971
-23001629
25093897
-22451324
-40005865
43257039
-72450047
76720371
27716397
-81578287
-60534617
40280921
-11638515
-52836237
-51717832
42551621
-91253318
40851099
-9420842
46947537
-94758906
-7934405
-58713573
61065050
-83409803
99219864
35630149
-97131648
-701773
-78237551
24024828
-42537016
91687648
89143815
-34787835
-51826527
7492061
82707275
-49007839
-26471833
-33228824
-73432174
11491706
64079709
-45125930
-96952259
34148500
72279882
95712855
-79767118
-90930119
1138336
89978638
-56484238
-16824758
6824765
27355892
-60931957
25081163
-34066368
51724738
3754405
-60599164
33784141
5888919
-54276928
61294950
16936578
-95109649
-95413536
-55807263
52467236
54248197
-93995637
-64433993
-89066654
28817189
-44837563
99053297
-82973027
44004559
7513422
-40874936
-83960381
9902302
-52346366
-91328949
-11719464
52211162
22496069
75569103
85901323
-25611287
7559828
1624819
4486335
70906778
-91090554
-4191810
55771447
-5084644
29157651
-44381035
-28372870
-1742408
-10139682
-28369568
-43245195
44136099
92705564
67276543
-76140191
-29203431
-24494819
-2983067
72114261
27189763
42940701
-31297469
62400556
-51813862
-85641328
-86196472
-54648065
74152950
26709870
-9798561
-49295949
4097964
13597699
50308304
11327106
94870134
7827607
-84849901
-10366670
-47700820
72945305
51824823
79178245
-473589
-67576757
57821481
45745247
-42540811
67482743
-69702126
-80593898
19629630
-99663416
21280157
84500080
56234016
78492282
44489991
-67060542
-4972810
68214223
49738865
-19413436
40480818
41390747
99920345
-23313448
-51964180
90551056
56028276
-48739092
-3072254
-81874497
-32760743
2081706
40755770
-85286301
86062565
33348710
-98337112
-29936478
-77763382
-32656194
-22480179
-4317976
55582307
-44697973
27324920
25552216
-80620243
29190668
23181087
91958860
69332863
24140934
98273160
11465697
-64328324
79426380
-7691628
2562323
17159661
56930997
-21709799
-93979824
34912720
-2855989
23106554
88333232
75876972
85733769
-11056477
-67820717
-32113989
-46557477
17624785
-85528303
-79101767
708483
-99864925
-64891122
-85696852
-80508385
95551307
80130545
-86838367
-33303408
-21789393
-84405764
-82735905
2492959
-3680200
-24830440
84151004
-51658789
20812729
-37725694
-17732276
97668001
73228172
-88995024
-81906081
-34235077
-84619251
-91677071
57633829
11803416
88270452
-12360205
54070413
-7802018
-42514835
-13989832
-79565828
48706519
93932484
27377160
96948790
-17093043
49161286
27005750
78306804
24036409
30754505
-39109085
-69387147
-51994247
-58377544
25288715
-77368785
-79810420
-97841642
57050890
9788592
-70931599
77402660
18659548
546957
-92085750
-51426139
26186996
-35878253
62995751
77928413
-36379261
-44311320
80917335
-78236420
-23410701
45408119
60253719
87167332
4227024
35924051
92104411
73334367
36432382
-49322106
-90522978
69473177
-81742436
-3697044
-26251035
-80798692
44489575
59370246
62034945
-95724252
22050419
77734910
-9231671
-87154947
-799973
-7566303
-53746359
62202552
-31462117
-40731255
60972104
83293547
-80321510
-13292399
-17561642
41072546
-43075105
-81429161
-1194032
-26661735
12897560
-81289636
78986677
91851077
33352937
60035944
13561946
-92749754
-13276888
-40972743
14349830
-3939781
13322855
-75180512
96214062
-39925798
-96232920
72398655
-59489680
55970143
63220192
-40447710
-41566481
22366834
-13803474
58293521
40092207
-7949077
-22891699
-44424453
5751991
-59044871
-63591055
14793428
47987524
-34107171
60937401
-15976254
-19285223
-1752304
-60892897
59843286
-96177013
47905688
-73143074
14357853
34874829
54391480
-34716599
-46334846
-36416905
-20487758
90296751
-76143442
-8504248
-34571735
75534018
-37824212
-23745464
-5920661
-85542399
81397211
-29604620
32878162
77268415
19301445
25151991
74432178
-78731525
-36404608
-77155543
-21932300
-11199928
-59990592
-69342047
-7071840
10414017
21199020
-81410880
-89905522
-19101647
-72509365
-24346049
54544841
82028285
-87685849
68872898
48295373
83967750
87740179
-49711748
52248391
-46041729
54825542
-75737121
-27719932
-36243355
18898265
39449866
-74572369
-20568611
-97296036
-59276575
168191
25443923
-94487788
-61777014
-51729559
-44837328
-52093909
96135019
91898296
-99015637
87692691
38332632
-63160702
96360247
-73178568
-71146952
63708872
49944874
86378619
44472318
79283353
44455102
79344680
44380462
74343691
-72520040
-786653
-76578971
-69678070
-91550306
-45435691
-1172547
87494560
11309075
-5668392
36238625
-68899053
-47939010
-91184470
11165472
-52359351
-38599728
4787438
96722703
-62673089
-89493325
99077357
-47788912
56383401
52558919
60630851
-29427562
14485235
80925908
-75951223
-20067056
-58713509
67334707
69707981
-57135813
2841828
-60386831
-94977875
-62136304
40846740
34918137
42790451
94437948
-63788391
56336908
2903740
14562183
7501177
-15408412
-456406
48425917
90280767
-31076331
-53291036
-54351313
83327708
8399386
-64401
-87835324
3149011
-59732146
71311446
-84994259
-34894447
11952482
3008889
-15897838
-15853083
25944263
61172549
-92077289
24712631
-88760366
-64638656
-26534698
9642172
-9859828
65776245
99993757
37743947
-4108352
-55152551
81343264
-88174704
-36845178
-47137673
88126956
-5917586
-2224648
66912101
23888501
-46283013
-7542347
-725270
-37662261
-4962906
-27286251
-79293672
78078654
77736063
25679035
47087357
98383885
-97013109
89572018
42925147
-59424157
-8251035
20176517
68078426
40739358
27527698
-91469437
75543288
-18973272
24044167
-31744724
-54020175
-29058809
-62571492
-7264427
43975129
10677686
73959238
-58614162
-96407235
70448865
-82942608
29781645
-74485654
41734006
76522497
3823769
79768220
99566030
87849170
-35379087
46053398
-76706726
51458797
-78719048
10609759
60759578
48506713
-21886246
-12425735
64871974
-52179039
-84348883
-40981995
64881891
-17556766
-3333801
-45320336
13385727
-87335102
37924485
80044324
28867470
-74145135
2336271
-85413603
56920689
-29198121
-63720459
-20229160
78144973
-23706583
-94375985
-69172663
-88623220
-58345326
-8165738
92308009
91783816
-44768226
37607752
1210634
4178839
-32870407
-4361739
-60059142
27685203
-34145564
-34678379
88383893
45002789
-1188371
-63411817
-34842922
45929242
99950261
81412156
-13822257
-56085994
-20839425
61262918
27235183
17364746
-2452575
-24876678
51874659
43855290
-86433787
29365056
-72177276
-59731028
-26233357
-50509555
-57273968
-88359549
-46947941
-54716513
-73503295
-19824595
-82914175
57401962
-26014733
-48232040
51651253
6685165
83504912
60804434
-10848555
-51326006
-63749334
-45952086
53217072
50162021
-5582316
-33978148
-84351665
-53228671
-76312716
66731568
-65841390
-77098965
1294396
40914799
13382026
2563095
33808069
-35719314
-43027629
-17564394
-24730702
-3228484
-3411172
-15817764
-35690108
75834168
39827298
-1133164
94646499
-58594805
6701266
75996354
-93259137
-27312537
91799020
78107000
25555581
-52285885
97376359
-20218054
-33911793
64067516
58027240
-65805392
-60849328
40903816
83826893
88571652
-78555870
6707901
-6847356
-88596774
2842379
31818103
-71262541
95543567
58329181
-54826200
-29545902
43738974
76938267
-32059943
-38253316
-98885900
9802278
-53270941
71820213
-62540699
-90651780
58702327
15545647
-2644891
-73871200
-28864153
88616513
-18899470
73285288
-82117177
-93211638
15326679
-78009478
-82032968
18434619
-40121064
-35824876
17368041
-45965933
24797176
-42491880
-28281948
-46662365
-70082877
85606364
89155902
-24460562
-14564216
-74000510
-31722176
-28342136
-70263414
28053966
37794528
83232556
-31437115
-68011219
71190890
50637370
3535392
23628012
-23081393
79243202
78093803
-59598885
26806705
-71771374
94724518
-62277678
64641047
-77375079
-54060646
95891670
-16046113
-19120853
7280558
86775901
-29163696
70771590
77309798
-26674627
87395108
59792686
-43339356
95126001
73385234
-48184905
-30441435
14961606
-91844143
-11204535
55927501
96926877
12034544
48057068
-8327923
69536980
7182332
-62136443
70933735
61865198
-24412348
64585889
-97706199
17082660
-56489093
83768790
-74651424
61880850
-81721786
-93751194
-95360401
-51129065
-36346960
-38710786
-66406217
-44330556
92301761
-97992858
30353812
-12670926
53648818
-30668739
-83017921
75524834
23361082
-55541479
-61392803
14501230
-12462488
97472095
-14628816
46831768
-36343369
-66895401
87787898
-39692299
-42511696
18277490
-11191981
-1834351
72409231
-7664769
33065627
-96431652
-61319178
1662823
-29724872
93624382
34659993
79279919
-42132127
4260513
53923336
30073165
65442856
5764926
-87243167
-50322345
-41893145
31790786
-19843262
98031437
54679580
31139836
91234465
-11265209
96879190
65986088
78476054
-79203054
93837024
64334400
-8934308
17155342
866307
-34077294
4376603
54067631
-88039270
-6468774
7752962
-41021343
-91494638
-71705919
43312378
-30026583
42919401
55768728
80448745
9297210
-78980186
14516163
31257939
-83212215
45668469
-16928599
-88791827
42951902
20209100
49384273
-87777852
-50289285
-51666283
-37401663
-52686225
42558862
-31149914
29455379
-90574926
-86742010
-28528756
-40198495
80144483
-52100979
-86921686
-35824924
39093492
-63781848
-96455212
90820323
-22688615
-69776596
2998911
-3376261
-84816732
-79316816
85886610
-72129098
-74363940
-46985291
-40363574
63261293
-84734514
48276637
-57022970
-82339375
45527370
5571237
-44921948
-22155954
-25433220
71788906
35120226
-8189837
81458473
66719792
-90469264
17451828
-58350656
-51762662
-23333065
-37024588
-91389044
85189486
-84839355
38614528
39248650
-3537649
-50391781
-81684366
-21085561
85071466
81941476
82821710
59550695
79397400
-30654369
43931496
34677994
27631769
-16609320
52283939
-66107344
-65134198
52632254
-15181134
80659377
48748295
-71517908
53696264
-80859945
-78983539
-26995049
20516312
52876470
92524740
-9704847
81732513
-27793632
41202762
1738491
26408955
-36472328
-18734333
-72311570
-54540263
-10970123
46010427
16288917
-87038703
97389589
17976854
-56316774
78881219
-19990711
46385994
19186171
-58333248
-4682197
1436163
-24040676
16177246
-27442004
5428419
92759932
-77189151
-43785470
-27554904
-58219490
78389162
63820402
42321829
-77373327
-58888299
-81054362
-43037004
-55512062
-35192762
51034704
-58754393
-55930598
-39877972
-66921086
51091954
62575870
93520885
33340790
19164520
-11543811
64258321
-10305789
-22449324
-76109396
12182479
56964739
39375626
-68593840
88120353
-45559955
-11911432
5147094
-92601811
11091393
5251025
51628470
30179061
-13464144
-65355229
-83689579
61783108
-38486877
60943448
65752445
91487364
70302677
-17728
26803071
16533987
-73490889
6312266
-46290666
-4660155
-64973390
60032061
-23421896
-14105378
72836906
84586316
-3518137
36612
58672133
14734702
7539725
-29342953
29007560
53640724
41776709
266009
-17524471
-69832648
-97007689
-26816053
24961337
3900762
27055899
15126427
33603458
47466530
85766686
-62580378
81686259
-89677497
67433823
-63011282
-59025772
-40098181
-85634844
40031549
-13116920
-95836708
-84228081
-66198174
64638334
64704009
69602343
-34188804
76973371
938797
-12618089
21407943
-85457447
16793951
84764597
57686588
-90160105
-77201794
92173635
-41871704
12159123
13605880
-4013850
9071138
-71827163
67666168
37532967
32152621
84830855
-4018237
-43091249
47827931
43455513
-33384172
-17658468
-18696307
40374077
67389617
-89513436
39558580
-96160005
49344150
20538579
-10737026
50844431
-6179834
-90883238
41904236
59083099
13651463
-56414955
-55127234
-98609518
-44166302
78463497
-58534530
-1419479
-29643733
31536023
-84400883
56265538
-51932992
31516141
11753816
-68414734
-18845296
-89459077
68441915
-4788922
13784686
-52839327
-76593712
51998608
61683769
-46641628
73865506
-87102858
-17827918
-29535849
22828495
83263073
16598109
1458347
-65236787
81713979
94402146
53877257
66735097
58603107
-44151807
94060826
72972707
-47837812
58958414
-3499643
-86441159
19993926
22325245
59478224
68794318
71246191
-29223849
-34566740
15849957
-46903597
-64880166
-2456397
-83735751
-3064192
-30940343
-36649332
-61294780
93119317
-63618925
66587620
-35295435
32114337
-77128707
45258938
-89308998
84794652
66279789
-15232596
1964590
49998266
-55630711
40559046
1080249
-9640389
-62830416
33017297
63141459
99767903
-87598805
-34916270
-90143405
44459554
57449835
42156520
-89977683
-40828888
-83178727
-83899927
30621467
-32659439
50052943
-45302117
-17673600
-43505749
-50155428
-34970372
67356609
-99732241
86388275
-38814365
-75773994
59596498
-5540856
5397582
3635354
46455090
66333684
77939163
-75974962
-35872354
52589807
-10055723
72005075
-44223207
95282976
-14058111
4393357
76731603
2952929
31106145
49735368
-88266730
-2511395
-33621478
-66785032
-42931923
-15952767
-13405349
-17351071
11303695
37830509
59878083
34204452
-29807196
-31021897
19781422
76555727
70749897
-11227707
-38297697
-43075438
-66661977
-84493557
-68634391
53973998
-92259539
5809092
-4204825
46316665
-95849340
-24093854
13881715
-14368605
-2892952
78317678
-6312702
-77957519
-7055888
-92270941
-42184437
-68684490
25191411
-97201478
1864585
23243267
-86987326
17109752
39174597
-42606657
47546999
43977792
-35508509
-5844635
42117826
28849247
-66178227
11174252
82548671
93448882
74748814
23459701
53570065
-61633119
-65956857
26467513
59727584
28100687
-67211792
2915618
71385463
-3603243
-6983894
34708210
-66719044
81922728
75119584
43504788
-73796393
53711007
85914000
9915148
25301187
-83606800
91046753
76672362
-58347769
-94697926
-96893133
57827991
36612122
32519675
56026808
37227143
-57783292
87584231
-34789245
-57846244
13002291
12206083
-2461085
95442463
77062184
74598180
3552975
-38702200
-1641746
55077233
-20631414
-35836214
-82350405
82996982
-50038427
15351360
-279099
-84556685
5815029
36650435
34453280
-19470263
17879243
-80323242
37280999
-35649205
-15967179
72968954
7189035
71375863
-62998083
-37942131
-5488021
78635270
1001869
51306347
-8097774
-66422868
80555700
-12509094
81498322
85591927
-5447198
-22875100
-43465713
-18117223
-67188255
17138250
-46913470
-92509131
-66446581
-52933350
90366390
40662420
-19063228
57846629
13782383
3562237
53696327
-30986394
-738022
-37447363
-48951731
-61967452
-33003442
65049278
85139469
91111626
54209783
27958356
-115080
21874164
-81456461
-55158839
-45155186
97772306
58612308
-64448723
-23101610
5702107
-71809077
25893980
-3442419
-48509761
21855433
2470367
-16175581
57801952
89602485
-29509508
-65573085
-12342197
62107354
59962466
75895616
64033566
-16841031
29264518
29183546
-64851886
-53918938
4372586
-60102349
23929808
-89066979
-58387971
-7594080
-988457
49082767
49297164
-74559085
52948149
-20575354
18817798
40168005
-63727981
5263273
-16586204
88317427
14607620
83244978
-50361206
-2709034
46356285
52486633
-30584864
-81718831
-89806963
99153023
-92718991
-79649110
-38613646
28418234
-64179704
39332534
-74182606
14113592
5670262
-83193326
70916312
-24685916
-87267756
-6330370
-68689217
96423463
-67509740
57685026
-89128364
37161583
-62206081
-34077705
-38156447
-94406305