57621762
-23951933
79622113
61713769
-84191430
-38664308
91171957
45946974
77434173
-9692284
58733650
86005288
-2932572
25009789
52108867
-42447381
-33675261
81459248
37058640
-19190045
36927194
30276892
-95612889
-94276017
-23693853
-37962220
-98888559
-78049016
-96379563
-50937610
57076271
67432962
-73667457
-53267491
-99762910
66459288
-11322911
18653689
-5571834
6556634
-24442349
-21775307
-13931833
-73502845
34908808
-47754579
-10679323
-86403001
77213230
-3489523
13915669
-54170129
-68588672
78387122
-10840957
-73766854
-79765768
32710837
65799387
71370560
86198668
3956996
24986492
-53077008
51979665
72780153
74744176
-53551588
-25433888
-72280312
-48492704
20900659
29263926
-32310913
-73005763
26316752
80866764
10466341
-18520191
-10368297
83543985
-33393988
-60623155
-94903244
-41080129
94848823
-2475462
-89975071
86878443
99253655
94100413
-12676291
-17592726
72891077
99979298
-26439636
684615
-14677981
19349103
-12975291
75862243
-98360823
-17160252
-66608227
21562827
-37942101
-5861096
25428647
-33809574
40674770
84111098
22445224
-18609580
21143438
-80482734
67951400
-68761339
38229716
81514371
92304957
-11619617
-22048489
21932955
16801586
-8608152
44317535
42315475
90267800
40622917
-34245495
11042803
-28087037
-12289423
28497452
-9761911
-61773452
-92959600
-94430265
59631779
-51323184
94539123
-49937646
-44343588
-71438219
98689932
-94369692
-13302447
-90163511
-75154847
-87084942
68447195
44991435
-24452332
-85258330
85913848
-83006514
-982617
46309504
-81955088
1990106
-86660475
-58428386
49080110
-86379422
71333867
31901173
75902631
44631818
-2348293
-75888821
-74757329
92866683
69678966
-26357790
-16916745
-38495840
47247389
-51090148
-36128475
85330784
39270952
97586344
-73006153
-78990713
64183273
-38940956
-97163232
-42849685
-85173447
-30589834
-96904542
7601984
-96137440
-79655913
75412829
35653434
-40876457
-91960037
42183876
-88785685
52146384
-28569969
-59095386
66051000
41617005
54073125
84446516
31920515
94042844
81124724
47807051
3082345
-43972812
13354314
-71331550
-88590794
93984940
-66874985
-85519607
-75044522
9953078
-2994895
84089639
-64185855
44469382
-8321786
73159365
55263653
-87376220
60546441
55956575
-24573310
84932492
41387745
-73014091
37452833
-79265120
11828479
8377114
-89826151
-79807131
97147100
96862137
-49504187
95512803
55860043
-2585313
-27815905
22187786
68804673
26812771
72251347
-39235481
3189452
81891842
-99701460
98986825
-98547353
35647907
-59289494
67995398
-46422223
25533764
64976137
13521677
91560759
-77492105
-90910574
33110461
4460712
-50249325
-81926208
7064361
-43563907
-95582253
-69775984
-46340898
26369225
-33962231
-6289647
-60852990
52656736
-71472188
-36429869
-46406343
62517897
15435661
-80441577
-65876407
31668268
-87721798
-57715689
-28088864
-56256208
-87228771
91687881
-87376210
33097106
13255963
-4608565
19884950
-35492008
42556540
-21982752
87019540
-2272360
60908962
16859832
96532244
-15431638
36893422
-12449187
86564765
13409894
-66378255
-34676238
98936387
37317738
59289592
-58780105
46096494
38277034
-93143128
12712304
63093183
80994112
-4053307
28806660
92138206
-75492953
-46800299
63134183
-25209185
84941395
-21864516
-65236505
-37550633
-26442980
69416345
77379450
83958187
88364011
86162751
47436714
44843295
97374760
-32596014
-99863215
47682554
88176387
-70998533
-963669
-62984393
-60030196
-36988676
-60717980
-29127685
27325638
-72045607
-22233968
-66695755
-2703218
21784501
18486483
29625602
-84847713
-24896494
-90757667
-86687050
-3349992
-82242895
25857844
66296141
-95514330
51231874
58353184
-88872649
87772511
41500202
7774246
41047691
50971148
-9691879
97152919
-12002363
-62129951
-20426136
-62510231
-48094089
-50082816
48283426
-88482039
-49158850
86697462
37012849
57790315
33570613
-36226114
12433228
98299824
-51366330
40401372
96371237
-70495853
-53422852
42918256
-94077038
62471930
-79477158
88182757
18383029
-11379091
45275579
66862357
73183154
-71074089
87418301
-95845273
-12447152
-12777558
-25225262
-6967061
14530073
-1509996
95438056
-86122069
-53069916
-23552813
59715651
-41746134
52123340
84331367
-34149050
-27247318
-69094918
43249751
27254896
15301704
-21205994
23396260
20173864
82691659
-34888016
-56324182
26417201
-39583729
-57346079
2498552
27120835
98101278
31599344
-19504975
77407544
-8070002
-55262590
65515927
-85228490
-67010405
-11388468
64336587
-62292264
-25493252
94609954
21479722
-76977412
57204941
52176004
42524239
80556746
-5205745
-17234546
62147592
-45075151
-10364188
73946410
-6737972
5477782
-18838966
90663079
89226068
-3512646
21859196
-72553232
-495291
-42433886
-79922401
93382815
-27050688
48506778
2783450
33923191
-79758460
-20844412
-48190851
-12008959
52188266
-56212967
-54176213
-54405125
93730117
46930603
-37956803
12488475
1838796
-58146415
26089082
992975
-27790149
18744345
81789001
17482109
25632644
-98477687
-28693858
-3569087
-9881321
37183178
87725994
60105324
35375278
29213363
33816398
-98550902
-64160366
57605005
90118848
-19136118
-17405175
55594833
82293011
-81403390
-8481381
-23022814
-82952946
376821
21858709
-4975025
31676881
79600985
-68964399
-68722103
58909549
91291366
49460190
57738294
82785042
-97238184
-44631616
-96462830
-46744336
-69276877
26958661
36252748
-60360896
55324128
93784955
-67305969
-69187032
-48125749
43116267
-64710261
396070
38979793
-76825941
-73339458
94133507
-55547884
-72643055
-98829298
-76303316
64773851
-2788766
-80345758
-59853840
-13420327
58391980
94923296
36057092
-97039187
36024164
33915089
64889165
36035584
-250526
-37331870
30604196
18120811
84920514
7170669
-81096704
91068195
22601205
39347452
24648047
-28431305
74831478
-43008942
-73916854
-85744920
-32296298
65324194
-30432150
-74007757
-46281194
-72024080
-43098293
-30727661
26107776
-16201110
56896069
-23010704
-84693539
34517216
-17292426
47617439
-74763092
67016287
-18575921
-64055304
-39246433
75285772
-75802731
1310938
44067610
-1300853
-56406479
92622295
-48263136
64654796
-78405304
99550951
36162428
-37922998
3782081
86960700
-48241388
-55961298
59027573
38590228
-14960465
-89787540
76407788
94675716
88680231
97065821
29990376
-63830043
-82042740
83799882
5006566
-27484707
-70665401
84360757
-28926488
78295474
44799108
-76772333
-74698547
-48720292
95628140
57024453
43917514
-58701615
2265159
91598386
51882884
-27739912
87433864
-123817
29075589
68834016
-82100559
-42176061
58838097
61349729
-43989792
-51864696
-85758258
29306739
-86387702
98739457
54928818
-2207478
59947423
3878635
73347615
-51578144
-85556211
-15689621
56349292
96302425
-75959856
-92929956
14539523
10836641
-32873196
-75476281
56047911
-70924834
-54604812
73727029
-35144858
-66608770
51740013
88591244
-99592847
-18315540
88732053
-38111266
56584142
98116732
-55512305
82832166
-6570912
15814524
45862035
-40949055
81128371
60800545
37959877
28993917
95843516
-12382342
-14112613
-96585825
-64677903
82260375
-95867255
-68544876
11870430
86551680
87114808
63780228
65395786
70859247
56596026
-17566149
-48359577
-97839368
14699021
4903716
-2510901
76053552
-31271487
-58631770
-54266530
26199191
44056938
32731696
-44749697
32444636
-6393125
50565333
-2897597
-52432806
-23873361
-93454418
88161038
-37120823
71234296
55237599
-9228595
61895583
20321693
-24930811
-23533167
-65654677
47326049
17454658
-54425977
18022649
-33005769
-80879731
17471447
-94889305
6356909
17253984
40333738
41092182
77232848
95243326
40344413
91410911
-40137679
-66728059
-91432877
26919929
-16763759
-2276207
-73598519
6255747
-89682648
-21788180
85979682
-80781347
15647571
-15767782
-28946077
15744377
69449034
-1938859
-85342006
-26910735
44842043
-10576453
94275358
16038118
-30231217
22078234
-55012805
82855617
-57856364
-68062772
23630884
-65021646
4521987
33665166
83624126
85370569
-30329078
-44572597
12034877
80879959
737369
83748416
-56176930
94066987
-56032135
66344318
39698686
-17168386
-43718511
39551534
-91254485
93857147
-48757315
-43099961
-3729030
-80722739
-17123004
14020570
47283733
-25127549
39952131
15913787
-23089226
-95123814
40875987
76102728
-60643873
78100184
-50059029
-66801221
2393815
-58544102
66962796
44172388
78118400
-534274
7448778
-71009888
-72616376
82893466
61599762
-68443048
9188404
15675256
9695199
-11812817
-49444557
2136702
-18739015
-9347128
24951149
-25753801
-72009097
76699974
-82846725
-13192730
-42183030
-84977134
-7324869
-64193546
-7357894
-55575440
41274779
-42423951
87381063
214808
-14079289
-17786109
92977811
-17891427
28807658
93908992
41141107
-88212745
-51722108
87471337
-86128609
12248653
61764518
-13476922
-75601663
49868537
-79083478
63138356
-24426018
38295922
-72645155
27054456
30077359
97456588
-36020482
55194376
23359568
-18314511
-90948827
72564002
-35956505
36994840
30645374
69628373
22085011
58624977
97726706
7994844
-51742724
-61006038
-92887737
-82866085
54574463
-62671161
70991617
-6994216
34306920
13260162
12330517
-48988043
76089369
-47781253
29441545
43162928
-41740835
61839541
51063755
-80236142
-23131568
-58587977
-48087771
-97966253
-22641379
-42553293
20060063
-32096966
71237214
-485927
-35437331
-41984048
38333206
5756447
79083307
-60792848
-93478747
-74765712
-50695393
1540405
-83572877
-6329630
-30181568
-99311970
68412
-7159328
-6332417
65250289
-41011840
92979921
-89702504
21383388
55532814
-44488297
70685320
-93522209
46780027
-6627263
-57460531
-1297227
-70105712
67277406
-95260625
-65495149
76875506
86566390
32063954
-92850012
50069641
-37710366
-21407977
42397473
13675676
-83813983
46091586
54671839
-27108803
-74173712
-62636679
71157852
-59727038
53707475
-37825600
50842297
66784967
-73221567
6125702
-22215148
77572768
39271013
90235600
55780962
29250641
99431767
-78908024
6465410
-70698355
-85110730
-64774361
38210100
-34005933
83514148
-60877426
66593331
90206707
-67866050
-59257851
85273281
34751986
-93505299
-58422387
-65040655
-13470765
33885348
-70265693
-47991158
12121154
-23195050
-3737134
90473074
40657937
-92366822
-27802221
8708771
7124743
-1045184
30545131
-44346421
61927724
5840306
-32231834
-30316012
-91240839
-40592706
-64998249
-89136076
24905041
-45475908
-24377680
92023086
15315651
24005834
-91492206
32049198
51098527
59913146
-81416833
69092071
20650275
76618199
-12402033
-47050433
4818703
46164297
77107905
-20692598
29502225
-12071811
-60178416
9099452
35817819
81719608
-51447781
31187100
45441928
-48966896
-2791535
-57589978
-26264744
-79429717
99008091
14958501
-68664151
40781922
49393770
-44946989
55582491
76388015
-97020690
1282326
64952339
63963128
85491870
-36018593
50484119
98228462
45210514
71250941
85267817
43454692
-79340393
-47796924
-52304204
-77546083
-53177457
70697042
-87658247
33079318
23383392
-28774149
94176539
63136276
86739214
-30901501
-79285857
-17027102
61313499
25864275
-81145105
-17977468
61386709
21946708
12651264
3659513
86854458
71636876
-26833732
-17249424
75208300
94330925
74706136
-16368207
-31880107
-9247030
26086563
87892445
-65565778
-8051108
77049867
-26851346
-46599482
89900584
83211677
-60663384
-96260150
34984157
79648240
-23639154
43605529
18608321
-95291179
-87344220
-74729746
-49472082
-58086741
86911312
44168968
-43897207
44905976
5216916
-29025458
-38878262
-78253097
31238918
-57520156
88561103
-3727675
-19326311
24494375
23410923
10382984
-18030127
-47665886
60439642
43797245
-15916803
-63895576
-16372011
25737080
-79906752
74613588
-80341310
8615700
-31994027
19463788
-86560721
45749036
58547077
44042602
20652781
8604632
58320554
7542902
-40810739
19461333
30147993
16862464
53243895
-54463956
-47200088
-2899821
59673175
34147726
59280711
44006033
68082451
-81130608
-84464847
96576772
-88502588
45151604
29490584
45805404
-657439
-42191030
38802171
73472836
-74228124
49696854
-86511893
-46601725
34668191
64397490
-79884557
-64587292
19581719
59965653
-34165007
-94403450
-65478601
-37200156
60497649
-53859976
65063568
-89562215
75497960
-6617181
-64991055
12284550
-63425615
-3212924
52993459
39990901
-31754208
-96899156
25148278
25784549
-42931428
-79939069
80341769
-80203380
-1381850
-41558566
58051461
43287364
20729486
69837399
89097910
38703772
-69021395
67594144
-67190818
54940208
20758795
-8156494
28095734
-89385902
-87894211
-51132976
-82829433
8621230
84170672
6621535
-92924871
71781715
-29113502
39082976
24095221
38224795
71135204
76495757
-76923982
-47113711
4737341
-96251078
-38862
1670780
41474137
-87655273
-23695847
6697261
58959998
-22587175
68587160
52387367
-20564730
-43887999
40609941
-35566274
-50721065
34330981
-62419064
58831923
83622952
-77394439
7333933
89284492
66845765
-40227533
-21992866
20127814
6135138
31261615
89692371
88454233
-39885491
14458373
-76649514
-28705378
33813107
39084108
-95772011
-43191501
3558262
89843587
-87407231
15354195
71776206
22173100
-19228823
-26479143
-90381537
-37326107
73762175
-43546878
80513627
-19792181
-83114404
62856887
-92829474
-8317022
-9514192
78720535
-61384870
-93652603
96539244
97856120
40033999
33686094
99246732
-7034815
-9369617
79999387
16787796
-4811796
-92763020
73568966
95698193
-70644027
82405315
-87362937
-51245457
-75703305
69670153
82549736
41329283
34970664
-10698017
78068730
-33854400
55382370
38288225
28865298
-50652878
-39133023
23211326
17465745
-817298
95959648
70899708
-61479857
80228953
-71159567
-8148394
35149212
-91194950
77519263
49922848
-13451345
89376922
-17270343
-65042985
-32696384
-63919766
92667693
18500086
-49535843
-58591223
-14461664
-304396
2680865
-50763398
-20527032
-68602926
36418342
89041190
36950170
34369390
-40395349
25952739
66476893
27356742
9957108
-91623448
-12711339
10720902
-49040523
-21443719
96705828
17843247
41453846
-60616879
77009155
92964330
50739059
-75389991
-15079386
-29808175
-30862340
94426135
96087778
40438043
-22802543
-68644278
-33340760
13701841
50980497
2991568
-1334004
-64617661
-98387987
93742842
-75385511
17922531
65510477
-23861701
-48121253
-51734902
-92672168
80079583
-51644861
19882774
88199948
-19195020
59289770
-82999893
48492961
54506099
-67416998
10115334
-28619216
-69048987
48777662
90206836
98531356
72747068
29954513
70432183
-10535002
-37753218
66955648
-23579995
-24051818
-16403902
11046008
96691549
48132481
36547971
63241174
29591870
4406450
34811237
-43374056
-82316594
12073549
-78340413
90202683
-67492269
85569001
-21558886
-93435526
68888134
50181256
-24060906
-37409389
-84786269
24875675
47306578
-99892093
57082377
1719366
17458379
94435366
10879083
88901724
-19924663
-17962199
14707550
67156025
31991959
10209256
-26849753
-51484183
28200631
25488568
70213377
-60681959
92833734
-31426610
75307702
-26153308
-24589420
-18518255
-89253108
-29186893
9144724
58268427
55722153
87046045
-55861021
-96471032
-30911582
-47695034
59037784
13384781
73312670
32932110
65111782
-58741142
-5674797
96239276
-82527787
-60906783
-50891712
53896019
-81634980
-31240321
30029583
-83972786
27277372
66369744
79543936
6203853
64595972
30809933
9343857
68678680
23403742
206608
77446988
43535294
-91476128
64507441
-32766065
38590705
-47060331
83847924
-97288619
-83746768
-10460411
-47094940
43446303
96584801
86767725
-20522048
27484664
-55799576
-91616240
-63626937
43567084
87974774
-52013264
-93732505
-55868816
-94079490
59486410
-51795625
-82763101
29964103
-71321297
8141120
-97542141
-55767082
35268267
70217708
-85217431
-12002561
-5105787
-22450309
7659243
43962186
89527965
-80632753
68616658
73835857
7049893
-63532861
-45845169
-68843153
-95128932
-38684070
40041992
58933120
-41376057
-35418930
90250003
-38195053
57153261
-6999544
82836153
-29848235
-91730164
-9828339
12227090
52217460
-7013690
17816668
5600297
-22921569
-1680449
-45096096
99916129
-48314742
-68482444
-99933263
-50539092
-18136940
-83469251
-88024980
-92084262
95176091
98549045
-88429771
76645268
-87379918
-26959101
42447367
39229895
98203496
-15895112
89623870
56154594
10439258
31903455
-89312566
85918476
69066175
39137696
53642381
-63104900
24571939
-58572965
-33110083
-48870890
46565563
-48323636
56437891
57493495
47503962
18892600
71795981
-14950222
97978444
95024441
73726970
48981452
-83322886
-65484795
35894286
-79774274
-24062097
35221840
-12712529
6458077
7213670
-46966859
-22365153
-68538043
-93049891
6756858
-84058108
36901463
26245734
7009966
86060536
-1717080
-51302631
11023283
18701923
3772877
92976943
53768219
47808192
-63525382
-345507
24291722
-19833379
-64629190
-60864950
-76330074
68881196
35719968
57841359
-41595791
-759285
53134055
56972123
92272123
35229578
-1713751
88665569
99684136
-38093430
-40694781
19586570
-66040589
-57537319
2889898
-90130731
-48440492
67680122
-53721461
41972500
-40448720
10842655
44271219
-25590528
-73311742
-97438586
-41323781
-64599940
93641976
39685112
-12345900
13250337
-45021708
-53559232
-15493862
-70550030
22328993
-45502272
45351766
81800525
-42646848
5155672
30625717
-10570357
46260719
-57482207
-75094432
62027973
92774662
61215160
-91195405
-34418124
11795196
3790868
-44768214
84868985
21876023
21904046
-44079326
50883250
-48922341
91920863
-63292291
-71012262
79265485
-28872680
-26349714
25683022
-85503997
85597280
53341839
76580386
-66258891
19191313
-90152797
52362212
-5092703
-21828676
-76228148
22191708
75149263
-8892635
-8219134
-90678224
84629019
-55851978
-52454634
-11662684
-81099135
-13516334
17439034
-58819557
-61565526
52105512
369356
-73970
80321154
-99140031
26965405
79437814
-58703578
-38924150
-28344614
90199043
55109450
7937730
-51341589
-10175958
25260546
32628224
99295113
-11396010
-15344994
-66572013
-30166588
-65902457
-84792746
88116321
94067703
83473006
97143982
36745539
-47125938
-8870262
-45052795
-90457286
-19385863
54000608
-39902974
59419735
-13623624
38797802
-77683953
-75211919
-38387616
48127835
87931204
-94845581
-55773727
-21805868
5164626
78969628
-47775906
-32812704
-28191290
-38200090
92618513
-29749060
20335476
83753350
885479
-93363200
-27153750
-59739615
21113824
-25337884
-91129230
75911996
37120443
-32850690
-41925838
54873692
-42123086
-7587567
88564978
-68024840
84661605
-93203347
-7818410
99889368
8391902
-90639277
-75537459
30500511
-70769698
4030986
-72596276
-74619132
96989963
-80186860
-8470389
99855238
86306703
76950377
-68554931
-17181268
-15682567
-35366704
-74885164
-20257541
-62813655
-23497835
-63040894
-99700621
3490177
9413921
-93121587
70675454
-17110587
72894932
57552393
-89668444
-63981845
69678897
98126249
44069401
-11812115
78057162
40382436
-30426582
90402638
-13811879
8590256
-62126303
-83272925
47653723
2467524
-36480771
-65723145
-47624583
18683479
3117907
34184976
95780526
62538690
60817654
-5297257
-40986581
-49935887
-13865672
70929937
10344120
4134897
-38540077
-12918171
-21845959
29736059
87380012
-13666861
57813751
30760591
-10277557
-84284266
-74076207
29018843
98342202
2841493
72255803
-45308233
-35126166
-99643076
60647069
84616783
59252344
33757510
42824873
-95688183
-63054010
-46731752
-97125332
-60898045
45678286
44550944
67908577
-6640627
-28519091
24648128
26787507
-37430637
32461841
-83628381
56473074
-58535566
-11161159
-23831195
86305522
-86617549
-51740189
-87091038
68320922
-97011594
-91734799
-33420426
55908281
-32245768
79495882
49294578
-35881800
-73525623
-51882451
85740406
8062329
-30266591
-29201346
-12235000
88770258
25273647
96561893
71744221
-959934
-72484449
-6035223
68872208
-42077240
90705201
-62132390
-69564205
69339115
55186771
-82144607
-14291772
-86162924
-74475366
-6439705
-62062385
-66393632
27668462
-83466372
89865458
9895257
-13076049
-22843100
80663328
3075413
-45493225
-92308341
-95649355
77887440
37605358
-75733185
9430820
44957639
-7117143
-20125062
23801607
-22785353
48099663
-65138741
-93879965
-84215252
-35074429
52444728
56077819
-43678305
27163663
-3458293
57346703
-67426234
51535389
15685998
-63980146
-67068126
-60056009
95413034
99079077
-10327798
-32141450
79235260
70720939
59828480
77212403
-30527415
68933982
-8724821
-74327233
-85550103
-46208347
72578713
64184273
-87696163
-26267806
83489569
-98299874
61190194
-95286219
27587320
-76779023
-95083517
-35726988
-71493575
-77232129
68071050
53831998
-8365223
75376025
-41091900
-66265126
-22752966
-77839404
6959021
53140657
52851721
-12314993
74497335
-77632408
87935985
24520994
-98776051
-40688831
52554621
14553380
-72154472
-58169655
63408451
-63391758
13194622
96710073
64601397
-89767987
51380946
-20910485
94601871
-70515777
34524939
-4448598
9676914
39508018
-92196992
-79728583
-71007209
44277914
73541322
76541761
-17070963
95867613
28134192
-28557272
35872995
-4607805
-50804968
-97565472
62865294
99124141
74531789
48734145
33100483
-39722153
39093276
60589160
82568228
-45240123
-3347636
567221
-99834046
67079232
84997629
-48437833
-38080589
-98015833
28135825
-40052941
76895179
51027824
84277028
75926192
51885249
46530681
57835801
8891688
85926393
-70401490
-45595005
-45133016
-85434009
-97624873
57188732
-70736404
-84584923
-15612494
-46257887
-4556726
47687575
41459894
-78960575
-24319382
-50916104
24566132
-58294744
-94476953
-96589623
73994682
-47547114
-21826249
87469873
72990130
21069928
51946432
-71840685
52750415
94515277
-41491162
66442690
-25021990
-49330413
-91194117
56847464
-34407813
94180921
97843883
-64844024
77263145
18867942
92284737
-36457100
26033719
-42868138
-3402283
-27831733
11464395
-31767678
-90573937
-63747235
69198734
4347051
-61882732
36710597
25076292
78332037
-78012418
-97820532
67086581
-53604119
9495858
51384055
-61044339
56395032
6626304
840043
8247157
10301398
-65003447
50724350
-55592619
69481697
21911670
-87253246
-86333874
-70982354
79806650
4426603
17908049
-31072508
-92428093
869052
66562099
637208
-72332599
-2557159
-72598004
-87475875
-18907353
66947661
-58035496
70899525
-8739848
-68532956
14649664
-59351769
25438799
50754075
-50055682
-69457166
-87173330
-50689518
-81080966
59135029
46424692
57416270
-49033027
19939515
-56405185
-15698614
-78372989
35630324
-93577170
34210906
19497261
-77378266
-26858450
-94665625
-11977989
27587350
-24694312
72216291
81496083
-54692479
-11580468
-22080069
21172310
-67378757
-13513493
-23477474
-15033885
85833622
-90788409
48557930
-48724247
-3723992
-149774
-93409083
-25995233
-25717560
1604338
-56719739
-20838961
90851786
72610619
-21200912
-77475000
-92367388
-28401767
-61960990
60200650
-7203311
-54098710
88387213
14513575
-72193122
50261598
-44533233
82541785
56785245
98799742
24158448
-144515
8683093
28139699
87226077
50057535
-70363405
69102862
13715906
32073956
-46941588
-45886673
59987544
-14235907
37855764
59610997
-92901208
29904522
73867558
-90088154
87197060
-48842934
-72972157
-19335757
85452511
33143128
-36381045
-59810959
22996343
-74791970
51815529
-38044503
-85667449
98860915
-92272175
-32111453
-71130457
1292588
38606787
-85425941
27751022
30956885
17193524
38688624
-51968905
33737403
-55702888
67563617
-28358418
16616528
57210061
58771262
66696916
39449940
54025166
-66818903
24760170
-66835471
58881734
-75569969
49285062
12186641
46399408
82441148
-4822627
54371689
-32080233
-4381914
64247540
-42193485
-43869064
77909500
97675068
70273503
-34707246
96732526
99822378
79709083
-80969522
78569892
60071461
-53820984
-77868867
55944226
-80427910
-54751430
99617251
-97845811
93895866
23202880
-53177293
37213794
87110270
-55620873
-69906957
4047315
30036985
-3574278
-85594595
-46114528
49239236
-54492723
-56617924
60816027
-74875940
-63731484
-65149243
1744992
10610886
-91337644
2776936
-31516751
-59521257
-95199809
76416648
72682604
77994499
-61856832
-51668538
-51104705
-79378794
-22655064
54807069
-18738042
-33393628
99442866
-97485608
82818741
46167701
89172259
-17701129
-87681829
79301510
47792798
69840226
58723293
-96377275
68493578
-80299882
77763023
24662528
-36622940
-94612728
-67396175
28532847
-53297147
-60032296
-99948557
-29131558
-17777217
55980070
-3855884
39165790
98432749
59815297
-80845194
69344696
-45045958
-61247975
-38500137
80238576
-68279393
-19721287
-10389946
42666504
7898948
72204979
-45326339
16801912
49507374
83259622
-52702055
-61316569
13793632
8685370
-49459887
-8612239
46039876
-27484698
-66488403
96961040
-17607554
-96552771
-41500116
91474742
12545667
20179075
-42217041
71462704
-4717797
7383977
89478518
20788355
-88305875
-79043725
24776205
-56851610
57561905
-42143332
-41004840
58818632
-138447
73767559
-41856930
-86675193
-8142254
-2738392
51150285
-97676240
-71482728
-4771982
-92970164
358096
8276809
-31949180
-5922907
81007231
-54263272
40335840
60594601
-79950316
62928513
-1454061
-73540841
61896491
-47497641
54295397
-59841826
28536308
22748869
84529493
-53146519
-95222334
13232281
-13383261
-30228268
10644567
63639204
55812058
56333176
98634187
-62706282
-71978320
24901515
-93102015
8142365
9170195
30501262
-94126920
27581440
-12435863
98221306
-39233058
52443882
91463137
99236225
40228886
84261443
-34035274
80572611
-18181779
-25748823
65909396
17250462
78290419
-7233198
25573113
70336147
72273544
36100476
34482836
41249423
-31457922
-7806051
-2180305
-95932631
-34843747
-26912144
58459203
22811103
-93844015
-59231768
-38003950
-5285127
32134470
2692505
-22152751
-25421781
-20887096
9919027
97316747
65421539
32808394
17736139
-77946412
-15151510
-52218662
-96056327
83547542
6197681
-57940644
3814760
19236957
27973085
60276531
-18121847
51447380
97863787
69967105
16555494
-50212827
-49440764
34693419
-68900564
79659529
6707526
-78023359
-74488135
-86354967
-41930084
-2209826
59645951
33119865
-27076906
-29040642
-54811812
90734268
60798415
60446496
-95187031
-68062369
-25837444
93037197
37745562
72471211
5045300
-6511928
33978700
-43629281
-59639739
61171318
-66863906
5839229
32566130
8062021
-39605440
-29905954
-88827326
58561702
88765596
13317277
-70644856
-16093383
-69444716
-62876
-12481783
83174862
-92947033
64708831
85952045
71799528
-28971793
7570334
-85425422
-62342651
79611547
-65719282
9486597
32596843
17898726
75878875
10906782
-80268352
-34276873
-45518870
17011734
-35113214
-73480707
52303893
66902780
95255879
86547558
-3809410
-86745644
-44570833
91026980
-95251557
-51933250
-98674921
65933388
72751493
-20991969
99309764
97411429
-82704144
89234597
-5088284
-31910454
37401439
1671120
76316466
70726904
12804248
-15285044
-52005496
90484320
92610276
19972972
19168971
37899821
-81607294
-74988048
-36333040
-80530255
-28018914
-70144924
-51293911
53464596
-24789418
82749347
-37803295
55845632
55308995
63495631
62360742
-52137515
-43078261
-87588178
-54460638
-95053730
94862503
-40466035
50326079
763431
61421515
80150135
60227556
57322443
-52137563
-30326779
-87335426
86040156
-4095063
-9022527
-9078406
-76574277
-81416311
-37600960
72945895
67568840
37663497
-19393005
-5698509
-16518666
45578380
-52904921
-449497
-19687868
13408812
97279502
-88369888
-41349158
23502732
-38825156
-91722452
-33216337
-19554166
36724923
-72639333
-93763909
9868304
-59536914
15780903
5457668
-14508856
63794276
44861164
99690617
-8269648
-4607498
-29864321
60819698
-60721510
-44428876
41420109
-67850622
-58982723
9419692
-91271284
7116949
45431692
-68924293
-58391322
28500963
-86893716
33656765
-71836030
64187795
9473398
21647226
85936620
-29218608
-13256008
52666773
-60550315
-36526251
24121859
97505575
36434737
6563363
-69404478
-1074541
22652794
6489266
85786858
94452890
-931486
87917560
47748714
6913526
-54681822
-80748232
-82567342
-17776763
24116720
-74931560
-46905057
63731380
-36988520
81041081
-2488349
90102734
38856632
7784053
56305421
46469080
-63049464
1221918
4940136
51202170
-62870772
-73318686
72817351
36603728
-87022578
-93357181
40753577
70340832
17326388
34605589
-49959011
89653710
-75894365
-96724970
4463203
85930518
-20903455
-44930221
59307905
-85624708
99738728
70153530
82675341
-33250853
-71093235
50852648
15702072
60930319
47074822
64523205
-30525014
73535833
84278205
47765205
10410560
-45546408
70400321
-61958387
-90411606
-91295434
-58804981
24872116
-27428399
-5180241
-25928150
97327878
-94309339
-74847446
76017895
-5679310
40681514
-69639615
64704827
-46882525
11916901
-11569258
-42408885
74669027
-39889824
-68138258
-77964318
75828897
844218
-52822330
4989619
35071387
48132086
41429503
-47932198
-7437295
-29843219
-77546662
-19766115
-29188510
37342450
35455150
-55526239
41232813
96014883
-50492583
-12402593
33174136
6848080
-11654256
60997442
65115099
-61794763
-76673986
-63324903
83413840
9062894
27616853
-25996843
98682826
82137169
42101458
60810858
31170346
79110526
-99335327
-89451841
37504095
-65688661
98678108
61084511
29365648
97530960
28485675
90465934
63292579
-35076225
-32961061
28588204
76488119
-67661981
-67371094
92683412
-18867775
73792101
-54211289
55506587
-96990469
-45185241
89065513
57258568
-62764291
-53559183
4533489
40916132
-62916709
-71518470
-96699121
29090006
-77439843
3853208
-42969862
1471866
-60603332
28675888
-31604288
-20928553
5431939
-93462213
-14134607
-33192947
-76820967
72918279
-39491030
17405540
29965537
300007
13655398
-63647511
81508704
55425238
5840168
-52399379
41991345
16324137
71628247
62948504
24265260
50433565
-91278057
25411571
-71860568
-8671805
-4584310
94838132
-85911302
-50176464
49450746
-73940019
-49446219
46268229
36358885
-60696750
64445397
80278569
-20066422
3426887
23488487
-61527953
75968688
1199784
57834076
16411907
32333859
36974392
10423767
-63570537
11336428
14097256
48282997
38628352
-90441763
22939307
84082023
-43905005
-2946863
-6776369
-27284703
-48536368
97861668
-62988772
-57951446
-3027528
6172532
-29375699
-46900205
97114427
-6080072
-91025127
-8013101
3528377
-42103260
43898124
-97651874
-20449541
-8569789
15416285
37381338
26807194
-60251295
-74370915
98555519
-33388558
-91371221
71073738
-4719914
9549792
61240446
-19927494
-94777283
52970377
49466584
98154598
-69987277
-66688387
-28840860
37560594
-55071086
-66886709
97147276
64050806
-88750722
65107596
-21538901
-82080372
-46842609
76735034
12743793
75218095
-18346470
-19770958
553147
-62054311
-46379895
-18378391
-45530325
28146146
-92282872
32262911
-55311242
22275852
-65946296
67453260
54808885
67395848
-73479921
35274874
-31096233
-40449539
-72846703
38479586
-92616381
28444626
35631999
-62207542
74571269
8090245
83047828
-14838967
-76029600
54890067
-30499307
23975626
18874947
-49731344
-63701102
96049048
-45474094
-26107922
-37496391
53422290
12686449
51760621
-53948232
41350173
-62555731
-8011133
-87043390
-40004540
28818693
-72697469
91935158
30780999
4221086
17454787
7688542
45806018
-75234349
-42406896
-548348
-19353118
-33110610
82987049
-58455793
11170873
17594311
-85414634
-41175478
36983352
-83236026
-1379102
70224729
1035745
-29770401
21477076
13597571
-29720873
-49340674
26994201
6441583
-48616887
39287842
-19702449
-7078527
-94734521
82329387
32706283
51356156
-84664120
69741003
4010638
40938467
-4286432
-14570903
66130059
94686993
97914549
39115489
31226223
-66612842
6274220
-72702477
-33001645
90680383
55708314
17025049
-18175291
-88635408
48779938
89246248
-75371347
93996562
-48445198
-66812163
-55501923
39715789
-47342601
-54362590
37408754
82897283
99820566
96995454
-51940376
56454170
8774922
31874262
-98487918
-58529140
-95997324
-14693340
-13163726
21924876
-90450862
-54439373
43168743
-1854488
-30420258
-6655822
-47633796
-54804977
75582832
58405697
60060153
-23809697
-51169518
-46186406
-31771757
98009409
79747913
52037718
-96112258
-22536102
35537864
-58399521
-10684886
-63220732
-43035126
57532239
19324080
12914915
-34022200
39842229
-52288046
18389226
63578240
40439828
2332353
59125717
-89934810
-32041367
-41833708
-73040195
50979283
6571850
24346844
-41309441
-85171416
16950633
81275082
71727864
33442325
57248056
7623251
-76613857
-17244019
10114719
47630132
-23411529
-40265611
-4181272
-86182720
50097057
88183997
-67836206
-12645751
-97900307
59208844
-52043625
-58830558
45443328
59645781
-95242759
-52597111
23532962
54174677
-79219911
-71833387
52850215
-57865116
-96491808
17151968
-97032724
73043154
22740000
10604160
17892030
-65994456
18114510
-51168346
15094767
79015626
-52001615
-72268254
66296324
-54567237
-83158228
-14676
7542837
-83823468
17616871
49374258
59425086
20754825
64997674
49864079
76235415
-18852872
4408962
68619491
-52220774
-88907675
-90686902
80294815
89921563
91203955
-51840972
17197252
-99633458
-96800869
-39316683
15796442
58949833
32246320
89948709
21593786
-77663892
-98677197
-29679163
16884434
-10256548
61431261
-8236714
49887171
21251432
-43187931
32754442
-21460456
27423804
-29147492
-84494555
-84050348
-8189218
107598
65189689
20806059
-41038980
-58929387
35061031
91737343
55453771
-10444582
14546485
59109965
-39065255
62047302
-5085432
92076682
-87430680
11479812
62690953
-22120700
-50740920
-10782081
60397750
-82643634
-63531781
-83677194
51899366
15228152
76827236
38201958
63324035
-3512329
-47729175
20874819
-83524596
94495833
-80474146
-81707710
83347040
55006574
21966815
75004578
98880514
-8916051
-55494889
56115104
86388368
3472113
-95477726
-58316470
98748867
4051892
-16476676
-28713160
-34661020
-64906445
-69529328
11466732
33748085
56585420
98070356
91191161
-74330035
67436131
26157737
-12404703
82402556
14253569
35464740
34988931
22676427
-79467930
25909692
68388191
6962419
83113244
88485076
-43098926
13106945
-21177578
21431061
-69446784
32089126
76903682
-28338083
-48800491
-70372171
-33791387
97078476
-69014339
-7850053
95001549
-56754512
-39785302
62857943
-41274840
-95660711
98514842
-14484680
-17550600
-98783004
-75253371
54989248
51379668
-92996444
85778858
82640177
-70281145
-55597876
75997854
-60503843
-95489270
97274952
-42112063
60323300
-7496601
26747554
7785819
77566126
88693927
30858050
-37250580
-23561085
-23072567
-8706424
-8935285
-71633297
-37024970
80244805
-47945560
-53113274
-89897798
-87654923
-59301739
-48936880
90596182
-48161098
-4112036
7094253
22959516
51263669
-28761645
-25080730
9603546
35259955
-30273409
-75104567
87763285
95221352
-53053213
52022809
46126615
-89582664
-9848883
59092013
9404494
-84671565
74955467
41821527
37979705
14207168
98728619
76732033
-33085463
-7527603
-17354430
2979824
61432655
90977334
29558961
45185427
-49482002
-60111705
-99978805
24680969
82745776
36355889
-40567281
5758324
3262903
21736310
-50403930
-44698975
-97324672
-72213510
-26293768
21113050
11124781
17954828
-75002390
82442542
-77133530
-98939480
-76548783
-82367222
-62458067
66400837
74137400
-14200677
66866745
-87083961
13230734
-87846721
99875796
70290405
-44456614
40385190
-54462706
-52042089
-93841041
-35331285
10422687
-29772955
29415715
-38974880
29676852
-4311042
16068843
-47473766
-32232528
61056868
-90118360
76143180
-82049345
-28613093
93018491
-98672842
-48269444
83418488
29901834
-76448490
-65956197
32301490
33044880
-85744306
-26696573
-27376558
44886413
-46428617
-18469611
31891933
90124850
75785600
-54547065
-52238903
37218468
-42212245
98783103
-48393570
15367953
27874195
-31491058
77975564
46908900
50644568
5233709
57249931
98466111
-50983601
-91166810
-68572848
75284404
-66025431
-16209612
-66294358
95964418
-89514495
-77120
92620899
52465150
-76349993
-54954860
47662565
70757232
-82287531
-15548230
-41963049
-99135360
71923231
73580011
-79773220
-76118128
-97865843
-80388002
42891345
-56251602
50352650
-82853203
78496213
-80725622
-99257780
90046292
-2339223
-38397091
-67070584
-83315202
45980578
29687651
-13056688
84434048
-86569757
93186062
-93369464
96155905
-29624747
-7199834
90971999
-20160089
-22652532
-9954033
-73241887
75397233
-72313615
-12235393
41383226
-87968054
-66335233
3553441
91045954
-94267168
82893690
87216881
90968454
3083829
-15434539
-94827823
-82545772
42950514
-46859694
16484912
74601125
-85066265
43831521
69307329
-6172165
62407760
-60060377
38117514
-9927302
-32327448
-68853987
17872282
-36051819
-68351035
93425173
20055362
-78571253
46359700
56497428
55857595
-69237917
-96728274
-12442677
-30843416
87057381
49739383
-4074576
-65616521
-83628523
10236827
-67331547
-76924045
84507235
69976480
92786488
31258766
-48588192
-68025012
-42093740
9838431
-54173365
25317373
-63998306
26834867
9093126
32809757
7545480
47619048
-56013739
-80583498
35673157
-53843415
-3985255
28110933
-76989403
-81367123
-50984729
-79847075
-11877885
54343282
67768551
-63543212
-97283439
-59258636
-58404924
-73605238
-76489313
-38824923
-40177408
68810486
-92104499
-54739664
-72798313
40232110
-80404199
-17114636
59335254
-2097355
-97245447
49062935
-91530684
-18825651
60843525
-85405877
-82652371
51796746
-51192710
-97834654
-35091489
46982155
60665341
63012968
-66431157
25643396
67764528
6168186
-91678033
-76310620
86679027
55712296
56467507
2287120
-612870
-20057931
50045185
2198662
-33170658
-11627408
26765881
35536627
15301560
-65479957
-96987876
-23021002
98692619
1346230
-81963367
78335198
-43150407
-66935424
88197283
-49553175
-20634231
-12216070
33942201
92580137
-13757626
9734174
-58370047
36691959
40040716
-77677793
9334863
-1180294
-80000129
73191234
33771699
-16091400
-79974024
-82684876
-99185981
-38632184
11156660
20735545
-75044993
72007857
23274880
-57349832
-31027192
-29156284
-46632384
-14834250
31718982
-12688133
-77435300
29701152
-11362233
34247552
13394602
-76126794
-67262677
15643949
4739197
32373083
-97549648
72320323
-45891649
73006453
61040219
87623593
-36091921
19804195
3703563
-8799414
-54746973
-94182372
37586076
39723514
-63072510
1505877
75586504
-94989297
72218650
-30203890
61631933
-9732161
-96485675
84240791
42664397
-65327960
-9645584
-74731396
18400290
-51059846
-94086519
95366585
42559455
97571032
19114545
-73939673
-21457143
-34403300
53724197
-11634711
-87909382
50250164
34689051
-6831729
1422416
-53054247
40453388
21100414
-50127565
90127632
14599159
44342271
33850654
-6927227
-51117900
86329551
98065877
-86073640
73560175
-68788900
91532582
16639773
1070481
-1981723
-49030245
67502603
50124230
89540004
50152664
83657959
-27472652
-64844913
-41452474
-40210248
-91646278
58693529
-55850149
-50609558
-72791228
2630008
-43536950
-51762233
15368004
95725241
67177132
92269928
-82352117
27078097
-84555972
83327179
79800803
-66480347
50816616
80936883
68725904
-43337965
62235475
-97320180
-34025244
-35492571
-68678351
42171241
-2290304
-45593973
-72240682
-70235729
83596158
58975679
-67129635
-23580601
-80304452
-59386589
88390501
95439294
96895912
5233879
1109653
-62137272
-73973589
54165942
-87244131
-12670819
-84096148
-77940389
29591620
-22348869
-22429853
-65734814
-91419801
-25371619
20812872
13167005
-3432529
-99368052
12043776
-35627098
30116921
-86952744
-59046850
83366750
81818045
-52478789
10048332
-48068997
16672051
-93153183
84735951
-87992453
-22873651
-67912196
-91236399
29178402
84628562
-25825860
58054321
66489654
-79051325
-72633516
83593826
-96310981
-55225072
-67077607
-82621225
36431822
51357464
-48916249
-70951868
-71164971
3770029
62058501
-59328009
-885426
22049659
-59761836
27484176
53179642
11635031
-30403498
7795258
-70426029
29180938
-26589062
-5810528
64348655
-55441458
56908639
-60026923
-31882976
1264072
60015364
-78313563
-99455168
-61491583
-81859756
-35767657
67062173
81648132
-52609069
29073595
13774802
99140001
-56101849
20894653
-14702852
-8534494
-66542315
-79054453
99171431
-10910723
24131392
27776105
-43366531
-7770530
62201357
-3432288
69633303
-30762020
-4057835
66172937
93642075
34078410
-54801658
-97239465
21604439
94896745
-67122084
16602812
-13063928
-47197361
72384383
92482740
-48700195
24033972
-89826925
36927063
86110723
-32285823
93567426
-56845474
66899636
-98408494
84435618
-78228035
-59935928
-11391289
26496445
-24826637
-7280661
-23160111
-11327679
85466692
35873780
-71036610
28549933
-32459979
53024072
85980777
28680620
79053529
50948113
-14261336
-67066783
73940166
-68877081
-86119478
-5530056
51506031
-48814279
49715738
-43904420
-85005339
96768408
-42256490
-6282428
-97750672
88195815
-21488201
5244818
-65941078
-69880396
-23976799
78971550
-79791802
98385170
7534769
33113207
8659160
19660494
-82145333
-91086380
-61120679
75406623
-96385137
-74392598
-78896713
-91917038
38859882
48602557
62108710
760735
19572599
-10427928
54862662
-19287815
-85931296
49315982
-79971221
70429093
61142523
42711131
44398737
-66714434
-3232838
-22231572
-88209677
31194018
-80546416
-92457657
-50741467
93185928
-17032120
36304343
3598260
-74867701
43258847
-45089214
-29864141
3692775
41384647
8496662
29231775
30203915
85870836
-28484094
47585004
57978832
19689184
-84052458
37736585
35078227
78546360
-5715784
76345411
-33054773
-98130005
80675613
-81610796
5285176
-43414419
-19540918
17323013
-866068
-8350584
61880242
-63903771
-91066913
-72645288
82575026
91428775
-17483110
95578097
-77173381
50246269
-18948907
67640838
-69677368
26589181
-77168691
56095599
77870053
-38220152
-49066207
-92138578
81550569
-47250738
30748747
82268208
-50830292
63902439
78095976
-78764638
-21428595
-37687938
-50553573
-20699771
-34374336
-74237228
7123297
94008573
-8050509
-86793216
86246993
-6297572
56208843
66785060
20605242
-45643816
-84904800
36724248
-73723893
68362505
19885095
32964852
-75976223
-61693864
-37346941
-21874963
-18838934
-36876566
14794940
90718704
-67261191
-81790886
-28217358
-7879410
-21168484
-44473741
-1157105
-26817106
58843931
14939684
-13559609
52318313
-64905418
-18797087
-38178253
974531
-48530678
644254
-53198868
5197026
228781
-76178912
-57287864
55340375
-8480199
-16068395
66392622
-28619425
-60494258
99151727
15805645
-70786533
39207165
79246286
-98928751
78658614
89621405
-22440516
26286803
-91190190
49794310
-53609653
-93430752
92582455
54714873
-84279077
15807203
-13245717
-87426254
-62644122
79568541
96301596
-62337504
28941624
-4565037
64346526
77767866
26964035
-99803821
9898803
-18197414
31725903
-73434276
96410982
32294894
62831764
85268224
44734070
-61170916
-60402962
-38787663
31378569
93617281
-79896831
-49807644
59049938
-15746737
64368753
89631184
-83540484
88442282
-33459106
94055749
19235713
-8387967
-51556362
35873719
-47981446
93089890
18963440
-93171351
-22063844
-50470074
-73056095
-54634329
70999515
-56569393
-10162031
34193949
-68088043
-91924646
96013784
-74420375
85295720
-9704609
25986062
27279792
-4832834
-50538530
43035255
82818017
-35460342
-95986068
59177068
-14069066
-70208567
23179489
-97404826
-98162430
13128100
-25073908
-47568225
17261062
-4181036
-11970999
-70207506
68953731
29711637
-81741322
47583092
92380441
70272492
-26955169
61343879
-5036907
51001133
44976593
61956351
-87628414
57591763
79781311
-34386719
29151690
97459004
-3737577
-23498830
22712436
-55641786
34106067
34691219
69907793
22051995
-11461447
39380045
38157075
-19216809
82219784
32019472
-1118993
-7341284
10636451
35602176
4303212
89388845
-59323130
90223115
-82071079
34982876
-5331229
-22235985
-11708766
-10822496
-72191594
-55094047
30172142
-31032836
-78007522
-78514764
-79734505
-88372620
-95346443
-58516761
-41468798
10795504
24307335
40545287
35023855
43530524
79266502
-42058202
-50708572
43013571
52247087
18263123
24064217
16112560
-29387831
-87588862
46870950
-45958686
49931034
42553449
-75170655
-52348291
735061
20624166
-82466666
19259727
-16206309
-27707561
16111319
-87119887
-19719435
85875306
11291680
63191219
80800477
-25785226
-84140458
34663683
5118375
63868091
-24312821
-98039140
56989129
39244069
87207933
6148870
-14152533
82225614
44547609
-52643453
24702735
51598452
70366433
19234189
55114995
-5675084
53397299
-90397177
89177963
61157861
-87037010
9676689
41888885
-10777052
64410333
-99110390
30700079
-41517832
-72701217
-25050989
49639131
80824172
-48186335
-19609373
3743245
26328522
11193787
-27409010
66372663
4789462
17185777
-15678200
-98099151
17480833
28789866
10455241
21402087
-13054254
48503321
50132570
97255769
20445154
-65819979
-18241276
-3816534
-42977666
71899653
67669296
-34003823
-97297490
63882967
-50689030
-27266696
44601920
-90037138
84536012
59346312
-61185537
86087063
62682064
-67688400
-61730102
-55701348
-40182344
-77443793
-96833975
-72686069
55556986
32400179
37150781
47050311
64931622
53428384
-39525399
-39609418
-65733142
16562033
32354491
-21347309
-21162468
-27116967
-26634108
-98999167
-7853029
-89386354
21271942
-32863441
60328482
-24421503
82593317
55326240
99006691
-89149432
-1178253
-84013918
-7325583
-20677407
13739280
-46515111
-43564505
73753383
76902826
24988681
65422489
-504876
-24689804
22581516
96373057
-10119546
48413139
96143606
6992126
-48701840
1405634
-50955979
81903307
21445056
78466386
85492668
-96162206
-94349360
90595621
-85072978
-67479218
-45508268
28459414
-32921131
-92073528
-44493736
80459097
17249704
-10285355
-70058791
2822557
-4437884
84017338
-20361734
57229478
-33352404
-70117883
58154821
63894902
11852291
-99419937
6270142
-35203191
53642517
-6644215
-80614133
13570817
-13457890
-6219294
-49957809
89291284
73484463
40390725
23182613
-1039249
-85545321
47091200
22622367
-69010016
-2430449
-69228524
-80414039
-20323201
6919407
-4669816
98740684
-18973814
-65576009
-32493219
-99054002
-65206090
60322187
67629162
-76111892
-62776576
63035910
13329291
-46755408
28906761
-46191616
96794435
-419072
24586886
-35462577
2034956
42798788
47010165
-84878706
-87913076
64670455
36471645
-32171550
83308577
-42679343
-98088323
-28833446
-14285570
46882383
14485133
-11137116
-46157494
-82629492
41513613
45538912
18802608
-26400591
3767928
7122141
-52000618
-24326045
93294223
2862002
9055499
-32891529
-62391598
50856493
-82062832
88036116
-26742242
19527033
55551633
-26240319
47454422
-86471875
-73634636
-66097450
-72797348
91021907
26589330
-73770038
92743852
75208946
37584178
73315637
89096210
-40781961
99569647
-73424555
4043609
66407009
34377328
-24242948
-7211158
-94848454
82919509
37426465
4753017
57303206
-6494277
31916684
32942970
-14933640
-33499054
37033006
43186092
-59804479
-71654483
-34242091
47225357
-44832540
-53427510
14521847
45195610
83379775
-51958660
60038088
78526409
90468944
-78731451
-98122275
46095112
-55458140
-57884143
40340944
30922859
24998181
-90361286
-5733329
83380046
-16692114
-43460993
-43328753
6504750
484703
-6142631
27360650
-21192085
-82660215
-84377050
62384512
14173392
59624732
32133046
8684581
-72057783
75726719
48033773
29054454
-27742821
29789230
75180269
-55766797
-43139420
55655826
36803976
-4045664
-66062465
-82688881
-83491987
21663728
-18946092
-77876055
-11357796
31585942
70743143
-38035492
-39172945
4048689
66085638
55248180
48224483
-16412614
-30063517
76303820
15264504
-38837029
-27431469
-74064981
27144827
-16061938
-17166621
55007843
1691231
1928791
-72758233
-11972150
55925790
-85144179
-30058792
-80636867
-941637
85682125
-47038495
-10994535
87080337
-4513740
-36485006
54244404
78558015
-59184177
37068909
68765376
-97222177
35868463
-70545816
-83847144
-2846995
57414289
61915297
43238694
-58943649
66473348
4179151
-55491839
-72120920
-53152145
-34073384
-41485246
-84192496
28860055
91309444
12699005
74709238
36388352
-737422
126929
-11602903
1426758
-19174674
12228942
80288302
-9360938
8391237
-59205313
-50764496
-69911264
20062407
-30345717
-67662092
-93623847
-21225140
6086612
-98828944
22738787
40255640
18298999
-88153381
-2630665
-58790724
5550498
59264112
-4679272
-49568703
-80100426
-26239662
46788733
20372090
45040528
30415139
84937611
65739570
99453499
-87224793
-73802384
-57677913
76313296
-50997414
-90417660
91589749
13454780
-72610929
-51432822
82401076
79651329
-57698633
-9815525
26818442
72726057
75276834
-93592880
-34062039
70049005
93564860
40236265
58347560
71763622
-81139144
17721820
-78177151
46452737
66341214
-7603481