56659890
-30207783
-47392441
73466746
-3120437
-73027764
-99094680
-42426823
93994763
66492310
55318563
-29446634
89565762
78137148
-17613595
-44980742
-87190604
11881792
-41706212
92485525
88079365
72733658
-84377322
-1771216
-16999255
45887172
10792232
-33937615
-27763051
-37887863
70649436
-82544216
23457433
-45715857
54038094
-14431147
-19517832
-61868992
-80162203
37742622
-6257836
70669072
-40728130
86792738
77450700
70427765
79202709
-93553026
-27430006
-37242828
74796419
77347118
40355034
92294489
76649164
70082401
-98165353
48227357
-28997696
59781370
72525835
62742842
-96620998
92318187
-32550109
58777658
93278826
24117712
-88192348
40562399
70824590
-21139480
-27611008
-27434061
78204112
-92650824
25464387
-75455557
86031947
-88833991
-9016364
18626405
-40646031
13055976
-6021135
-53252535
-74556158
-24259831
-86895541
49716999
37525337
-38374892
27989103
-5514250
66898318
-12836396
46082970
47685442
-29200298
96450610
25562637
-32589221
-25972540
60605355
-85453923
-64732225
-24988217
-79176868
57801652
-80351064
-50038139
460724
44918569
7421514
69641789
-51327083
-51866787
80473203
-5944652
-61374768
-24481828
1805453
-93415884
9115229
19793975
11289209
-1999535
-39270056
54520176
97081030
-22362000
6688552
-92812665
-23756435
49030235
78502565
-29853482
23327304
68431854
308068
-94229450
38782817
68078497
-31804693
95146194
-6875404
-69722099
-5684089
-85558747
84938087
-58459672
-98043137
74490937
92001902
94093262
96412329
-81865853
-88602642
-56892213
-51204861
-47808325
-17529914
43537758
595380
-34585304
6052495
8631180
-90366100
11707465
96525135
-36425002
-90127605
22141808
42567308
-91139151
41736939
68722387
-7885591
-50844078
-79048126
-92098551
-64002354
-20800099
20206460
-73039292
-19442206
-11537756
-17458968
-75896844
43302130
48285349
22406902
79760059
99382519
-53349962
83556275
22606968
83654769
79437717
53754057
106110
-56388651
17260065
33158492
68337616
-55083129
64527711
100134
-21592701
85593680
82404507
42018917
28666865
-56384202
-99411868
31388310
54174634
-52896105
68801948
98393661
-10311896
-16686110
-87374456
-82723674
62739771
-23753582
22676027
21990937
-94061362
29575955
-72875927
-79658976
63024200
-73440689
-51334575
-55687482
-26792812
66288788
-91375139
-32959989
-17411427
-16565616
28366300
40341096
19811021
32169857
49044013
-93489813
-96325979
-33115862
-80295081
-99858532
79026317
-20004460
-92813553
10264156
74253732
94515223
-39041052
35612886
-49045551
76727382
-34770919
-71115418
-24313862
20422344
18741155
-72530553
61640188
-76610934
20808968
68007610
-3312791
65314665
-76765223
-73356926
25732055
-81082082
-96351787
1003394
-82204815
83450939
-90353324
-38363647
-48814597
29144775
77737736
-23980909
-39544207
73393393
95410432
-57702409
74625159
7243356
78092703
59673882
-83895383
50509135
82733866
-58577193
54257449
-50164886
89856817
80813929
39648940
-26575261
54616468
83463898
-88798867
97155159
-97559398
-92620562
45791206
-71329404
96393323
-38565456
18719116
41283727
-44904962
37040554
85931430
-50598929
74223752
55271004
-12478100
-71914260
-31404339
90135371
58910472
43604266
92560709
-86018847
15628256
-18043223
98714177
-29893363
-6360448
-74795497
-97947557
90155057
62933829
-90959904
27510625
52682345
59584256
19854488
-40536010
77752847
88705275
36314693
-2388824
-18742716
45356860
24814991
-47140255
-61807210
-52685285
-40973649
50995769
83878922
67580835
59664309
10804806
65600588
-14994623
-92219270
66929063
-48970489
-46275732
-71775655
-50556733
-84610803
-48555078
-86515395
80313923
-88275782
-6302523
-35115879
-88477968
-41234414
-7040969
68844793
38261557
54165122
-42024241
75480129
-96991462
-17080066
-64329689
12939041
-52469160
37881763
27768433
-6998585
-69806163
-20160143
-58958053
-253967
-40412049
73093555
-45480017
-75394545
-63043320
-65338092
-59193478
-59511792
-50590054
-51460818
-67576839
-27557715
-93290332
-2080893
-66088975
-19996036
-83156058
45756723
95885206
-58955848
763992
-84601192
31400116
-47171779
-19450887
78312264
43527507
-9788802
61413840
-4410871
19851003
18013554
90956975
-99718824
96650596
68885347
43781811
63423624
-27988875
90822570
-15047173
48858334
-39330741
-99692851
-40587871
82109887
87694331
69223507
-775448
49792055
-51422751
-82421479
59973350
94683876
81153612
-99445856
-45159282
-33100096
52346889
-10794147
8771704
39581997
-63332036
40775388
99884213
-636989
-40935952
-15042737
-55537264
-62417651
-5578416
77055692
29400081
-28790843
-5339509
-60325627
-9859021
33301074
-37762319
63740927
-86264198
47295930
30357995
92372886
77095979
66378776
62988863
-6471823
-90631158
-72585710
-46510456
18075333
-35323266
-42995811
-48932017
-70596064
66813456
91806707
8561119
18497627
-77389561
-29919851
-11376034
85923162
-23484196
-87856668
-62142651
-64529402
66659879
25822661
-80178989
-47951382
-10712349
-80020756
-55246966
30556303
-57328423
-93782208
-87009008
-89479186
95193792
-9641244
-51511204
-35905836
41758083
-96213114
-82807947
-64057399
-13042143
-79916556
54093248
-42108309
62409019
95028555
82946696
-13398539
94949048
-7337404
-5109380
-79176474
13743924
57207635
-55431737
38966886
81719611
91430524
-66098523
-84120989
-10921806
98631352
-23231008
-57862095
-15113435
-69323758
74116494
-28829790
49520560
57833083
-94366146
-75898887
-47754807
-91274171
51702047
73117345
-46690953
98969481
-16303951
-49812110
-66645809
94814342
-70042352
-99954821
-15054418
73691900
73995174
-41380427
-93823240
62895269
90703127
-65856277
44496068
-98164755
-62441734
10302663
68751621
82621962
9915502
-94077032
-46246738
52297977
-38296589
-55553823
-95973701
-25238338
-43706792
-15355846
52757899
82074812
-54553859
55466542
88557651
24470052
17639097
26720258
30109502
-23022825
-9131023
-26061781
25574262
16287661
-13566548
8683911
21490957
-15391753
72758713
-66901412
-26063089
-41147517
-16796843
-92961664
97606826
-33142592
-73889413
25287527
-74113765
75802894
-75543902
41240983
-25590398
35477279
72835517
-61347940
-55804281
78147009
-74928490
48425429
-92888350
23801013
77410236
5162209
7195389
56058020
-43760235
-42671089
-18867038
37852419
21565621
27406354
87102562
-15391535
7831488
74949670
63437490
35745320
55908197
19177473
-63349360
44594114
14317798
-48192935
-81809015
28679957
-75601381
-57607236
-71511500
-19011451
87099013
-29300203
42692037
5137753
-65957619
-10993901
-41310677
8067518
-22977057
13100152
-4390310
11588312
55805575
-19166314
3546265
24909035
93217760
-79992872
-26962412
-78645720
25580953
74822020
31679442
-84970626
67278699
74917310
-35337077
37250998
-39620730
-91626803
-34261546
-82850615
91541740
48056418
-72727436
-90293717
14932941
-303644
-45009974
52205007
-66928330
18473902
-93221718
99820839
-17108756
-17653591
92630252
35971260
-13523492
53243309
-85341756
-94491779
81031825
84417196
13309059
90159919
-51382944
-34953504
-12027202
-61585673
-73493655
-15551059
-97198372
30114203
43498100
-52096772
-98131098
96474654
-24399416
-37136644
-19982152
60004135
-85736588
-38057971
62060892
59906880
35431181
62451029
52874337
-29906307
61265463
-87271865
87492061
-42678305
44157876
2481745
-74963535
-11799474
-88906250
-86338170
72560660
61245116
-99521090
-23429490
-90404736
-49957469
93763678
57278723
-89604582
-97899829
20434641
-20720781
18503718
98996084
25601030
-91962975
-63985487
-39553826
52836677
29528742
15312138
-12856116
-75132626
85690262
46754046
-44403112
35520111
88276113
32683320
7720524
68255039
41540833
-29174277
-41172024
-90411252
-99524531
25085989
44990188
34751917
84162055
3463965
85848613
77792261
-12107994
-19339170
36724610
-30310040
29263931
98028375
41631367
34198550
78467063
-91495719
-5768436
44239301
-41517184
58822957
-24743370
95251854
-94996629
-25772272
-13143980
86988949
83669880
62503106
-11581685
-67041309
99921670
59887244
79979352
4950040
36147320
-667428
-45900899
-57601804
-75610880
-59486570
46905245
27619990
19184440
-71541508
95688849
-1045165
47319586
-74111405
62626187
-65422659
51617982
97635643
-47074794
-64001688
72978491
-91652629
-78932000
-97791467
5857710
-80492221
24859507
66958554
61946464
89725178
14716505
-40419522
-57767945
-40009235
79576054
-29592844
40247022
16362943
-26090525
40600345
87954701
56179291
57342265
89035778
57753090
87668891
6002399
80471569
57525294
44686158
-14018205
22837361
-44427909
-28637935
74164065
-19895972
-57083776
-29226911
50912635
-21641197
-12277392
-21088494
-68681893
-84147660
-66903674
-90154088
-33200048
-36425111
-1093365
39443772
-46971587
71910183
-45385447
-97195218
-10768953
92318999
3627375
-85982116
21985163
29535989
8221631
-81035245
-14080808
99466674
-91321184
31896579
-92955656
38037612
77748704
94012342
72088214
56240638
-76974324
39924527
-59839742
-40603562
-33102523
-4797987
53744081
30007923
-77223387
-31575039
4529969
-72113114
-63616432
-25394788
-79399062
5162195
-76811732
44056838
33234001
-76368770
-55929617
-52205246
-91110893
-55303776
-3204245
75085242
97266932
-48995441
-5430445
-18601896
1035641
-1946221
-8011078
-72054282
49211754
93677295
60556337
38090798
-22417552
-11133294
95635186
-78793742
79581681
-43765981
80800902
99072724
-44372220
43702760
39360353
63416586
7555797
-32394353
32620619
11489558
6349930
94196539
-10868386
53334493
-30659368
-33334872
37544077
-16386242
39595257
34244727
30200938
96713019
21625321
4020665
-62734294
7292399
-77573934
-43204955
-75865216
-44201622
-62388146
41176083
-15543164
-11596507
-69495168
87994268
-41177895
64208377
-63099242
-13034385
-17682650
41056699
90875653
-34567071
-77502594
65612849
37898301
36148509
-22623493
67845377
-87047627
-23858318
69261594
-30949076
35071113
76782860
47948205
37823373
4827513
13741515
-38710139
-75753372
-20860485
-13223844
-23059585
-78781064
-30477969
75213805
-60900021
41592265
-80772340
-42629381
-87508745
-17585673
14002187
90814782
60128738
-91629982
-73784136
11046611
34616423
-38659673
-60875747
67746387
-64692947
-79273750
-49236664
-76184519
-46361852
-91241286
57785941
1953610
91209079
-81589321
75359480
74926608
9209179
8149690
-38050864
-86111234
-18785995
80315094
-28889079
29086833
-50807355
58495925
-52151895
-98586661
-83263483
-14349311
88067819
-84408966
41756310
-71702168
45299370
18603414
23882583
-20109638
-50808693
-92050164
-98781941
-22173384
-99365840
-91956455
63504089
44802351
-44906971
-63086754
-5870112
1748553
85802625
41358908
-85521260
64877493
42191157
16267976
34542816
-46624285
78715984
-77763014
-69924267
83929577
92223360
85571386
15760330
27742933
-62559348
62155518
-37283541
-61563042
47797460
-14412127
-83063423
71465069
-17522909
-68533024
83561116
-68938982
25312073
58930653
-14392853
81352456
-12345264
-63135166
-78478282
22850303
-76437134
-43089604
-7599141
-14255706
19177657
-77222077
68135893
44698998
-68104788
-56563429
12598181
28479282
95181692
-86555458
58679746
45675726
-89258112
6755708
27659318
-67995892
33965061
76445901
13008579
-99048378
-16520514
97940377
-53440279
83194096
57046265
-22150007
-95613907
33360831
94136452
98359386
-64755599
-18949317
-48932346
28749173
23480487
-94571168
-86177746
-38828654
-14847183
-70822833
37488214
87594115
50536717
-58580013
65844012
-29072551
-60697670
37551830
91090302
-37720301
26858335
45225632
-46142124
32883087
-38881711
-88170443
-19472084
61122869
11917292
84096489
-16356461
79105991
-67066934
-61459016
-186736
47254551
41576714
70898796
26962067
30784187
72621522
-78811782
-20726730
-5054062
-99875547
54977836
93965702
-37598906
71013324
-59160952
-70388025
-85975486
-77824572
-54383224
-12633356
-42586487
61241391
-73033408
-33486367
-28608805
90458655
-14012843
-53535239
65009875
58940343
44398960
82932621
80585297
35548750
21470715
81847760
4262884
-73609547
74640053
-50034323
65983549
-49751397
-50487102
96372948
-62878940
-51094468
-84344686
71130111
30461182
-20957405
956404
-31951377
66189677
33531126
97072093
-5419529
-90232028
-16177694
55934405
98344940
-60226370
78580782
93088498
-68609024
97008634
-32950141
39014353
26763544
14962445
-95720609
92880319
-6273691
-61968701
48363848
47069171
10432040
57015087
14533787
75887275
-63128484
41962838
-56736836
89781109
-94897468
-26601136
-60003516
-71448306
92028216
46348977
-51461046
-64802351
32365634
-73434019
84052804
-59018733
69711572
-15639388
33251453
-18825833
54551268
47997535
33039415
-94410615
-96299318
74465262
-14231752
-20169695
59962667
-21548028
16637019
65330787
56909599
67842315
-52980168
-78255282
67363213
19160625
-82847718
45010597
-88473982
69091053
-53189412
70167886
80651718
-4163499
-5814475
68039578
-71746678
99040006
-22710382
-96828235
26247191
14860956
79189500
38231348
37333995
72540099
71518960
17795788
60052627
40856108
21357222
62707686
24858288
81738010
-8075324
-72814006
32254337
22492800
-13250759
-11037368
47349931
-11560748
52841749
93042351
-26111359
-39262411
-37943926
7408838
81024072
68154610
-77187170
-82223455
31448814
25295888
-73065259
63122780
50982394
2940287
9547242
-33236000
-82274179
-7552240
47475341
-46791858
86033478
-90226449
17527927
70273061
-93136101
-68077436
-62268078
-39632985
25208350
-35289726
-42284546
13753160
-46264844
8236796
-74069684
-73176292
24893553
-56891478
-94354307
66846786
-70134517
7758406
-61196883
69554984
3439429
-98680446
67050581
-5364924
-55932742
-96234211
-53924494
-4421494
-93455953
-50931200
-28203805
-75955132
87250804
2229227
-93466266
4591164
83501259
-10888034
93412623
92467198
-42762008
5899205
-22731759
-28323363
-46164460
29091226
-25190013
-12251258
48043840
-5705751
-41709505
5293228
-49663490
-12485430
-40861791
14215927
-19061275
-81241927
52324573
14012617
55338946
71958571
16137783
-63048040
20660302
-46631882
65308715
8907238
21343820
-88298765
-57730591
82467084
-75217379
-12872720
-47999614
-12767975
-47158513
52513657
96110888
32851403
7071674
-91270105
-15651024
39048794
-88083304
-43170400
40007843
51254052
-98094615
-25329967
78017008
-94282464
17211647
38300596
-15220468
-65999813
27006327
88405788
-44031531
16945430
-87699095
-98861255
94597956
-48358933
-76352707
-82380248
-55636355
66780970
28151825
70818735
26675461
23412281
-63001384
80466257
-15993243
84118641
-62899892
-20697129
64605580
-81410578
-7723012
-9739901
66005021
686988
-32157276
-56406921
80378929
-27422716
69969268
-8409287
3472741
-89189102
13191782
98990489
44584565
19738826
-80334630
-88685819
-27378449
-37075464
59258121
81633584
74698912
-13605916
77031879
-29604162
27060107
-87943298
45779984
-61803549
-22265980
-93183059
-57558394
40903074
60012401
17091203
38860154
5227199
97416628
-79697623
-19803152
-12088586
79105718
11834834
22450043
-79308029
-98998472
-24901727
-51405071
53451040
-35964912
93664835
-74813148
-76005115
-397006
75997899
-5787117
41765373
57348840
43027325
79042326
-71237572
73316771
-28414683
60223049
-15919108
70611960
44312574
-25568160
-32162504
-9581938
-91147224
52351168
61821288
-24215780
86297428
28620360
25801091
-94809237
44083648
-76650788
-38194668
-37337676
-73506317
75235128
-26830412
-25425215
79394309
-28832329
16259370
98373060
13205433
45770262
-20630202
-19455632
54346602
83869496
42885134
84449409
-72077272
14131835
-97774110
98995094
3656667
53084111
27965220
54286086
-35327995
54118757
22949090
-97332622
-72898333
-61582331
-41133066
99596249
-98541417
-4902180
-2237145
-95023400
2589920
-84314717
60281526
-76119817
-82789568
67748243
-67729522
-51580499
32601767
-93516304
43194301
39954810
-63963108
22210149
30238298
-7300967
-31213767
55430391
-48156699
-86976790
48020863
-63713677
51902636
-13069725
43449160
60857033
-11345951
-45347580
36374036
37792977
-97438683
-57267721
-64496302
-33997869
95052104
22058695
-87936777
-55737
57271837
-82229668
48434816
76206240
47253681
-84869890
33650411
46403470
20508460
22252414
79574506
-73736894
856728
-39773462
37450562
-33672130
43517803
93846510
45863768
33813905
74592025
19147792
-53612118
5045292
-4466569
31731073
-47540371
19417905
-98415462
24320598
-91730081
-61080231
20783727
16326326
48088934
-43430536
-26831161
-88119685
-44570654
-72282521
-28970169
33861930
-80775077
-49335418
-72221260
11264605
-74025949
-18936598
-32885249
43596205
31390317
-19747061
-46174896
87173590
-77414974
24637577
69713439
-80461755
-79081295
-60772077
-52250747
93194712
-47647847
-77961332
23836062
-70471683
-1906281
92402912
82790593
-99575367
-73630745
-54624088
-20946972
-85730443
-97560096
71177482
50358549
80694384
-9630206
53475594
-37930734
-1630736
72283305
-16105062
70842235
40152289
-74535315
-55834631
-94005774
-68849298
18229268
-54650080
99707745
94972594
51783206
94146129
-25002388
40791224
-78575528
-21362480
-85665789
-95446406
-63870433
-66222930
-44704537
68760020
-19351732
8992460
94733738
17671183
-30404026
-85885992
-70540442
-59752942
-6572165
97977481
61744366
-29508886
34782967
-64140065
95546579
60706932
36415822
-11661128
57972710
-49008100
2253349
-53255348
28939348
-91804724
-21185915
65958372
-74738307
16316626
-82554215
-7346774
-28716441
98338082
-84705458
-9212786
-37278082
-41654467
95531372
-73450531
-49811051
-86055619
-83150441
-7510792
61407309
85032811
11622617
9424881
-21589958
28817183
-7842541
-15810814
-51320159
74564249
-26439595
-62769562
44658172
-22205007
-93249481
19818739
-76850291
-93772774
44534529
-39527767
-90652036
64343305
13587343
59086593
-61761989
18025402
23726444
81510996
-24354665
96982771
59830658
-26043220
-24231762
-29622627
44914871
21624742
376036
39144511
-56001868
-102895
-14802833
24035196
-52684713
78787259
52193036
-95471106
89854643
51299442
96529851
58156315
-74479568
79149284
-39941704
55801135
-79837784
29139665
40744481
48292074
-3547391
11806012
26115689
65237213
17593266
-61006426
10259724
24854791
-78006139
24673667
-37524175
-11223360
11950962
86126814
-36908292
40809573
97097379
94706687
90023940
-42729083
98967403
-28528060
7363323
-703731
14212290
-77518328
-78393425
36202819
43819331
73652658
-64168026
17078400
13169413
-63928311
28025715
-55831180
-93269272
-49084930
10240011
-41792677
-52432914
46930420
4381055
24377899
-89192535
-43677434
41036356
93398720
81976603
61831559
82328695
78575400
78012971
-85761056
-79312974
21314535
93179749
94018679
-89089456
39607716
-69956168
-28772473
58548659
-30489284
-45957939
-71983084
-89858099
26034579
17843544
-62652657
-80993996
57291999
33050926
-24872954
78791597
34770700
-80461179
81683343
77716026
-83896080
6497051
-12883701
-61234110
-46990949
-96724671
-52650918
1224095
-30827928
28658386
-27071367
19978291
-36424950
63533592
-55680015
60807999
95269128
72662570
-21335186
25160811
-87749658
66828048
90520743
-35358609
-54904549
50323763
47624475
50553436
60436743
59641555
-54208150
97706442
66881386
-4927906
-50040103
-79691638
15666891
58834206
-10136436
-87448262
67814689
-19509756
90835150
69985440
-83292527
48237447
-92977409
-21309547
-65621655
42895856
67419617
-90989781
22425359
-86169450
4655148
-83713445
21190195
-13062340
-73862936
-25968264
50293736
17381287
91845152
64079904
-7152182
84119381
-48539288
30083045
27362493
-15246736
18117225
-74233222
90857404
-34684281
-65722367
45456036
-52280882
95066376
15775832
-21222403
-54299261
16163729
46164264
85635285
-11329122
66066219
-20487859
-71678615
-56693078
-82446637
-475310
-34422125
55556345
-29279243
-88854048
17924643
-71025638
17731727
48365129
71478396
38259425
53997175
82004693
72362821
-99427166
-85280979
-76638111
-18651334
51769577
31141462
96105495
57830973
-65033753
96130609
-47651097
-6751875
5853314
-71318845
-74563930
92774183
91339926
-71792729
23743342
-13694133
-35225155
67490061
-76581064
33233388
-32025793
-54895756
10946679
-62027733
35016276
-7841069
-97633339
-18116155
81077968
-31796009
-40460574
50810141
-18916929
53627288
-47026432
20266401
-19212566
40008389
7529377
7902026
-91816689
-87060053
9352670
85102150
-10073897
-8607982
-39985312
-71923917
37505460
3546948
35809150
8015533
46986043
56983838
-70720771
-24049438
76123401
62273688
7358852
-59416228
-60814552
-63227856
-74317658
-90070374
90469177
-92883231
23693726
-62402044
-97936002
-48668233
97535803
56473240
64213461
40061779
-78022122
-78105756
-74451533
-3591199
85710565
81644472
-29988909
-27368268
13712079
50745484
-47230685
-42176123
82036016
-58178272
85869869
27734222
76616099
51417655
-63414425
84032127
79897045
-68321474
-60761511
-72568411
-33180546
73746063
-30861950
-65711250
34671444
-7214308
-32373823
-71052659
67633252
-63565455
-46333366
-84766690
-50744989
-66280017
29955685
40057679
-23210449
-30987048
26421954
22931257
8872268
96909899
-88116843
63372602
-24777551
75886212
21552769
-32503500
-75896685
56323278
-48089438
83324874
55553388
85521751
65832144
31416203
-15951154
-8798918
3659966
-69312359
84048761
-49377577
-27363896
-30267876
10871134
15593510
50903279
42463531
54092693
-81137670
-74479696
7137438
66308860
-63785579
-1529854
-71158896
31979950
-71443303
75189969
-79509942
92028597
35525866
-95780883
34460764
-23827288
73752346
-15296463
65394134
-39284941
79910247
55862383
67702895
-95299100
-45294803
35072270
12347788
-32984349
-1919204
25620691
44230847
-92058869
-1110427
-86981711
72344688
97642323
22492296
19383931
29653753
56191032
7158066
-89245405
-35304003
-71309447
-9800234
58204280
-61701171
-56773724
38962672
-60811114
-88369644
-36078246
-57562323
87258221
89293755
-61721985
11366671
-99248769
-14875396
-28215924
-44580246
-84995066
-45158846
-42656381
88437021
-73903970
12414555
-82226188
-13096484
-71945205
21682872
12109363
-88227840
22331009
-33979093
-38787133
-20752970
-8521000
-82860739
29113800
67589390
32617327
-67612857
-8292284
-17378824
-15015922
-61423147
-61550931
-43364324
90165546
54700630
79576067
-99327651
18157801
-54987188
2481888
18715071
70624566
43637229
23027773
-65977487
78447490
74610118
-54585306
17905867
35876223
-6533277
71046549
28094827
-79280605
34265964
-43865334
-75829159
45514035
-69069771
32076885
-84091387
-1502789
-77071424
-48715018
-14482470
-41089295
33395910
503827
-67902143
-41712876
3524516
37129219
58720732
81828069
29008133
-56668876
46156056
-26248879
22846967
56746207
-53647217
-31618320
-752179
91378377
-80018231
-65345337
30289660
-59818503
87691343
62275056
86659329
-47852536
-34458972
-92245605
87477178
94792513
-95443328
-61967912
-71300065
96945926
23102754
80587850
79805055
40440468
88535553
70866608
50611295
-38623826
-27180282
83839534
86703141
-88003142
-74526837
6174386
30439991
32054163
79003383
-56212629
56052405
-1957218
35775114
-66981442
-50279779
-19144397
42867754
-47638071
-80044483
-164745
-85741248
-33195692
-93651797
-15493970
-89749253
-33148517
72879390
71043329
-74288122
-98737002
70317344
-94333975
18722406
-80874277
-62875818
12377482
-76125394
-71552322
-27930246
83238996
-14111797
58977657
-71799317
-10017172
35439900
-53260992
71061109
-15584500
-58350367
66694307
38397441
-53415806
47084069
-70203563
-96553791
-57987348
-75044979
46909926
20633230
31888531
62325412
-60736268
-35744767
3436895
95106859
8642134
77482279
7127194
-8586234
13797832
-51322263
-34649078
71481438
7506076
81597810
-80006124
75193972
88806346
73109617
-31023985
22216580
89754177
-73725794
-8858554
91963328
97172192
33748879
-57396749
-76870045
55941772
-63209734
-57741822
4283323
-75445618
-8121370
42184791
88505995
-9970594
-72789721
63772261
59320142
-34104625
-85122578
44883243
73954781
72057540
44875950
40921942
13265198
-72012205
83745203
19907992
-3951182
-60718808
72941937
88587080
-81856058
-45105341
96084909
-53015957
79118309
72682558
-1246129
566595
-33344040
25039405
-77309989
-23449170
47489209
54509002
7323186
-92916248
-71362676
-16347374
-53230672
44653977
-3614192
-96662289
-9440119
22611249
-92156515
-54745343
6279659
31453677
-68204283
-711178
73826069
61382931
-37555886
48524972
48442017
-54905528
71173100
-743985
-36426769
-70878426
-79013894
8453140
37114002
52889513
77218908
-59055127
-30536678
-31381135
-83908167
58230708
-94613641
68691052
6174361
35680465
-76521397
32927721
-99194720
-32241194
36856884
-89424992
-18988332
86828440
38996970
-27929094
-11474712
25108886
83079074
-60607750
42427073
-48164465
-53729007
-31324276
-41153252
69241575
-95744239
91383163
54463011
28536242
66355671
-44076069
90223145
32871233
57892994
81786445
-20659027
10850393
88100865
82714834
32441115
82325765
86224054
73957380
17473070
-43609547
-12707481
65766511
-44980460
-26597720
-20600979
5834207
-18736937
-8185395
-35629081
-49236474
-41604128
-50337802
-23941664
68531981
-46112385
95928460
-21434383
43478377
35142630
-95745185
-85516100
-85098035
-72687658
-78566878
-86317412
63981101
33475257
88933657
-87845746
-8238864
65873598
37867453
-81788936
67911950
-68813034
-19943275
54610410
62025416
-52514200
4850482
-90608838
85613299
18411317
32116600
43193287
14135476
-22717268
-40376054
-1352110
11987219
71224218
-19254744
-12777649
9154178
-42424871
32104065
29123826
73754021
1072063
-35371000
35565609
38594292
-8594448
9355467
-81481521
54814565
1164179
89501665
-20139636
44974358
337870
7576980
-47378447
96637389
96321835
29911109
-85061834
64643185
-78084450
-95369513
12563840
75771058
-21907833
98926024
-30489221
26214971
37450800
-17060777
73746187
70091297
-57438021
11847044
-15697772
22496806
-98525912
54326002
-49257363
-29372714
-84196761
3083767
-54313129
-12518919
67584756
-70753506
-62440711
-21749577
23017816
14540844
-68057139
47309745
96739192
57869346
65405851
91108932
63505347
-15742327
-30336424
62451289
90457498
-62912459
-47896090
16418573
-50199705
54981364
56780289
42247294
-44041366
-83432659
55123374
-98029105
14088951
-63508769
-7870946
-26433465
-57616058
56555869
-38596929
-66144507
-5509895
89365692
32978290
68324408
-20033361
10033756
-38763790
-53708391
-65242946
56968623
85934013
-57621627
-95466987
-61913271
-31060806
-87452632
94571299
-84963835
-49763125
-82202049
-39468049
67925770
-17349436
75833407
-40658283
40516876
69526715
-92044714
12035620
-98493141
-78192439
-78539534
-58280662
8232888
-8790997
-99490843
-47156060
62397521
7433306
30415919
-71744050
-29802353
96832618
-63182486
2785502
-35494439
-36409695
27274558
85229651
54946840
43669207
82535480
7665666
-95602885
98410202
-96441022
12824934
15331590
-64652308
-60318781
89622494
7582744
50592091
-59283540
25890603
-4436887
99568274
-22915460
-90366668
68986863
-98425127
-8866750
41927374
15882249
67981809
-80573001
95771501
-52048574
-51267653
-87994972
85533701
50160257
-39180708
25325423
-1678831
-56778416
65580873
-43910662
72160594
-85583764
8778628
47283281
47747180
-42892357
-89970718
-57755386
-50653294
-97656008
-87471292
90103652
50400658
-99286886
-50902906
-71315962
69286623
-71651089
-28022900
98705365
63839998
3336093
37086002
30454157
10826154
35225406
86082198
40254523
-42642269
-91748900
5912921
-33892877
67391236
-40643821
32824735
87979834
-38882570
-64167449
-46450475
-27723559
59229398
33726540
57141989
14254741
-70507399
82919347
-82110931
-35332522
-42673811
-75211109
69446146
-10403424
81391864
-83095669
-11452013
-36950050
38984655
30908268
63296795
37015787
52767601
-40768863
15732647
-61881958
-91839210
25275832
-63510546
-66513744
-62434707
21140662
-63578850
-84505717
77558181
3285246
-6995650
-55547552
24334946
70852637
87090624
-39006651
82968356
-61895953
59516186
-35648043
-33837257
2757481
-796470
-72576135
-77129818
55633282
71713614
39210656
-91771860
51958213
-56550968
-13124404
74005694
-26590929
-90278479
1433908
-49263140
10351378
42134715
-16899591
-24328596
79573758
-84555012
-3993972
-97563756
-29459755
-25545147
60514167
91306372
27880277
-2116017
-29667664
-93618358
-48494953
72428438
95808003
67284199
42333244
-77075715
8797443
-15175129
10161620
86602100
-1348770
61139227
80983758
9007584
-43096158
14771250
20011270
75708073
-39494347
-41845562
-8634818
-52347326
86007595
-8960442
3276765
-61481284
12192293
71885941
-71456644
97505628
-60305544
54330690
-55298880
34819094
10901029
-15491052
-52253174
89506066
59788900
65456595
31854880
-86536510
94200149
82987157
27277743
-92988637
-41418434
-29072282
58288614
-49455994
4456832
-93647257
85513001
-86637103
79947594
74805365
30439032
25190193
-90096732
76719736
-87565902
-30298087
24419029
32703174
51472451
-20289467
38259427
12982020
78156677
80673827
26537471
-13789553
58693998
77051968
-19330131
29126085
-2574607
26433343
-60843986
-16198865
90920166
-90152329
3666914
-46953052
96264590
17224200
98554633
60952357
60245635
41895655
24087364
-12720414
10278602
95547679
95017935
-83318919
6698438
-94763195
-33949144
13403565
-94352774
-26925216
-60906853
50130620
-17034685
-18148697
-44129327
27049423
10482509
24708056
72717588
51412687
29390613
-78957809
52972097
-33706776
98874098
-45135232
30690810
-91530734
-32473027
-59591476
68903602
33332018
86351297
-90099003
85005712
56196765
-74856855
-10090010
-21111161
28542290
42883095
53577470
-69773572
37212454
-13031035
49637261
-62442645
-66315841
-89435839
-1522353
-37359402
-62269550
86067783
-45645317
39366530
14341293
217479
45183270
90248707
-19533760
-86455882
-26733043
-81295859
-88541460
29984540
64623270
80620047
-52290227
54442446
5163652
10445318
49145772
42543466
-18607756
-7214202
-74194464
29642183
-28397741
-94555154
51022622
-67154433
31130156
62047591
36339831
-95220574
-88555724
4320101
28767375
-87987040
85038894
41892585
-40938407
-52023232
-29713976
-29423613
46528739
-25253011
-1438167
-86501899
88376541
1748265
-589441
88633823
-87682841
-36189257
50468600
-19779061
-47202495
30975817
64333699
-74177326
51695725
-32790260
-63835153
-59643006
33096003
22683699
41391671
-41714455
67134383
22745191
-11023877
-82540889
22505103
-14929073
60390769
-26356827
93312083
-40468872
60141555
63048815
3025679
69187110
5286852
60422488
48243243
21630313
-14869025
-31226750
-78194704
-30532054
99667459
-36844280
26206009
68552378
-46828106
39552860
58763212
97585252
47204856
65192589
40493464
-17771491
40141736
-91000333
-76204490
43051998
-95006144
-2652605
60881650
81548888
-38004569
57297930
15476733
72076288
62767110
8958434
19644652
43788240
14690385
52343374
39371184
73062958
38544473
-45084009
-67725139
-81586584
-56807120
21108962
-66318274
-64379427
-8380701
-66193992
45204567
-6564544
82281968
-252306
2342492
77515560
14778328
35395179
-27207536
86558279
49362272
89452708
-20560921
9402241
75080899
-92707597
-39150357
76298854
54270325
-83364793
-44904735
-84427852
96391540
-23705121
42716623
-9561075
63648814
93908417
-63040776
-1892745
-71595182
-15656890
-78048564
92029687
-77207934
75899509
13874879
-49901277
35337112
57744633
-92903944
98241525
41512574
31779956
11031615
24489693
-31077855
48301266
-31383283
-34644976
-47541994
21666706
-88536621
89012462
-23148383
-69119960
-24321005
28201820
-4111349
94271328
-34600559
-50197960
20652840
-70936781
-39514350
30855549
59912001
-58461295
93890489
1060923
102845
7206471
17509153
-3119382
91911153
-73111553
94644749
73226543
86899888
17786790
-3178586
22000083
-37202759
13351259
4359606
-2147745
10455399
72907603
-29768678
12521591
25107592
-83546579
-85329083
42253032
-38501978
72302318
389814
93591021
-82920350
-83569206
-21522771
21697658
93090196
-30197075
-35940659
-79077794
-58179283
92629767
-15305422
59850945
6867788
75128653
-23873389
-62345447
40289795
-56942426
64610695
-74972193
42757977
-30920610
2840407
-98445936
96931715
-92478460
-71304739
79400137
-1487706
-64339564
-64760409
-42497752
-63801313
46980047
-21561974
48704483
54672370
14128394
43417973
60106732
45608836
-84062980
-74119303
-79091366
47670823
-25711986
-54445783
-83910971
-73877951
6492110
75088895
91589385
72730638
-54893010
89799716
92469365
60077291
43686287
37022124
50034122
-39144417
35555223
40250361
22883845
-9055110
-28874898
41882894
-17882531
84739538
9611658
-99959073
-99274351
78415559
-97182446
-80754371
-20120149
81918907
-78677787
-57135870
-36776266
-47526267
32579474
39260361
58408031
78351960
65469984
-23125344
79062661
26600573
24485308
-26679251
44645860
-66472733
8359752
-3948622
63404981
20076583
-61198538
-94292335
-59924828
3994141
-69049350
-32239074
-86186686
92251481
41062769
86345855
66383966
-79551033
38529149
9947056
65989330
3437730
-23597196
-83711328
-38078179
-80032400
5977911
-68802434
63436359
13561288
67659267
-54549307
-18991890
99342286
85070624
-99392815
-84213812
49039635
4885104
68944436
-92994925
23577725
67038981
43728423
64728381
48894197
-67576733
-41310110
-64272564
-43069627
-22589322
-40255482
-63798136
83376517
47999391
-42723861
37123847
89783583
-75358949
-84575975
32916533
-67971192
-78218947
73671180
3225833
-50921102
-70359942
-9900294
73836734
-53726720
-13821440
26095989
-98958061
-30668709
-10965790
61805632
-46483718
74055805
-48781255
-99702042
33704357
4897466
31520215
9407557
-68248713
-77650059
81750955
-62491270
-83877638
31612457
-28690944
31170302
65666456
-13737544
77422930
-26942799
-74598415
85376475
-36813309
24715187
-93706488
63118457
2802667
37411504
-14558737
-81116643
40221268
-75816485
32239046
9969915
-50615372
46207263
-26650367
-57493157
62348850
-43996155
-42009508
71324782
76275126
-26454972
48215529
-28192765
-51842499
-31306510
-44849776
-84791743
-22752780
58487814
-59146326
-78485665
-62720546
-36253067
52195170
34746141
74351431
43696046
-28416224
84925969
-44609753
-53030936
32730229
-62126498
-15150298
21654473
43330883
91197969
18232777
-32117027
57461227
-96073867
-42859629
82047271
63042393
-99197243
41829890
47754395
-93207780
-4053466
75642758
84736961
21374743
9247837
-32535331
59663442
81690517
90280995
54024344
-85256105
-51798267
65546242
-25370825
-24955173
92413240
-87512210
-50597745
6688575
3542200
87100267
32273215
73188478
93700147
4443293
-19990739
-50055153
-25171626
48747451
43843648
50251208
40978755
99180666
-67260805
-67440897
73688415
-47131623
2638400
-20370235
31639501
79731979
-37574980
-77285047
9378595
-34247125
-23320947
9929655
59225044
-42504698
4479877
77609569
-43164578
30005413
-35228320
-59697902
89927477
11651844
-23345432
40773636
77051719
-26026063
40046017
68834068
-80010840
-11369908
-3480327
-84480000
46805831
72729030
12026766
28228242
94973007
-40779922
-97058765
9788991
99126131
-34178227
-4555914
12292554
-29533517
-32005788
51095506
-57592988
95173254
-15147702
-12353717
-3339629
-16514375
14543205
49783673
-33667471
34402083
26292730
-14360296
-1223794
35399247
-33922664
-81502808
82347289
795745
50477189
-88029415
16718103
6513407
35854716
-13245523
-21049018
11602295
42566418
42967058
-16030935
34499916
92243182
11296701
82830496
-31598900
-26336782
3097142
-68888623
-51131102
18905831
-21324317
32894146
96889053
-83203640
-90484410
5427803
98985314
64657120
-78514249
-964130
72074779
-97746383
-37683612
-95232327
44537286
-81490820
71141370
431268
-77199874
23192220
10657371
31853277
40461362
-45886954
-34150497
-33812042
-3973661
-33234565
-16306332
-24164708
66620554
44932879
-33879604
50560946
56360537
-84737101
16180457
1039580
5201503
12901359
-85289355
-4134934
41742211
72686293
55822796
71236744
-76684350
-64855556
-29702933
-25534542
12727226
-37098537
-90718120
-12652701
-9250589
-48013085
95546933
-1188989
-4535083
69670696
-56171230
-51552624
-48200019
-89461529
-46333321
-71083231
41951769
-71153116
-37177057
37421761
-35217840
-25793203
45348481
-17799492
-92780805
63716324
-10337244
58952644
63254155
20760681
22798014
63913063
-22331694
-61944262
-61617709
-9375302
98861795
-44500905
41162574
25833508
-26417738
-88768313
10274130
-84518765
-63095581
30518075
12649649
84884
-16793981
82645791
-71608048
-53833090
-40224859
70759462
30316425
-36587755
79518956
43425215
14320292
83514846
-6255071
-82803695
28509015
-48303747
-6439771
-75342924
19564663
-53026888
69640991
84787265
5556216
96676796
-36573774
-37958072
-85183242
-30937060
1873480
99874945
-52074458
8215898
35681333
11824615
49571682
-22598251
-47263475
86455646
-20812426
83866696
47043210
43269669
82673805
-28339045
68470625
-36570360
27818303
-99998258
-1173087
41852504
13197229
-70649663
8234327
16882474
31800050
-38144191
66541714
-25481565
-52982430
-8107485
-33478907
-76655250
88491240
17673902
-99202529
37982488
-34960484
47576242
-94922719
29583846
-26110555
69538878
29857183
-75409296
-93175591
76495356
-70838883
-55199326
-9862675
-9202969
-40261041
-20294517
85827417
-29778612
-47673368
45039743
61071458
27718255
-34520928
24076827
-44727202
-77422376
-23820142
5843468
-51023697
27788892
-43235306
-36266875
-39166713
20734175
-84330981
-71169466
38307848
-37575767
-82182871
-59376539
-57715481
-26576692
64778993
9683887
1928137
-46285358
-61784635
92315676
81966422
40015939
-42231469
-69963437
92540932
19584224
-56159115
-15878209
-60525430
8555743
-40212043
11368541
81124934
-8403139
28433279
-22014522
9813858
-41118141
-60179783
38091048
-41618134
25746771
-48972173
48150330
-69021690
-60241106
4746373
90176613
-37918131
18446039
-28624346
-44124967
90827356
-10511042
84833199
52297985
89071476
-56397752
463378
-54812710
-62479084
77934221
75598918
27129588
-91627017
-64807389
29255508
34348147
18941281
-79662066
88952626
32180481
-22504617
16611319
54818291
43446886
10156320
-86100729
-49756692
69580456
-70776559
24765569
-50545654
50290097
62486782
-8179825
67788940
58169807
65393276
96309643
-74847616
45309199
-19729804
27634948
37997525
-60787906
-50508245
-19726894
12289482
35718677
27167528
-63735450
66886348
70016313
13627085
-11053257
31249341
-63393684
-22273793
92975486
-16086399
-62043222
88991267
-13336215
-75298558
82759383
9811783
-21726855
-86225103
15654173
-63317041
19223978
-67369386
-82090139
-71525198
93303899
48845297
59655485
43357167
-11474424
60005667
-3069010
18909784
73206402
80071689
-7382330
66832910
-34045458
93465360
-59840850
54570999
-67796189
-42770032
-14209645
34132654
42012585
88116908
50003740
-27587743
58389921
-443763
50873329
20294383
18304731
52262171
-58050567
-17765495
-64033083
46109920
4303802
-54653055
-9678216
48087581
-21431967
-62744915
-87227689
-48376541
-92701052
-330117
56254665
-50187634
-23525031
-46386009
55522204
-48652077
-16182537
98972247
10607503
89355692
86418528
-95254462
-80544654
-62718158
59736914
41943317
-35828142
15712329
80998256
-80939382
-61861239
-96967958
15881060
58660211
-81754480
-29728760
71498331
41833951
27678544
-24752377
16797975
24783943
16401949
3321015
46837249
6129274
-18460085
79689821
60541357
4835129
-72205457
-55405940
-18347599
-62109583
24619137
-69372506
-75732411
-96698637
-59334671
-92122657
-195246
87125629
-90379359
-85386191
-95887227
-674972
79808885
2139314
8548099
-26779856
89838089
-50686497
-72904759
-85160547
-51215094
-34898944
-53485116
51075419
46127740
81481756
86576393
-17532285
-73335139
85111902
-74621883
-34505662
69846610
-78754172
-28030556
-27349729
-99771719
-30445286
91953079
89354071
21370340
72042287
-38759869
-35012391
-52416844
83053790
-86581845
10184765
52258226
-8293542
-12135146
61709587
84097976
74590030
-84297677
56466713
21630803
17513344
-51678315
-90382081
38720653
-14510003
-84138366
-18123837
-93187257
46059741
-70672115
79932769
-1612707
-66987956
50831334
-44783966
-28394272
30984222
-47989735
83932858
3877315
-51487688
-27208108
-50460730
4403186
83069591
-87581005
43916397
36303734
-47833039
-31630816
-63403367
98503408
-76168593
-44611005
58174955
-42212737
91662205
53163190
3316824
30676440
-85048731
6943399
38569736
83716374
71155990
46050771
81852261
98471357
53015048
-55068722
91537403
-30187750
-60116013
35314562
90413590
-67581948
10081080
-4629176
15284391
-16871644
-64423050
-97597887
-78929693
80610973
-8742258
71190269
47006442
-62271861
-12853977
49996372
12971170
59203616
-83151026
-99205118
-898181
36484234
15949100
99303292
59348786
7733201
55662108
-52067816
73317036
-94990380
25488940
-70367725
-36163233
-8110698
-561147
-92912233
40276125
10115714
-63360262
-24926990
61771925
19363575
-33358317
59233399
68770976
-37881570
-48360239
44262004
-3460021
-87078535
-93313239
-62773819
7162260
-3330016
40162720
82030047
-1442535
52807896
46805636
-96983383
90768819
-69303848
-76884546
81446377
-58273604
8428808
82192904
94048769
7391147
65091321
-53444218
36137684
-94377265
5528919
-17168420
68689973
25852570
9636307
39244207
-40410723
99806586
-40436497
-82883828
88413934
86583076
-86420789
-77837907
-31554141
11938562
12142737
-45684589
-15228666
70084465
-9277447
32976234
74620668
13222627
67697954
28449449
-38454146
49655355
-63373887
96524366
37541038
94043670
-27527700
-34288845
32280108
-46594131
-31312399
-55964047
-43413964
56479204
-64938948
-88563960
15283782
-7534583
-66001344
-1159781
-54823320
-82859457
81309059
-74246370
30583051
-31768575
-16701650
-31599898
-66015910
-18937190
-94403452
2788988
25645462
-46751641
-80581222
-58871059
-56513833
-95235338
26026712
-77170709
16346704
89070276
-8845150
-99851399
-92463833
-21230973
-25710156
40866176
-19466229
66358582
19417299
-93133568
52497790
-18725250
-25177770
62964789
56912325
-14264657
54635449
-57112303
-25121462
-60046364
-26554346
-39863786
17392443
-83032
-43365944
82364230
94023064
80206594
89768038
79483158
28478135
57355175
23825852
62142017
2888822
82430637
-82488039
-15035932
-39463466
-37095719
-26111090
-48841594
14248600
-70720834
49440118
81078698
-13680906
39764498
18210257
-317035
-30652611
93187948
-74305681
-99906703
15678958
79199496
86665780
-25371620
-9981506
55608308
-61087937
40765419
-75920336
-65834593
91976061
-1139118
-73472902
25183001
46357340
-97777539
39684326
-55597486
39110229
40212969
-25921104
52152951
42129335
-82222817
-22584934
94088602
-62593909
13246683
65853776
71972585
21552034
-77675174
6337685
-20047983
-40905229
-12978712
-50299479
9129539
99647053
50899351
-48293600
4779056
-14790537
73775701
24699377
-26750053
-7616865
-19816913
-38864097
-29013189
-8616520
50474566
-19858215
61533554
-31434335
85070609
5803402
-75711248
-20144836
55241091
-25705867
49905408
21966517
-26425271
-23623883
47094100
-19114078
24840221
13526073
-30124987
47288826
54887294
27944215
-28707447
41126550
-61543403
66343329
-47551007
-36000975
-77561746
-13912237
35123165
71678569
53215219
26235150
-70176975
-43953104
64020997
43301275
-94240783
68385958
13487663
92764685
-67196484
-53168763
-84351171
-32410637
-86992474
19325949
-25580981
50773659
6690897
-26457762
16289841
-90844495
17843033
12387087
-61656965
13157824
-57400989
27552459
43536950
-10006146
84334237
-63682281
6466342
-21860201
-73455981
71132706
81749058
-33317069
-10432282
-5805664
-78097638
88557542
8265792
-64481003
-61840531
31077949
-22375573
3038932
19366089
-86368056
15317360
43185556
-41062873
59389043
-581012
-71160930
-42061494
76928672
63557406
-12444370
48450805
51050237
74399887
-54591026
43214095
-19535357
78031901
9007303
-27178733
90138421
-11885392
-28417178
-67084042
32507988
27462401
96458583
-11640621
-28437800
61014125
-87807927
-60340181
42511305
68008033
-61217231
-88829808
-71388164
-7381813
52661609
32688269
-13827460
-64321047
-24723459
-51842450
83073798
-61436942
52108597
-79968571
-84219039
-66243185
95960066
-4707115
-42030564
-66476643
-2480795
66474319
51600343
75278069
33620900
-74658028
94389281
70512978
77504645
-95849286
82125423
-33681729
49984920
83996978
61519691
-35087874
81998010
-88478030
71413006
99145511
7122056
-29352101
51410341
-25120624
98284077
-71571177
-44140307
93548064
-2683692
-40038794
92169685
-31531427
18587372
38147800
-76549642
-22560781
-83312477
84732815
-26950188
89274167
31956079
-10443712
87415264
72791977
7332090
26376248
26666492
-43790389
-3384644
-4497124
89981860
-52733185
96258864
-62435679
-68685143
-10973277
40810285
42885282
46099708
-59642353
-5254662
58375094
87646818
72741906
45972434
12731899
4002963
56082112
-38494126
-32110063
-55480857
14378804
-21486612
-66497093
-46174129
79317736
21812642
58708910
-61843633
13538528
89242296
60670664
63286419
-56153244
-74300459
-90409710
-22629455
68302925
42810451
-45542058
71220457
-68612060
11431443
21809036
-6330950
-91730135
83209456
-82764693
92959993
66044418
-63205688
48261417
65807922
20239801
-40294224
-82453384
26783395
35233980
-16284172
-21262490
44609419
89428735
8748115
75239049
38586816
-61573468
-49133642
-81873479
60715888
-42967148
22184998
66881298
11153356
-4167220
-24501856
-47797318
-12611240
-76291517
-67853421
-58266929
-31703601
-78246288
-61168866
-74341705
-87320397
99697437
-11883730
-71332694
53491428
-46422512
-75176922
-96795170
-91803740
-48053779
-83232477
-36158842
-41535788
-93816503
-16099786
78428150
-50894102
-82809744
24182601
90825285
-11344510
25820824
-17737053
59777976
42861693
-22555888
90823700
83893682
-59664052
-38984565
13326725
26590877
65932000
16205935
-69807077
-68919744
70324897
-30294784
-39998620
-42652692
726126
-92474044
-85511781
-93339884
9646733
-50154828
96399170
94427801
76183890
-2116356
8196672
46811524
37471805
65710638
40886616
-98425197
47235506
29071218
50206493
13997188
-18947705
71189431
-11614121
51158437
86119492
-96418656
78230145
54003356
-33879145
63905681
96451147
-64018650
16602290
-98585782
17137787
40399068
45743671
73592118
-6939131
-21901486
-32741819
52592211
51797791
61357084
-64268253
95127774
49026225
98009432
80000027
11971382
9314972
-1948807
-64893304
42810655
-75120590
-8082082
-5246684
-87946135
-91431226
1177391
39091361
-67728934
81918894
-73680760
51742372
99743260
-76895438
-38235336
5565761
33339499
-52996794
69410397
70194778
-82656091
-41544707
-97313913
-90166300
76832205
-33846172
30007103
-60958824
19501848
98485569
-27598519
6404522
14244313
19270727
3851364
7398537
76803360
-25053178
55656405
24486531
48554657
92242222
58006109
52067891
-13295043
-81872586
-72724066
29712104
-30080134
-20149701
32572670
-79432776
76571415
42510537
-69133121
16350655
-42117405
-31337382
62665857
14675890
-56624665
79131523
41402681
12237378
-12890507
37839695
37936322
50253387
-23063613
27531551
73837713
-39048710
-37063752
-4760728
1318727
-16523614
-96214531
-89425804
-59023571
7477474
-40987660
-23449944
78162664
-31613569
59389006
-91598831
-85316370
18054695
-11017439
-59672381
-24357645
-91225468
-12572055
-99335046
-19849993
34237012
-60912328
-86617568
90059872
-58114934
87827713
-36578600
-13110285
-56439082
-77784867
38262485
-10469093
39187978
-2826962
34672027
-39081966
-84867845
-52318392
85741947
36817418
-76919563
73222634
-9420057
50074962
91850402
-28896992
-91893108
-41126568
-77752008
15859892
32824320
-94333252
-75150786
77739767
60363844
90612177
52077610
-41522689
-4644148
16505292
-64464204
1428249
-54067769
-45652070
-57378953
53378622
72469314
-35740153
-59845022
11069714
-45336125
-45191601
-10963295
-80028818
-57660468
33733411
29071717
28828592
23432830
-64141698
-2563832
-48114574
22516120
11292704
-94641640
-94589919
-969151
-41334128
-74121597
81818671
27826885
5653285
73759097
47143528
-20137221
20768716
46130361
50368412
-76986100
21411395
-17059803
5393352
28834508
10397837
56991413
97173133
13397582
53670731
65631566
-95703598
-51709370
-20916122
59394167
44434073
93535160
75009002
52240238
-70334664
-99657226
18171969
-33529536
-20274980
-14746653
64044236
98397795
24893109
59724223
-32127884
1273195
23702157
-45512233
69728883
85943800
76958267
54491028
47217452
-2197867
-33105277
-34397350
-33678501
-52992292
4391079
80506070
25197276
-93358913
58334609
-16484301
86885454
7411155
12122072