56467515
-52465498
-6195749
-58893909
33355266
-14682902
5110796
25604718
-60966106
51658106
-49812237
-3239629
-7019771
-42590458
-71558088
-85781003
-96139249
79986658
20760020
-16819038
-40999930
-10608322
-6301619
88506936
88959370
68293559
-50966695
-50444154
17470069
51627796
-43768097
-55126114
47460349
-16111044
-65212076
44798295
-49602689
69346456
21019927
14416451
-6523453
-82620933
19661220
-67093934
-70644874
-36054013
-78600459
9872234
-76641953
872506
71460153
29026862
-81746479
-46032152
65798300
-92726384
51290012
41116381
80149373
-52791434
2361306
-98982703
-23688203
27977335
-66951525
14385223
-89269835
19385196
-90930260
98585414
-61421579
-58107550
96482332
96179240
66516175
-33932425
57974985
-93277414
-73919451
-83441003
73298423
70468192
-81275138
39009987
12318874
4947922
12465854
-92847861
67654716
22589582
-84226614
-54585115
-57210019
48005020
83793887
81503913
93312902
17669782
-44704474
54667049
-27601410
81893889
1038630
-59324807
-68254883
-24375438
9334093
91819280
55240468
-70586763
-86365722
-99651996
34504048
-6333697
19816839
-35786071
40550677
-46047725
-83927032
1501258
-30408952
-65028873
-83806638
-69855992
54822374
67802900
13849607
-27029871
-26356330
45136174
42633519
26658733
-3379469
-97232259
67885363
-27167282
92382862
12971675
-92584538
-73082085
15981840
-15900700
41714852
62176302
13403460
94366184
-50783393
-74750235
-33776825
-18143348
36735430
13219513
-70486784
54884773
-68925608
19821506
16892807
-53123933
-46060895
68493613
-85265866
-9620513
-6836200
-94019135
34619322
-33196908
-47525694
-42698387
87996833
-32351751
-93592150
-95338811
85850213
97660128
-37905643
42871217
-42785743
43640639
-47829911
80144385
8536077
99516195
-93529366
-44915933
-94393915
43945387
28583796
-82676673
-46141932
74939558
34183660
49387663
63640116
54297108
-89712453
76385213
84275095
-8288854
89557431
-47468845
-93420010
42171920
81550495
23232785
37293280
96990744
86708528
70330543
-19690496
-47308473
7655005
44468796
84880859
37722390
-10100329
-70837014
46641655
-80783749
-5256912
-86589609
86111806
-87901448
-21627683
81253979
65570364
-16530338
-59211841
-15562275
5276017
-99594534
-66612345
-38555101
-56434205
95699586
99088863
-1562590
29596309
87987896
-11020106
65407343
48504666
-249745
-74730431
24746636
-28718699
-71797461
4222388
91573918
61135367
23670195
-49332644
-73463375
-66908971
-7635372
55446550
-29867204
80055875
-84150995
-27215288
-8736111
58244910
71979000
-68698936
-10597441
39498546
8356931
69465595
-38082445
-77512238
-62827640
51628947
-75635992
-42638088
5724826
-86406918
45448927
-90454207
81577802
-96001802
-79267580
18956548
-18784463
90744081
59588465
-84066727
58569277
52603147
64813073
75465757
7041323
-76030906
-98733160
47259153
-9207255
-53969348
66328420
-15576691
48465406
-19534540
49699235
-86346044
-97189233
72671068
-37136681
96527689
-42302312
26425106
-96947810
12267469
77177094
-8449750
11165844
42076924
-74234056
83688323
-93585221
11625879
57193856
-87727075
-97089084
-1489389
-28384363
-76225258
86417165
-18560545
94653821
-45700983
60353309
-94063332
-57992415
81531840
-39073622
86030121
30013723
-12605155
-45539689
-95209870
61456790
-24470021
-29630361
71751107
970477
85798693
-98502135
25164867
40646036
-6732908
-73275553
-60397653
-32559184
37175724
-52914892
49643795
-7680924
-55765803
4497129
3650736
25227180
59771743
-74688053
-11527278
-25683825
-21533591
-30923904
-84357608
16173442
-55798736
80836773
-3897585
84510891
-64491985
13633659
34293006
35113628
30827747
17248473
-97376475
-9447367
84536470
-59497633
-13187172
92576230
20194972
72620265
-91159310
49997508
75861892
-10434637
-98235944
-36118970
32974555
-47685363
40093645
-534767
84431813
38941291
-476850
-60795429
16770911
-87073940
4963623
34984554
60648839
-44423042
-99822934
-71621101
83169313
71356481
-22355909
-14112320
96611213
-84695421
33820020
-62414355
48485411
-6197018
-75613378
45595245
-52553157
-84696238
-77954166
-87227531
-86862992
14971634
-72200035
60302971
18552723
92378405
51663915
3353009
-65765174
-12232587
54595228
-86479262
-99212741
-9373129
-13988886
74938792
47205685
-75851432
-69366517
91972831
-65508053
-82506944
29173668
44673169
4281148
-91786056
-40789057
61551034
1458767
-37351054
50597509
-85287731
99397039
-42510523
88419310
51737311
10473502
-31687989
12824203
-75963606
-57496095
-82819474
82342343
77360383
48449889
50770580
-59618479
-14913824
26084897
-53017170
72739596
9262849
-79199272
-21908705
68801997
-12821041
-5595052
13038591
35079427
40749474
-81648599
-19753186
-58340668
35532155
-57646532
-61231163
97864704
75347716
-74358623
-74258490
-3214895
-16855967
41902654
-81523798
-78863426
58567746
-70428432
45368599
59172913
-50476015
-37834386
-10878555
96538458
9777401
19122364
-91318445
-50116977
49746519
47874788
72936185
72772398
-62831173
67379410
72930378
-52981247
18001680
-74334026
42643197
-45713409
60832007
23571320
-55687815
40165796
15481677
-92396519
6784737
56151806
61473648
-20266144
-73636021
64720370
-53635048
-81974309
63662892
30632683
36471319
39375588
21471658
-17592229
59057670
92521789
44842700
32177499
-87642380
-19401968
38546486
43567706
92264412
-40326737
-66821692
66904372
-19604385
13634338
-49120502
-74532858
20822440
-32989797
26626640
31892376
-30898745
-2884187
-77131354
200695
90169696
-56735637
-12381191
88217917
-88593245
-59528409
95038605
-61222288
-69822253
50820166
-8730021
-23871681
64370600
24187209
3200223
-93129949
-5320692
-19917913
-56862843
70839948
-95575291
35823322
57144195
-86909364
75664344
-41700989
-56869321
89812046
-94309275
77492042
-28352175
-4583521
87138583
64249163
70801773
-86810676
-48397236
74796407
5546019
19836830
30895649
88078177
91807841
33659768
33693381
14627138
-99945035
-76649243
-53134929
-21951811
36821252
-81731806
62385343
12859676
-68203590
-79625244
37125126
88811345
-4499857
-68663457
-96045708
38763127
42290059
-82669847
9134799
57446875
55151578
-52173555
41208006
-6957076
-20074923
53260364
-25163974
-16819021
-35066728
-69741933
76525506
83378406
-22142854
-15482326
89873948
63630885
29899446
32200282
-35982398
61402743
-97974789
81928104
95866523
-31177227
9060253
-52647017
-9751338
19343641
54567692
-97779115
-11640872
6403585
-46358812
50722218
-65868311
17364559
33015714
-26848462
15980927
-35659114
-55995606
-47023482
97234409
-18829605
-76867114
-50223515
-4638176
70430113
54475122
37607866
68919621
-22187650
16505845
-59167911
62283747
-34881113
36703174
55063718
22711172
-21278558
-76358344
-71910457
-45038999
-16199169
38160028
-41232302
-25328797
51512844
61291738
3589159
68441577
-43377899
45998957
-25069373
-53316894
-91403541
-41578810
-68900576
-49436016
-94094502
-15956550
-91093549
88017192
-36725412
-86303456
-61716417
62874836
-60914044
786070
-28538079
31500377
-47078857
-54159271
79290715
15461830
67297525
12867120
-4446484
-63854856
33706030
19904713
40889326
-42376496
34797181
45160696
-52416918
30782414
-53745695
53178795
-97085177
24774614
28562369
-74653323
-1584762
-17788348
-36202063
-73632499
-42772504
94188518
4057749
73733719
-73794062
-98653393
30425494
81625996
-46675900
69213446
47269888
50456399
-65316184
-15352605
28749202
-14420978
94858620
62036169
85395556
-29314837
34369054
95966682
95677794
-63439904
-28060758
-74119045
-15415835
-18434580
-931140
67726030
37641151
81897004
86792442
-2578312
-53283348
-85742062
-48943374
49097537
-44125814
52606483
-4968054
-20057411
-31941967
10948156
-92017214
67705510
87150623
97240507
-18099642
-69361622
-51953303
44808499
47938923
24640841
11660055
86765859
-95085172
-9955561
-54335432
67241273
60308661
36923645
-4406834
-62361736
-92936011
8529110
39803949
40485879
23490397
-66906738
-14273315
-16949778
84122590
-92140003
-51656478
8073721
59810198
51628536
77792595
-16227045
-89658158
-17491362
89280383
17098488
5342496
15770381
-94127227
42456657
48509925
-46099750
-16321643
60175824
79154648
-37242905
-63957232
37611313
-4135499
2765026
22015804
-59647723
-74681148
-10254028
32338391
91447714
-44615956
-59614552
14893153
-18935932
-46773089
-7290509
20810423
-58039095
-77554474
44142548
92262783
-67445237
30495326
-45047720
85656278
-60473535
-61568447
33112723
61017393
94068782
-55181401
79994746
23506144
-3397696
-89991130
-82074902
-71653038
-22328097
-19436715
6812411
-80455911
67065129
38310311
89488525
83305022
45849002
9954064
-75832180
49416122
-87874101
-18346195
-406802
-94628093
-33172440
7833416
-6413708
-13799412
47813016
66420609
-17700660
-74146247
47102608
22386744
-86166044
97748162
28869498
49404353
-93709322
26936880
-13968158
17620106
-52968964
72973661
-61145480
29809088
-68435086
67537195
2630340
33005525
-30922148
30812231
30690907
57310773
49503252
-26262206
-77055842
65242165
-61267760
85486297
42671709
83904206
-40271466
-731672
-10636321
-98180115
-44165400
-39201278
97005197
-52689821
91652623
37158890
-97047960
46251903
26970900
-31977415
4861676
-51593913
-45096674
56850943
29010348
33837599
87288799
-64528938
8778916
19947887
-71876827
72569533
-75821070
71663013
1279832
51299161
38728558
-84481323
39830167
-81420009
47347110
46566962
-37964885
-17318741
-62098133
-56093057
84763880
-18516224
36323398
-77917494
76500572
31083310
-6498551
-66626350
-55201567
28321151
92266910
43045996
80337505
-36444505
5528057
-1449246
-32112447
-99599906
11372332
-60363879
3864531
-22147404
67831735
-51656613
49696754
-38188572
-57997265
-71215435
-87451083
-91433041
-96369215
-21977476
-38876604
-15149063
72641109
-44863593
86592814
-95496367
62025125
70479967
-26299192
-14498306
-61430079
93277968
12159068
29107089
41153534
-46226448
-72682570
48214534
23050464
-60904540
15585506
-64464876
21411408
-72152378
1842536
79348955
-11314658
-74147947
-65685862
23460623
74943541
66272456
-2111904
10893896
-21062313
-69482944
53173248
71490508
-90023831
73888688
-673689
16394958
78212413
60667867
90640413
-25693824
87117141
29618112
91288604
71219904
-44295026
-34496802
9842573
50718325
-86956380
12245093
75003090
49214424
50376943
96001137
-97308813
-45759034
-8126658
78607464
33834141
-75675818
32013248
-40043565
84159080
-94660589
34797319
78147319
21469460
-14207698
-43742386
62749433
83393270
-2217170
-13360174
-37302488
-88960434
55194510
-48553381
99015317
34634198
93189412
8941040
61340011
-342571
72615019
-88410309
32678294
-15646905
10704111
24494032
93996741
-27872663
25570871
35103801
29980184
-56534927
69882231
18114680
-68768765
-45164369
-89277069
70173732
71834691
-18717287
24699235
-76364564
-35963492
-66940635
80762906
-69279985
-76249771
13023724
-11920369
-34838052
-38983174
-8913456
-70626368
11745474
3644
-52540603
96516366
95719379
-18166070
-60717476
-10325313
-43591907
69980223
-80736442
-28443266
47646249
36320119
52995632
32489589
32488081
-54538657
-49546765
68984821
90939864
23548817
-42216284
-86423337
1046335
-53175321
10163939
91042039
81773807
-26158281
-40773162
48952207
85674211
-96631687
52463851
8142406
-30041451
65383546
-32766442
94356552
51810266
28986699
-8710223
57138289
54609595
90867288
-53419258
8373169
-52004692
74945807
-53944735
67388077
41311876
-1053656
51710420
-14467339
-73933280
76953468
-5662800
19331130
51612799
68613823
71292250
-38966599
34628500
-57816462
66479156
69637000
49624795
-7163443
-85237114
21731461
37487935
-97774290
-48962085
4223747
14210681
6665733
2145376
-88193637
4244566
-56915193
4222946
88839506
44572906
-99574724
-78523004
84316565
-30754093
77698
71637951
-34252212
-868802
-14526785
-13283610
-818147
-13742890
98348800
-7452879
4914655
-34623232
-15698835
39744160
-31896026
-72270722
-782829
-8334226
-85336450
42207109
94057016
-55747596
23228531
-15253323
-70901621
27328082
-68990654
-96526203
61912281
-58089797
59112952
27066835
-593066
6449341
100960
-39825736
-37238798
81787568
-34047202
7547765
-79883462
55388028
-60984481
56417202
47354875
-73114198
33357702
66285298
45486155
-25748307
55498520
53656411
-41603032
-78824507
66644815
1219754
363544
-8867331
67006156
24309360
-57995374
39045053
-30048389
-53669005
-22033231
-96080589
75082699
56206859
66306744
-55623454
74851420
62092059
-95633167
-71589155
42172113
13791049
31621045
56350812
3136113
18461884
-58871405
-64757299
26628536
785136
79601993
96112572
41602277
92782689
-97164143
-70084136
-22009114
50752974
75426176
87369785
47884492
-74606084
-10961137
70721904
69995293
23644045
-11954802
79612917
-9855004
27318953
18668205
-45139495
20866470
-1010126
41006579
-21753442
19954457
31911541
-4017377
40021705
60890100
92385297
-60530406
-99784256
-59769600
-72358592
58132673
-45313518
-87212121
42193868
-70081770
-17754472
-32185712
61515197
95231073
-30500044
92449301
-87237863
91142297
-69957696
-37239087
-45045978
50233191
-44489758
73137319
64105458
15536907
-9533159
17689221
-92637046
89557969
-96195948
14882098
-69332007
38240951
-40023052
37256156
46924276
84018271
6679076
-77387049
-20582292
-73123897
25712191
24710987
7590785
-12373988
51382961
86972943
86313679
29584727
-17604759
-71761555
3347850
-21842346
95205892
9961223
-48198494
78932878
44304752
89300821
-17128981
-62566045
70423962
-19902513
-46349094
95871393
16175958
-1275649
67107973
30993470
-63007574
82341040
-18053621
-54877167
49885919
-69640964
47566846
9505669
-39614250
-28563777
63219329
46272605
-13384905
-76432806
-64494182
39006903
-90480027
79476408
37947682
41164895
-17999744
37563849
-26286889
-82298308
-37272320
52965132
-18163503
41299600
-16750756
50397980
50480814
-84883761
24285443
-52998591
-16583023
-59958498
90411063
71934288
-15049084
-2345112
30825994
-35434619
-97693764
91419061
76519074
-5136328
-74730957
-68691237
-36298761
47857750
87550486
24525551
-17088047
-69465456
55450653
-95300644
-17349174
-23826613
-92994129
-11634323
-20248285
-57801261
50547537
54832564
13025959
-31971384
-71753046
-46965491
69235944
24805144
42262396
88833027
-90704449
-88940086
3685523
-67486633
52804116
-33144069
95117313
-88795729
72625749
8918648
14441840
-86486884
-84385017
79202068
-63163034
-39327891
36703156
24813025
-9328905
64088376
20933518
-37661172
-10563603
2912155
85966487
3951124
5675227
6484645
-20098116
-96180124
-77261639
-79933052
54282299
-52376156
-22547387
-92812053
-98029607
40049109
-55372557
-56039333
-82548059
91105008
11406530
23405043
-67323872
39576644
97581512
80233793
14734060
-69239914
66169508
71602637
-80610562
80014864
69076344
-63358402
-78284445
18259008
-2057686
-35467461
70507749
81991869
-91227123
-42973748
90240844
-20920208
51384654
90695797
22001502
20244321
-79336001
27514323
-1547439
-39811743
5461041
68153882
-46597382
31145943
63252999
75859718
59496551
-59877481
4828671
-12625332
35808940
84399659
49611256
-48426244
-96457296
-45515127
58974638
42863613
69949235
-12888329
-29759169
13320653
91285957
-75448813
44702976
-81880427
84600885
-47245446
18631651
-17676710
-26782408
-15801792
10561219
-21254676
53628365
-47039321
21641927
-65510983
-12891589
-40549245
22711248
-86664971
-55304446
97706126
-59996338
20624719
56460328
-43310332
-41094405
27267298
77878372
87170383
-93729991
-86639932
36118792
34041161
-26731019
70387862
81560005
70347957
-48184224
62208092
6068281
78819866
-50125158
-31033743
93215895
-78618266
34875979
-55048043
96312111
37052073
-13387091
16341684
-26168111
71380039
16769602
-70725271
59584697
36274950
15401206
-12918388
32150008
-41885050
-5933167
-91733044
-56380968
-41623556
61415807
-81186944
-73448385
20572111
-49656382
-81861448
-48386292
904179
-83870305
-80014961
318097
11807274
33804620
-82313602
70939126
2999401
4071855
-65863554
64264391
29697347
-31489096
-33452952
-49282383
-50130270
38672736
18747230
-66183113
-68454280
95585847
-52925864
22170544
-95282249
-83621973
82096364
4465430
18567997
54677204
69421314
-60410125
2930176
76179942
61973398
1636796
-41715157
-35574788
95317988
4425109
-38339300
91747956
-99510160
-79007205
-58244891
-69590911
38570485
-41865281
-79904258
-51877642
-7957046
-92667781
42397454
52559145
44757620
-56114871
-19577916
-91402403
92930409
38731023
-89040219
37204325
-25498738
8149655
-71909138
-60098918
29379645
48116065
-64194733
-50171455
47432053
55985352
66075187
-88696792
20363046
63506418
-73343891
-26690869
-95526457
-17060862
90883831
57870236
-82742696
-22576
-48301859
-53078804
-26007585
-24757760
99557036
-31922028
14854868
-50558835
-60094101
84455415
-87725772
-64963891
-51024001
69535305
14912815
-52214544
-19195019
41346638
-21414162
29966303
30594574
14327915
47013227
-27226824
63011165
-6918190
-51365108
-20305022
-96793401
13261684
82292188
-95710948
-41068435
80706861
-49738582
-50561941
5506550
-65700242
49346674
-4183656
-83711873
-64903123
8843347
-17043002
77745421
57153771
-47533747
-76598842
-62086691
-83270102
-11629027
76981629
18669842
3509981
39816839
17658564
62763005
91636481
15306526
-4125095
-76285404
-56817792
32618262
3039157
-29956806
30690605
17241081
85922438
88466410
91534703
-74352502
60968722
-49415580
20726280
-38422299
90543897
-13534431
-68137694
92905738
30115560
75948840
-31049751
-66529544
69485207
40577401
-31851743
36652842
27210329
90751259
-64454235
31717343
-78095590
-35840720
-52336304
30378719
-89833035
15378903
-47787042
81984677
-76480479
7193486
30389564
76007787
-42478881
9932444
25342182
7750072
91962376
-46722019
-6713734
-40842547
-16487227
76249750
-47014618
-6396022
-38093230
80669443
-68243980
86409269
76796203
-37654832
-38556367
-67151341
-35289813
-86861564
94131691
30851075
-7004575
-50483414
64372779
-15298821
-76274274
-52144288
96831832
53922317
2731397
54757453
-38034556
86713245
46365022
9848568
-51234157
-57344308
19049899
-88437995
97231976
61166789
-78738924
-48719458
38725308
33306528
90844649
42390626
-86013616
-76432194
94035053
-46023672
-54531026
-90221295
-68993647
-30613836
56484875
82902675
37358158
42759506
88147143
-60391445
14089751
59634046
-67036641
-81296583
-68067572
71213084
55170109
44777646
98336686
-85050792
-80845601
45374178
49257357
41597884
-73977823
-28819893
-87705648
-18963234
64861629
67498095
-17907441
-83047748
-69073663
34133012
-88268095
-8191605
-89255712
-72103527
-13809
-59186066
60310729
29031625
45896219
16615060
-35996843
-17857372
-83314624
42086924
96824562
-92211893
87123156
-96037422
75397022
-2521432
-82451935
73796954
25146047
-20529906
64662175
43107873
80710252
-64382397
92414123
59789227
11862297
78146556
-58842774
-62959862
-14950737
-4508375
-84318179
-33970714
17671928
89677454
41626057
-57745873
-96513557
-24054003
73484114
41925367
24248150
90854685
-65729444
-19091371
-12271129
-31527705
69970529
-97116434
-60603745
26753608
-16024289
59231404
63794098
-84451312
-86843939
-88628263
80890492
37616685
-53547662
-88949733
48538858
-86079722
21784477
60118695
83790603
90951468
20251061
41830043
-59768034
-3079601
27034203
40056746
-42401413
-42392498
-36011972
-338524
-68484914
49967544
86769153
-68596131
99310668
67949993
47273315
-64119193
-24514043
-67849762
66616941
14407047
-49532478
70730190
-82842890
-11236772
-86312584
74962223
94650638
-81220888
-78073196
-96888631
78218616
-7233718
32818751
-36623539
57540183
83106363
37858582
6712418
26754980
66817136
43659426
-67123240
38462023
91061650
-95682477
-12769362
51902397
-73738797
-36216174
80144163
-9920440
-34067094
-64379600
-96498180
-52855786
-63014118
92520933
-75837907
98468109
-70279412
-84247312
-98757185
-56049984
17695107
83356534
3374012
-65506091
-23522232
2863301
-84260642
-91894153
3095674
25528225
19552852
88770141
-59401524
-87078593
-37836944
91899843
-52146475
39383699
26910359
-55242278
-27563316
23155165
41180927
33314814
-88472992
20990888
-30321749
46408873
59827363
5547098
90445491
-7608743
12746411
-8429702
-72096919
64216339
26079355
73686032
19929452
91633500
51373172
14087117
-36743032
1908684
8097383
14525396
-28924919
-4398686
64089441
32043234
-51786489
-34209452
58434832
86886277
10714065
-35561371
-51612214
36487031
68821633
90119003
25506841
-61618401
-82030927
42100899
97991948
21600307
-34979235
46496762
-6327761
-57679452
66147285
-9179957
-41033192
33007361
-22272140
-88316139
62393531
28910097
34976314
40873310
83710844
60347155
4514712
-20838934
-59916413
-36142693
-6184211
16612113
75067459
-73384917
29639496
83771667
-36907660
-38518258
25521043
71012168
-53145808
-13243440
-34626774
10243020
-70459304
22080349
50173372
-3915116
-12013950
-95945059
34698636
-9677951
-94124155
12237564
-23149108
70288122
-57854745
-66914954
79597796
27759694
-58242784
58559099
-93556987
-61747756
-49983439
71175695
31482170
20011304
-35976028
-20745434
20668327
70965836
-86793618
19210222
-73960430
-72748880
-57444411
-93077645
-36440453
82187683
10892191
-58070033
-21157742
57300030
63535082
99391558
-842543
74830041
-33202879
11712798
-12143514
-2873019
13035625
-83418318
38413843
-24027708
-34787965
-1231612
15953859
66674607
28730004
-20212923
-31704260
14859888
89698707
-97117311
92688280
-17088688
3543354
1819920
-92955212
52775724
-39857849
-86923510
-72719618
-82323480
98793714
-79967932
23752652
-86199140
-38874367
29830753
63105132
-62110147
86904845
45335431
-54372801
-84449467
-98504605
-37156234
44844893
-46111651
-88940232
-48692282
50086764
-45929308
-49303176
-54607534
25042735
1883937
-19612867
72330718
-97096759
39667211
36570347
-49916716
31500181
-76794354
-56859426
-22432060
55326421
89787809
47293573
-22927629
-3921726
7498356
-54509097
-234945
25063701
1539023
1179474
83141579
-88086244
-90080791
-18878328
-71235612
28149407
-74054785
65926054
-49279280
-93820303
-2868747
-60350819
634914
-98198743
8983666
46704423
-42858659
-5815661
-57837511
-72822510
56950689
-7572241
86600294
-73865020
15128562
72795558
-68530985
93267188
-31354567
-50182672
83290094
-17335696
12385905
-82183464
1985518
78220543
-20282136
16833753
-53128589
82087971
-20207708
30011900
7812300
-2176634
-15181202
39356508
32328741
3967796
82737702
34216487
-71099398
40332415
13962610
-23894168
-90260609
25289083
-15436245
-7937980
46201475
78375274
-37208330
-74758243
70208403
19677341
-65087711
-9218297
-90098844
-95937714
10506753
-53989621
-71068098
40092661
99122995
6353448
25237407
82652992
79363131
32471576
-49955936
91116613
-57339731
35358984
-73306474
46734690
93058911
15661248
-49651327
65500664
-40932380
50698389
65038867
-88664790
-9514054
-80813283
-34730367
93298389
-78838629
-56445650
72888757
-79421201
49466761
21306375
-88471407
-97791631
-3763944
15210192
20769809
-86397404
57442564
-7458273
75082708
40783849
16318363
52417038
30831369
35664167
15148070
-44467832
58462490
80076482
-80268593
-90663994
9615078
29268128
-35275464
-48123737
95284984
18481128
90162872
50306954
-83772327
-82616039
65163605
-14223212
26551522
47242222
-80954354
25096490
25812587
-60079816
39709400
9732044
-60390964
-64386266
-78299417
-4223477
19771488
28331438
-69965737
48814635
-68162892
56370906
92561163
16954145
53583017
39431319
22486712
90192464
57967530
-35750955
-47635321
70358695
-95471286
99782300
87587879
-94403064
-20039965
-68431592
-87696664
10586050
4290969
-881035
-24118927
-67577134
57273960
-92214302
-90827373
-49175563
-27499115
-60200578
68140401
22337768
-56392742
72140886
3178262
34555820
-89947897
55041485
-15937866
15413317
35877974
40165328
-92628473
63051416
-93293538
32617033
89985454
21750151
-18877117
17269051
42220282
-34407620
-44936249
98812186
-96552219
33960823
-16924303
-41508966
-31703800
31921915
-2775335
-81971425
62564178
38453846
89362460
-35180187
-24753613
-21216730
-64693996
-20762118
-63569999
-7636642
64994451
-40095281
87329389
4601701
75940660
61586172
-92978530
66689298
79995605
37396549
57898908
-64326269
-10086013
-21273055
18663990
87685249
63211809
97380410
-19247450
-39751456
95297690
-83480604
12291258
12245330
-4985501
35591737
-56724708
96425580
-71371926
-95850745
55714109
-5393144
-56853799
54048397
75018439
24445337
50247792
-65798718
5216117
96545655
-84690315
-2489407
39473169
-4275374
7521664
-47455794
44145650
26268716
78524471
-61535414
54094008
52101305
79561717
-12403075
-8414156
93799832
-23295243
52887835
-83365248
19940426
66403300
-23329139
61207044
-66726604
89228430
20548527
-57758823
34812604
26075972
69578025
-34388812
-33728197
15735082
-66334533
-1060085
-98361828
-41100328
3471304
34648408
98952286
-83435479
83318470
-48606930
81086301
28326790
-73630298
-38878712
25292614
52220941
8928967
23759155
70460128
-71692249
80115316
-38914158
-19752708
52991245
-31083206
65383717
-33780175
-71140938
13772764
96530819
-49962300
63056400
-55281027
71720002
14320385
-19966478
-15079927
98868272
-66956429
4569653
51664778
65938664
92604735
-88752128
81159349
-99597844
-9266863
-22717284
-3283298
40766944
-74745606
81748525
-6024623
31155947
25209152
5929638
50520025
41096674
75588017
-24674506
1042478
20439791
-72851078
10334481
12287420
54933420
-8601575
-11549982
68231452
-11426266
22340059
87226984
-29365074
-67874276
-96568957
55896548
-84091730
-36841184
44884653
89931827
7999907
-55908055
-48736978
47535341
-63105091
-36270359
-60998094
-47984267
13713461
-24792368
-41779797
35335605
-46600871
-53351337
86625253
17672051
-16031101
41939881
52348975
-11407051
18117524
46685636
91598122
90198153
40980123
48133832
-40651924
-13406424
-60917459
-91882280
-60223751
-26875096
-74951816
-24842380
98781819
-94641950
945878
-19575931
-51111684
-78632200
-77207376
13865142
-72517641
12523773
53132793
-32239846
42681757
-22748909
-23351593
35435367
46705381
30644351
8642505
-93350649
-34725300
7274524
44946204
39329568
-95268926
-41137993
80313835
5217904
-99042027
-26260788
-15011490
-91572324
-72882103
88443049
46222049
-39621940
-87091134
87939004
-81699928
-4772458
-63444790
-12152976
16925752
56337189
3692186
53730364
-33497772
-10065852
2690457
-54750819
82947902
59163097
-83755423
-74021547
-67744192
-53819090
-30507895
-16264372
-47598128
44060841
-95666006
84945467
-26952126
-74137372
26313287
45973353
-76915382
-24562209
-13224081
-43547213
-76499688
-99151834
51727267
66788284
-23392823
-43916722
9357968
1703640
30326762
-74182072
-41434453
39506316
-28004032
8739655
-97512246
98411279
8462941
77338452
35011097
12932509
-36664025
21718816
92861567
19511257
-19461549
28618901
-60169595
-74639362
-53991608
96505855
81426506
-48955176
-4300389
-4611662
-42154758
-10190736
73780377
-42677573
-93246429
-41475851
-45315194
28947430
1821440
-41904367
-59837910
-98956410
24560641
-13832777
-73958684
-86183608
-34747528
73524498
-45930450
47967107
-42583979
-2516817
49178191
33417346
62103045
60533725
42740680
96014099
-9139287
-72660724
-6388815
65480204
50004133
-97689752
-35371353
-94368047
-54578780
-93463753
56344012
-61916580
-88930283
-60728542
-41253857
-39208858
-66244957
-74647443
-86753618
-95586091
98401542
-75004992
66600021
-63469498
-760629
96848530
36821989
-35108155
-21251283
36396823
78668438
-60210726
98733652
-61086429
-65501647
-9518538
384348
-77595345
-55178812
63115538
-70864436
-79651179
3939362
-59516127
-70941716
-76042313
26236573
91624780
-48273830
-12665989
-650743
-77473605
-38998833
-63795464
-8117331
-48843050
-64790039
2609634
-39638430
-59692882
-48566781
73918851
-90524693
3997209
-63216266
-61715340
-62412769
59581552
61018533
-59475212
29245627
-46204201
23392613
59926981
-81276237
71797859
-51016616
69141931
-68404151
1417070
-9702515
23199651
549520
-89065191
39822158
-57031772
53847498
96832004
-68356166
22908973
61645116
4137651
56042709
-94898169
58951591
38711786
11283875
-84062403
80327569
-66343927
-87965146
-2474299
-15654550
-67488886
67636788
-18470943
-32760579
77820429
-49192481
80206287
-48033925
-35926456
2092612
58039869
63610377
-38027436
28566073
5589270
-84645971
15786396
96391601
-44564652
60706125
60868518
-79719236
65354244
-36141513
36274062
27231599
94616301
-86676846
55118644
-14085246
-55774736
-98525286
2493151
-12424249
92905615
34469381
-74980380
75395734
-86513283
81414442
-81380399
-17894291
70900598
68486763
-56791449
542313
34637147
7642946
7179762
-73379210
13750030
-50605593
74832310
7158457
-93435995
28758170
-89013690
4306265
24321774
-36175980
44791911
-37812456
-89219153
56155519
88655240
-39066582
-72944799
37772971
2285297
7550542
-51352404
-72279323
46642316
98669262
-67824268
-41399357
14299657
51733956
38810018
73741792
37547596
32469841
-28853188
39489184
-26956176
57623520
-2047281
-6993827
3256090
95959656
-23184063
-24745372
14470755
-26159341
-75119983
74465538
-85137892
-30501441
-30042827
40055761
-28661281
44548513
98757093
-70771823
1617441
26445872
-12112663
69942414
-44939638
-34951443
49189479
-7723870
78823455
-57750364
-71426867
-26790487
19357920
39805311
-39218121
-16411601
76762454
16833633
47295056
-95880750
90082129
77005144
-74351407
7381544
-990033
69893426
43140317
92356500
-95524479
-27376608
95044243
40973902
-40884762
77138348
-18651259
22266260
-45829747
77079944
-24655911
-98463541
-53730851
92120822
59169625
-17378476
35356242
-49718734
22382739
47725029
-24818329
-33706142
-30339669
-43867700
-38607312
43536133
-42557126
-58030881
52867943
94360978
-3813390
40135025
5683241
83554235
-88465413
34130775
-10470712
-92946517
-58708574
8900388
-49258812
66122116
-91853670
-66311793
-2114913
63112991
-69847541
23672471
-79554367
7345515
-65930252
-96133813
-22203487
70281534
29858973
-6945526
-1002458
-48851104
17638491
-51765647
657519
61720264
23810292
63295106
47238970
-2921709
-98953218
30385098
-95019600
70678427
-30282439
54370398
-90076590
52353097
24517841
-43378275
5858936
-57384334
-15005134
-10047381
-64035952
75534512
94073678
52595173
19045445
-958443
-1642360
-97234655
27264809
-61321073
-65818660
-18386848
-89451136
68805304
-48317975
-71518473
90078528
6942789
52462190
-80326233
86033169
-87060616
-1145526
14623500
-56093233
4755896
-72416224
-45739681
-42892970
-76484352
-10990030
73191873
69792829
31139068
75220176
11838598
-86933688
-79450851
-29795306
31991481
58118330
-34513466
-33690933
-7953508
-50559942
86831460
4141489
-64214325
72681931
-85640506
-78458359
10805142
29039119
25233271
-8210244
44813667
-26482190
78514555
-20926786
46831496
2381643
6499211
-63248209
46249288
26098118
-24772460
13806049
46276646
-73294562
-14315612
60519419
-65384894
-46929693
36369774
22296497
-73791397
-28740292
-66775734
-33372587
46709778
-53667969
54332679
98021823
8707573
-92195312
30259729
1400834
90092956
-46537197
33594415
78605392
38922735
-16786251
-35887383
34492064
-17575197
67684897
-64510963
42366519
-97647778
78912910
62199688
-29650924
-21802953
-93215183
-81128814
29768463
42124726
72323466
-49708365
-29883538
-33308956
2656397
62135565
-92052979
85077848
43601202
94481338
-50485010
-75839363
82731732
-58131639
-14884921
58398192
-84098805
-87692676
84106205
59122409
-71556294
17386385
25585866
-31871560
-42711631
86891226
-58138730
-52328392
-90495900
-20792053
-44938204
82239838
-20371091
-52679188
-79541529
42219847
-85498245
-53041209
19667242
64744620
60627650
77117151
-71689602
-90291886
-65442723
95390352
37788256
27396762
96785742
-24368641
5094675
-4294036
77328933
-21519737
46993904
-60856310
66395434
-16938417
-81514829
86005463
-58753221
14124964
-28235182
96755285
24037317
94705272
6084990
45545465
-60862145
86949114
-27575407
82925166
-84368231
-59899764
-73164574
-51042966
90384887
98206414
-71711909
3155888
-22876491
12083988
-99531692
17239390
-45968526
28313327
26187469
-27654296
2729453
-34244510
-1010595
71829306
-89599880
86265882
33919628
33356065
-72733088
-45900911
-77054763
-40983640
70915913
-39836640
-4296811
-98515715
-72509483
-46926632
92606761
30824499
20722248
28723453
20045202
14427512
-15736736
10314570
29060386
-42012603
-60307491
74886550
-54259272
5541718
-65045912
84406208
-8581118
-61284223
-15121702
-79967889
7303035
2793347
-94335902
-84527533
-83660444
-12929316
-22787318
15475353
-90000841
-54724485
-84128935
56123105
-30799868
-69261072
19026408
-17470380
5078965
85726866
32663647
23704778
56097217
95826699
-37099758
95586958
55694185
25468061
9216205
20390015
26288322
56969980
36740849
-26751322
20946405
-4499985
-80526902
34672905
-50188633
-6489068
74137295
-91076148
39321010
-15450173
-11617820
51080156
-32551556
66153120
-29782320
-18226613
60494905
84374873
78483037
-14466141
-28760891
-1500836
-36496445
54565402
-55791827
-66927743
29658478
68294929
-50648397
25519120
62153306
40327880
-98909665
20887172
-4529048
-58145950
-45407012
48260712
-24259106
-60074226
-4041064
-83619186
-86558223
2023335
-78966031
-40241191
-81309102
-9671823
77340642
-66043317
-70570285
-55048640
-56608453
62998246
-95674626
-41803984
-68349033
65926068
-54019103
27692561
42914759
4945960
38844342
-64135186
-91725183
94849192
-85755737
-69778570
-12826883
26181341
91018801
-85439285
14067537
78422141
-13608873
-44209672
38697674
72252961
40626423
-88038648
81938985
-34896234
94583267
-77084556
-94571658
25144619
-30743119
2004432
81199800
-17328121
-40039253
-7018998
-65614565
40139954
-55969752
97692835
-13934192
19402541
87087252
-60587966
87837645
22961276
63257809
90254130
-88095008
56589988
27949604
-39745296
-14991813
-97222304
-36011756
2104238
92830629
4728491
47847222
9584720
-82386038
78749401
-40316323
-75973872
70752112
-65695175
71991507
-24887068
-51721575
-36337549
17319779
-99887570
74543471
11060410
86679762
38268946
-40449124
57988664
-18376045
-95006032
19956045
30301361
18399600
-34814085
90069762
22985599
23592502
79551078
17398913
35927337
98865870
-24452831
7450031
-11737689
-39943706
99139274
29026436
-91350
58867600
-41868331
-85205834
-94260840
-65468237
-64944474
-77670070
76461784
-14210915
-97152914
84384247
-24215592
-44888062
1039072
-41444365
65910202
44078882
-42020225
-53824110
-3387909
53522433
-68070726
1978255
-74415336
43696329
-22405183
-28203738
-27391015
-18960305
79384526
83391844
73340705
-20434250
13832705
26060722
23984323
80805442
-47410880
-68996787
-58553797
34569237
-75216
23107068
13848286
68583254
31383849
74068983
-95937001
81931822
-41103430
-93095236
43524205
3832610
-20630620
91905844
1356588
40341645
46010067
39966936
60385242
24703552
18433551
-18450468
-40319105
-78967682
-67102316
-81353684
-67849106
11113733
-84485845
-33505394
-49021905
-22940908
-35050952
-27998528
10586087
-72548601
42626640
97274077
-60707604
-74199489
-93195764
37533184
78590516
8501054
77561665
45635114
58888965
24008877
-20265083
21189622
-38655350
59300650
28693438
-71815722
-57428462
-16894214
-84789648
-89838563
-42371070
-62238452
7222017
-33603489
-32755265
25355955
92587245
70370892
-28326740
-50447909
3638050
65960581
12656889
-70199573
-23489758
90840892
-31654882
-49564749
66087133
-87503297
85897850
20223949
47148374
-34557008
39744538
47427746
-37818623
33912496
99809490
83219336
-11411017
-9413737
37316385
29534321
-34550012
33441262
39488679
-61570752
12514696
-30903596
80396617
-93652369
7911988
-22970900
-31568721
-71940801
47459716
92421016
15203819
76195595
81800698
-8440769
59577779
-44214873
21026668
95482838
64564540
80288123
-65372823
53534707
-99670333
-38054456
405690
27801297
-95889175
1955218
27008726
76762965
-93609563
-81408897
-28118946
-7218000
-95126839
32551983
-85896784
-26554779
-61509010
-60058150
-61775916
-78170343
89264639
-28182097
40375381
-71324147
40771511
13018332
25903047
80957117
-3680433
-37473613
-87706749
-30778887
-36710494
89437980
85157967
-39785606
-66243210
-4544444
-31375151
41175417
-64094931
-26256278
-85562752
18628597
22003019
-54626992
39556398
19240975
88379397
-57891605
-11681231
84020703
-79510086
-41450548
-16474275
-84374920
-96891405
25208190
-59554450
-34728327
-46407752
-84452713
-64116776
74075893
-39815582
-84974267
-36351010
-81505294
88547672
26440632
-77744184
85661197
68110162
48753857
-53164346
48055316
74689041
-46927566
-48209693
10684607
-57049552
22658738
87953899
52370913
-8082479
29833641
53861562
13480033
-69633253
18393731
-67584738
17248903
-95194107
27321484
66991808
-2803363
-21865836
-71005583
33016580
-45061436
-87692518
29679692
25675312
48914480
-95397760
-42430079
26931590
82262453
47094505
-12156978
37872290
-24666048
2081450
-39884314
-91664914
39363346
-18322041
-52000219
7278903
87001902
-99472172
81855821
19149496
-21572167
79851540
57370902
18766016
56755269
46320096
59084157
28932811
-70625962
79202942
-49976122
-52449190
-3288115
-49366528
-47528323
-41882538
48008222
-20164329
-14425706
53646293
35146770
2103590
-52006506
55537571
-31634121
-31066913
58983546
-33309420
-11302431
-85005829
75196899
-20208065
85713516
70468514
-76046640
34133840
62727673
27281100
79482013
31208935
-52942326
-82542126
81527253
-27205902
-77439221
93779800
13607757
58354796
-33191005
-67336275
80381849
-15618419
-84636964
-54218741
27365595
94787764
-22731838
-24314611
54345717
-3950273
16778131
-53348297
-41907171
98674797
13882097
-57984276
48677367
91901087
73321448
16611915
37293899
-39909061
-96526659
82453065
83065740
-43085384
13703578
67548057
13109049
44077261
55536631
-48142715
14250198
-86566801
70023090
17581891
-19138996
-51233246
-98011176
85158859
39705636
-94056766
3464155
27893178
91835089
37070283
96683531
-53145216
22741743
-98838158
64338220
13000330
55419171
28464349
3249802
64783189
7130255
29690445
35395420
-98387184
64852602
-93693244
79842302
-89111764
-28654059
74760948
-34417112
20925868
-77167473
-76684348
-64840050
63877261
29475862
36405025
-95049740
-90851314
-78230692
-24921198
88118774
75327412
83041784
-22223511
-64326866
73872170
-8610613
26531159
-49512099
15655319
-91573481
17006280
-71699030
-13676719
1856766
37157334
-84031243
82864296
19930223
82469265
-66928447
74120599
44074183
47486009
-63505215
-61995558
-71294196
-56647307
30517724
44599158
-95686597
45201393
41450086
-4235718
-43572751
-70134070
61504334
-45385894
-25169667
44202602
-38268206
9922122
-4456435
-91931692
-86458946
30694051
99904582
44286654
68309360
-36475875
89518582
50668823
-52352359
-14220079
-64612162
-72364287
2528584
42834277
-98751030
-28095578
20262518
-42832456
-55180372
-47512277
41337315
-28809747
-45596129
2283468
66404714
42535145
-74121055
8940052
-58729189
-66962175
-27207458
36421546
51221075
-75339551
71969126
-66574155
53035332
89736069
-84050254
-35481394
-31841666
48020945
76877786
-18283963
-62392634
-96975882
-51876226
-46519876
29733217
-15897710
2367016
99228631
-30598606
29007091
-88786816
7727631
-29105588
-80812991
86128211
25142130
66326449
99771902
-96674903
-47265954
-79965554
54589224
-14429367
-62509964
-69102877
83279844
76057184
-84139702
-55551908
32600440
98561519
-1725678
-75620109
87481158
85641773
79570363
10321026
19144756
53026282
-5637921
22332619
-15443718
-72831809
8458640
90609301
-24779798
-25095778
-15383461
58368718
32550376
-79978877
79952767
82144982
13390870
96955472
55838506
24779929
75363628
-95746681
-33515069
35917412
99244901
18133418
77916817
51464728
69213204
-39624154
74361415
80711662
72151252
54074219
-21360960
-35795298
23663016
-23510446
44634818
-85354625
-14412855
-92571965
-26757914
-96562818
-15216016
40952330
-13312365
-97241113
-20935033
69942221
99925264
75437708
-8387972
-50404972
84338761
-86914295
-84752284
39356995
15023862
43371452
95817536
55839064
-59432665
-94657375
15285054
-15175838
69285933
-80923602
55958825
-99674644
82776176
-36996004
-9225754
-26073496
60207059
-61273280
29190345
34291438
-28895673
49550939
-46795109
-52439187
-28681518
57881933
-71389900
46626967
59507304
-64209170
-7298271
-42929381
-2867897
51190217
43137238
-22399147
-40692393
80969952
35427415
-64878030
-64391940
22275594
75481730
-11734705
20074680
63526265
-46816138
88534938
1329425
-24749972
76582004
-28954992
77433816
82802815
-96944207
46716639
-26420075
49435819
-10370070
-24794939
-73928443
40887323
-24274199
-83132877
57233024
52376035
-27366284
-81534936
56621700
45915377
69584362
68868636
-53500308
71657218
52356797
79033946
-7985670
79917976
-96857849
26878459
41607736
-43445826
-65457973
54154240
92288583
-82410485
-92841181
43089048
81098415
-9831358
67046034
88846288
-74498097
74895410
27951798
16036319
14728593
-14919668
-46235839
93825031
-16658478
-42726391
-35324980
-15812752
86321177
18725092
-51087660
91670239
42115724
10649085
-95074827
73918481
6940346
49214140
-18834367
-95552410
20619028
64072905
9474988
52205374
42507368
60348414
-89131578
88559552
67254643
21603437
19536034
27307993
-54486639
-39694101
16926253
-11433468
33139178
44012415
1092093
-23854247
-56523040
25032472
85913636
53710182
-56578607
80513257
-5746899
67631544
-2776051
83656172
82564036
-11395694
-75159492
-7016235
46323550
34787547
-1199997
-64177882
37927295
-39678528
51157326
14954619
58017425
97850062
65841855
18399854
-54233851
47861192
27175398
-60962689
-92960533
98363222
-74910575
-10191366
37652719
-63783741
-89365558
42465415
-86932446
24361265
-56008963
-68341338
-34748685
-2780666
94664029
-78162100
-59499200
-87005079
-17504570
76783587
-52658357
-81962273
-33368806
63228769
14402939
88521163
68993622
-97077978
-81456378
23714837
-52006831
-53257088
38847466
-47965395
90504160
97854412
-1581616
23569585
-44204934
34676564
-29575771
-90903259
-69608035
-55953178
52832639
38434036
45062166
-30784958
11687281
-90700975
22280786
-9351011
54939254
-95948073
70745791
-86085796
31080056
-21636389
7064471
-67036691
82693261
1390174
50341489
-18096982
82805774
38883664
-82025683
-51808189
-68012541
11579609
-78394789
85456560
38155432
-95863278
-71197941
-13883907
6327518
-46759749
1290010
274835
-7188682
-43986089
473296
8205573
23350849
74643273
31279567
-46586788
-83880907
-74307317
50363403
-14142452
-73792003
70522995
-46004765
78360283
34816592
-31242763
-4407544
14104579
-89569320
-69185054
-48230009
-96088464
30675510
93932975
12445452
-49617647
82440337
-29763461
-27992117
-48716645
-69490017
-94316493
-16199560
69855202
-95715671
59960954
64548912
1557489
-12715607
-65277008
-30781946
37427376
1267299
-86451670
66172441
72589357
96475285
24550489
25950989
62064451
33433753
49289230
-4136227
-40140278
57354980
-3236492
91909268
96435447
30344081
-46330333
-42726034
-94531578
4829228
-72913246
-9601229
-76900696
61986289
76090677
-54903907
-62196464
-55566074
18983941
85895982
-93893113
63062539
-44009445
-98114492
25435183
71968544
17571293
-93262612
45866653
-37635420
43618677
10542975
32678345
3698317
-85213230
-648268
-21661113
13205101
-76978611
52130140
88355827
-19659559
-22786689
38617691
4213319
-63327216
94352976
-73574508
-67135458
-1864057
7471522
98308189
1241167
18138608
49734118
25013277
-16686540
-37262833
-28169618
-57283993
-92658860
28061686
66674592
-59833161
-64640188
23807832
-54099221
22163089
50614238
54201926
68531707
-69189134
-70699938
44467021
11268257
38741025
-82236699
21558982
84264091
38993956
16392768
38648870
-39228340
66872317
-40647863
-85115249
80958033
-48101647
29272516
70409607
-31011860
21551193
11535671
42328687
49854576
64727773
88861496
-68837705
-34784367
-38836290
7458850
57766340
-89087246
26417661
66474205
20329926
7827538
82307088
77371495
74001849
80088839
66687315
29410915
90753451
-32838713
73176208
18112852
-77082711
-56242686
-20077064
73012760
-91317933
-58822189
-28829583
-43862386
-72863732
35165169
-90092725
-87164657
-10900061
43970417
22891993
99027500
48611879
-94964625
-23573296
43422694
-166490
47080284
-1417690
-6657586
-75449400
-4247648
-18217882
18808680
99012842
-43447346
-90346809
-17364121
-78524559
75620171
-91315609
13251718
38618451
-61956701
-81599414
-80527524
-45747702
-14098803
2833404
65639229
-87526208
76156802
-74918017
-78565318
-2287167
-39797096
74244925
93476675
-25469392
85076973
-12416692
11168212
56153810
-98786048
-84323301
-75285330
87876673
-41104983
-185820
-727569
2334597
-23313734
77865967
-22102373
45603784
-41555801
-47579246
75874085
-28885538
84536250
-42848457
-20827750
-86297597
59188796
-90722975
-95117169
34312901
79114450
307293
-65961625
73797707
-52602094
73519573
-75320425
-49693675
-92282958
16133935
-55905875
34798532
5547710
64155714
-17148339
74453204
-95993396
-34053435
11748194
-78482129
49674595
-57336883
-32346087
12522197
-45195539
-25805130
23523530
14478439
82920506
11511409
-12551918
66460564
99111296
-79130972
48159167
-49528474
82910770
-41510026
-92442055
-67073612
-99996022
-58922164
-32497916
-96150200
-41202285
-66654234
-36647517
-86733644
94797587
-7853757
10437435
-67441252
70507460
-50569674
-83753854
-81921789
-52661894
67161667
37751034
-45561951
-29280874
-4066927
-11873014
-56152180
49925185
11260233
5832046
-94349
-98249935
-8807162
-73672128
11812058
-22587170
-2761790
39977801
66027940
-24004237
-3375126
-19943290
-19142917
-57660257
88866991
42063087
-47437677
-75834568
40717062
-1886347
46927821
73594913
-11020904
-3576034
-25279995
-52153507
-34205273
-2457288
64810299
-1986892
-35447112
-22080802
28620616
27073951
-45581681
84458913
50454987
-53692845
-41000976
42690519
37255784
-82396202
27912903
-96032401
10064302
46230015
46937368
-50785855
-38427551
-25591503
55881443
-98681762
-50553641
-94154538
66718751
-76346217
99148424
-27754538
87340300
8930502
-89200205
63934307
30538519
-80476781
-66959692
28473677
-51530582
12539729
-45417194
-3389384
-88718684
29092585
2063345
-64765836
-31046223
55803625
25317167
4609300
58662190
38457621
6122674
93090356
84562753
-87012418
-49225634
-12197101
-76680282
72574065
23423497
59421828
23348418
-89239999
30601729
-56236985
-72862017
-16722649
-21101544
-18525280
27371305
10320125
-5472172
-23569839
-71838248
69791768
-52907668
53208834
-19321394
90659687
-35265823
-41809375
55633400
88393316
61471643
-58294497
84561571
74971215
-34934947
-83778333
72720237
15553778
-99849105
3610684
-61717325
22843147
80081476
-98581024
-33241036
-65851345
44200804
56914095
66140711
85342756
-12475327
47946301
88089865
-79104134
35800879
83215832
-80287305
-54147372
35862547
76995263
11268432
-8733840
93889061
-28458168
-43765232
-25749
-40521505
-70566444
-80269916
-64633160
84640224
62087665
-92564722
-32423427
-4253472
-33385095
-4041782
22868986
64065219
7846780
86818534
-68612185
28196056
88823739
-20961941
-54824115
19532123
2884842
65839660
57754975
56388734
-71513409
45203153
-21738697
24410141
15188022
67693872
-33274841
26661351
-34000657
-70111054
-98453806
-59304067
-76176102
9535745
49890805
80940439
-37273872
-94765420
62430451
63735325
-1896389
34819055
18037031
90081950
90146076
37676992
-40311135
-65567000
-97000920
80046004
-64430766
85225445
-28762414
74245436
6066505
-35742543
4171779
-92214196
-60715658
-62795432
-83772921
-55905427
90523299
20920937
55305503
-69879407
-4674123
-24923677
-93924975
-69347724
1403451
29007048
85368554
86144682
-59169695
65887958
35347932
22422999
-23495842
83545162
-240350
95404388
-78479263
-38365169
56076200
-66446441
63763260
49098188
2506931
-32783126
82152462
30470563
-39200867
-23029175
26637360
-39508118
-90355433
-14769179
75844004
-41831654
-98824233
-46300039
-42947275
-31794873
-94680674
-13840837
35036371
-30459629
-32782479
-70633895
-1420070
-68699860
50910637
22000227
-44056841
41876501
74315196
2847846
66553292
97722608
67898561
-73262153
-85327714
16326115
89522272
-16877725
51803920
-61007757
-4967685
55072725
-2303722
37222042
-83552411
-95802867
-22033017
-73642459
14971997
25121871
35060638
-66821091
90100418