56852264
-60466431
-11486258
-99387123
-80341181
-34645255
5527057
-37448079
-17816708
-3560733
81326513
12965726
-3137276
51381116
36330897
-4180482
-78241960
-56223074
95827557
-50726277
-32485861
-63877790
-43924363
90063339
-39533006
77042120
-29035578
20034797
97221422
-20479808
8598916
20508733
48941348
-12548781
63025911
-26219639
63277893
73256758
91617880
2725727
25259143
82008697
70105262
-78323077
44230349
-61560952
19455988
-26188749
3021715
21781940
-22841799
78132686
73151010
30621129
87500028
85407547
-47620717
2821969
9338872
24870536
90174000
24468385
-22070155
-95857324
-90539516
55400180
-93974462
33850200
-34598498
61739602
59135626
58715926
-49276935
7409530
66002750
-15587400
-64462326
-85911093
-84390567
-79306187
45409517
8160122
-11495706
-25229931
-40638665
-60838537
73777360
-47170629
-76686706
-7718143
7395958
48144273
-7278818
43556614
-8993346
73805826
-44144310
-4229860
-77284927
43313385
-68666435
93387872
-51187881
-285370
69496921
27694326
-99028929
64062557
-56935289
-22552583
8104443
-1802656
-39576100
-98791250
38935574
62841788
-97399878
-58870433
-28619596
36699788
22391229
49600432
35021574
-40849389
-98844227
-95383178
-41098581
65856922
66637516
41237451
34822233
39733435
-30761504
-82469578
55426951
-69653603
-72005343
37525295
31285608
-47395474
44480846
40160824
-95874361
3164081
-79824847
-61875944
94675763
-19367551
-79670631
-33810382
91931577
-96367258
-48863365
-46259633
-32821703
72037811
-29215709
58673307
-62060116
-56230781
91720325
13877706
-66786166
80570936
18064105
-14347227
16095258
21725503
-28417803
-86713065
-11204392
-25324311
62443179
-43713218
-29997270
-88686151
31329051
51594560
-14391861
74650823
-69886747
-967468
98242191
24678622
67308841
78255418
-20639520
-45594779
-92838683
21840422
6959617
-48255437
-89463173
-20752629
38439374
84580559
-8603949
-96527567
-90461648
82490222
75749381
61017438
50181631
81988975
-40263007
41986949
-52245333
47504927
-23032518
-27962320
74196616
-11488403
94478471
-96271670
-95357799
27060229
-43292532
-22104238
-76856760
-95691881
8440910
-66797249
-14749083
47411529
-22008361
-78857739
-13148627
40394283
66979737
-53693086
75682248
-86540013
87375563
-58389325
-4673758
-55590979
-97278982
-15030522
41528142
-78449863
87507523
19256099
-10211178
-83771659
91702297
26731062
15835049
98337771
87750806
35117771
-37513025
58690937
-56455813
66478716
98855714
69860956
89537604
62493819
-11173134
27281129
-37939366
-49475423
-39674634
-74803072
-16993091
15543613
39093132
34970785
-67983515
-63983141
22155299
57230519
3971860
-56352853
-71462044
44929218
-18001484
75918281
32292303
-82649209
36477787
42537869
-11222275
65356985
49206467
73897670
-44459074
83822125
-98044961
76491045
56042706
78716035
21178272
76472252
-50836466
-50326361
80719648
59790079
-91759860
-52764934
89066320
46292711
-37515754
33341809
-4709676
-86837550
46316057
97150245
57506397
-61995289
36561868
56580840
-74125421
-15903734
-21543901
-35776952
79314944
-19835902
1236395
-96781068
-26243975
40490529
36940494
-62123578
-82035558
87176264
91253649
-54247282
72132884
-89822768
-86940678
-12633644
46562564
-51724996
56198325
-66691514
76957496
51043883
45830820
55420768
-56484743
31803259
-3679926
97982066
-115741
-51534943
99314757
-81146678
-49662322
-4805809
-38516548
86129946
-81801967
6426646
-35086247
-69659173
-63235487
79362293
22912222
12454257
11150745
-25774578
-45173283
-78697859
55343276
-36739286
-15972703
41585075
58405591
-18461968
41245285
-44608283
-67017074
-8193857
16634170
-64770545
34060769
22053072
-52187765
-57541679
75973336
35424060
-26238706
42958874
-12069563
86703426
92440477
83294536
91378543
53153117
-78482585
23375289
-69234716
80880450
-49983810
-24635835
-61285475
-46227191
-30394563
27413119
-45151287
41990250
26833
87260454
-90483185
-89993662
57142451
8914120
24133059
45991863
38171053
-58498594
-87847107
16505672
77733661
71965372
23417275
-78513169
-44678200
-56197173
53109403
42642835
20224326
-54271667
-88146540
36711604
-36454354
-60391830
65118634
781845
25889426
72747076
-24593538
-74721251
-67001780
-28265667
-57331147
-72300304
-59330760
43121440
1566804
73067622
-42528934
-67186857
36764619
85375244
-73183101
-31049373
5181668
-99334906
54970007
-67413010
-55305418
-41973926
92894346
-49529507
19732412
-44248627
-85570464
16968087
-26061111
-75938702
58832754
-494926
-77643958
-93075339
-26870175
-23981036
30074988
-31187381
75874360
7559610
-88039401
30865194
81094530
92416800
81515971
-44720501
-98603045
-66994863
21852263
-96030496
-41008557
-19125134
-97850108
57175728
-122605
24332737
41789990
19383298
11002066
-13722074
23275717
43789806
-7671787
-80742466
-38352461
-27904136
66935151
62646719
46620262
77427307
34555405
-50790016
17146952
-58630372
87951160
-60043954
90118038
-58068378
-10546143
-56579969
79728668
41990241
-23338401
-23764533
25683204
64935035
-39538524
-40191235
8292556
-41930575
8038656
-36133936
93702866
-16211119
33363934
47354488
92212063
-19494149
84355807
10237608
82294615
31056819
81113071
-19826594
47753991
-11948710
24416156
-68431182
97929893
-80801846
37170273
-57229660
86264438
-67933674
49351676
-27705561
2294816
-91772440
97497722
-80620017
30669677
9655741
60922681
-44232600
22408745
84273350
36499722
-86677288
40467394
99575826
41924956
70887725
32429235
-31193757
92905093
-26536280
85482425
-74233819
-49125465
46886863
12152827
60405105
91236558
-74976916
-46110310
62936212
47757002
-90801430
-77278320
81053291
-18277523
-22671222
-15346795
-34719602
-56318001
72819754
-83748957
-33911914
-53870617
-30529684
78331884
-52244876
40093135
72690592
13116782
48182662
-3703678
94612005
25773644
23438943
4745760
13852841
-73115404
42858499
-6796366
47565434
82077912
81268263
-57120959
34684499
91609908
8530654
-77139541
-84926790
45636640
-14557648
85069476
12480994
-29537618
67735180
15338466
48764238
-52396200
-53710401
-48227707
14443342
-29876756
64616340
90917980
-81653391
-23523899
-22901824
11307044
-40679671
-66525056
-64429404
-44354615
21200040
72367764
97452135
14053675
-14315633
-338871
46734116
37468796
72407694
-58236317
63440204
69064994
32481997
-3383089
47481498
28437987
60497801
88783607
17521074
21198321
4181689
93342311
73079787
-711610
55373789
-38889523
45670689
-5953390
42619048
-9068135
-38999292
-70980481
-42784912
-27961419
-96676332
80107183
-90003747
-13665623
10720030
-2491276
95630224
-56164327
-34853384
54116012
5100023
-47251239
-30602267
-56217672
95168917
78267380
68298376
-6815717
-43254953
-14154864
14248271
67042099
-90616892
31539005
-90833687
-91234263
3060965
-88041815
-31976708
99584127
-16904626
-60810510
93141377
-64691151
380807
4851603
-19157718
92598627
43019575
45988675
66177499
10329875
51440390
-2109843
70895299
-67566619
11499664
20902936
-15209059
-82288334
-41923263
9216922
19334767
62249053
86028708
-62378508
29811926
88766484
35614412
64306081
-96666976
47108577
-75573184
-37218754
-45984630
52710746
15659706
-71669459
-62211138
-16331386
37156333
-42486293
12342985
-17436119
87733746
-19704425
79917402
-63622660
89545084
4301057
-52841893
4142801
-6374868
-98023016
-53293919
75439629
-45933024
37159883
-85520604
35985970
-11692635
-5962718
66927867
26291212
-40756714
57750702
-32206009
98205916
53262023
28873872
87381631
82024742
82796964
10814734
-46871992
81905176
92712357
56536514
-7564923
6284431
75702731
-43052005
-60745466
99163966
-96812367
80782475
-10042421
67871998
-95989706
35758948
-67614944
3529251
8859006
-61076251
72922659
-31975316
-84282375
10607629
26985341
3639192
-2847272
-79682411
41099788
38814961
42139414
-70856133
65418371
82699673
23588600
-91004798
44884084
29319436
47483466
12731084
-39531180
97355503
90249109
88146797
-10695241
-21615268
29701495
17942222
-31692481
78629796
-93158904
-98930018
-13318776
-25767982
-25666506
-11827950
-56678490
-40145320
76722671
-11031957
-23118038
16017894
-71972964
8869059
-38854350
25024321
46434695
56965630
-36718090
60779307
94244998
-96174528
-81903625
-37721376
-43481080
-37018648
41659972
75672651
1404246
-93629125
78635719
-98122877
-13418285
-95885843
40296161
94718139
35126776
-79779244
-14569731
-7375042
70349097
19271244
-72026222
35716273
39031796
-79792739
-25340723
-6939347
-68804766
-27741622
-24127990
84555261
81903672
86307313
-41335382
-27287371
57095045
87310737
13622911
-58986151
-85932206
78319125
-92401061
65436346
92414276
81772890
-93450859
85629367
-64623705
-99852265
48792971
95289593
37661255
-85491753
-19477820
96102763
19652545
7296621
52504998
-73647466
79266091
-12089174
20202353
50384034
15674211
30242673
-96172943
-28491098
-74404043
-29744975
93922777
-47228905
-74189302
-73372090
90402111
33028034
60019510
62228948
80773117
45819216
-5059565
-39405062
-76593116
-60037712
42922887
-96155602
39982087
24961541
39383289
-8301376
-15929767
-24051259
75387874
-72264240
-38223835
45469058
11685303
58049681
-57359517
4227831
48350598
38699264
-58789603
39617551
52366597
18627223
-35087608
-23447448
97339293
-52818414
-1486602
-49982580
64261731
47171248
-26156341
37928250
-91684329
86149964
-60784525
-15655136
66398612
37422874
-21001202
57459366
-16410004
92508510
-41201870
-24718574
16631303
17894127
-22715642
18649261
-4418031
-45219298
779398
25440988
84488827
42840638
-14256261
-9649247
-53593052
-16098695
-97734445
74667680
-38519981
46210263
69801526
54322500
-62769565
-93931300
76672955
61948250
-78970059
17951017
-26110095
24640367
-60208385
60585019
-39545026
-60979464
-75765523
2823272
7076929
92264932
79929533
22658738
24682179
94274494
-6370381
98323455
5780001
-2853044
51930374
33598215
-44399263
83085753
-25288036
90145052
-76398533
-13278575
-37062983
20690385
-70828059
-67601221
-52409086
-84879559
38313166
-72622854
-60895502
-97079803
40813468
97134890
-37013883
-51344581
-7055780
46921786
-65057739
-23545257
-52850320
55476753
-95484150
80360412
-75401123
39160056
-89064555
-99130214
28656817
-55216236
-3854896
-31238067
-65004102
-23846508
60078548
-5865259
30256160
32609670
-95958735
6723037
-4873011
-15104368
-45061021
-95253243
-31823243
-64751410
21290558
-77913047
-74241306
82664569
98725398
-41400635
13931026
-26061666
-61770616
66369367
-91540400
-38061812
71494152
95928910
33806134
-12793012
-86572482
32038741
2467474
47239491
56339454
-675454
31174651
90598798
-25798837
-78503616
-38625242
7821174
58416651
-94746626
-48715438
44040298
-96273212
-40964494
-15210710
46011389
-80069031
-69140720
64177194
-47666634
-21080185
52230217
-77459590
-63928056
-48623392
-534936
95071952
44819274
35890995
-41370175
-48600895
-72065949
-13567913
-10905045
-968578
39069476
-41701481
94766470
-35160217
-25533262
-43221400
-51341155
-28731470
32918408
33810374
-63731859
89422236
19790422
-8846237
65159677
-51827667
-77002646
93811416
21371228
-45263418
41954682
7672387
25476017
31610004
47379807
-30584836
21497629
45427518
24134621
75448328
90543713
42679161
13158964
41448224
-13445169
-20553237
-67156077
75777226
98271508
-1991232
-22300183
-23207443
69878841
-90353136
88395785
9592882
7954671
74369351
49263167
53853277
-59601754
-62767028
-28521298
-15763627
35599862
63669868
-41762277
30790486
-55604002
92844039
-28062066
-76709767
-28051304
47319961
87505476
45292269
29497384
-51138154
-84325720
89598160
-57942480
-31435069
-35001973
99809201
69190634
19644230
4299338
68731817
82996521
-31871387
-26425032
87666166
-20588645
88112825
36893488
-79421559
-19667670
75012363
57078574
-31240972
-51851255
-82006021
77909876
-46492091
-40966094
58465826
11671403
-28103384
21291572
16788323
-28734150
-44158933
-20851149
14505103
84840389
15834380
65346720
47866252
-16096663
-84369811
92222937
-67606769
-81219844
82576346
-16852486
20820433
82340296
17166130
6998868
-94948730
-63947095
90670388
-72751339
12410697
25734409
22139407
27623963
3228586
-66440328
-97392312
31256065
-85739944
-3758863
35057928
74893489
88442245
-69627392
48437099
19645397
-98110818
19768901
-12493623
-99738761
36097782
30039220
-34271850
30269264
-71870640
58386723
-3923387
82292049
-1905662
27113062
64533913
47859132
72768550
-39614362
-77273359
-38429453
50670359
-11852098
-91059988
64801813
-8579794
-41342162
-9720572
4134886
-8772589
-50913288
-96965469
20519678
-70635618
93353200
88304290
-99446868
46281834
-72474541
-52126324
47072397
-41203037
82375068
-91902111
90052478
-45297429
-58607742
-18550240
-27108443
838489
-15016450
31387570
13682116
85101715
60652981
-83379503
-49804482
29185321
15906566
63455519
-93516354
35867345
302288
86622791
65467281
5409287
-44243741
-98562952
-73148289
21847975
-73574503
-43806366
16411259
22460448
22765642
-98480662
80960415
64518802
2314565
37408910
57984116
45854301
72652237
63342507
21942029
-97970205
-27629361
58907353
63380132
7799158
-52400299
-43254397
93118437
-72047813
3485697
29941499
44717492
3422406
46413274
-44558355
19518946
-49920720
-56477785
-14094124
16929978
35534602
-1247445
-70293679
-75633405
-9749836
-86937601
-67544679
45181556
67465641
60474406
31873679
59333832
-5996842
-17496383
60442390
89980223
-27577722
-31158206
52000071
-40103928
35333703
-58639902
-64707200
-17585923
2931709
-13852470
95568730
-39846297
71250285
26311310
-92200030
-45788605
31283489
-33911771
-97405253
-61639476
-55371078
40563108
27188982
12627548
93156445
-33342336
43465666
71079733
-13778045
-28775261
-37872973
-643442
-34787476
63088483
50901053
-38811937
-30856674
-10981668
64440735
46844247
85255389
-88163290
16656026
3299897
12915737
55086795
-10277491
-10950389
43239218
-18315077
-832738
-76226255
41400896
97662245
69093974
-5553858
-98189289
-6231482
29192432
72321267
-62128043
-41308913
-33099917
15859804
-13321474
94797957
-81204473
-45253358
-28800659
92625895
48965953
-79000109
-65606841
-95972297
-53933354
-85891589
-89215344
-73901412
25322904
-8396348
4931068
45525183
44850096
60078752
-8835263
48449571
33941391
-68217667
-93007449
83176419
64325996
-40946478
66557617
521067
32341918
41599174
-11718991
17795347
28419147
62693036
1381349
-73433459
-5114891
4069048
-24256166
50450799
-61724645
56483381
-76544840
73997688
4995670
-45516526
-71633479
-90268455
32185400
23471408
-35469147
32701644
-18713938
32846097
95242841
-11093137
3110711
-1550707
-38498769
1773979
90039653
13083857
52093364
-14165021
-38445257
79485963
115662
-41059038
64363033
54743716
8961808
-50869981
80448159
-10882743
-2513485
-4279662
11556806
26951611
-58692578
3917027
59242248
-58348545
87028069
70668168
-29391428
56577107
-14335993
-25834253
24910210
31130529
23560288
97088826
71293913
-3394883
-91489809
-17489343
20697807
15383109
-60300282
87602089
-2103606
-10403636
-58827500
75016753
-32956520
-62984159
-69512718
89367131
-4447527
-23992546
30330885
16377033
91759279
-25663908
-24500039
95543115
55896654
29192658
3834811
-98183691
2859050
65875695
-19770577
-14465115
-89620023
34237431
-49851271
-33084471
-87854766
92203425
7779215
56700871
76761036
-25458613
-70035989
-17656588
64128340
-93208731
7277645
38539433
-15397915
59238629
90079048
-88472904
60328407
16058322
-51807947
12814732
33578616
20375010
-38955800
40286902
28166233
-87682731
-5839371
89255702
-41112789
-26165591
-81377684
5585223
50175189
-33799638
-35927091
-16319291
2332866
90770723
-66132695
63092550
-30061292
-13306276
-76961438
25600617
92962473
-21220909
41260356
-73674929
-75758901
-13082851
79700042
-48742881
84941595
-42909052
-42376411
9613006
88516785
93903635
85666459
85271280
-79543736
74833246
76940564
76253668
46485175
-61742692
81075471
-91617022
-53512076
85197047
-21268922
93603184
61614164
94799421
92488843
29209645
10700208
41462614
34103451
51230419
-31102416
-6718960
68391350
57338259
19182115
-74819513
64393831
-685681
52139212
-73455103
76273698
7004779
-84640064
-42154879
69181629
98451326
-67736832
-65556526
20857747
-22024551
26756554
-1366445
59264166
-31685908
34678750
-6538438
-1174163
-81396574
27648641
84387590
18104100
90287402
-29900612
42481546
39218932
18750769
29757482
-11706943
34518970
-33611359
-98847205
94867562
-51728117
54580168
-13482654
-2920209
-65429283
-84923578
-69691812
64290261
5346315
-10771294
74368673
-30830186
29172532
37490322
8431823
-29157497
42635759
22300788
78710570
-42552245
86369612
87158274
50085559
-39623458
-9071592
-2517577
23429397
92609428
-64733511
-41254668
44643524
-54955900
71252728
47717347
43023991
-17909640
13050017
50438190
-33979162
27994077
-44682488
88762525
72135412
-40015095
59498783
-76961545
-11455960
-55722405
55588468
41682018
-92946253
97845311
49642178
28952814
-41458157
-70889317
76475505
-84307312
6554769
26121698
94974629
89202523
-30374957
-36583941
86169594
-2305253
45575134
12782443
-92382724
66952495
-47878379
50133347
1176713
64587708
39075227
-68998036
26278991
61579285
-53898933
37495363
15773704
-35775186
67661584
-5122929
83852679
-87993074
3423496
15029278
-18531564
82997780
-47592942
-39517772
-72786718
-85724177
-86883315
-27320200
64741421
35791819
-15619865
-55918346
-95582318
58625738
-9134732
75062238
-48828932
7281080
-60676684
28100337
-82156316
-54546715
-32891092
-63369210
-68292385
-2869920
-56854933
17337329
87073152
-78041208
-13809142
-92663840
-95898096
68916431
16039155
57484452
90226893
56278922
-69593838
-46281308
47890333
11735493
99923915
89007168
4328468
45208246
-20920638
58749043
-90880858
20651301
-37404526
-98330175
14982250
50529257
-10473414
-4177471
52135315
-83029066
-93258962
82201150
-48985055
-25600892
-59680826
15834643
-82408686
91058746
48240715
10809994
86974713
-51229515
29484569
-71208701
33399826
-63792878
57455742
45943658
-49646132
13891359
52182492
97107633
93864956
70999684
-54935775
-90301496
-40082
-20026196
62294811
-92714414
-1801690
-5588443
-2208350
22438597
-64637692
-20541698
3065961
-64375520
-48226839
-96013424
94775726
-74812010
75063516
25033989
24810368
55791086
-5432959
67178243
81754716
-80207360
-59669255
-98234504
-23977044
-73274548
-92409641
-96882329
-52716998
87284947
72319673
40684747
-6865086
84363072
27425989
-49704562
24845065
-90335090
94870917
41493818
-56596110
-46192500
-26971704
29062789
57196135
-28420451
33790488
-14036564
48765140
-35749029
-30615470
43398770
-5713804
67258627
-16046125
74551718
85841592
63986475
85546538
-41591406
-66229756
-89547877
-75363187
86957007
73852880
-96761785
60505066
-4950122
82209881
53128100
79287853
-81584770
-16900540
-85756244
17586539
-25846861
3694947
-71308400
10873449
7278917
-11167714
39920884
40130568
28754428
5703588
-23488814
42686990
40054213
76544647
-32568807
47467564
-36001628
-2222936
-8211111
-45779235
-18565090
-4727423
96382708
-89408916
74649392
-89419839
46752471
-9465568
-73722444
11584453
-27590138
70991755
-87122127
68793501
-83388241
-24468829
-80103795
12611119
20023211
4350662
22030934
-29966957
-91727353
58456261
17489583
-77685830
29749080
-78403889
-5675527
-74912564
70661011
-97582854
34631266
-69479010
-1171630
22212508
-45233822
-74836082
617352
-97238396
72255131
-74761100
39819540
-85359628
-48223936
-4725058
-64373268
-43225087
61461063
-62487706
-26516294
25799682
87755621
-5693067
89047164
70872097
25946529
26702502
-21156963
-31494838
-30068951
-76763236
-48577176
-65329195
-19960781
-20442451
-14451200
-69540811
-27804524
-31952799
-75514449
64926480
-10722824
-75003838
50834091
-69222546
-69846660
-63780781
35048537
16133147
-18538132
-88782527
-37035044
41320564
-99293757
-70627574
-48217558
-80951920
54597275
36464272
62524875
70722283
46596103
53051448
-84295161
-32873627
-56908831
-40697159
44031581
50357652
37437128
7786897
54488553
48314261
85281418
-41699705
60557605
87952364
-17585853
80645678
79161565
-4415803
9819812
-4076654
48463135
-25149861
60657272
37567572
-17777127
-94162072
12203650
9170605
-9277947
85979640
-86685761
-87689251
91956172
64205651
-11845817
-26298581
-92217176
59978134
-96193276
-71531874
-73481764
-75457463
81946723
72713409
2979258
-18755477
-8105742
15075432
-25594709
81587351
-89106450
84535977
-95365520
26644361
-52233239
-6475545
-53767104
-82913156
35263125
8218048
-77337159
-1019691
84804741
47514377
-8681640
42181813
72128817
77757458
-89623921
5080386
-42475507
93694458
-74610665
43958995
19840591
-62923052
67315542
-45423551
55396658
48437929
13495515
-99728810
-56715403
-58497037
-95436913
4932904
-4806561
67204714
-5873180
95489900
-12647442
-9709319
17584494
63980834
-74110005
85931535
-43593272
-18433920
1479515
81490915
66747522
-76247278
-5583887
50748628
-25839715
-22224528
-40389693
36490919
-31578683
69176127
98101973
22208763
-5023024
-4313793
49626287
78765286
-68200162
23506269
35117520
1253147
-34541877
67986041
96464960
-54394215
-28874628
-32204573
-34392280
10361712
-10771987
69645082
78822216
20253572
26851484
-28650451
-94645792
77632810
48316213
-6524177
-37572209
-47898228
-6641050
-81763382
-74219227
19750544
36965156
16101124
48088846
-33761081
-15256479
-38028740
-93724467
-67711080
39999474
95870010
38102490
41722114
-38903746
42521220
38184463
-38990493
51024879
74381990
76557853
-93764975
19127101
75067784
-22750434
-86043687
-96176512
-93636853
-76060372
81470396
-71459143
3931985
-17557480
81008756
-33095264
24308817
80298757
79022248
22775996
-68281728
-27486545
19795274
93265825
-53995512
70330377
59968191
-54129337
81955051
-31644958
7797236
37565534
61752151
56343664
7308010
-7096064
-38128956
-3735417
-18811631
19884871
-6862837
62776910
64921328
-82385585
-90706017
-86347306
-53981721
-53472207
42732052
-24624957
93868230
60287837
-56758135
-62579766
42032884
44516524
66865553
21237038
-15209884
-71606183
54690063
-57011942
-41215960
68664245
10264387
52952570
-12224544
71400674
-27379849
-4809595
41743176
52876794
17449346
81153621
-14883474
2315571
-8339944
-11093537
57625843
84434767
-8313571
51663259
75695733
-14756937
75823423
38403599
-75558891
50572598
-65222841
-48729767
-59800271
84676731
14091569
-49660057
-81507569
44142299
-54165844
54675389
71219713
46353764
-20869774
-67582977
55144740
85958019
28250579
-71088440
-54838653
58688529
-56866854
-14497396
37815956
-45023775
53253037
-50334727
-47495092
17051326
29862701
-73491767
-8051687
68650094
-24002895
-58501642
24697820
-57384405
14653587
-14845435
-56767801
-75774394
-35808828
-72413594
-73200351
17640270
-26807442
77179418
-19736489
37261558
73018827
-62469322
20988197
53425294
36191244
-60656409
189391
-78831341
-78105993
40602890
-74697248
-78913888
-48131144
22210461
49825343
-92251777
-11416273
54773724
31379424
-50311934
69197901
-69155042
-46940764
99803457
-64763558
94531754
59038174
3985155
-65853383
-547208
-48402220
31295588
-44541957
65538275
25569997
-3182149
-98828047
78329946
39106412
-89631490
-49293579
13657206
1456491
14663442
63900262
-70556398
-39767026
-35876203
65544178
-40252829
43512898
-74961214
15378618
-16609557
59487220
-54732962
-98041056
66033006
-59655495
-34882772
15044374
27061350
-26904511
87986628
14258103
9001261
-297285
-4759336
49704474
27183947
-25427132
-99905210
-50079039
6114923
-64454108
86947190
-55584214
-1034603
90335211
13956305
-66746911
-22694707
19083453
-52365501
68699490
14157663
51521569
96810104
96169382
-21227355
49568317
48490404
-57882778
77260996
70737190
67004956
-44090323
-50151658
85008888
40123863
-17573912
-8556174
56826635
-60752663
-64681174
-2331000
96208726
-27526887
-72099514
58811691
67122056
-71269963
-21756454
-23243500
58090113
86038891
-66465269
-14522774
-13027312
41910365
48178525
-39906645
-28886491
-28021222
-69774271
66797721
49053992
59103753
-41537536
-29151939
-9909125
55347131
-42820444
-99299249
-20838981
76926297
93284650
94530744
-52173188
42887676
-39876201
58289679
-94570316
-50358159
-29216963
14094393
58434700
58432561
6148672
-85331625
98338430
-97873539
-26678473
17109940
92851644
-72928269
-37315915
58931041
99841182
-78231604
34030240
-73452573
32045774
66201750
-22820165
8149122
97060436
32586529
-11154346
-12296440
-42805629
-43657603
2294369
31158743
94918567
-51649844
28108634
9492529
23070392
37730927
-39475132
38493590
62333011
40731797
88235358
-1900863
48565044
51193542
-45658626
-16350675
-3461823
35452060
26269297
-27422276
6137740
-22444864
-50066987
-73582356
-36926117
-79653199
28714780
-44615577
-74816018
-69517168
-14783172
-66665677
-53566912
42163290
44244352
-51360812
6958348
43075893
40320009
-68998016
62612329
-68431855
-5177217
-74521012
87553211
68829203
-43470180
-7225452
95302334
83380378
5502875
83966574
76410235
93313794
20514591
-86180846
-59009962
32129201
50660894
-5108247
-89947573
-25297388
37081319
55376147
-99708148
-47191961
-28004889
81393213
86150646
10140755
25217830
83985907
59354158
89181747
87183020
36039380
-75040048
-73546899
79392036
-97275299
-48528392
-64883264
-68195581
-93136983
14464470
77593223
57708917
-15416151
71563232
-62448415
-63365198
66379630
25045642
-17713373
-81046216
17210683
-81072785
99143481
27517591
-12654861
-57876355
98844531
53698354
15989245
-44297865
4687890
92694610
29035413
-22209208
-66951737
31571777
26947903
6670148
-41905813
-93597725
-82157466
-2103025
-94424476
89046206
-52948372
-7256268
92232594
4084258
-1193618
23606571
62075588
-59889279
74910459
50790964
89832374
-88611064
17498939
-37148136
36161727
-63600715
-51686002
-67080551
88085562
5802652
-90661358
97387272
44838410
56057560
57522185
-58760975
-43113924
68982606
-82056892
-47504551
-5975255
23680569
43307707
88401653
99857559
-88273713
-80540913
-14013934
60270049
-78139736
-60196720
93345204
-78796576
57363582
-56836045
70267310
84967281
-44972625
-73369515
49237593
-76228148
-57899430
-91891660
26147023
13384300
-56310630
46966749
33016456
-76577021
-12284586
28321379
23601336
96521973
-7195195
38369600
75815848
42171360
94586044
-83502776
-45522115
91607044
-82272637
74556309
88109450
17748877
-59635567
44050177
13087933
-86985398
16148514
70953179
-62671954
17426479
8252195
39068776
-8406663
-75509847
-90700066
-59972238
-1785780
-81422527
39092506
83075525
62613321
27328298
-29134035
-74235641
-65914025
-33638610
46933334
6197113
89302860
74870894
87975931
76180226
-40155735
-2283706
43249991
89641922
3938843
62961854
54731208
23164858
-42796285
-13223661
8527237
65725073
-10146333
57958378
-9053962
68579647
1909236
-34307994
-79203969
-90885122
73510660
42037186
-51157299
-77397628
-64029094
50562363
-33455527
66875459
-25615118
-52785710
-61519165
54703921
-76738521
21496230
-15492308
-94587023
43580987
86810376
-79924826
64792869
99375397
38886580
-79521174
72350565
-97187320
81490219
14572850
3432042
76031877
90460886
98009449
19478138
61257973
60994469
18228890
-91766552
-21523516
73056670
90764120
90441122
-78916720
56355751
6919355
-75940339
79979021
38499417
42166954
11338390
94751171
-25736356
73561200
17362507
-72727585
-26731676
40532844
-33100407
-77454923
-84668917
60724069
-28219842
45626081
-81781089
24338538
-82079961
-74443345
6378887
-69557989
-71592422
-2050844
88536676
13580359
-23632356
-9900260
-19581584
46219425
42687609
-90243679
7206920
69085988
43532056
78870544
-91566804
-431650
11976665
54091963
57923188
-74210554
-78217323
-62453648
-95681190
-73304859
81638634
-42916470
-35628331
12750025
11806851
-45064527
15769730
-79825782
98864088
60341186
-3521327
67283961
77423959
-44849694
41589879
53727396
67285259
81498940
33019908
-46632884
49448392
-27624647
28221329
41523159
31212236
-4126508
69957712
55488910
-64234219
-9480596
75165283
69561728
-88768705
-19498918
-22280393
90938600
25446449
-24998637
-8425096
-43629949
-90329968
-26500209
-65079293
-55019084
82299520
-42458637
66792768
14977781
38359117
-34582969
42002313
-64601691
-40573569
-75424402
74650744
13482198
95766613
-6061679
11581811
66314306
-58404230
-10248164
9694902
94996605
93401040
-79027737
55967422
-31059375
-8548888
5604126
-66845828
73046267
28411221
-13747273
-82368874
14244146
81149311
-84983477
-3703538
-18660732
-53089723
-62770475
-62449255
34198428
65572824
-28392849
-78535929
-47130897
41800923
-89098725
-84679003
74384560
-81029909
64008093
-60681469
19939979
-58387797
90934303
-66689698
-27094637
69159844
-46295294
45895180
45800105
-96362034
53456024
41588370
-53054522
2259370
-23022364
83864476
-98923217
3778250
-10435218
57507800
44036618
49938378
-96126061
73514981
-77429575
84131743
-81794028
76240768
-47956506
59631435
-72083145
-78112058
58919626
-21081137
19062506
-90853444
-80852769
-89123716
-10740466
-33803910
54523121
8255693
-59629557
-33695010
-86390966
-34807436
5972819
21135602
-19912891
-8205891
68243724
-18935824
-20489757
17724340
80766000
-59493095
50051772
-9092820
-35683255
-81818560
-46690593
79199609
-88638669
-68706940
-97239820
12225269
-70651528
68305582
-27366237
23979200
37570344
-23311818
83875067
66408270
14833267
99670978
38320147
44659115
82440888
-36750932
78529832
-80049849
-367398
68079357
-79390765
-13700422
-16923621
-63673914
43443075
65226784
32936809
-80041421
15456636
16879205
3543178
-51865542
-41684811
-66620359
-6116913
-86335288
53384568
-72862151
58687086
32679327
-49784646
-98670194
89417989
95479490
92949464
44595834
-67615087
-90441165
-62967049
81659891
-400383
80919435
-44227741
-36826228
27839312
-70057238
78101930
34568952
-15581050
-93558727
86615654
-48233950
-59406410
-39125913
68606751
69808324
-51580331
61638292
94481861
51432652
-19508434
-46903636
-28474738
-94430918
-49129116
-18636186
11929383
52044145
61141450
-74151486
-17918545
-98930124
44616682
26879531
21063078
40244436
8381910
87029795
-99071547
24389101
-47983239
-7453831
99463428
-48936023
-54567688
24184392
-80774477
47503288
49063427
-3086730
-67484718
67958037
-64149891
54017504
-92703422
94727439
-91417554
84951328
-27951215
87377973
53493641
23546096
77663573
-1574172
97492568
89559329
32105275
-26911955
-21296848
-47494600
21862127
-86979217
-19566384
70828
44531966
-56676048
-92860202
19191008
89464503
-3592914
-92180822
73846436
84007886
-55275006
-30503525
56437412
-23823578
-3693355
92848151
18192417
25576766
-40599385
77840502
58947756
71340299
-27406944
-97312206
-82076606
-68106675
-73419253
79309979
-34789161
19995054
95538656
41206609
28162227
-53844017
4323384
79000601
-99228739
-401253
-32306374
-167800
-87953339
91146224
77833015
22933635
-73500411
80796746
19464366
-83569753
-43044779
-45417673
92070339
3334502
27807543
-56555783
-34479664
95193484
24954803
-23898267
54575171
11654587
83772858
42086557
-61446088
-15639804
-8522034
50006391
-48687024
-18691910
77912674
8212947
-37111365
56936119
16041532
-67137475
-89533026
14487322
-44580512
28917635
88343530
-49952574
-35579498
7675847
28022550
-45024737
32486805
-25881186
2168939
-83780811
-19492754
-70512382
22098274
-92013595
6319374
-46235924
34746153
39476209
40783278
52606855
23528691
79164848
8646158
-22059523
-62124300
-70501466
89957349
-60152961
97872433
68651891
-23743557
18414299
-32621367
58574078
51430843
-91186717
79049528
80326876
13771059
69981386
20491710
53277935
82021023
16563955
21265865
61010652
-54870519
-18887614
-77562579
1019616
9558514
-95448810
-22729876
22397182
95488603
56426939
-98181534
89394651
-89743370
-65488825
65431498
10847786
-15868832
46115844
-97006277
-63359693
-52233234
11006443
-52920230
66454626
-85649670
32466104
26018298
-9189319
-15409847
-39864652
-83513364
54397953
16403662
84965930
-71608530
81392818
-3839881
66386333
-78325403
-34327997
-27198180
44744389
15397715
-13632364
-62813803
3560714
25573927
16955202
40095831
-17179462
-71904461
71795492
9056416
-58156022
-73281662
63741800
-50177297
70710727
-63885109
56654194
25922370
-3277694
-72790787
-3670976
30384190
94037369
-53005126
29104405
40285947
-87705164
-38155423
-19660944
75271414
73451219
-64825447
11491677
27014444
72678942
55710570
3805763
70681021
6601415
-31659181
77638398
98438705
70095954
25908864
-76345880
-716632
-50313519
-70254622
-20508762
-84535385
12849806
-62669920
-7152489
18246425
67575225
-63684394
50209459
-25752642
6942663
-7577086
76569491
-35322054
99001059
39934894
-28067556
-93481463
72909334
99785332
53963248
-68588409
-12198913
-5870930
-88967745
63891807
-36444852
-86895754
89170739
37607471
18444890
-64258526
17948866
-12198433
68844000
-547285
92337594
-5432224
52439931
-33075379
43908658
37584365
72878972
59405835
-24040071
75916341
89339094
-58525956
-34046794
68122000
36823887
41796395
45565819
5469753
41453554
73908792
-5091554
93665108
-68706896
-10262050
-92571947
23738700
-1844781
68313269
-79662424
7416585
10492730
-18223017
6649080
40431021
-26144337
-25148663
68127196
9232867
-19399304
-57006592
-88875347
85113364
-1887885
42399902
-64242253
-56131135
-90608865
20317854
-16706349
1785124
-41444051
36173120
10589643
-62604467
-41715775
-66996518
-44555006
36159262
-90295613
44547902
-59221678
67692262
-74388618
-52470794
-67944725
54120422
-43712412
-99374329
-8218433
-12014794
32756105
47967081
-92185720
41208768
-43431925
46362600
71833191
-83902622
-15029858
-46281736
98111889
84557746
20493805
18288151
35920407
-24236614
43691859
13138217
83154995
71612417
85689612
53360341
-15589990
28280631
-46794974
-49954255
45408329
51716744
-47012617
-67880526
97681680
79646644
42289258
99361956
-77530176
75192051
13339688
91305350
66308833
-82817967
59568191
-51726073
-26527195
-74055896
-40398068
-28664473
-50214208
72011350
4417426
-26288051
-43229588
-55861504
95783426
-16794085
-81526136
5439029
43115204
-31699434
13524599
-13597035
47054829
-24687263
-17431662
36063469
-56220286
55763302
-79404405
-44256812
-86204647
69431496
49780556
49549685
-47770358
37874388
-8042015
17515949
-80763579
-35727252
-69162014
84754470
-68726292
43529869
-96983954
33102177
-47609779
-48633016
-61415251
31584701
43608415
90006279
2263000
85345419
-55161102
-13934520
63139951
21792166
62040426
-21015203
85996900
77552548
30736199
36410838
76072114
51509335
-81619481
-47591877
-94554972
-70626218
-60946131
-34139034
36503754
-79970088
68133537
61229698
68548952
-86523530
-3296015
-41697667
-80759311
71377315
-77349299
47198673
-95576332
76259423
-41701245
588839
-24096404
17995840
15199006
1128363
85072818
38174507
58136345
74906953
-22251245
-59588413
34719793
-74260724
60980612
30221743
-87367422
39910078
-98050735
-86004330
-24016082
-36013048
91604924
-42637375
-52280132
72430521
36000169
-79963407
-7276130
69765811
-85449476
54074543
-63293263
44084406
-28773591
-80009252
55804470
11909528
-91854205
57259468
-56495046
-12269524
-10862635
34694902
-51726744
38348304
29921028
-84136121
273034
32926680
25394455
-80462396
43643877
-58234717
-50751635
50595995
76955545
56576824
-51814294
34173612
38874423
53131403
-29214705
17267862
-57248171
50686064
60420354
-15600143
16817536
-42926347
30364155
64590638
-21293436
-87753665
-71460213
14623964
-73106806
-49410498
42473249
-82356799
4494906
55798177
-16001643
86688596
62956373
22268468
39693965
-6053331
32054346
-88081897
86990720
45322953
-22154518
-87163344
-36190487
-26937308
65261358
85588421
17157095
73367203
68937577
-76410574
34243487
-30156487
35945005
-85025885
49889748
62185365
-35479514
69270545
-75249815
-98882388
10992545
-22086402
-9237536
18067410
-72972759
-70518533
-85669099
91231586
72338732
43971815
35300742
11826407
-4884641
-55208515
19907870
67093092
-37926119
-31570870
6344346
34468141
-51627896
-92357918
-69805009
-17003368
67614391
-66518726
-68886920
69315488
-46904327
9803560
42668158
-4877782
-57645314
28792663
12624547
-18620127
69822774
-53579921
-69560345
32727275
77028343
460357
10228546
-5163739
2051501
-79859611
83190904
64367361
82391336
44801667
45718089
-86334480
-23291259
38410327
35424659
-13621060
-6233763
80741820
-34390341
31146466
60897602
74208194
-58007703
87227154
68625752
12688693
-28309591
53620785
-88678165
-56997730
-55400265
-19983203
76028541
-97571886
-67462918
-95526985
-10934717
-47099364
-6226943
-16591233
-28721683
54709479
39909708
-99058064
91993018
42544545
-60018582
35318129
76837517
30079694
59217855
-49127836
-41192916
-2135138
-7451441
85346343
54025316
-51797217
62302558
-88133586
-71288611
89184874
41449166
85988924
-38806152
56162851
8451077
-98736704
-7908312
69383155
74496355
-90284767
34595614
87873581
86762234
-30601326
60776989
38549927
-22141455
30031913
35220985
20622808
-51565029
18318969
71003019
-64726035
60393761
-69521845
94797158
8723471
42332117
-32221001
-42897546
93367600
-81006920
-97035168
-27159318
-52370930
-69290075
7064591
-8113109
-41959358
98685597
-51634622
-92415711
-89491820
-40899630
-99782876
-17515197
12131095
16447137
-55428772
-51097566
92540168
-50079257
-16131312
-19559470
76378104
58120988
-14766067
-58871398
80148186
-3051281
-99093946
69391533
-18506552
53048551
-83392332
-6098028
-45364176
-31922019
50302491
68778331
39194066
38355502
99403194
37412463
29500963
8666830
89561968
25294718
80132370
52325477
-3520811
-57554225
82418563
-80059104
30840422
-82408340
-13689967
72796527
52941048
-48340872
25665007
96524852
34084294
197715
-35560627
19656440
-63585106
-70218106
30964573
47815448
-29600784
-15560074
92525341
50796405
362133
40929125
91037909
-27554099
-64106263
-96999354
-9284021
-94098635
99010250
82240303
81743403
-4941316
-16757643
6148194
-30376413
35705140
-51630705
-24280654
-61575275
45161024
-50974423
-19609452
-17386271
18278327
-90790642
-46387531
-51308049
-26750568
54233636
17623175
-92921754
-28293801
-5036676
-74099780
-98253564
-51878298
-80824896
-95703166
51111238
69787546
68744800
88213011
45617468
10380903
80125003
-97090813
-9949287
87724059
-82036856
46939038
5497136
-61012394
16619301
88374609
-28360362
66818428
92548585
52124675
-84079175
-53853974
-6502789
-96256499
-69723267
77480378
38755779
12593734
-3060870
77048780
-68999815
-80450797
36975470
-2007075
7301845
49297282
-33246568
-85058016
91268891
-9582101
6839077
54559516
72910024
-74295807
81795303
5244505
72721743
-23301127
15649144
-85869536
16875260
85953662
-70418996
-52909121
1339156
-63748775
-21310910
-5968682
-95684361
-66511747
-62190710
-5073808
-50929615
50089387
57798468
-53920626
69778269
46852044
-76311624
-71565521
51062430
52428151
44639694
7644339
41755980
-8962824
89956935
92315593
89214899
2489146
75858973
-57702985
-40598854
3556799
97998812
-91038822
-51614832
-39672224
94061842
-83879852
69299476
12129619
-41173556
5389294
-19356217
-1493556
2371472
27599463
19834670
36137771
22539740
38791119
-66576216
-9659208
81556377
-4349907
-86644918
91292210
-65508373
22517473
-56745822
-62863738
-46476408
36112860
-17791271
-93169174
-21994440
63020640
79575063
67145671
-85719009
96173348
70735510
15236569
-92350041
83560586
88418331
72648106
-86160152
-66368978
-47130952
-70189409
-57802250
64444402
50631751
82708743
30489718
39229198
-31398568
-49179835
32895512
-38234836
-92369430
-44231526
-35211004
57875118
85570172
60233805
80435440
6640299
-98238824
-34682729
-1698430
88246069
97700334
54611592
-9087006
-377352
-20367668
-39954022
61219256
-5030924
-94431914
61683349
-1935031
-36956673
93834538
68468397
-40746604
-88624430
-82861072
70821985
72980354
42746284
-91149019
-6380239
3807927
-12132962
41198661
-29002076
-34812922
-26822097
-53467939
34442759
31720446
-42009558
15257387
-77127222
83526956
34293272
-93773211
-85149061
-6217491
10255922
-18533461
-7984743
16768404
16282950
83912105
57908212
12182653
30893245
-8298408
-87092553
-99451767
1673600
-31931503
-19809218
80915675
-30304521
75160077
47949127
-14342328
23724015
42550603
-42016732
49381900
-22116511
48148162
-38747545
-55573910
92997533
20260671
-65161708
-51578615
67704002
-83544420
-52395590
451567
6949105
6713200
25613885
12756253
-80584829
-94252412
55381599
-89234218
-53191118
84891040
94571593
-56842798
6951948
62652941
71639588
22429037
37697924
-27489706
69261753
-62297848
92777703
-14747341
2460683
-91642916
29766949
-99730145
51118209
61724834
74640541
-47037670
92074811
64199978
73731736
1622259
-10078396
8247458
44509904
99229183
849027
-68608406
97358403
9155424
79453472
6021569
-78915060
-95825066
96735004
86181150
94798917
-772976
-69931104
16769504
-84406995
-57107822
-93357774
75798750
-34237253
-53143567
68724199
31777285
96122145
70560777
4756016
57508684
-34492379
-38559321
-14045808
9629134
41702777
71031074
-50652432
41056055
-85652560
4569934
-35245430
-49600969
-9522263
-70215246
-96307523
-90906753
70199798
-60397550
24542443
76543305
-34474936
8646020
79955708
95422870
-79367104
-98379249
62591206
3727974
66139356
-29013984
89952531
55298294
72160133
16902979
-68394886
-89461496
59030966
77712129
68622460
-83890852
-87441364
17227297
90847958
29515902
30394371
29001437
98031574
37583799
86090922
92351480
-76111445
-45468757
-3646209
2296646
349935
46211482
25929062
-78736999
-76525289
-2948036
68875834
-89184457
-93317253
18955697
-7530428
-92785246
73685136
54770357
49028922
-7911200
98239712
-48588755
-63681798
-61014131
21297317
88702371
98998252
-35457978
3077869
-79591695
-16816209
8078889
-31262570
-21427887
-91550062
-55237496
-79203131
47101671
41766811
662924
61123298
42856495
-7685334
68548665
-9272724
9544195
1763907
-66835640
-39439795
-31762178
91764363
49463162
-58841127
84767424
-74263378
49869575
-73435696
-29336473
-5180935
33333635
-39284521
-4353770
23336642
60629111
98792283
-12324064
92838566
-1735114
-42248590
92127765
15283817
-16206216
-34426283
-53434314
59743019
35030340
-50975558
-43208239
-96429879
12504975
82212278
-3288848
62723544
-62322848
58431776
-26756308
-12847668
-22605886
66840906
29698358
30140967
44481513
51764188
32629434
-55043794
88123150
86557333
-14692520
77747162
-75263273
-22676693
82178993
462739
82141155
29484383
38711040
-84999118
24448779
40635818
5499553
73422176
-58374805
-33710630
-8853203
70080724
-92578365
13365691
-31413904
66489086
-52101070
71123191
9479825
20036573
79162214
-25507989
-22660173
69104662
84135375
-75365217
78482631
40988179
-75801586
-41273920
-11700923
2408338
89818299
-25820573
99826569
-8206622
75998910
-33133818
-78801531
-61712919
84640112
-19145547
391212
31188373
-4878697
29878684
97814144
17865320
61519165
-6366702
18859739
-5947248
-20983010
95107658
22529629
-12532778
-32653701
-56840425
-99557997
35847496
-9515989
-16444626
19514062
5183647
-16391933
67618610
-74377546
30665029
-36087214
29538813
16237886
15710930
-93187248
-29876205
-80722336
-7214755
-13526541
-25399515
-30236884
-63458499
-37903670
-26584341
-85597509
77334339
47976761
19476558
-97967902
79567165
87460123
39115518
-11671968
-52061511
-78201371
99549918
28747255
-41264937
15839919
-19047951
501319
-71516870
-19082850
-54503465
28390280
50909339
73820239
39665143
40489116
99418731
35934836
63361858
-68608962
-797797
-36039872
-53795727
-17485559
55620292
27546507
-88222639
41197560
-45862158
76500573
68392972
-28710393
-95667248
79549692
47687165
-5372546
86853943
71799710
76733403
89111609
15457556
76293327
-93520222
-49868777
26483133
41018811
-52553759
20198430
-46959892
2832954
67783969
-9822440
86161490
-86838814
-94903751
15635013
-73938623
72537104
-55840493
-89565949
-85421260
-92071211
71619059
29840896
93301307
16782215
74426470
-37308636
10076437
-65091571
-22250820
-38825146
77701784
-47598210
-78137799
-53725222
62547711
11959734
23149565
46745403
-5481760
47600750
-82660826
51388038
81165162
-70914323
22729267
-12865503
-21105984
26552601
18396003
151947
43798512
-50320859
60769225
36260423
-73606024
-76851197
-46854541
4507774
-82844536
-11486183
1290202
-57144550
41103380
-44844972
18366064
-75233605
90348063
97741611
50739168
47990189
17963091
-77619696
50660439
87977762
36787229
-83536271
96263595
-25525616
-13623130
-41833075
7329514
40688712
-33159148
78178919
-67439704
-1028159
85031368
-90864875
-80065099
68901303
11525638
49416180
39754983
-37556295
-28515801
-70833122
89330003
43247279
-37696539
-7734402
-79870746
-46730794
70681207
83991082
-60779948
-95412296
79160810
-58375450
9531595
-56279108
41543734
-94801728
90024445
-31183314
89652716
65386796
28504717
-57877943
61781387
67911828
-89992238
85313609
-77638854
68643207
-84622026
38513864
98183311
93311748
-12820177
56306325
62901122
-30191577
-327916
-72144088
15416759
-10665525
-86328828
57162641
83956635
-53252743
-55725790
-65727441
41818596
-51049911
-82242938
-37704461
-78435077
-33664729
62691770
1133739
18812211
24741633
-66016307
47605141
92742338
65409930
76603491
71835187
-91245209
-60010050
49363783
94367494
94896626
70698961
63447696
85259360
84709711
-55683498
35447744
59576489
52080924
-68430066
99413542
-25575894
36647516
-47267807
-57320123
98314310
-95962027
-33626619
-41123926
-15083918
-95553173
68478988
-28276355
45435139
-39507885
48286612
-29396084
95049519
-70771445
75560915
60448809
38198021
-92256108
-42349986
-5814040
-45724215
-42807504
-22077640
46596740
73716646
-89157989
42997009
21717453
79849546
-54498001
-32847578
-83436778
93721972
-81668117
-68976337
-70351077
89032131
18627947
54256434
-82009899
53498739
49631270
75471678
-23535029
6871034
31214400
-14042216
-82481206
-99613979
-22997043
88792265
34787374
10012100
-44828914
-98410533
-80585929
52606715
6651597
21887609
68271384
-2901614
-89769726
-86414295
69293566
-29330739
-99113500
-80371527
68597621
-68113659
-94101559
-71569889
-80894351
-19069805
-98773545
48035811
66623097
46265076
-57694500
-27335540
-96022157
-14338798
-81961090
94240492
-77005923
-22284182
-56530357
-53108115
-3797626
-5149822
95170959
83395781
27148608
-38106595
60304143
45149521
33089650
-69155559
38166473
11014874
56748065
-6380031
-63765945
50850204
-98135886
63165482
76166801
-26364940
-11023956
-35523627
43255501
34584586
-22886809
-48430273
-26852429
78234192
-16126313
-25234047
98316574
32642900
-79721410
60264037
2443310
-84143562
-62836345
11213221
-61679050
-86873242
14104602
-65211391
62947033
-46877815
-6660338
8715998
-76987201
26823076
19574212
45922337
71189777
85813839
-13296029
-75714046
-87933934
-34812674
-73137335
18291302
73061355
36118461
42458433
98552654
71564387
27894779
52250730
15727432
-94381331
-29261628
34859061
-63615109
-94160517
39878511
-14971146
-43840052
-45345855
-81989772
-74448523
-11076645
-69363580
31983436
18936712
98919050
-66540613
-69346256
-98581692
-53413981
-69685275
3420654
45664834
41265117
-58973667
-47836895
89617110
33409043
65756766
-86100096
72808459
11949815
86161250
-53340167
-34977468
-619230
-58047672
-67000541
-45283620
-22765099
17930474
65384088
17937704
41918683
66168964
-36126209
63198446
42682703
-44163276
-47108274
60591419
86339393
22067994
-67061097
-77663024
-63090477
-16214555
-33306878
-46216666
54011541
46392373
-55615633
47611609
68735184
-92964009
40108868
74051852
-30277781
13955541
-36817936
38362511
70135390
-97370645
-57500215
-6716790
73250253
-58974385
84934860
-6899329
18038588
35033749
19021428
-14425424
-40355043
-19460798
9814945
71789338
-86874783
-83263578
49851039
68541555
-62783145
-75427960
69989858
-67826260
81983814
29333808
-12866816
60303127
-27891391
11546921
-402556
-28126585
80135861
81496770
26171999
30290536
43162533
-62966509
10025668
26294565
-39329672
82893468
-2528791
-27231790
83548019
7787428
4338258
78848606
94080706
31497458
-92582964
-57118701
53631395
-16451182
911155
-32502004
-65059896
-55370487
-76164195
90280372
1640789
-91460598
-51493532
24661674
-97597275
-24528977