55698018
-88979995
25593006
85219723
77950557
-54874856
-89361317
-55102819
37712182
17480294
76739513
24631839
-3444333
6638097
-30533605
-87336058
98501593
68066173
4922482
-76858692
-96488199
89455569
-4651226
56023759
53484828
-55413182
-87206132
-84531804
7030322
31013329
12643439
93369824
-9798083
27678246
-63261038
-32521394
-79417677
-38164224
-44677266
-42805219
-27712754
5091965
-7268935
68928610
-40589685
-36886550
-67524427
99604682
67476228
-46356368
23573273
31542988
-99182524
-46917639
-59221435
-65119804
22394843
3522120
-3404894
-82294797
-30745988
-60631735
79252282
54115123
68042975
-71836985
-90086710
-29367676
-12905651
-51128870
82160023
-32916933
-22515012
45787051
-75768781
74627936
-43467782
83239687
-25388988
-54252860
-58534744
-28499070
55773002
-70923765
-57432034
-31164645
-45881915
93274566
11150058
67289048
-12716168
-61745390
-10590932
-28519800
-38122207
1647791
-48610638
48919769
-60329720
-78189481
88398427
7579199
-20740192
313213
72192678
72087895
46252407
11605685
16631793
-32432925
-56807646
-78535600
93260627
20591084
59248952
-30673286
67391914
33452608
-81859861
-22171432
28315027
29707745
97364617
-4263906
-29963001
15172324
-26856969
-61281085
53945235
-4320261
-21739116
-46314544
68417434
80923917
-3250440
41464141
49447892
-35223448
69563017
-85749322
-13611360
33252636
-6398764
65805467
-11813108
-41406624
61478747
-78090780
7595213
23533425
30760305
77780370
-448360
-49280688
-83696969
-31516188
-98571022
38089221
28366059
-18276160
45573593
-76290602
-6192727
-95250196
31709106
-37188263
4499994
37995406
-59913456
-87988112
-19796183
88843367
-21216888
47914925
55555179
94502121
-48583068
67972014
44079490
-53707259
-78235894
-63018572
-50598008
-69451415
-29874336
29048310
-78107413
31405956
66887270
42254506
52572907
74087720
7931749
-66620241
-30289544
-59041123
-15304543
55657556
17887248
-16024522
86090393
-88214063
-30792079
48810160
582200
-31690970
93615515
265984
35760617
44608906
-84236611
-84711883
-82998038
80955490
48790179
21360920
98851052
66880690
-38917225
23123502
19315479
21939493
10309333
28245985
97946653
-62850967
-91976547
53673840
-81693853
-43386376
-53471872
-4555497
-19864391
70091826
25175569
-40118004
47237293
19428468
95124742
96514843
-25232094
-90788719
84023367
-16464909
-4723733
-33639736
307098
4004364
-11130048
14709382
-74421212
89247961
-66821691
89605186
59763794
92801649
54622240
21619355
-27761053
52972615
-29676781
-10252345
-62742596
86565925
34750548
11948547
42479121
-44782627
-28373597
26925794
-39736042
-21315019
-50764758
-64787643
44399750
-66083895
50362318
-75700865
-65552369
-6950985
53255583
30224448
44421704
-94054533
89520286
-42007711
-61851841
65179556
-73633949
-94556724
22763327
59482370
42575577
12441612
-45939828
-44572998
9330388
-94639697
46761959
69589652
79785279
15205641
66554954
48764269
59829940
-26567288
-20093484
92373104
-77088086
-14682457
-42583105
78172519
-76280553
-80338403
97250703
-61498155
45249715
50900484
80344850
-21717273
60525109
41590631
97829703
-88049382
27693732
-58755372
98947719
25682738
-37298516
84438079
-35171875
3949334
26455798
-26367997
62664858
62597730
-33343746
12933850
41560676
-37583983
18967182
-31742761
94147362
25914581
-79279465
-94869874
-9522933
19031726
44542784
27182454
67329308
-4107282
73593054
95693893
25498962
3260278
86618658
18953834
-94486736
-80179844
-9901692
-75774495
86969961
-9618749
45027755
55639491
-45908065
54858466
40457954
24615793
-89201473
73028690
-35517745
-1595826
92682776
49500493
83159564
-54105248
69477633
-70519989
-80923613
-80619171
88765144
93933539
-180463
-50534389
12370928
-21538251
-945655
3583530
-82443558
-40177340
-72446705
60880582
91267040
-54769811
-47567784
96613788
94730124
36300434
50858395
-68709107
49815873
50117399
30995106
15917217
-33375248
-39546425
10637135
78695336
23709051
99608992
-53443021
-77344939
-74894009
22288673
-70466842
51444235
-47968394
-92686435
61011407
68783907
-83173409
10218387
99736659
62210806
-89392173
-79293255
-35426186
86538556
-97145725
41114463
80326034
9879746
-87810498
-8202492
-47891286
-71279454
55367495
-974243
77542803
32395884
-43773466
56938481
39890694
3803502
85251103
-64051539
23844633
1482833
-81928483
-92821621
-30169341
97146704
96791296
-61146858
-75824522
92671914
92873555
33707650
3904957
-77066546
57684272
-49686661
24345836
-52407578
37571351
-77396093
-93839981
13017107
33918319
-88040793
37370115
-207142
84424170
60676312
-11347997
42639042
44742951
-55487768
75460781
-77578147
19849539
53168816
-70025900
92054535
66814814
39582097
-96980570
-81011954
-68553963
-14433565
20700953
-43458909
-34922244
86964431
84166448
55079040
7780793
85248767
-9162135
-82421762
3675213
-81663015
-18714926
-95406823
92392081
-6074302
53459088
-39796523
97606646
15819518
-92333676
-11543377
2775311
17358507
-26613389
25237830
-75456055
-3231377
36422121
44877877
91888951
38069482
50135921
-27537416
-73727089
-10407808
-92164533
-3868094
87787045
-61193803
80502636
-75558785
-31801600
-29131584
-26546549
-41778785
-94275792
58745638
24074129
43693587
55505721
-2154840
-24042782
-41782710
-47407633
17557502
23873275
-54402113
93725532
282320
-57185530
25099738
61110245
87016293
5256165
-17027867
-51155662
61374119
-87257929
-18314062
-21528135
-19769967
19574147
12484589
-93996793
40035153
51721440
-56988302
62704062
80436118
-22771360
-91712237
37082006
74832214
-23703570
-29686639
88035973
32263283
55077048
-61218674
39080948
20855852
27351475
-12843911
54226555
-20558214
35875686
97425285
4503525
50340523
-41735837
-73077881
-96012331
-70059143
80867751
-7419072
-16417507
-13582414
37366299
62860221
28720038
-30045999
31356303
97531538
27962107
28019148
19900518
-53236821
63302983
-53240872
-18947430
-13914155
-7772802
30210964
-20836402
70087527
41169406
-52939614
-38726790
10024163
-23064596
-21105853
-97022104
-39945460
18126146
65720845
2636419
74844674
-21916382
-13390202
-37958268
5406986
4226705
60688430
52146299
96336308
67859773
58565805
-77131562
572105
73889302
-70381714
-95430173
-53219314
-51544474
18648839
97494741
48686426
-70719340
3731500
32900686
38894455
84578945
-75132318
-2459621
39646246
-59257119
-92456890
28502173
18476923
-44149495
99818059
-59246170
90565016
-92501147
-64963267
-34621386
-37389422
1937938
-93517907
85507891
-71316445
-53265617
60112757
12071071
-95219424
64330040
-54480685
-69418639
-70113800
-25607804
-69876555
-75562832
56682333
-89615964
-98280050
3213895
28986818
38013663
-21913169
-38235203
-45140519
25603894
8805201
-77321528
19222109
-32569407
77827263
99032451
250679
-70893193
-5484850
-625110
-1914322
-17441243
-52991402
-4294318
-81768887
37728107
88617467
90020341
-94087728
-98400726
20127478
-46874491
-95867868
11141975
-65006861
77492700
80956611
75915148
28692624
23394259
-69967895
91296021
98059463
51154231
-88441197
-62239389
-34102117
-94882345
-7276166
-10630842
30400174
-95386256
90788674
-63497854
-26660641
-37453404
43954718
-70000536
-21611686
93614568
26805424
-55313276
97982007
-39740887
76407688
30398082
19592559
59672749
-49065730
14428256
13521875
-49046795
-27913937
-4244302
-97831462
69590409
-74444532
42723696
18256102
-59798693
97102789
-61973111
22700452
38694057
73875051
91954533
19535990
40365108
97361514
-53696295
-20821075
-8856861
10430029
-25180236
-84869790
70761954
93949736
65720646
75331184
-11855717
95784299
-15207705
64784475
-81248764
87154819
-70538634
17291423
67434095
-42580773
69140391
48123574
33239307
-74944197
-77193983
-51069069
79056828
-21099439
-88635782
-9110189
1928442
-13977350
30796818
25949681
7442693
34896979
-86405242
26224384
34731933
-15845644
71308569
-66948803
-95069246
36765955
49195677
73741966
4632387
-67838583
82526396
-99004559
32791162
-58511347
-37847744
-39708195
15814864
25917340
483677
23507307
-68095755
-22162431
70775823
1494507
53638046
-93625279
60901181
74971455
80006211
-70212204
-54450153
1246822
-24325537
5811355
62072505
-96543403
-69459273
78994187
-27477644
-35982399
4951341
4266641
-89974554
-25148249
-1492721
9776803
47893403
20244606
50969337
74768913
79277984
-18614734
-9741131
-69126296
-96018736
3733177
1663202
37984557
-86565359
-71301092
70037174
-15212045
45920270
-77624545
-20678516
-98749840
-77614234
-67368283
8430704
-92523116
-47571900
-40667714
61363821
-25390967
-846079
-83569618
21495108
-27566212
-29568878
54717370
53304071
-96390554
-75648252
-59373299
73414932
-23497355
-14859696
80682010
-66344876
-73665025
44533532
-1409113
10099905
-22822610
-69420819
79990809
3877602
-6916306
83268571
3727658
62787210
-21114291
53314138
26798318
-16556685
-10893273
85869036
18456035
85551450
38056508
-19081214
79546877
-20201086
26682692
20753748
397336
70170644
-25438390
-56155861
27269382
-10002753
7920258
-54317897
-34887493
5589280
16934992
97467111
-39274801
-14577080
37077012
28342013
-40364626
42621634
-24629
11780489
42230069
-57263854
34168248
8267379
-55922877
-33101189
-42811781
-34958131
92667061
-52708911
42029367
-7311452
48792751
-13990104
-62734519
54036821
33929074
-36836570
-62572261
45174681
56991441
88920766
-13282511
-68831345
81476136
-31072352
-77522631
53736714
77482833
-45081273
-19126942
-43120160
51136173
64663169
-22181447
-42289550
21126725
-79552512
33301414
-74050015
-85784534
-83951888
28489600
-96698046
-88564740
-59973438
-62802321
20492990
-25492662
4446769
42306351
-20233839
50731325
71128554
14829222
1458194
82325167
71646042
-85527275
48104943
-25244984
-41560817
93994705
77158385
30304051
80383401
61527999
93002222
96110951
-94610461
6363324
18598947
60950419
98830836
97784758
-80837869
-76301384
21023190
-41092583
5570443
94544210
81493748
58663042
18655191
4227772
-26950004
66913463
-60922616
16591198
764978
-69909075
84240363
-6747611
75134861
31196225
28025169
64956021
32943465
-16516069
58492952
64647552
-42219832
-42842112
-54606296
29375854
7938703
31709441
26225749
-22819746
4280507
-28175552
-74401698
9006996
10459074
-43869893
5577181
1222893
59736455
94793379
73480250
27241765
88655755
27204358
88933587
-44014273
-47870198
70157912
-1052940
5497138
30685594
-81376340
-21326904
77612242
83162526
-89215354
-84533531
-54898947
56972572
-23323221
36779689
-49977686
49160150
-29635526
64727041
-47558042
-78222502
51530717
-16484448
-21278118
-60309789
37609566
42834013
38697510
40879481
-23000891
-34386668
19369544
29393708
-74177721
94907134
52419738
38824361
51241583
21331725
71634229
11921578
-61799762
-12812665
31465092
-85529937
-35294508
-78088284
42214516
-23145779
7169454
-62392829
-34341770
92767358
-24487516
-42871207
-38612085
9964118
22317213
23383519
50681692
50684518
45546143
54906453
-29842467
62582949
74958287
63533720
-2548108
-95149390
-36190347
-17504506
-74804243
23229572
-22011329
19714575
-99166128
83277203
-19889664
-30322707
-6776013
-83256355
57897265
11150275
-6611227
-39495329
-41314781
-25560701
37042662
-17448668
2855306
-94938773
-90101484
-33251049
-20366428
-30029295
-98377003
9036188
17633870
57649853
-66915921
-75551491
33274969
81814591
56904465
-73262818
93072838
96948924
20871381
-95870882
-31457497
-49703867
74994114
-36743551
1890161
-36040210
32576122
-41282497
9441699
-49327151
-59724136
-92246666
-76510166
-25871215
77245347
93453981
-26110553
-78100510
61056202
22138901
45308433
93562401
-21704382
76420795
-34686133
78828438
36786528
66481635
-12999892
-77511166
39762618
-2098964
27488393
37989657
-23319119
-37972886
-74617397
-5739989
98879540
83501679
84394915
-91043776
24847072
11150356
2345532
44737511
54367829
-31464647
41606915
-55380338
-35647042
50716797
13978737
75807270
26675841
82270243
-12990901
-54372478
10594067
-42671732
-22304379
-51585717
-24805135
-51559651
-38480230
-27724
67391409
-26702598
71881705
-26561410
-18403021
78723157
91521623
-25738207
-23140136
-15594671
90456512
-39625513
80667175
22791052
78287838
-21517488
-94603210
27742539
-74627320
88497851
-94581133
-79827640
77444449
36086880
-22423285
-54182949
11746538
-84806997
-17477102
-47052931
18932185
-5763329
-44735144
-72891708
-45045777
-53510709
19434278
-56169070
-20092658
-85709570
-19439405
-86453159
10180820
-70361753
-10108679
51304900
24859866
42099436
-59380885
-92968562
91676820
67787574
-92816891
-81745446
-84570193
-26554326
-40361701
-70759006
88134178
13560249
-83793809
22250454
-18082802
58069560
66940036
-8943165
74456092
-93391572
77022766
52456205
81384721
-9253923
65294745
86981404
40205552
51714779
85734824
17811194
43406375
55387828
-92899950
22960703
53130518
-41638271
71419823
-71416839
91602265
10632468
59248029
27040854
50813727
-25334914
-67607171
-94372076
-93850943
72526762
-3892674
-15320997
76466238
37619752
-99770633
20175388
-65695952
34356687
71939987
19976322
-27303797
8243463
58908798
-84099963
47525026
-36650344
99533177
-77444761
-16844482
-57098719
4979068
61264588
28916720
-44943533
-76241675
-33976769
9124512
1894879
77552201
68544365
47015234
2793846
78751776
-32835610
92176896
-17809521
8457822
51246381
21989404
-43072078
-58353381
-38357912
49371213
35433955
31211235
21106995
-26226189
-67762325
28403175
64923192
-59106499
74685267
-60542052
64612084
27237893
5072247
-32139216
45661174
12606849
-74598106
43474074
5681105
-99295331
84386035
-1614260
60470445
-25062149
-28193175
-40568430
-27285934
38602445
-66794179
8193868
-39992554
95920806
-97534436
-33883166
69177680
-18965195
-43096803
-84404447
-88250701
12640848
58043180
-46641817
-61015955
-73755917
57031390
-74812723
-99532456
27360074
26863133
-32944100
22240878
-21990548
-20549624
19926631
-15095997
-13622115
-43588687
-84936712
-17435433
-23842542
-40453378
83748585
67611765
80782192
43951523
48322131
16734068
28830334
-26881458
31508810
-99099870
39961309
-483677
-81169794
51527607
53335566
98157707
57306697
-6803185
99470340
-61864865
-2438519
43238938
77874355
77449192
-36328159
74046666
-55477772
53922352
21829501
15082187
66162370
-81760602
51275664
-82026691
63202820
57089624
9134088
-24534123
88185447
85542639
-49678540
32218856
-56157402
22751911
8133972
-58177036
-43938141
70294240
-75360560
-36399422
-13462685
5150854
97516684
63046336
95853827
-96061610
-38206349
76321390
-53549915
54453557
-46238259
44187248
-13837735
56960939
68334985
39844436
-47721466
95396131
54240817
-11832594
74910403
-73382049
-18042462
-55411043
-22751478
52291513
47251984
52800890
19542744
45728348
245142
92088939
-15290573
-49665740
69043735
71409757
-69164066
23810333
-33923759
80672729
-25214034
63191751
-3844814
-30909701
-28558184
76544881
-5348448
-39056274
-99016809
71853711
-16257858
55659896
72669869
84771982
-27923616
81521760
54428139
71922509
76268068
-244607
81778974
62471105
48945874
74672754
17164056
35541227
-2166155
43387339
-80458117
4177674
23571323
15888491
-85733193
29583624
97747284
68892188
-41869361
-94821300
-31988701
82028548
-73626825
-12179839
86084491
-33869296
56028214
24271998
-28450854
-96728220
-63330897
-65352546
23851142
55867389
-75549246
53789764
98929574
-30204842
12363356
-18642725
1970018
-98233006
46897885
-5283075
-71369038
-3857017
-27046936
9000575
73189892
-59701375
-30210579
65720282
-91363504
58296845
-87720710
82898052
88085910
86991267
89179761
-31275015
-76560573
19537717
11292961
-29415559
53426703
48930928
-36800883
6415619
58506077
-5112964
-66511934
37108606
-33534934
-8259436
83610548
-74906629
12044442
-15692359
-36570928
-10088081
-94565811
-91946141
28319373
-27706466
-62113253
51131079
58826141
-5711770
57856163
-83775879
-66846876
-55562861
53243584
-89526557
77677122
65323552
-89056120
-75513830
80013445
70133968
-55389526
-93462634
15847257
-78100841
14652120
49280169
-24118447
-1535809
-93292941
-46064009
-71888759
3521303
-74467834
-71851625
-82749398
-20424979
24197159
-95327648
8080713
-45249168
-1234626
47724931
-75321294
-93334036
-1002931
84566169
20219899
-22983178
70507703
-75449235
-43076339
88399834
85248051
11597509
79402711
40280151
-68287694
-8358297
5366219
80026307
94577846
-13606263
77969256
-34484337
-67873619
-37486046
-88886594
12660052
-49789297
-94499562
-98094433
-89640735
-67352207
18620263
-38191693
55355963
-53546071
59076677
-37185774
39548135
27400649
90184108
-71058262
-18777854
45368779
8662436
-14996518
-74415037
75685413
83843111
41293632
92525162
-39768626
-43349013
-73029950
10803159
-92856635
-45284391
-94719837
99626689
50311089
-80324124
83543726
-62311530
42192650
14128146
69369237
10201235
-40968582
69839918
67534361
28528783
-40007668
-71692552
-71650707
-46194143
31777892
37278742
-11911329
-60549488
-24076042
-20481603
55955421
55647164
-82146650
-34530704
22021013
-82522338
-66871936
16555696
-87723595
-97367419
-54313403
4265854
-4123190
96306401
29615698
35554929
53212812
87397540
23916405
-70152418
23985785
35000701
24097894
78467334
-99890568
-99061405
-51838424
-80159079
-32033487
-89623903
-40926931
92394056
-20845701
-31628056
23097683
30517540
-26529476
-25179661
69992707
-92357164
-89459271
-87441690
45779502
-20778146
16065893
-28727732
97998923
-96597166
-51502161
1326760
44943440
55672022
53700215
-8438312
-90663477
-24486708
-80877325
-40423755
85151974
-45728921
72390709
-97930960
26183509
87626909
52384544
37556819
94694060
15148807
-69346933
-36910351
-44462463
12399841
-9533386
-91625101
-97617547
-84041839
94856048
78974046
-58970680
-77808298
-50649682
15672523
75588169
96046853
-81866166
15267171
-52929789
-16080555
84530080
-47434400
10339041
12601796
-66092821
68954718
-84772725
38643963
48488645
-59805851
81832710
68111783
72655344
11558428
-95853921
39894237
21288093
66812196
-3164490
-44718054
19767581
-56587612
21627547
66499323
7703535
74114732
84242721
-20945908
-79157056
-60897284
99335096
-87224253
99833900
47709703
-99849866
28670624
21503987
99891339
-27156198
-68021875
11861007
-45429031
28920525
-28459228
35098140
32682230
-74994444
49229288
36296299
90223340
-22032404
-68807004
48714920
-69142638
-61575931
-10306407
11094161
83704331
81270556
99697558
-19863754
97213117
-40916699
-68234735
29268057
-66895567
84984720
80192617
59335185
78696703
-73586477
95248734
-87305278
-29257579
68117861
-860312
-11608432
59292388
80791752
-53014784
9839110
-29722316
-77335470
81457298
42735844
25030233
2350370
14751616
-83052809
80748205
-13385590
-52532026
-27548772
-61107277
-26536174
-13554725
-59613013
92781426
-62412359
19424056
72900222
-60221388
23344508
4139269
30594398
23032490
-77034331
-72444274
85901944
12183077
3152731
-22464597
-74005406
46333117
65804490
36825487
70000896
29907189
80494323
-95921358
-24218367
-70865017
-98262694
-19708547
15664227
-22784746
-82391776
19183554
87400295
-4809815
-81296386
-25884494
99073521
-78576174
-48061875
-74586112
51125971
-27216034
-36278082
-36846228
44616131
-46661092
84647500
10206500
75195894
-80568839
18273745
-36654757
-78501336
-74906648
-77486505
-76661979
3380456
-17568273
-51343411
45826917
39346698
-56266193
70809285
79601958
38267816
17092538
55204409
-64582749
54537672
-43646596
-43862216
-76138384
-5160757
-61737920
99932021
-5724023
-5275920
-43039359
59859048
4164397
-49838114
38436749
-42984550
-65232628
-1753788
-5726625
59493372
49039654
-33169804
-91423184
-57632488
2175540
-14466890
94630597
-84523391
-87459906
-10880445
-33603323
-49861129
47625244
36942616
79542826
11307878
18817946
-78562240
-90175471
27450855
74329521
-21321305
90405484
54860389
-56033295
-73804005
-78254656
95767331
-15048505
-88328724
23602240
81896403
-6726242
-84908795
-37385973
-40273766
60044928
-1283768
22163633
-34626041
47278440
-68751354
-95656622
67615950
89562682
67149906
72946997
-79977140
-73886466
34732416
-64678842
92072644
75034399
-44925210
-54216279
5214492
-49910605
-52719460
-83245921
-98070300
44222708
-97572131
93989704
37841462
85359160
5205943
-24792927
-67800894
-84717936
-71670937
-22737085
-35142453
-90543055
64646157
-13644636
93689283
71727572
-91311267
-89068625
83308099
-15945270
-19028891
30864606
-37617038
48650158
66840305
482920
10802431
63923599
74501288
-8191437
-63399963
1667859
-35571148
3631903
-58622326
18134594
95146306
-63598080
93779576
-39784966
48466035
63985085
71888565
-97249182
-11909023
45776094
12205944
61082357
-27678809
-54996744
87331862
97952185
7818839
-85428097
-43619773
93910506
32558473
-14658662
13522416
-23227027
-82084397
78006294
63282017
92571011
-50273116
33013102
27642287
10667569
8291699
-1593079
-36269146
-6289958
-22455162
67241739
-49465169
-58140502
-54158508
33899237
23908358
-38201531
-844640
-84772167
-72701720
11020791
-88986101
-71916302
-37928732
-51656018
-4487046
-73585874
-65801572
66379363
79174639
-46493549
-32042082
-6237421
-78552563
30584330
27453861
38781067
83527785
-13678106
-83296084
67696545
-48629016
-85782202
50943549
-75240948
8373915
-21748747
14875403
-88580531
69619831
-26713835
-2342264
89292170
31058266
-83693786
56092543
-42531333
55917003
35211074
-40462775
-7272807
57729718
-5832184
-85617557
52344053
56147951
79179360
-44324759
-74072678
58800482
-78322192
87786903
-46465392
-2844588
14176242
-66461388
-81508139
55505923
60019202
-99882981
30478160
-9820159
25961417
-50891674
64895638
49483286
-9990663
68487931
-39273439
-37818172
81317464
-74498010
89012364
-38953670
4140265
-54519155
74029017
-63782993
-15032364
31505191
-149333
10480112
55709852
-30673769
-12742079
-5807109
-72822481
-70782506
14225655
21426341
-76208524
-91067022
85499754
-52018001
-3113331
-50011021
10286155
-52165729
-53373774
20616748
17290952
6950661
-33838962
-74513644
86501253
-47166588
19396502
-64525569
29765749
-53742980
90471818
48592412
21190879
11523933
21917422
-42269062
4084057
12319966
21856326
-54304004
-59477223
62031591
-56552289
-4967915
-5424470
66995208
-28595443
-71845284
29129101
53086129
1241448
-69045044
-12866388
20533788
36603094
6478490
-14225712
49652366
-90299703
96429559
-63086867
-55578913
-97639104
12660086
-18847586
96683277
-53846513
-21542458
-12031299
-94625952
-14727598
-47048122
-50007962
-86260446
70881408
-29804261
29053065
48681451
-5400230
78879024
77076630
-95521616
38425084
-88852639
71002581
-97175136
34597556
-47087343
89361367
-54944141
42096287
43769686
36296168
-36433724
-48622925
27587200
-73659283
-78869779
33694464
-46090242
-15676952
11867950
-57704351
-99802389
48513445
48973298
-47055626
-22248444
-20446722
5393105
-67171184
-36777015
22864081
-99274734
-16196718
27754106
-99953520
42281809
25262503
82462507
36152224
52161023
6970153
32586955
54339116
72514554
25938471
74429622
67689673
70963260
85522641
-26341800
60840437
54263273
88784318
83350957
-97865916
-8667036
79363447
-22388600
-481651
-39996140
35286404
-42392644
71838664
3510635
11378704
9405373
-70967262
14279924
-29296049
-42855710
-71035711
-54944988
-52989236
-10328196
-29961775
30488793
-52113419
30841360
52131954
82891415
16316772
93580848
-68472836
83332216
84880484
46601983
35797842
-49462706
14547224
15334620
42656260
92063890
11734977
63450442
55169517
-2682173
-2521861
-80304941
35277121
10543007
53210327
-77058766
93259836
45208055
52675567
77236160
-33634198
63346986
15823865
97571915
-50712259
43109371
15182068
69585660
-48666978
88387229
-13700086
71675305
90920689
-76007207
-98782551
38560441
-56604162
12697104
-4300692
92726952
43385478
-87931084
3676494
88815019
1494048
2286011
-76976566
94378368
-8644308
45581767
-53847206
94467386
-20488373
-57357276
-17322041
-8811793
34867981
74071598
-47413085
-48963994
75719268
57621060
-87492125
39522548
81368653
-4886063
98991659
83600071
26455480
89751011
30245591
20844249
39908520
59760004
-34353401
-21995426
-89748394
89143929
32101587
63112521
-53461134
-38111777
-72783916
-77875267
-87492717
-17323706
86444350
-30836531
72089288
-76411529
56179714
-79179183
3053083
-17882683
-96945677
-89514053
87685808
71672615
-20369110
70209649
64421715
-66874435
33059472
93462710
68485179
-39124921
55872505
85158010
47872932
44388779
26789024
-59928389
-42009879
-34222370
52026941
-25145326
-47147297
-78372342
-81602725
42018429
5429818
-7159224
29843039
31456484
61763020
-37441531
36134257
-31873326
-47313258
-72083696
-87577190
-86208134
-36517799
-81686308
13061314
23848938
-98068476
63579525
65813326
-97018888
-62183779
89944269
51025652
-15438398
53479833
-71405073
11691522
38272131
61656150
-74973737
57593445
-82682366
55827673
-25428382
-84541031
84888086
95196863
-40995748
28925914
54231568
-49056745
78719558
18177751
14873799
22136827
-79438982
10459655
36895115
-79746300
-12849651
40558429
70304021
19260710
5799529
39672550
49723261
30385127
95581117
-42805759
87501576
-77616544
91151380
-64604857
22718135
-33956350
94775165
82398158
-91353494
-61899209
20891239
-67030411
91956514
81756865
84393263
36309092
-68877193
72955451
-9417728
-62239640
50763429
-80632658
93997993
-55760474
51943594
86120577
-76624059
-29610866
23282095
-98343295
52132242
-88545752
43870421
12197127
-47083347
-63632167
65887002
48237367
18386983
-67799282
73586387
57204624
-42472376
-20998194
-75300923
81819306
55608298
-26432375
-59731258
56586437
31349823
34524204
68007404
-84563346
53299444
96829315
-66167567
-64864811
-42111394
-18177496
77781078
78528737
11939720
-71381611
-57762548
-69954736
-60200050
61855029
-15024845
-38968360
-56477122
25422206
24247602
22402849
90254110
95041808
67143234
-48308021
-60928951
-23110313
-4465947
9149285
47698252
56774464
49376239
82049963
6093530
-19967068
39297559
-47711085
80501564
47552134
61212178
1495693
-90917482
52737401
-54516810
54861879
20585733
67876909
17697177
-7331335
-75055242
-6946883
-14056315
-35797696
64022019
26683007
89391279
-28232654
83594578
-51640757
-43626624
87248088
50695057
79505201
-90008664
-76713469
20046599
14283499
-40493242
-16363575
-16239592
94355472
-23776400
-55313298
-31147230
-13384231
-40908937
33577213
-35904853
-47733290
30616376
60799727
-93663917
61991318
5676896
11494209
-19720799
-39030269
54233036
51498528
-38031803
69409767
42420138
-54328049
-21041501
84000956
28293383
-52695885
74441144
20359116
-83112607
18699199
-73557824
46003640
43472945
2602192
64476092
-50640386
-29696031
38899000
94004813
-9576710
-60680105
-55707430
-69217055
-7677475
-32564661
59159252
-42590956
8526407
29136972
-38936495
-19890277
10142013
-34432915
27855422
-66142612
8014329
-70722557
-55728245
20700127
45859458
50315650
75613130
78876416
60763193
-89977804
-35683669
-51338336
66817838
49718539
40397556
4284776
98057548
87703352
12476268
55781166
88012944
-93546042
66207435
-25875731
80758607
73597632
-32237537
-24930011
-19399383
36333162
-94981006
96499649
-26236168
20715907
64912041
-2124985
-30226540
1538648
12547548
-30020975
80668210
-53106398
-79792142
98092627
-39074711
57704815
-62678127
-44182314
12048290
6848183
-65474074
96191122
88386594
42130914
-66607385
67514817
-69005498
-71009012
22652118
-20554664
-41690625
-2771930
41597582
4044815
62981070
-67333784
-70761158
-27519780
40786355
84576773
51117799
53088882
83079600
-71692294
3617014
13720353
1788228
-1275233
31364347
-13680516
-89980188
-15000094
13260699
-30584971
-87234917
10100726
12918703
80480371
14392272
13299992
-45792621
-72828557
54882829
78191176
68263141
-87694023
60567274
75969923
-74572866
-76661716
-74358667
-99547258
2686804
14994007
83809729
80203286
94886372
-80731612
-84958532
-37141799
-41535690
73465471
74632568
-12913251
-60103950
33060750
-32837481
98105612
-31387820
-7052282
86892941
-48463681
-81231103
-90805469
63543508
-23233652
-28331444
52099939
6637111
-61140666
86699850
898510
1092513
-29860861
54300949
-86158380
-84669611
-42572680
63327235
36508422
-2805301
19475757
-67824922
552804
-44687642
58075922
-37506283
-30446
8383198
-72629905
53912551
37817752
72336116
-99943857
-84266992
-19934697
7274902
69632772
-61246581
-39218422
-47296746
-70403503
74657993
-32667518
-20546052
20822299
-66839460
-67914743
-70052276
65467960
27878072
45654651
-43209635
-48152997
72634398
-20284151
-51386815
-28924679
15521412
-91667423
18108116
-84480574
-17734710
35745798
-6212462
88803827
-19899222
10140550
-15164399
-87286382
10765229
-35015191
-63568075
-97270196
-80969331
44269306
68589802
58217840
83253929
-63975247
92539065
22960311
70170090
-58144201
-41133563
84093238
26171583
-29519433
4773959
-63091244
78135593
51989169
-65876282
4394195
-98043835
90906948
-91803980
61248177
99284086
79383142
23416968
-59307030
-34410336
-87659591
-14965469
65028063
-83107511
4104918
-53036321
81374073
-32452625
79685434
5012050
59908395
81065719
-58579619
-90868685
-46407749
4306882
-11785815
88965090
63473636
-20955500
-64004400
56640947
84859400
-48121595
-74742781
89749400
30487320
74124902
-59030870
-61864515
86245858
-14140384
-86813278
-8884873
-22319426
33469556
-44188572
-15435243
15784556
4417326
-25975946
-12583389
-11962727
46432442
-97310643
-10523770
75562587
-1603257
-73093360
59272984
-30640435
-94185254
16575439
-15468249
11504657
20641535
82505919
5638017
48184186
88312241
4732471
-7837553
-42826455
-8305194
49279229
82442816
-60362848
-85227744
20613028
11552125
47059309
61768115
-67118794
-86964088
60845863
34041164
-86750501
-15522948
86190964
-52070857
-27141458
-1969654
54425884
-70865465
39741853
-86035662
-50667716
-81421251
54010019
-84364253
-52162596
63327453
-88324918
-99539603
-63319502
48116971
-54505290
-48152203
92779236
-58199860
50775721
-44530303
729856
-61574358
-26878503
-32342678
-10622035
54362147
39638136
77332500
-39407938
19730204
28885084
66091880
18300162
27943033
5062606
39414563
-64199256
61822851
98331713
37148658
40399225
60522402
22368724
-59397999
61203846
-73532719
19185127
-46813602
2370686
-42701006
-80047593
60239819
-49843866
80433781
-26005034
-73336635
-16138636
-54362292
5441487
-97729415
-90084485
-59178078
-62579205
-5373763
-76371782
-70726909
-53502224
-17358006
70385537
75509656
-97772528
33047236
-2696871
-97185897
-89506083
-8187149
35260714
-91024160
-98775273
-29236114
-40042977
49224091
-40737027
-3779293
-59859524
-1944350
-78968750
97485846
39346166
-80430592
17368067
-67101521
-78644064
-47327225
85038880
26815615
54589346
92880593
-27221187
2489417
-41514193
66205873
-4627851
-55098785
92143591
56112199
22220886
-64151182
40755205
63869519
-57563391
-61784466
-83179843
18934016
26308562
-78009631
4885965
-7025506
-9233594
98331400
-45907088
449496
43962514
-77510390
69427577
84685140
-63567439
-76079735
21985184
-68597292
-54780581
97945593
2928861
59478177
-92102276
65144918
95695537
-26486686
10403925
91639950
88551397
-25447338
-15467982
89860415
-96109488
3360221
44512743
-26232055
-36203450
80708512
-95632451
1877456
-4152375
20391805
-5101775
-55662078
-61947078
19313620
71952187
77924905
-49810490
-62930109
58428564
47129904
92445363
-7593356
-65279197
-30996578
43047111
-37547971
82361074
-91593549
-89918277
-22261021
84847220
-27112334
-71752495
31611450
21483962
-49382588
-50706686
1875381
74810993
64750789
70796087
-77932266
-41122531
-52289789
510889
-68930284
16600649
1348092
-53738328
-91228743
-17076341
-86254783
25235738
-74800619
45715217
59921982
-70487301
54243814
-4438805
-90534358
34077431
77850010
72591718
-97505549
49074664
16365699
79407567
4567798
58078207
-52658079
-15890328
-42140565
83153317
-85223821
-61618006
-43697229
53520266
-45456302
38283249
-53236815
-87185482
-71330348
45770021
40238389
25302191
79930915
30610347
-19486938
79109033
45809863
71896934
-53780628
-5003958
5360968
26791647
422788
-12137080
-9932514
3010961
25204341
71819491
-26444707
-58064844
43684479
89364092
-87286007
72127835
11901602
-14939292
-95401753
-63553548
82604424
97214238
-20991453
-54053888
-87467723
26785403
-74198953
-43502735
-83983413
-12500570
-57392267
-86613101
10273849
-32611935
22607739
-91444562
-29058077
-5471925
77172704
-98278705
77688295
68013192
95013538
-42389427
-74530601
35190654
-27550054
67069211
75926224
-38290548
-9221092
-34338524
43176868
15152671
10640567
-14334114
-45625277
23217667
-84116529
-65653688
61599384
23454834
-91913243
-12863264
-68512106
40774705
58716431
-64391644
79694440
20644512
26735521
-3840620
3445299
90873827
-5123743
-36554882
21081641
60693417
28363734
-46743186
-41045444
-29858884
-41167653
-40116964
64121077
57198082
14401008
-96977945
-87450597
-41395748
-70233415
-51103117
-89584632
61236786
37115305
46166614
-34040930
60937751
75331300
71310286
42528111
-36214798
-45793262
-18485195
-47572210
-85625016
-14411524
13072180
-55927198
-1585614
-96671358
59443008
82319250
65615659
-30176587
73652691
60441697
18768011
64235532
-62728118
70921044
57524108
-10350751
49823346
-30993257
72657665
45209619
-8329578
91447884
64135911
-26352025
72140965
50629364
58741863
44944544
-83463563
54586343
13162328
99881898
-92049383
-80203790
-533891
-38965599
61820456
82116352
62253820
-80659114
70753952
72812170
-908082
7288934
54384088
99667219
60771735
-17924463
5686262
63304518
57425595
-75977162
-88034747
98788008
43619500
-90981434
-61127029
-93319149
-26121963
-60556695
-7829783
73142633
18394204
-88474656
19411320
-86791300
29955120
64207903
57415966
-14010034
-57926236
83128528
-20442640
-15751623
91659280
6634339
-8691448
-71333070
38828263
-14423042
-68179746
-19152544
29166467
10471211
-28149026
62695848
-56583642
90510177
-39532299
-29215862
31255216
17647502
-2552034
1441081
-28408858
99337233
-6180304
6093655
6814863
-17273610
29143648
-83363240
26874446
-21819656
-831592
90128971
-28045692
39082080
63842957
-18841099
50462849
-58694108
-54659653
-12020062
299391
-99145976
-57004600
-90649401
-26288087
-72433844
90974244
-55035509
86424216
-52663799
21481522
99637009
61148871
-99616752
51013771
-12922435
97536180
-11105959
-60965605
19145436
-76594136
27138501
-66830339
7008135
79847582
90878625
57689136
29130324
-87184461
45514940
22036171
6968935
67292109
-91827322
-21438208
67485772
-15721215
19956998
24798594
-67776700
54252503
-21203179
-99256422
-41881358
73707619
-1991889
-21128057
26316947
-78274722
58978983
-73456646
52262574
-89403196
-91826470
-39851449
-82355919
11010089
-54754721
86511600
89801965
-76454824
-12693494
-67359167
86499365
-55025869
58863611
-20748611
69041723
50669573
-4604327
-11969487
48548414
-20076179
-522449
-54123149
32295622
-10189239
-19118911
-63985135
-19861175
27911534
84817988
-37261097
87670772
-47152162
-70281460
-23441043
56056636
-88342216
-48981992
36958940
85149265
-6276173
72340722
-52568714
-81639222
60114327
-4685312
-11219889
-60400050
-68385761
52393906
-90282052
-11784899
-13562846
-47715138
90050565
-79867103
79191500
-57202034
94995003
-65497347
56179591
-17018590
81978047
51338676
-3937396
-56464
12263846
-61084153
94740943
26166666
-86964689
-19758619
-94408792
66998335
66887968
9293501
-87321202
-56047560
-82079146
55786850
39078108
79910768
-79080967
-64030633
67208409
80913352
68045002
52897625
-74841553
-56915061
-40659931
-41397432
-41219097
81852381
-60962504
-96744033
-93809280
47981734
33131771
-65847345
-5501207
63977275
-30453332
-96935795
3786502
11335180
45389872
-98121038
-71285980
99294809
-82969482
-93340182
-63291858
-41420516
-77333193
85227218
44017999
74003137
-89200205
-69895057
-74110000
-72506554
41341209
-16547983
-97234984
-52842864
-58200287
-92969633
31181377
30736249
-76607563
-51051815
-21827956
38437534
8514204
22653947
90398748
-83439002
-18702295
80625452
-18761324
36397066
-85124950
60351857
77857196
-98170897
15661931
-17569255
40889774
53619923
77373773
7427016
36221587
34763073
19350047
-24237502
45974122
-67435978
85021495
-47741109
48578770
55766184
46776745
67938907
-2126894
47916114
-15346771
8576244
-83507336
70748980
91593690
-93539129
23386633
54774747
47081688
-29157694
-37905175
27957006
-7891132
71727258
46659500
46424891
53923255
-67053537
44527798
67072468
13817243
62197869
-92815550
-38513211
53494790
-77298008
21576806
98071675
-93225346
-88987622
99231096
46823002
16788324
86220802
53809687
79718573
61197038
-19011554
33136731
-30378039
37557530
-37229377
-45058614
-36110975
64272943
93657732
-51225196
-90900296
40293713
74577336
46613477
-76503813
-48824066
8976209
27324479
46089549
-98314754
-60548273
76999995
-57633264
-2615338
64841529
-1690999
-19724510
72176474
-66707506
-79071280
56464950
25842123
-1472199
72678248
49094376
9480910
-19036116
3400458
13914257
-1030997
-71328976
-3749838
-16880110
-49838946
97373956
13101841
-37903623
28811903
-54403650
91929623
-93634986
-93051694
75809552
28165708
-39127219
75269466
-45704530
9815425
71880968
4020825
3101742
-15549984
53409450
-78453074
97064962
-55668941
49873596
-25290745
81594863
20009353
-1160511
29434274
-53948182
-68448378
-13607939
-52694360
-37242586
23917377
94766359
57486126
23094859
-80454007
47085377
59931350
27884440
-44604084
-12179481
81320111
-83834436
24292803
38681741
-63132381
40519938
62025872
-81720240
-95757309
58515964
-75561801
59090012
-50723236
-18971371
70348417
-35251651
-36668711
-72753005
70302637
-76504642
19806149
-47332813
91223152
9345005
-81628941
-92009167
-98591539
34178998
-3041081
-93973029
64888329
-6500876
-27290909
-62095742
-2757501
-77212160
28267966
21881164
-3185050
59263299
-63456760
67184264
-71548174
-65174472
-98515329
-81513665
-42207089
97939324
34362760
86705804
7454547
48058942
10452998
88671714
2451085
47364969
80870447
-93177984
-41539200
-87511655
21187191
-32870359
-67649720
-87974676
27792053
-10043539
41398267
-18514893
-51372759
-81751409
95823340
5744406
31571286
91615517
-72261567
-36826109
-50898100
18225102
17700377
-17999719
-52710620
54720493
-26271353
19179949
-91604514
-11410480
-762798
92447039
69186740
-2825671
-9139351
40876830
-52516014
-77601442
7133748
34072228
-18017791
87719275
10752936
89296113
6457046
-39363681
27962396
12433933
-39099605
74706372
53932828
41187211
21097503
92906637
20206677
11304862
-81520412
-81824408
33020754
83926731
-25626013
-50671842
-82075890
-38418
-59387816
50048600
63414271
83771502
52884249
-86105473
21023547
-36981871
-54809380
-20656118
42385986
58726355
4185438
-91429611
49477740
-35166882
41608515
-56221450
-39024501
43898564
-90550435
87431466
9319072
-50571084
89387318
-50378553
56796277
-6299998
24954232
79710052
-94567864
72234707
-47052482
58890484
27495225
2043511
-52215211
-78977320
92144741
5241446
-97953325
22755565
-92772611
24486085
-74194403
75006236
-76091482
-5144270
-56043636
-69901184
-53174515
-87473920
78676241
-15887893
75064133
55717032
-17954476
-61829585
-46035827
79644498
-51563149
-61164749
-88151158
-37781767
-60427662
8534018
-81772129
35531704
17605259
36568507
-86481509
75520153
-10036051
-81938044
-3545168
80620449
-6632991
-87158837
24148784
-3187135
4050399
66640022
-4865324
-14416982
3965812
-22816481
-53323872
26577702
95428955
-90461934
41746913
43539742
-16028156
11834974
-16549667
-47274140
-51512429
-22357253
-68038259
-8704065
-56741988
31756552
31831558
-17101196
-94801810
97946962
-3393462
45937411
72511979
-8540267
-79192163
-21249476
-82994451
-85331749
-56007816
-24602136
-40160257
-7517166
66223463
-37303824
-79174255
-1097868
88827630
48314713
-18393109
87417718
-19070356
24640243
53101045
70464563
57506566
-57894791
-85335086
50905730
39013108
-63380255
77522377
-53928693
26342374
47094307
-24489545
47232061
-61818849
-38602053
84512992
41230217
13343645
44189143
65864951
63551609
-56351863
91402278
63221195
77349475
10809027
-67873307
-46114164
-61999430
-62304095
-93112988
-25630915
-49044418
-26824147
86719255
26866699
64024611
62541958
89809566
-54627794
85030036
-44403589
-11202087
40131210
-46699294
96944480
-30952771
-34066179
95822736
-80122184
39435681
-36674248
-58461366
17606795
64309308
64754069
28235552
9783951
-11547239
-7423858
-29743034
-37020403
38551109
54891687
-55360522
-20570837
-31932345
-20694892
24603464
25689588
92035606
-40789228
48313677
-59424525
53114757
30100990
38055872
3475150
40626853
-93487641
-89244420
-8417058
-33431030
-17820496
-45001223
-93217824
44081435
44702037
97357559
-72244249
46033033
-19516508
51122449
11401777
-89784108
-47670101
-98120272
54221017
39170065
-35984531
45386264
87996172
-43196539
-89506544
29680385
34538784
-23832757
79995115
-60911201
-29565283
2351507
86080639
-39900790
-13720826
46844358
15057789
53773263
-93011509
-78484143
35509006
-70072418
-69046419
96522412
-5773190
-15528111
73597571
21448210
-35174052
78682475
-62582263
81600497
96122623
-38676911
-65932411
66996111
21440656
58956015
94631301
-32779348
54020408
-7804661
-99326437
40502899
-85645803
-42357970
20956402
-42540431
44453074
-65612999
55293681
73425654
51267336
19305170
-5249096
-48447196
-96328136
45887507
-26409335
23854762
57804833
4957258
17161427
-1492179
3092504
-86388003
99546783
-25531151
-26806577
31716902
31146535
-14307120
27898004
-59394355
-76115581
76264194
12169356
29080837
54759839
-86252713
83005524
2052007
49495848
-33330097
-14497737
-9340887
-95821157
5344622
1509905
42858429
13450883
99983558
60003082
58206606
-93847315
90800531
-89010107
74867896
-80847627
-25823684
52056119
40451692
78932743
-4578015
-80371827
87983754
-5363090
-34444305
40907370
45333991
52556449
-24965289
-9436352
90813412
21376149
48634839
66271903
-83647336
-64127805
-45877509
-78225845
-3404905
31656993
63109649
-50749085
-95029280
-32294740
72535991
-4921295
53242194
33626470
-13373795
52975584
32125530
93793441
-3326234
84465672
15550712
24161072
-86725824
11900883
-99531553
87645267
52589213
208002
-48532074
-41299381
-29242272
-47141983
92983561
-89087907
25235383
-47197074
44910410
45925564
70110537
62889570
-87911805
-54570416
-20623911
-76548437
94559923
-45290987
76301010
72657613
-40308093
-21264684
-51267783
71461753
99132285
27470466
-95439341
-92210992
69815440
-36579615
2296510
10322910
43111036
63590277
-82901119
99868827
19555990
-13115765
36850296
31357561
78097846
-92220327
50855003
-7126223
34703944
90287752
-53164062
33050291
-57138576
-36076726
99116036
-56711733
14930565
65770250
82754795
87402739
87972392
19337663
16913129
-61407646
-52914733
-74785425
-58147076
-87692429
-57854125
92513527
7553102
-45443894
99944243
7959464
50458658
-65877055
-33686716
-55222945
79795086
-26162
-82204057
97602922
57507206
8644918
-56256208
98010591
-81397995
-78285399
-46073328
56990605
-86121594
-43622322
97400052
54796489
-87533711
-65826800
4545831
-85853180
84155887
43846161
11062286
45716000
-60581347
50045355
7342789
95902880
-55904136
53178551
62446202
-71046189
91869169
16881623
35762956
19739451
66056484
47491118
18105163
95080278
-66782263
-54925373
-62558431
8063903
-48584866
-53057058
-99919218
-50954485
-56806818
16445786
89374040
96137837
-98575694
59241346
85780650
72103517
75575608
93566920
25716437
-36185879
36610511
-4084455
-26696531
53888040
49853387
34980447
-75264443
74705389
-31667617
-88481366
-3998214
-38290786
63973293
43195137
85207030
51399870
48030298
12580492
44391810
-10092169
-26342562
-7074934
-81684403
-94083071
-88495968
99039075
-53369058
-22759253
-38142043
89023546
-69718265
88847768
3089055
-99795158
54024811
-3342100
-30602953
41047591
-60259177
74387164
-62598179
98068324
54215392
1852673
22966022
44563585
-83143218
-3319718
28320583
-90727365
-8859916
-97680252
40953315
30580200
-10473916
-71668066
78832903
-34363233
19078482
99840514
31746932
9511787
78806049
2525470
-10952991
-26595191
46477356
-62447446
76492160
-61435036
23977163
-62031380
-40553714
-33797066
29963201
-59542737
52533932
35036297
19693911
47505735
36445476
-66523648
-79037692
43450693
-66191072
43467003
-7583808
-50599513
-89841791
-19147157
-14336312
-53576954
-56955437
-20360851
63235982
-54777339
72300786
30526723
-99849512
-53966204
58301422
-57193893
-316500
82033716
920057
-1295586
-87737481
-95583832
52737427
42317787
17147299
84580090
-29144854
65113912
5563765
29835129
-71436315
68367026
22759918
-97039856
22780888
-20017220
-82695886
-2948852
-97053158
-73923777
-66178743
10727682
-42182743
-79443047
-8929399
-8914278
19631412
-35188539
30294663
-42607169
84106708
63954134
-3952647
30188469
64295480
-26401181
10538478
-77400440
92665529
-42432211
-39068696
14149984
21577138
-26271000
-90965672
-55893455
-70468902
61807637
-61050373
46574665
66653437
-33973977
-44085364
59831893
-42587587
-60970155
64985430
-79180527
-81313938
-41379268
-14949038
94376861
-861318
-88150787
-20729136
96303244
55227843
31222725
23946269
10044178
81835587
28127224
-58969318
-93026275
-88595706
19161961
-84386634
32747277
-34184779
-20031142
-98655604
43260074
90310229
-41654040
10122379
33938373
16221875
-57015410
-54001654
-44219914
50841244
-31582694
-18741682
-89440771
-51830396
92572866
27397101
88743481
-45871632
52680896
50071214
72464752
63101019
23898239
-15922153
13602298
-18486463
99493015
47654322
57851571
33123316
82754355
97987879
40362703
-38785486
-46660480
-68395391
-95110040
-9193493
64228827
-47983996
15647148
-87407998
-54118041
43487541
-10725326
-72219107
31229865
-96659378
80449809
56732682
53874736
88028313
85868900
93539149
-16773833
-5723861
59070286
-60491799
92479854
70327307
-86359309
4022578
-56621174
75531785
82965452
40182031
-15974170
60676165
77030207
34564549
-84186614
36006557
-83025614
-57819497
-10911442
98990365
83659870
-12752747
15559466
-50543590
-95547175
-65296087
-23190870
96048080
-6044435
97577400
-36668247
91427293
52564117
-8892300
-44656786
-76471142
91091985
-33185951
-13476447
-3661725
60742210
-81035318
-35027513
37262341
48594871
-15438628
-34890809
70452074
-69259515
-94020024
-16240511
56579948
-13415861
30569987
41182096
84993902
-27570796
-17915323
69344476
-89341822
31213229
45061243
-89842053
-65567502
76535969
-16066339
-32574125
-53915006
-76116403
-31672496
-72295489
-4768412
-61610669
23986720
-37980076
80552608
-47184393
-22962676
-50214507
-1910576
-71163084
-14509876
-91393668
84463202
-845558
-62947267
67876391
5340659
-63042725
-32530912
9708762
19483632
-98866760
27125939
-73870001
-73362857
98492269
-5698173
-19234044
71567183
-72633529
55958584
-34957999
-70731563
18349842
-29001564
-40999653
74476819
-96162727
-34555155
-6708779
84454411
30976167
-32316877
-94813081
48034868
54837831
-78943433
84577064
-88120515
77923423
89072335
-30675418
-8731497
83909788
31479831
53209521
-82987626
54196335
54184723
-90858332
-52470527
80774433
42357732
-95711544
2445982
21517127
-29667155
76684724
44933648
-57897714
-66191783
31367025
78099829
-68040202
-90855567
-43790009
-73202259
-45211813
34617887
-38048564
-6287330
41760874
27208320
83182892
49009724
15688428
-41112127
80259119
-91117394
-29073013
-554052
-69037108
11338202
81086159
-86226117
-83142272
-73565050
-54557791
82465528
65457167
60289165
78465279
-75659457
83285433
94260349
-37520105
-56309818
1502400
77236318
73647947
99142956
29283378
34166656
-55508995
11000348
51991913
97421674
-43226400
82511200
-14167244
37043443
61117745
-97270258
-7917851
-93581734
81217835
87018274
73331746
72116410
5235062
53349405
78192346
-33997777
-66546190
-434233
-3454871
20084003
-74375247
-60028657
37892416
-87183958
-29066483
25289913
41312131
20047416
-87979267
-19168167
-58790408
-77179078
-36104613
98416245
43827617
-43344821
-82403244
-13775458
12393536
-59573297
-37337316
-9381158
83136744
21504108
18506131
-26659587
-75480097
27858698
69773090
75157318
46320774
26574459
7290073
-22930131
-65320025
74225209
67811070
27382325
-87249024
10077630
450557