60892128
-55636231
-15005499
80747102
-29329535
-68874377
49588339
-8526560
46974647
27352882
-84611592
97877509
-80837122
66963848
59308094
-83351125
-42342285
-90320422
-54039789
26487606
98268221
-44912581
96191761
18088126
42305792
9460086
70233935
-60707722
-8211949
-22948373
-97728063
-84560675
69157256
67907877
57355365
-33388811
-36929953
-37653596
-73042688
88049639
-53039745
81558329
96498095
31279393
55423623
14155942
55452907
-65707442
-18565869
-81860266
83607627
35101911
-55649264
-31674818
15229110
53941046
-22068508
10335448
72006537
-50364122
-23355156
80916377
-58691564
67555129
81617480
-90363239
48542885
-56734820
11493584
-43215983
39880132
8999712
27251797
98403292
27924154
-87740387
-53735369
93823146
-1279371
21658473
-94907639
85216307
-21428963
-26689808
16923209
65975927
-51568509
71018689
-76437924
-25320998
42726708
21898500
63979315
29667176
60907025
38762808
31031828
45312954
-95534823
46275448
68679345
72603777
43605088
-94458500
45858063
-10889488
63407142
15672469
-40170080
29098661
25502732
38552215
-56612028
14235955
7871691
83823415
57364126
30435659
-41152741
89438301
17582446
77854655
-21854814
66392658
-36510223
-56787132
-27634306
-19311311
68076591
-66324039
-85236207
52168968
-20307462
-13318586
-81417008
-41851815
3884872
-58490313
4421434
79647943
35039728
-13325097
83065640
74342332
-79664309
-45884878
-18313277
-48628384
74712109
-20720687
-64379655
-17236447
9821528
-10112339
82105717
98633507
70777349
18054855
-50062802
-83100292
37936139
-59206777
95033400
97581162
-39524492
-77111620
-18472212
25847619
48335694
77925015
2697956
-3057067
-69712291
-74797206
-89913696
91242707
-74575421
-90615283
97491185
21003079
25707268
-1779248
7683971
-70184668
-57720441
-75345418
-18033807
-99715103
80778343
-86373491
-48806774
-52256100
22897262
31494636
-27459230
-89522449
93812447
13786564
82184753
-89842639
-76822486
-50043548
98800186
-31837391
62207817
90058833
-52992190
-74851925
97003160
98836710
-89370452
78277291
-20708159
-43159101
-48988965
33392337
97294168
55776838
72401281
82259471
-39345075
-16024755
-93503793
-26002180
-79735511
-60589714
17111778
-9746392
-45536852
11846650
-98576323
77882764
29579817
54045060
-1931605
-71054250
-29712486
36822842
-32228663
-66493312
-1163491
17756514
-24820719
-34857256
13044539
-47531554
39511273
-74402919
-25946845
72445126
-34905841
-97545217
57347354
-17014740
-53191465
-46647934
86615543
-65050210
-42597620
21331424
-74735385
-94252033
-73952546
-65127998
76421869
-31373076
77958619
-78436387
-6968414
-58933033
-12735786
1755405
-21783528
90584316
-5581924
-91645541
85104017
-94175334
-34276130
-23419908
-61800843
99992572
-56771967
-63210570
-49224959
-54049047
-22671611
90569762
61192346
-84306099
84615221
-14021126
-17269376
49564209
-53187830
97514144
-88510868
-72228687
-48235708
-51102521
67480727
-23061562
-60950338
82506789
-57603927
85291600
35829794
51462196
-39509995
-96988896
-45305258
23833376
83047802
12978744
33108626
-72061056
38816029
-81484002
-88454642
93836758
-3168413
-32874409
29073231
52326460
-50752065
-67513940
89618546
98526677
-43675367
-4564302
-14344504
42940568
36055832
-3325103
-63209387
-68417633
-66697844
-17889832
-67538093
33989207
94245619
99489662
-80409761
51041251
-26703552
42021047
87600449
-72875638
-47121143
57581756
-59023843
72316957
-40709896
-33228163
-12172562
82052059
38564917
2277927
98658330
-8515419
65623815
69102824
1590982
10658670
26673951
8876473
-38009204
45873622
-5113533
-84166568
-54963989
50143216
87474202
78430786
-1850756
42921952
56177875
-86437534
-53487197
-96469876
-45685505
39237212
56452396
-7467611
-66330952
-92652388
78522542
52381076
13518979
6436235
-34736222
-80546307
90825459
-19362450
87025173
-35549695
-51341844
10661459
-48329687
-75849586
-65460234
13839017
-73260933
-48097767
89368409
99584185
40466706
-12405683
99712292
-79995150
-67320692
-1305000
-79933446
-39443648
-53649236
-26326997
-34298779
-85148811
70560242
74993592
-12640707
88597331
-57496440
30096896
11396519
-46116945
-3023256
89751769
82489672
50851077
28064662
-77353333
-80076795
-49279479
26750810
-95355110
30960896
34627161
8445285
-66137549
-58641898
30384957
14670710
-45249489
-57596934
-80168563
37071283
-36271498
-83039481
-50434441
-34769935
36039611
15956729
-78054921
-43371687
-74418218
-68018817
67259323
76651551
25789118
49975057
81205413
-370593
85931132
-18622253
-84098565
86017288
17713790
52353179
63172376
-32438243
83963358
-85809612
-12859158
22562996
-7431995
72131203
95399348
-72153959
83539710
-64900095
-86919934
70959977
1228764
75799404
-38304854
-26231404
-39235393
-52007147
-78064143
-59837743
70894394
-8634097
181152
-66724347
-82129962
96927932
34243432
21001562
29390198
-35734622
19646797
75314701
40100773
-85562868
-90656197
-7055827
35676551
71766045
-65380694
-24646119
93066359
51853057
-18488437
69762959
-87512289
-43410322
-11646948
-14928729
-25783356
36864767
2142190
-10065788
10873267
50358048
48450384
-97009742
-35408950
-65921966
86465793
16551511
17204593
-35568190
79037239
56932679
-21781035
23693059
-86817818
7351132
-36635940
-62315387
-95144453
-22802680
-6689650
-36577314
-72009306
96219412
65473630
-86219377
-4288558
-91061683
48753832
80568101
-41127590
-30028708
-19163275
2152722
-32299130
-56560062
-22920013
-72686190
37969722
40357889
70119821
-75133119
72802146
-35629330
-65575718
-34658881
-77180046
90166580
-76790155
-2594118
-76575794
-31556968
-18714419
99348649
18398085
-99022285
-97766025
27463230
15963078
-32618128
74744369
36402543
-37462762
61353521
14752378
32914671
-20422178
-37675009
83696570
91211054
2153423
64645979
79730840
69466612
-10220881
-58057273
70630387
-92591775
51704104
22408477
-3096118
-89502797
-16784003
15260359
96555411
59968808
63366729
77998376
20668024
97418410
93448558
87777603
41474852
87974033
43225474
-19368352
-16182290
91516504
-32239305
-55288347
98890794
7166295
80569838
29699443
71849076
94337442
72090982
2958408
-80537529
13704623
-68051362
53769970
24660050
68078531
45732751
-27459792
-45458142
-88021314
69071932
52126853
96586697
22145518
2659042
-62238678
-6615226
-51353304
61629039
43322856
-36464067
54593521
-52595351
18866288
-45667601
89260864
50295302
46171998
36381075
78788107
-20703037
71282644
-22489956
32158301
25633532
-9144549
66994062
-50981527
-96877459
-70294265
-7191924
37066436
26915115
29625492
-29052785
982512
74012606
85612514
-55981382
-40381769
-86680763
-33747845
-87611686
20418947
-92915381
98120182
-62350487
-61270899
79586612
-38424382
-86361142
40919935
-77595874
79851420
-89492804
13094219
-3086466
11158850
77806822
16971409
-15280130
69779274
53160082
-69945085
50193056
-91547093
14375823
29505614
-33773340
-75486852
-49427836
4389801
77730837
56357029
59666945
50188685
57650065
39363181
86741188
-10335078
96203215
80122429
66315059
93817778
29646799
-79204878
-2102103
-90384976
-12567236
64940224
723509
25115959
73384512
-23850034
-60594885
-51399598
-53304556
5751386
-28617744
-32159929
-82657006
-83254688
-81200319
64202331
56595208
93694486
28075205
30678783
-50088775
-23996032
81817077
-53554635
-60058619
12556109
-52377255
-78276180
56623074
-61962706
26906922
98913808
-55872361
-91457990
82774260
-75189194
-61580615
55981406
86843010
829674
56881145
-21613499
-61637386
55899116
18504572
6130553
45750366
-3801339
-36488004
-26932637
62998218
85597390
38304485
18923898
1042062
-84857703
-93239523
80944759
69077628
11926432
-63038730
-31680833
-42040433
-99196671
-90373185
-63891999
28607563
15350618
-42451309
-88938424
-46024748
75575558
80363187
-84122159
65184319
-68820050
8615651
95480043
11092251
-40100054
-45042451
16368485
95507746
-67036407
-84435365
45179817
-65319977
12559368
-22687292
99462896
-3161545
6054383
-38417602
33207743
62056481
-24310887
-2358220
55719306
52285362
77156568
66237936
66112535
-66862886
41989144
81987386
20353686
63257560
-33922153
-41800136
33106902
83812
-77975221
-25000387
-52009470
33096302
-82376183
99335504
-26253594
40429628
-35882018
45453699
-96718288
-81116957
-97059954
-82943205
-19402450
-78953471
87528889
26378328
26573876
-71356162
14163480
-86980545
-79763593
-50382335
2797534
23372134
61994010
52184580
-39242288
-71675689
27631190
45233051
58358125
32617642
6096695
50609346
21469959
-95645483
54973919
-91642100
-23447604
70920151
-6144053
38907989
11584201
-69322878
3637496
56056737
-15406966
15816008
15762274
37340325
-3667230
25390983
83224466
-26481699
-99877716
-16973060
-87342003
46760324
-586744
-87184536
-76734601
-20031289
-9280452
34049100
53289950
-76174345
-12130760
61823687
-4457847
43002633
-50169664
80792425
84373652
15523606
11323137
-1884272
-16157463
66231838
-46059696
36749407
8445534
85070764
-57974357
-83954338
9105774
-32662563
-62733604
56237207
53722322
93077819
-35210910
47721616
27357580
5903180
22807183
-35759155
65334155
-8044194
-53803576
-64467012
-90930098
10504176
-3741284
18067021
-39984931
64836320
-26787160
-70481780
61802781
-57924997
-67172028
85263658
-6615693
59507702
-80228584
33976061
65280303
-63450270
-15200907
-26397354
-70574891
-60029437
3719160
13670528
-25926666
-58293869
-83153970
-68960582
12503830
-54104709
-65429577
-45528674
18839330
-54428479
-86234742
39231774
-93423714
-91818851
7965039
-32072421
-3372238
46467602
28795506
77010042
9229098
-98011207
-71639900
11385150
-96780064
-92703546
1430286
-49783229
-15505501
2577147
82486962
69462393
-51454198
-53981867
81178002
44344201
-46381279
25655145
21979993
19952902
29912233
73592156
-22519809
-46644107
67843853
-50695328
5381055
-78347258
93933032
-74923648
84070454
-12538153
88460180
-25179837
-9526140
56415037
-23013397
92992443
-60800603
-6389955
65496192
-19141270
-5217904
60026448
-86208518
-94723023
54477610
-64589734
19216633
37699612
-31619941
-26216345
-6196637
-28982446
-97214174
-74540562
75425271
-52387838
-31092844
53579296
26610513
1531226
-65315184
93785283
34146232
34012276
-42855402
-44024691
-20937318
22407379
-57587306
-26208678
-50789064
60415854
19307551
-29018498
-79757917
65919767
-15460041
29699429
-92798368
31470594
-66425532
-32385659
63122892
45997968
-15182581
58563295
-11487520
-10309570
78902834
37060891
91028775
92085909
-7892212
17353345
59588764
-4617690
4029278
-22443219
65131010
-17092613
-83397050
-75760326
60942547
-31268686
88842070
97492826
-26504183
-72902061
30562001
56250920
2341946
-79797402
43481844
76157465
45447815
-39969241
24197717
-99534863
83193652
-46709976
54419367
-75398641
9429670
-95186393
-7502310
27178561
-27298852
87334832
-55142047
93597110
-44357133
-16422523
39832589
-44222432
56159616
81531062
-49023631
54388248
75699169
-12190548
-50656767
-34689189
85038705
-39007024
47382563
-66893640
29627178
58806583
97975275
45731161
-35751931
-19257501
-23926012
93410049
-53325343
-99088667
38363344
-71383236
-22118618
-84261175
-7780757
-47909994
-5508183
49600460
-22572287
47690205
-94276111
-97278255
4055570
94144468
29546291
-75851167
-2422742
-13857160
-49852711
-4661668
72358229
-41759463
-41930059
-82289495
6390764
-99780124
-3330868
-62980522
33856369
-1891830
-94139900
22518623
-27498576
-41446461
-547401
-27653857
-82871875
-87248472
-39522061
2106722
-54065841
69424611
96455270
59704281
43999250
-8000309
-15073398
61386941
-87150313
-86222508
-28483818
-59163796
-80000847
68900130
-21063107
1267729
-91748856
55566593
70675133
89105977
-71252996
-7659965
-18145512
88980322
38376997
62433625
78220560
30070168
91426241
87987453
-18810809
38848002
-71376513
38013512
-89124448
22090554
-50385117
-409977
-39102923
77556417
-15995155
57454239
-81554667
-62892115
-98342590
-90100633
12569528
-81175115
41878754
-33527446
-58985884
79486773
-94168089
-32504124
-96411082
-8650888
-10346288
-97770860
89064940
59284461
73803759
42448689
49402910
77470358
-26338884
-68538810
51201860
-76653891
-64477543
-94111436
-34124526
-50824046
60226407
-51814796
23716140
-91775903
92903044
58190555
-7029103
39436332
-54300047
-64268741
-82289299
-45087230
91090533
-56791499
36397795
40815898
-67999025
11979258
-25361239
10319472
-95862639
33885033
-90757533
96568376
-80857000
79122999
22382633
-45591252
-75959043
-25764775
-32208562
4344492
53483602
-89582757
16648832
-34519603
55618581
-86781938
306550
18208048
10014208
-5921918
-59821226
-55116786
-60084212
83478364
22226588
-46275246
-18902762
80439314
85740485
-98916012
48427927
1101379
28160473
-66978295
15283981
72842575
68759779
49356838
93472746
-7847418
-84400123
-12570646
-18423121
-59113550
-60202324
-96792589
-60978884
-35861570
32036274
-97992022
-84492018
65477183
-4658808
22088326
79051535
-72918645
-3051376
31197195
-99566870
75740334
43633947
88429397
47140489
-76154371
56571875
-91777367
40810189
64970703
-30992248
-34470600
-98132910
36553547
-97096892
-60448685
-79673810
25626777
9088353
-34110732
-7970019
-34724194
66063166
49441391
-58191222
69608596
-30595289
69826372
-13197346
-14725339
-60447376
71395806
38510476
29783084
-22571998
-37698712
-32515929
-1457729
-78616379
-80833020
-93247297
68397083
-8091495
83528044
-52285962
-2194782
40210461
91496332
77251046
-91964670
-40333300
-45758703
-24232413
94030644
71168457
-10924924
92301154
-34125592
22205647
46972965
-26504402
91601884
67394659
40751567
70245174
-18399581
-12532906
-70632606
32633525
-53916207
93909250
-37991346
-24347931
-78701528
71594200
-95707062
92274589
-88170954
-30699994
-15099299
-61352781
87487502
35364424
12691826
29688545
59184973
13745530
70946111
-26612754
57301735
74853519
64138334
-31610937
11598898
-53614544
84529205
28730394
-66552488
-17329751
37826835
-80175231
-31874113
-19019957
-78845712
12743191
-91271632
-69232284
-68933844
-25754065
-33774964
-47490294
-23145133
-83525700
-37037524
-96206206
66887296
-86796278
18877297
86902913
60468043
15047290
-57433229
-17341593
-23205186
88411379
51679416
-60580550
-43362640
-64952396
-19192413
16107366
20167370
-8855734
23080182
-59332729
-44632032
31321701
-55990040
47426147
-22545447
93886768
91022816
-82195737
10017844
-72215282
-63078144
-70638512
39898963
-84704768
-2760604
92978916
82719425
-93650861
30525260
47275714
5449153
68764655
32002990
-43093599
-41754886
-97532561
-29546463
-95828346
-19891012
78194341
-24523921
69480733
71996142
-41696439
98353379
-71466428
-65689170
68231251
-91676084
-42875022
-52320770
45996596
-80332362
48816645
61041833
80415843
-1538253
98732720
25155124
68654821
-99466851
-63867804
4641128
-63911341
-26539470
-16433980
74412236
24697236
56369873
76123736
6141706
81147826
-6061762
-29768746
-7469876
-61266736
60928769
38988094
-1499388
-2521030
36316556
-69414481
69496791
11007667
63959909
-26063653
48077693
41598607
41652148
21093767
-23709990
-91426050
41315475
67109028
28724637
4625992
-42243838
86067962
20254536
-39659138
-44475426
-32498459
73384676
-61079759
91116557
-99673803
-66140061
71073187
-23837986
-62194396
96350966
61646932
31981386
24670290
-7102057
-57341270
15009783
-35521885
33426621
-26478132
58047609
96328185
25125661
-96105918
1341836
42741742
63079311
99886059
20123342
-44950367
-16005642
5202941
88610732
-26678655
85024850
65880856
-15544122
-1451041
51006495
-58239908
-13407158
-94352967
-11509026
-77889106
-6004460
91668603
-57725746
16379597
16376615
-61216338
-41910895
20729478
94684766
17884462
71163947
-46959699
12473201
701274
60713420
17564546
38123609
-48121522
43825813
-4436331
-50299141
82886171
-71790684
-84218030
15733300
-57533902
29496686
31468025
-44971753
-49454330
-83822072
45563257
92704807
-3929746
58281513
50564603
-79192651
62184734
-83618958
-78399197
89565643
13855955
-25936692
85650021
-16144527
37347174
64001379
-52621493
96125322
-32531043
27307377
-94606189
-23260494
-67071063
21999988
63071154
-11403489
16037960
78881557
25825929
-59442536
64240782
52600561
-86188358
43347965
21670439
70998858
-12590074
-25386865
4455671
-16867840
-35655759
-24026808
-21009255
32653860
-33328316
-20944589
14202530
-5306591
-27392978
-21223419
29463095
4684215
68521582
56465317
-25912713
5396686
-12740575
60185277
-83248329
-28201049
78285948
-70210354
-7201217
22132573
-5802526
17139750
-58375310
-75943563
-37188218
63624088
55456026
53300492
-58185284
23855019
-49372460
-35922873
36769389
-66020295
-57923334
37310532
-97709482
-52623946
2029615
-86410892
44197334
-65022944
32576183
88052842
7579903
-79497488
-85342035
-77601593
-89612646
-92366145
36125990
44659455
99327117
-63610929
-57871437
39156562
87378956
55152385
8795142
-48096367
-85262902
82826220
71017189
45893323
57515303
-76804524
33570306
826431
-51097339
50881567
-67959800
75837627
51492108
65395280
76555547
32628643
6407614
-61434993
-94200811
-39237915
17568706
8145040
3038841
-14170579
-67459695
-81204668
89233253
52767313
32904461
-75432215
-75061176
-21545454
60365331
-42874854
-92662577
-84047758
-7355792
47908479
15698612
3940006
76150335
4742747
89606300
-57078935
-86224799
22639370
-92179392
7559675
71771117
-45165398
25282613
-227804
14221537
-60033233
51495829
-85250117
-18498654
-41681207
81785578
-68772718
-19386839
76277236
49518225
-35971436
-77100780
62446063
-69552014
-48055367
-69888037
39804687
-37913654
81261686
72916842
95291409
28828665
82735677
47895910
4232740
3667153
13108945
83165902
3878432
-47909523
51116443
-2695844
-13413877
45721319
58505983
49735248
-16985358
-16356354
66826619
45669643
-58471755
-96518171
60285249
84077291
-47694742
18630063
-65248790
-17167774
-19718816
9941322
-49746093
54174908
-44182278
33164039
25941649
-92636765
-26182493
57259789
8918068
-21136089
43792146
32656131
-56751060
-51874969
28901252
-16667169
83907982
92423958
8811071
-88687192
-18765390
22149907
-21885201
71607690
56132339
68466021
-63031685
-93124747
53605622
-34420023
-62797544
5671671
35486427
-67730567
-25681759
36454577
76570227
-72377032
77092600
-39104360
-74626379
-97003080
-87019640
-90838925
70235800
78159886
-18022535
-51731876
40673454
89434618
-79445315
98661649
-63778839
-44801091
19453156
55645623
84650833
-55118755
-14963866
-41098999
76096231
96384439
-20541397
79766597
-67161660
-83829007
78193130
-619339
2579795
-83912958
77497495
54565511
71045833
96967574
-12927437
-38489052
-64660613
98986646
-87073153
-87288176
22355296
-49964976
-14602755
-39584966
-91294833
-15860922
-67853535
33987271
-45438510
97933904
11918463
-2155805
46904494
-82636532
97214206
-77819002
-21892592
51040793
-4190305
67752720
-17953677
8548756
26007244
-1993829
67607517
43224921
58773844
-48815650
60424954
41732169
22597533
-24967993
-6953761
44412625
83294237
75258811
-88046475
97099658
94829968
11128003
96046345
32513910
24196382
-33899885
53605441
71310614
-14854049
-80406528
-39942902
-3689528
37057780
76311300
-14672144
49015709
-62580449
99916034
18937597
-30981290
51992053
7126449
15653821
-80619897
-24468998
73868496
-17866696
10651192
-19591677
-26454089
54565762
26405108
-38193369
11776905
-80966218
36799370
10837372
11920274
-53543514
-60820644
-24999571
-92335083
67999130
65893775
72141709
-61262620
-47775800
-34519
24762397
-68380281
-64371903
44484998
94531390
-48037892
89227663
-30802248
68642059
3488323
-12527562
60506728
78839068
-41499722
-8494152
-23537556
-35411498
84043094
-33174998
91906217
85289665
63555638
86677580
32208467
3393670
47004498
84873795
-11377407
63170952
32669190
-93551551
26236820
4684182
17189609
-96038507
21007629
10814448
50644304
89828062
-78720317
-53201617
-70169646
31612827
65988057
35630843
30190948
22010220
37451622
44921292
54942411
-6151398
-96422699
-36203255
-73302079
51330508
70835200
-74838642
-86464407
23056535
-56070718
-7602865
5243978
-52814570
56208242
-77951086
-92707356
-82256589
-96944880
79808340
-31362554
-36856172
-56098308
-19001254
-85482251
3487706
19958548
9085641
-80957513
76478270
-85461507
-12115043
-38319154
-68626706
19229551
-36721304
-42181469
-15613178
69171835
-75993144
-60091536
-37684395
43625963
73690382
95534623
-93656327
-75420940
37835239
-57543768
-23620651
-43498588
-78530494
-9317338
93145090
-20121535
77369444
15925753
-93936621
-78195973
-52303486
-71026341
-37893016
4832017
-70634606
92005418
97916070
36830788
-38659885
46008282
-23083877
68640848
60481779
-69820582
79822465
-66969929
79114191
21769283
-84139171
64234390
97516711
5698484
-71960125
88612990
65619833
69586961
7304583
25989689
73939420
22758591
-52793816
64684986
-25744691
79014199
-81747385
-29541275
-63881183
-16604235
67676238
33330385
88858257
-92628661
42084850
-69797277
-75814727
47700916
33649473
67986502
-56357973
70283514
58912578
-9805785
-76196608
-89949514
51866326
69806880
2183971
-11512677
2596703
17409328
79910780
84852914
-87224975
-11671216
-65277906
-38081554
-16833942
70929946
-28043588
43539150
7513521
65001222
62033668
82271087
-42355763
93101058
83505733
38285198
-76976121
-33183706
26931186
28646653
-38185467
34197504
16991105
-35972183
25489062
39872090
-69891566
-7743608
91170446
-52479934
-59683172
32302489
56420155
47803675
-40431255
-71626900
91026585
-30631382
-94409369
87676439
64820004
-66078542
-15551553
60338028
30474971
-6366759
-59349436
-37228218
44556364
75436206
85481562
23543088
-7433444
4312740
7573683
34056149
-91055804
71716229
-16864400
54485361
93849733
-28619996
-79642801
76572838
-44924807
29083336
6269825
-49236750
-48232142
-74419348
84676653
6475643
-94428367
49350904
-45568595
35685821
-27237111
-55496120
60586206
54797532
-37476596
-10780670
13307999
92253385
5382748
5844664
18105345
86275461
33549336
-53335726
15870325
5317889
-73350883
11079739
41775974
75847933
9763771
-39212846
3315519
-153279
-62713009
-36319626
-95529963
8450107
-49082128
-51545257
-66494726
75649375
-80848798
-44953373
76250069
86053568
-87940008
-70245227
62833156
-86396865
42009620
-99871187
-76694534
51229592
33913509
64281239
37391494
46140096
-99794409
-22844723
-78804611
-87302528
-42433009
37023909
68463909
4147643
37525722
-79820597
32405750
38710559
61372991
-29135659
95408999
-76768378
69380326
94457501
-72260382
418095
88220982
-26196629
-40567336
19722027
-54991573
14326922
15014903
-80962108
14359519
30985319
-3500666
17457998
-99471943
-32920738
-15583107
41903152
-86199693
83531404
24599720
-76950094
-8562785
-59482907
-57854811
21889950
-94210791
25777028
-23132395
19163942
-11766422
24994983
-79321270
-64220435
-27052878
-89408791
-81779217
33597252
78602810
-47020166
-21649470
-10860744
21453226
72506775
91041949
-95229259
-88574680
44929975
-42928899
37721930
-47355337
21279981
2864119
86657768
92455846
78291292
-38720595
97768779
84112717
14933425
-70137313
-86058892
67443520
35317536
40509365
-66393094
-64252493
-93892269
-13245038
-70485155
-62203414
-51777114
51617440
-77286434
54891565
-35862751
25141750
69768599
13376716
27874683
25255165
91610515
-53227629
-42007676
17963546
-38970112
14976268
84914308
41413084
75021305
-88489844
64171160
-77711981
80316866
-17759244
75104552
88801337
-92250602
-10180277
51205578
13867783
-47823768
-77373826
-7115930
-31689662
-99615893
93444380
78336788
3700343
-94472525
42699740
74911712
35724504
93915152
-14720796
-24033475
-11891291
-87097708
93923029
-32068703
-69046643
-11936603
6050120
-92911821
97814954
51670598
-74301878
61465014
-31311644
-45557951
-71273920
47117578
96648000
33720443
-49869710
-96393899
-37704773
-46450330
51242748
54041293
2483813
-70325415
67780160
-55794410
-73945719
-87775007
-90598618
12388749
-59024964
-57845766
68774753
77174701
-78610731
-38896514
38373836
18343556
-61198783
66616742
-91334914
16747060
4338780
-69739560
-62167623
-66355485
-86829412
96096577
-15020046
9762655
-12017273
61589218
-15209604
27115828
47326987
-25129360
6495523
15128248
-80345979
-24908597
40699864
10385326
-20591901
-96828468
42691042
37058203
60607877
80794105
33169675
52532474
-78707817
-29249659
-28974628
4953685
72023288
-73795182
-79540517
-87877188
-34104817
83988556
-55628824
85236753
-39457450
61107120
50580857
-55590161
44122769
53196622
-54910904
-5204739
35486955
15373496
-68292976
-83332926
-42280639
-75932543
-98342455
80410771
-15477481
-84698731
41855077
54210031
48033599
-77348243
-13314894
-72067639
-27993384
1195476
86802728
2665593
-80536669
49437338
-17404084
98244351
-11741129
73902569
-4108227
69870089
-47558882
-23928330
-78173658
68554733
-993521
69848083
-84840607
-33679254
-37153408
44850974
22794750
-64957590
-31472397
-26477493
66950542
4478739
12552295
48939926
-83705278
-82084629
-95794693
-12543300
11361597
-25143200
12267215
63494456
-38183285
23176989
-98814470
51574235
-47494170
16095949
-34950675
33688314
89953780
-96686373
-33535042
21919702
-58693073
-76736571
87799148
63121876
78274086
-47198152
-43569885
-23520756
-1347079
-5999530
96097022
44691320
37458452
-96567420
45970744
-9144144
22850361
53425035
47831878
-92999421
1769376
-65809466
-77510851
92522030
-2151812
-87576411
-32911746
96946687
24344173
98385380
82366523
-70859205
51754373
92248564
3937892
-45210281
61510751
-11102692
14287376
23856891
-30783189
48337629
-55674350
68220085
-48640074
-65012501
-35286509
-87467294
87146255
4917514
55243737
-78749741
-82656230
-99512376
12448244
-93740923
-90134694
61729065
-80353026
-83783650
39356478
10698312
14829275
58452922
-71955719
3705551
-16976828
-52962337
66844258
31652330
-25001822
97405175
-25105819
-95967799
-48577460
66971907
99431175
-84191013
-84225676
-10349677
-20330532
46575757
-98088427
-1341318
-79982393
-84247077
57975959
14616885
-33707261
30695658
28152590
-21004701
-13613436
45648602
-59444544
-91633693
49114300
13104216
-60456825
21818627
-10844302
90352009
4546569
-78866280
17333502
62475201
-20220634
28171038
41074324
-51040319
-92606051
99665989
88279443
-2873519
-69700710
-90388481
-45366180
86731543
53091139
-50441416
-8153396
16818727
-49528503
17094249
83071756
-1872899
-15247980
54281631
4980158
47843666
4856802
57235185
37781028
-51632911
40251398
-15570684
44612769
-65460390
59466611
-12267941
-7072537
4473238
-31367934
-69759718
8419693
8075389
-68007169
59265616
64208244
-80801096
-4780918
72026504
99410868
14779574
-79293752
-87383673
16515037
-83154071
47876202
69627592
2744815
47360467
-99097976
35705546
10852214
-78152933
-21896376
70869483
-50957479
-46191929
-78605838
15711342
8814230
-77916871
34750091
-97813802
99188668
-70377467
-94792386
-87455485
-57144636
8391537
-91569953
52032154
136118
-98303957
86912444
-21446484
-49659205
-11683199
-16332507
22108712
-92031459
59441494
-15507294
67561425
87494170
-75458364
50606243
-41095513
-63661646
14125415
-39641414
-3170724
25143016
24992402
-45015150
-92126363
-10043781
-97146247
-2709216
40229274
-44676427
50901653
-93199082
-348927
-27345094
-67540539
72546103
64621248
-55667198
-78642944
-48866564
-75803845
-2449895
35961458
-3990833
-50998798
-28218303
21845050
10713619
-513842
-39137657
-811875
-87150695
89334649
-84803075
60100357
32264510
-4973662
10662377
4467166
-11205658
18527497
72174444
17914108
-37678320
-67070282
63839417
-18388966
10931934
-4170631
249976
-43899338
-86051816
25205826
-14883175
6186916
32978699
-86902216
-29958732
-83288619
-89662963
97548771
-70952848
-15865532
-35498464
-46382200
-3500635
80040857
21413413
93062623
-97866603
-53952412
-94368844
72022638
30527544
-58926533
51986763
-2559994
-47574165
76809404
-90032992
79676005
68312586
23425200
34147275
54082416
-2593368
-89654053
-70709982
27542432
36694117
-73397108
47109550
62612280
40735993
62330679
82624225
25201790
-1023164
94546231
-42133730
-21979235
62662510
-26100008
26784257
-23355496
41341719
71112776
45112781
21897335
-94432009
-83002073
92487085
-85529551
-76580681
-23711357
-67291649
17278511
85435169
59804323
92406397
40227649
-63780045
-10346359
-13591642
35863710
42985868
52877379
33668987
79721579
-10410601
-88954908
-47860472
76729683
80749127
-15443820
-87095975
51691222
28814760
72251120
-12690788
-59353861
5478346
38253676
19894213
52010366
-90624092
-57472745
-92916796
-66391688
39390858
1042340
-15328976
13440994
64854871
-63548441
-61973430
30387904
1138938
-98805172
-79545567
1986959
-90541984
10781757
-43223658
40814678
-70914053
-15817446
66796875
-6122615
-99642747
-52625663
47461303
14812088
81366996
933423
49474757
-38332979
-92039770
13232205
-11545520
16964029
-62825243
63670289
-39345880
-3294265
-19035706
50004500
-43590483
38567107
28783155
98069552
99795957
-91547103
21588783
-56730238
41462511
-35535176
82234891
46573935
86514434
-38734732
1529494
29960729
-44770711
58713630
86750998
-7598067
-462741
22398420
1926810
8416031
-48811258
-29574958
-24667700
94955457
-3633750
-51858643
-77862899
-20095865
13943266
-7091794
95696805
47346724
-51219572
-86858779
-62266246
50196185
-68078203
18306872
-49394717
98379743
-39563052
31401344
68071962
91778050
86348603
66284340
18295218
-15887846
36005258
18356375
28981066
-79495435
76176106
-7628550
-73853150
45490384
11304206
-97965781
81683153
-66700501
37769126
-47222502
23361465
65513387
33027351
19011124
-46542768
62365050
13507424
94968287
-76174414
1931596
79511709
56236032
-12660521
-32970074
34319511
-59328702
19282935
-1457894
20537459
-77096458
-45823571
65766608
-21430961
49963199
41300314
18093570
-97356410
20407645
91014526
62674392
54737481
-14167591
-11242622
40727533
4200510
-39209600
28296010
-54295662
43375712
46553176
45225519
-90124874
-15729094
-26444321
-6454262
49709985
49707664
537234
42695041
-98000173
96148446
74960140
-15958097
18033332
45808517
30372944
-5837378
-50873424
-94464828
-95166554
-34903016
-1742013
97858313
-56722354
97652256
37906057
-39751668
52676913
97197866
-24498834
3781766
-95142167
67313794
5473333
-61326392
48769532
92215421
62109144
-80059786
-58831476
96098014
39227608
85625134
73251920
-43322668
83761404
-70326966
-5684979
99843169
-42727567
-10602809
-39546890
-87437610
-92747984
-50017387
47479524
-13488336
36110020
-80259013
20261238
24084560
-43489164
-5422529
45443082
-29674007
-66759049
63868397
37168196
92546835
88940036
6030271
48274695
-24149626
-80300390
-68666904
-64678812
64833119
38163295
92031150
73752007
43483865
-77361210
-42010165
-76958851
58830939
-55770717
35147581
19990347
79736843
-5285532
-64190365
25964948
-74700671
-29682085
-70808631
-46210060
-36252878
-35781418
9410190
85747762
-36984773
-73639676
-4196601
69367040
-14063186
71277236
2483067
41467694
-35662079
-14272540
41269661
20187847
-38166103
-35199453
15741528
92276813
65235408
-29930908
91272843
73539069
78821535
-63449525
-33787565
14380374
-39300347
49530725
-37181692
10864095
14502983
91994580
21861393
75105663
-80443835
67282950
-14800836
47090571
-54936941
60974949
-79581927
-78911586
93793183
-22875709
97771157
-12318538
-69855779
93991193
-2575036
-73605740
43647423
-96788168
-74994023
60765974
95323485
61475656
55722480
6876295
63575272
31231697
-17314735
-48867972
13197691
51917170
49424787
-66952605
53522412
-24132193
92443176
-13521473
87140771
-48018274
5202850
24120716
-1605451
-30956380
16504134
46896986
68063160
52179904
71253684
-81853619
-83508382
-36130812
-29822310
-71972427
39683452
12712972
-48044547
-8342709
-34821666
-6615561
66258704
90439502
76964958
92781538
69323463
-12724233
-83168547
23932608
78289758
-75121577
-89116659
26596386
52396980
84236788
4950212
-14847452
-31638157
20005202
23770767
-24424520
9100869
-30632535
-56982435
-82057891
40464226
88143338
69185083
5686721
-27936751
86067731
-38579582
-73044735
55704622
-97238291
-93759913
-38417346
21678556
6184609
67036264
84804500
-54817737
-71013930
82069935
-1047230
45583697
-79793955
8161689
42248083
75696419
80951834
-71150568
38739751
91740286
62607720
89168383
45752501
9813308
-60368845
57614283
-49261984
-56364276
72213352
-50626682
32734755
-61660946
15426623
-78098135
90781080
63878811
-21508913
-94109744
52518644
-98017027
-17910073
-62537198
-97242310
67187521
61449996
-24096495
80346031
-64198460
50253692
-66962603
74896213
67918
23421052
-20711758
4936172
-16241220
-43888126
-89000559
33571585
77385716
60237452
3808776
48190523
18170033
26257633
-68378276
12210692
13259059
86790331
47675404
92147728
-90549958
50714717
-86114715
-48735974
75659298
70185994
51294449
-32255775
36781971
90256449
-53015759
89386216
-97848815
-52935522
52368937
7127780
91990973
-26602529
-35872055
96659121
62674184
16452103
-55809094
9029507
-9557369
-5074916
-98370015
-40573473
89677596
-75042158
-77180756
250178
90064063
62866162
46265693
-68769431
40922362
86092302
-79316004
-79778527
79959092
26135545
78195747
-79046882
-61949397
-30406556
79349555
-91285305
-20211190
-58835446
81950299
-57866772
-71339467
-14645098
12289373
-7061663
-58361126
-58539245
19817336
49713197
-35467732
85814194
69923960
-70990076
-29292893
-98672382
-40442832
99230292
62060190
-75203161
-72667571
35894706
45333051
-45498693
-16844824
8659756
12577623
8649515
-7921671
-25108099
-98853053
-18110176
-8333527
71386865
-92985133
-236359
13525635
-40347007
29462891
74705171
82455216
45798355
-67836703
26343331
-68605928
-76633069
13526373
82004784
74473515
-76929929
-8705925
-90734306
2361312
-19623740
-81226976
42448993
28557373
-64352758
79546973
-52115591
58027650
84961981
-81495088
27392254
-19246603
-33943060
74526909
-71058659
-97240266
-2278875
84251063
41042023
30424343
55156696
-43489279
38153549
87803905
-94653704
34305039
-56434241
73941235
11773345
-87600888
48407
-68941804
16894070
-20802385
48054234
-16654899
-53942320
85546417
-73118210
23185144
7866143
21341125
-55247216
60526984
-62602971
-60779926
57705074
6259053
82365848
-75775624
90535949
22903834
-89711438
38785614
-47305382
91187480
32036123
22352856
81088562
66487640
-29638911
-9787878
6048711
22538618
20699084
88584499
-70093977
97554012
-48964482
-54916825
61101495
28603057
70157292
49821296
-25405557
93596335
23204725
15403207
-68029071
7169803
-293130
68910861
78365396
41389487
21510745
-95752322
-45334593
82062884
28675475
-13536115
-43905990
83047818
-57366466
-71933309
63867955
-15764939
41254928
-80569450
-34668690
-88886576
11339952
-98603838
-73909927
-66797748
-381824
20284715
86318946
89257325
69442660
20534828
-91352829
52567205
97341196
-44640769
19581528
-3191272
20975889
22774410
-1247813
44988466
13149121
74716747
-20357261
73422843
65942316
-46791443
-68755019
-87907058
40669738
-23248131
79834489
99851797
-43667674
61264213
48991368
-96051856
48355449
81694297
7120517
-8058307
-60892262
-82510052
27775051
-46550957
33110666
-6126394
-81374557
-76031098
3652714
80332308
48588918
-16286217
-3384279
-34665193
17746157
26513791
-77583846
-77871393
-56996599
-89064899
-94954950
-82546374
77067960
-69365670
54376672
-91184882
-55696693
88545310
22101032
-23831860
-66161339
-35137541
-14239335
-16853482
-5000875
-2260765
-89766740
57714838
-9640172
22251729
-53129490
70490436
47257030
39362075
-56073933
-81050915
34341711
30377267
-83488025
-69542179
-28357295
-54547886
-24386588
73140371
-33185856
22705955
3712446
-52985265
-64111018
30379152
-22015176
-42788679
82555267
47731950
74959987
49846041
82428170
85182815
-37474451
-29868585
86260482
83635316
82171862
84527507
13271387
53167475
-36998045
14826046
62972096
49338358
83320636
-23392882
46801608
88663326
84579999
44237917
99830248
13738363
-21467839
-79533966
43710614
53942721
42237590
-61674372
51508571
-72910855
-52860071
47646546
-7426983
-71075437
-37700552
-75773722
-10350206
-53060141
83110
-85940491
-35657133
-82155262
-90338930
64995621
-10895766
-13540285
-80796546
-72400130
95025016
32170469
-13093215
8038208
-95688685
-50511231
22256192
-30999777
41876952
64953519
90771932
60664035
-52179796
64790824
27139053
-68413336
27864801
-17785774
-3673902
8021727
-44959941
-50986941
47730301
26228625
-49491759
-380421
49908205
68828681
-36118103
-38607613
-22342424
6023321
-17580094
86678524
58227887
97065553
-16354011
29369412
25817831
43516974
17231030
62397474
-14375014
81383268
-85421256
-27524221
-14559321
95750339
14773336
97832305
-42132318
-56267911
-69523132
-73282410
35929119
14163695
99162479
5357725
-75025870
3356386
36102713
18488940
-86288306
69868911
-90345642
-49066031
86684645
45689328
-90495931
-93479285
60393293
-23655200
10795558
61213606
88398658
-77181155
-39453972
12086417
-38416068
2495497
82015325
-31908122
42964490
82749234
96813653
79032722
24979317
-36748665
77301339
31764395
-93292223
26660960
44187905
-42001911
37398115
2471479
-99403143
-57703455
-86972859
40692055
-72565517
-70028390
99791412
53938163
-88330861
49148592
24486924
306885
-69228720
-91074958
41681625
-621095
15514680
54206683
-35833089
97622067
92018440
-70799592
90945158
98171988
-33247813
21887456
72800050
-3597825
-14812052
51391529
-90086961
68685743
54324006
-78285450
35119329
82914167
9011428
94598737
-43374676
-40761291
67663483
63115756
51922327
-31926605
20786451
-93508502
-22191676
-79450787
1016774
-74423536
15728693
12116904
78089761
80970685
34826326
47562782
36476769
-66571159
-21776717
16925882
-1446334
23379355
-35721898
53978554
91170407
45797712
35452125
66184045
-67317083
-91712941
-95729935
-83594281
-8892192
79186308
-52664878
-60621038
-20820581
65164574
31719927
18436973
-67927412
-21093555
-86983597
44921721
-87019753
19304440
81465740
91610262
-38491843
22352309
-1274253
35335657
-24231301
53687204
18470088
-90930193
-57292946
-97566858
-15894094
44467311
84783813
68405876
-96542098
-35545445
42924300
66134310
-91345988
79851592
-35744592
-97946929
-42902663
27629820
260538
72950624
-98548528
13897330
-31933965
31405297
37882969
-15080603
84740815
-11749218
9119208
5988524
38006588
-65181094
-30698161
96385971
-66959380
62656914
98838882
-20268946
71594375
-81786185
-96349398
-95402209
57060099
-32320323
50489909
48436931
72369396
53664638
27087293
55722704
-97010019
-52350563
-23522958
-82882622
-21330705
-99384126
-59097483
64956932
83092603
-99921787
-23461174
-10399001
5310978
40034654
-59349289
87411569
-68178130
-916359
-90364172
26654309
-95764633
86031014
-53233359
-68736444
-80263644
35046936
-79012071
44717959
7355150
-65313676
-65639649
-89675321
67149068
-5402972
49784572
-84729048
16106979
-78953348
-47672221
75027591
-22580588
-57059451
-21415595
53739138
98662816
-36566859
43666204
49102539
-88801095
75491265
43461014
-97210492
-4049771
-81514292
-35416826
43133899
38408709
56874126
84627069
-94165535
30459127
15116920
38861982
99044465
-40417936
-1569637
-70789099
65064945
81229166
-40788491
-48504651
-1210833
61554493
75916808
-37849587
-26453770
-77633930
-17204362
-92884374
88792752
-20424712
17147086
-27588249
57826757
18748244
-18048182
-97628147
-13167060
1623801
20646547
89227238
37747039
28386362
94359822
-44336268
4972127
19231967
-64277491
44130935
70161169
36427150
11095479
18669066
-17799290
-30181516
-89398792
-7366956
13060853
93726508
18460032
90717319
-95670248
48323214
90019591
14897176
77231832
-12637628
55308706
-47572111
-81056503
32398268
48600969
-91632214
34881397
73825917
-28316600
-34739523
62950722
-46605789
-98976246
6653495
14285865
-10461387
-27280069
-81014912
68743898
37441296
37135028
-84706359
26318471
-47926891
64787023
15210928
95133910
33678194
-36953854
-81574924
-56054922
-29251688
-46183860
94046768
59640421
91428306
90071439
47731629
57967726
-53069551
-3520883
39167951
1818312
-7812437
-28619193
-81501868
19707523
10775978
14291172
65259409
-60116385
43712232
-97511082
-30952915
-65585595
71019669
-52089388
-54056432
19095361
-70075108
27372108
-39312615
-27679715
-32572746
83862618
-71160168
12901901
-23104813
34256788
2152107
31898193
82273327
47664857
70634235
-24292233
-60938644
-13156415
34278953
-11313939
-40702918
32387958
77921011
27225264
53666163
-87840006
-65398315
-25523437
62712654
97073545
-30740402
77471890
77434058
-66183161
90966803
-93345770
-32309948
17178287
-74719432
-64036141
64169217
-68915782
-50240320
-94805271
-65495574
-87968204
41437252
62184553
28837007
6774808
66324851
61876553
-11338508
44366890
79099150
-44943968
-30216721
48670635
35331308
-26585012
33512147
33302
40344446
-66469852
-56120187
-70488028
30333676
-75805582
70028728
-29806780
-9655586
39983800
-13480465
-1740118
-15246311
-88812064
87157291
-90023037
-63168261
-51140109
47199028
-55276373
10831839
851697
-14197748
-29490177
55296518
60764887
86475650
63160276
-29610524
-95552446
-4175024
-60359936
86839568
-60898796
20948126
-5445630
94073301
-19223833
36005537
66997299
-29081722
6850542
87182670
-96869825
31989252
-42567674
-47710100
85742724
49074547
-26199973
-39174544
-40532906
-17906339
14181114
-2652896
72073647
2250398
-48340935
26416412
-91473294
-2288927
-10505053
-58298622
-75126224
-87271961
5838226
-20405932
56009774
7315641
-4447668
-742208
59310356
35390328
-96577505
87263349
-58391788
-64730672
40545336
153565
-73192155
35874745
-67458687
-87285358
-45653154
13292862
-44975991
-21739500
58342221
-57002071
48546362
26544052
8171373
-27743337
35868982
17108852
-94178616
85959292
12616097
-40933509
22279100
-80278823
-40962093
7316946
-70540147
16416252
82650952
30994802
30647782
98345635
70210228
-12989356
-76094252
-29541339
59769432
-61628408
-63712597
-57588428
-34219044
70268076
-23165498
-64537292
-56917496
-76207941
-7410155
80643818
58553969
-79342651
3204021
-87823177
44613911
77684337
33232251
50082761
-91271403
55550586
-26803940
-90210103
-53060270
24892759
-21813367
32679083
93123571
6497598
-37118517
-73158239
-21743672
-28565987
-5378439
-48364085
85045245
-93831408
-64572939
14211270
-94911205
3504872
-46075996
97482031
-75806037
73906351
-67180305
87004880
80955937
-18270048
-58360883
-57813423
-79707701
72464058
50627870
38817274
73572505
-65972122
-10236584
15807645
65413619
-76005522
-19551131
84834471
36302635
-31599743
-91523815
-84591241
-44882280
-66378607
36024752
-9208880
85303572
-58848927
-58659572
85463614
85477182
-8454433
-52172270
-51296850
-68475093
-68888694
-19787947
61904944
-8125445
-80938260
52564173
-76830084
62248146
-93672985
-47473128
-23944746
16285509
37071409
64315582
67819017
-41284799
33384587
-50002746
86962018
2096662
34076989
67635758
21427623
-22177945
71625839
82919833
3773069
-28362560
-97287028
58554153
19286832
58108264
44309657
-55264060
40928962
-22871718
-25483483
-15289994
11580250
-62612535
73249915
-47184129
38525511
17807660
59344601
-94222156
-65168273
-58613962
-6849479
-54082170
-27151350
39616696
-25036151
89247005
54493299
-29159077
93984565
178999
89111447
-66430098
-40956465
-93447689
10488868
-7993101
42232212
-24296804
-80318633
66811036
-68477882
-78190341
94434642
-80351193
-92792245
21763959
-26730717
23386774
7128970
82165053
83842011
-41984594
34866091
82189860
29542424
77626923
31398599
-56338722
32941905
67146421
67572587
81509241
93060769
58514193
62284959
-97116845
53339817
-46277405
43800014
-80878512
-67077062
56719805
43057409
78578310
35890991
76653680
46633695
-92189641
84626730
72735535
80754872
76783618
88270355
29304708
12938507
43709635
-94125266
68848905
-27583189
90206126
93146030
-22465532
-36911086
-7031892
-44649970
-51472866
-54693748
52361016
33242627
47129958
-87094566
-78868187
12601432
84255944
12607855
-50271049
14401106
-81347476
28298641
64990767
74474227
55803715
-22934571
-45558302
-29925669
-22224335
-1531460
-94814430
99661072
24248179
-77559920
86518413
93766930
-41138592
-94147334
-34960231
86770692
-46433300
-35840486
-94765504
-10088829
-30862413
-59656275
-20290751
3765468
53612812
75570590
13718601
26469617
-58620893
-81659937
66329586
76240125
-22652602
23321101
-77556744
16049398
-93782198
-68560289
-95333861
-89901537
-729499
-62640435
3199716
64694042
-36594648
53731597
-43122467
89009033
14029345
-50580959
-85694235
-42465378
-89238359
32757953
-77418150
60855388
-74373716
95423060
-83669547
-38187263
-48891386
99795100
-2257205
-73672644
55338475
-23050029
84384525
65888269
-63820383
-23957672
-39438088
-31124058
17558867
-81593306
-5603458
58838251
97060333
-63106719
72847194
78524796
-80446321
-30896766
-65369714
57390710
47385048
60971518
-72301597
71099462
-26704704
90866585
14817747
-2289391
34759683
75611734
-95277149
-50545278
75358131
65386459
-22311281
84472008
70041154
37145063
95179621
-81209269
-57007859
-29141757
-17766334
-92264485
3224204
11142618
-74876029
22270475
57159179
14380299
8735433
-77432067
-70453034
7034174
-36759085
35142141
-42021051
-12930651
58768825
-50763432
-35458047
-81293833
-22702224
-88288570
-30013707
-85989641
13503563
14106768
80727884
-71838881
-86870894
61979902
-26355480
-80252302
-43530729
40844922
-29945990
61515398
3728862
5574796
70926314
-46908809
-12363496
-29616337
-95037294
-54681523
57072133
72015266
-40347293
-13983629
-87163122
-82548860
17534009
-48703247
81830118
68881746
826858
58400079
-18490844
80027828
-75606296
27524351
73146466
70810969
4286112
10625266
-25609143
17786579
66190699
26598287
78653801
-68839728
44104757
14626032
-51062687
71690740
-62738202
-76712153
-29117131
13891342
-47635892
82500581
20428024
69782025
18624744
-91560096
67134820
92167802
29032930
66185782
26483249
65793851
-20063781
-81914714
83686058
31192231
13623430
76430377
6320650
21264621
56331577
-36031552
-78747860
-74508931
-77425611
-18250307
-25273406
-59595180
-45484336
84330528
98587023
99033480
35304904
-95908184
-66838398
59643375
80183753
-81694526
-27467611
-11241915
13883968
-80067940
21543101
-23861071
9391363
-54108639
-11693536
-56687409
-8873386
-70257211
35251413
-78269876
51491542
31342637
50388474
-9985596
90442799
81685413
-25190173
-83606597
83891030
-33487609
-17038072
1100659
93949992
-77025952
-83844015
32462114
38375657
-64737229
19702895
99332724
76996893
-42825905
-52612792
-50679132
-17830386
64162214
-68282401
52305125
77232754
-72049722
87757092
10885920
71006537
-99148271
62836628
-30465626
7915108
84251909
-43409678
58528306
77310996
16431093
53663982
-2451991
-2936169
37892314
-73132323
-7589683
-24131875
-73477989
-22339087
95421942
-3594808
94553713
-76988199
-28284640
28041876
83958710
71908935
1484766
85944002
74756623
-80789887
54321944
-37586648
41027962
-50408467
46285732
-33535721
-57129882
85086405
-63291844
99885726
-254085
-40061188
-5462643
21347769
90529487
-51082861
-91740491
-78738752
-79754836
32794720
-44605840
-17501438
55558243
39372987
-50117344
36683036
-67051395
-90023805
32189205
24575443
20972340
59194681
-688016
409794
-82699546
-90960815
-93275699
-30698528
-94128100
-16710979
47682602
-22242513
-95571823
10973464
21078337
53111959
58121927
-65238190
44376401
1121388
-2191901
31514743
57336152
30108972
43302821
-99278277
-46042528
60200388
56495139
37596882
89401510
64341709
-26478893
73225283
31168012
-58472503
-1456764
-28598037
78643679
-54242573
-70273093
34296323
94874346
-27506138
24074939
33092035
31197889
65592642
-60684514
-43712950
-17116181
-50491554
-84817641
19882725
16769257
-91796060
-30361798
-21465284
10117836
65739980
75820556
-79622859
87966680
-94761172
64624876
51237102
-55166508
-40115523
-36965702
-68992534
-10999186
680857
-24075826
-32759431
67917636
39350798
-53518036
-61799700
-74910614
3290709
-57847665
29186389
-66286383
92025844
-58025000
-59782396
-71260386
-33243455
6637181
-46544559
-24823493
27637701
-13196949
47917102
-96356235
-31294530
24925863
52213723
75716549
56245434
-20657188
-12857378
-80011008
-39591931
-38348569
-1455747
-78502136
7709959
34826367
-88373689
59069558
76934321
54792058
-73711753
-95122534
94495185
76800888
85748545