67817608
20477879
25622395
30985495
-52529498
-98478788
50219968
-56503278
58021787
33586937
41974279
65814021
68488858
49075757
-6752671
-98898487
36532545
31830785
-83494938
-32362181
-5922561
-23314910
-95239239
33921217
37559189
-62413153
57531406
13276736
-35197235
-46362015
-52898669
-85858578
15755870
-6361449
82223767
-73694567
-17778804
-94955369
-29187193
-38417475
-67237174
14144983
17429529
-9583655
59320824
-76936901
80755993
-31229831
-13370916
65331007
-23464374
54911445
23659853
-85503497
61850058
-52374900
43417467
15835455
1038065
42722154
-57825171
51479412
-9691987
53146022
18400372
-26132086
80825708
67162749
-96299790
-92658139
-16061667
44729526
24751232
48784687
-52390780
-62736295
14264365
59308246
-34147947
-71377245
-94964622
-41333020
55608409
-60964418
-50261546
65960189
-60922916
99092687
-68360720
-18629207
35766088
90021364
-97288857
49409745
-84567747
-80112710
-42292996
-11608368
78337814
-47170489
-40165813
9840392
-43533200
16249384
-6794526
-19727969
31985399
-92134354
-23705863
48588978
-79901055
-25252031
51242877
-98223141
-92526089
-8475080
65434643
77017629
-74104941
22014018
-37821490
13629127
-80881635
-98357727
48219001
-50344111
-18029973
-35078948
60918148
61802163
82052628
43996271
-24191915
33507422
21208552
42359779
10670008
68050106
26705331
72162867
79273415
-11954342
17536163
79619144
21702328
-45611030
37596303
61590525
65673895
-44629969
-49870609
-45349717
-93962830
12152743
-27528557
28995016
-75362300
2166964
4968285
72972990
49457660
-32007582
99439520
78332317
-64854861
72501806
-10076660
-89882549
-94860228
93050831
-99806747
-53276776
12615805
8003630
91396624
60399455
-62109728
-44197183
-58846293
89321147
51672828
-64317043
64955982
59648939
16565074
-91322991
-21732426
-63348908
-23501102
-95015253
12063721
1631706
-29767969
96767272
30589074
-50204866
-46208309
-85879302
-43104609
16221166
-58262572
82635834
1713156
76569569
69678857
-94575653
91567239
-19950152
-56691811
-31292382
64825782
-91064571
-61945620
51361225
-37410842
-71312700
30345999
-38794030
-58555265
75014339
85149008
10099110
68591490
89415353
78918733
-3558211
-90922830
4545766
17119962
-77865019
-66062718
82090726
-26230337
63490659
38015814
44899396
97430957
-47423653
74811351
18029085
53501153
-13433636
69659232
71807109
78067971
-30347232
-39401662
81047844
4436957
26946871
-65935198
87957292
76429068
94016509
-58936371
97074911
980084
-77824356
29814585
55214576
-85410450
26113840
80813619
58106039
-22029196
-4340454
-45484220
-14083617
11161067
80954354
24994504
71713284
73369541
-31762621
82206671
99252249
87520758
-81823751
3857884
-99268464
17714704
-65713369
-70331437
-15943600
65859278
95275709
-9625842
-54117676
22117533
-46669727
52299057
-58113823
22360057
-59152945
8135528
-93324898
7448591
98685864
-7216451
33408660
-58835495
26378958
75936115
-77712459
72126396
44283498
4209507
-91277239
-92447904
77359154
132100
56633953
91399766
42684343
-2577571
61954569
-23714729
-4721743
-10777591
-94348184
35329514
-63205867
-36396819
-22328320
31188671
60397092
-72656589
-12628179
-47420199
72822486
12646469
-81981335
37147059
-87139908
18359052
35601627
-19059883
76436182
70930735
68629425
80684808
-67665505
-25191985
28952103
70581858
-57684066
71437969
-39483936
-21606182
-59889730
-8760706
7911883
72080007
-92107544
-41753136
5765468
-75192765
-970531
58511189
-91846229
-61237093
-86087657
-14291055
6219360
-56307795
-55410599
-7330596
-52637822
36413005
36652154
-12265176
-46276477
-75612318
59718904
38514297
-66855969
-10774258
36507132
-84868970
-11668464
-18952416
-71574578
-94107310
-81236995
71953764
25266643
29188801
-30536217
-26520855
-48201802
-36792548
93571351
-20859883
86199498
73458956
16174403
-24229364
-83545093
84121210
91819924
-14921451
-94457777
21159235
96720152
-5070771
99743276
43191804
-37565153
-41684960
-71055141
18395723
-92023490
58139228
90153951
-39001401
-95602509
-98543846
86765843
-96965179
5588131
-78806104
36336885
84515207
39725417
-29051845
2921403
36082272
47779460
47296833
97591004
58635671
-97795183
38264933
-98334525
-39342934
-63194980
-83881513
-12534911
1370618
26736419
-97588408
-58931501
-16295787
-26237483
96218306
21568096
43821606
-25842369
36321223
-14760570
-17792616
-36050495
79323510
-73167527
70571470
-40297214
-25001329
-27384752
-49102025
-23609075
11980893
-4574849
79197277
41728439
-45382300
52233284
-15439637
-27609554
-27686435
30452246
-94367680
93905306
61745841
-95398526
21244900
-14791197
43611790
34145120
-75665367
21020170
94082342
74143553
-74172935
58939192
33852117
-16796362
-12123011
49193721
-80910253
-86425463
-23918216
-80135012
-76079493
-24102006
-10140628
83248198
-97918140
-63731004
88107182
30797134
42590988
1425232
55294306
16652318
21049903
7113979
9902867
-1072426
79544871
45987004
-53758917
-73652597
68601696
-28894970
-92773329
-54126833
-99043418
-79854815
82960850
-59013199
51044066
-42675351
-85954831
-37104606
65842741
-74172982
-81723122
-43447164
91894436
-40218751
-79964899
54654368
-30799744
56185495
68149265
-76253988
78525109
40516983
52329937
56490522
17051302
8616093
1371216
-68501972
43249354
-42613128
11906248
24551153
33394928
-11541915
12697187
-84739339
66138611
-27173258
69540741
-28142782
15645630
77189036
68885859
-8967944
-8831009
5483792
19314023
28795564
-93926936
-74064969
13893377
-13221571
38030847
-97368512
10337688
-41272417
59060307
27466649
-48746564
-11203291
46372250
-51545604
-18359417
20660250
40940008
82163589
58551333
-39668974
12267900
-52856232
16311452
-99796369
-93505087
78195861
-71303294
-28855045
-323450
16785373
-76452836
-13789981
28562213
86322215
-30646218
-65509021
-67556643
13291914
-74122797
44642518
98573295
89170620
35659694
-33687401
-59373339
42591517
-42983849
28343757
13723652
75620976
41085582
-2450733
-64908546
43078701
-76077175
41738595
-92890575
-81315404
-36631318
-3218015
90022013
-59229673
-25411168
14485090
19929125
-7348287
-96470957
-39790052
-70017081
7616097
-90507951
49713248
-17649588
63212513
65616537
-96914851
-35491815
-389597
15921776
-94414209
79823802
98136028
90077354
35769813
82811241
-4341794
-12200326
-91465363
-69833681
6109160
-80415792
-78205547
-29577287
-75608970
39355577
-22583728
-27682365
73079539
-65258263
-99561973
62233153
-81017686
88418092
12723524
-90360586
-54937497
86633859
-57246646
-2567704
26860659
-63860066
73526914
-71096054
-61922421
-44430267
72786221
14089022
-51153877
35724565
-68427806
79244045
16453297
-70221549
84072914
-91593245
-60960367
-14243243
72474940
-14632145
85684336
-64218014
-5364246
-66031881
-39586244
-58635779
6245027
-25850138
-42958093
44016675
98383591
-40689529
63922294
23585400
27463620
-47168769
-92686849
-54795881
14175711
8017150
-75309869
30505997
-13527158
58231992
-73774663
-36372422
59531750
31023781
857129
41290050
30899255
-10873314
45698409
44201079
-88592140
-28084097
-71415634
-94110530
-354270
99897353
94194178
-24882513
44861237
-85324111
-64510039
595501
67481367
30782816
-88475980
74090545
7900033
-75392693
-52925925
90060081
-76810131
10008878
-37315198
35940735
-99652148
53662426
-15479678
60360799
-65130163
-42899734
-30150981
-53733084
39604675
-17793996
-67185692
65085003
-26048236
86833229
92065005
-52307209
-33102410
-59272381
30863593
-17539925
90081180
42467265
76091280
71565734
-71266561
-67029610
-67096012
-42939963
50300682
30310656
-447065
-58553935
25642997
12818161
-33881121
-93389046
-27437936
-9361600
88796699
-86732346
60909525
80833861
-10778450
-99096332
64860141
-27592323
55404832
60699466
53734896
-59976861
14209179
-38092505
91549958
71731287
59083294
-58122653
95558319
-43319149
-70442711
5157276
-26760187
-19854500
-678350
-60917225
-89058953
30395287
-58751004
88037292
-70785968
-88575390
-80809726
10993604
-91094604
51666749
57197664
63647112
25340869
28185003
-25000645
-57333559
-37339239
-16997464
89604152
-1573578
-97408037
-64436037
-80380346
97431437
-47744328
-557688
98073026
26141857
97264340
-57674059
-82842849
51969913
26878811
85359241
22738837
-25464436
-22971990
2437708
93022892
-54522967
64551264
-13615370
36752156
63173942
-13358450
-2892348
-36930867
-80447404
-63376939
35612222
27929536
4730004
-88611589
97649672
93337221
-20188654
-61870779
51769905
77779775
73760141
2672684
-84738035
87141451
44529373
-25910768
16977439
95160277
73989666
-66732765
-35124232
-84749721
16777619
-51715463
-81936821
-9921862
17828815
-12386533
1778264
91846372
-56703216
83669293
-65099509
39086114
28712623
-4269156
44992931
64790561
-7395450
20152125
57493006
-78363961
7611100
40802067
-58416404
-65860189
13812363
9277863
7451637
-83493045
-6229526
92112968
40095402
26570216
-31131148
53015019
-36364702
93319123
-76286700
36688451
45905360
95213534
39481232
71129552
-59960403
63249611
-90991113
77028186
-50700539
-30426162
-44711543
55569671
71885187
-51708003
-17257421
-41520719
14907835
29841466
-57045653
-12942279
70145840
-17056857
-59606730
64856347
-81632996
75690858
80294423
-67895550
-4580335
62184031
-15892532
31169463
-69687086
75469186
-97824917
-95105570
43357935
-45098821
65694469
16859391
39105537
90038889
74392327
37350607
47751541
93946218
-59159288
-21291785
41065918
15333399
-23394301
-52695460
-36747810
76821919
62755946
-32342051
1639166
-52585528
56061294
56940825
29724047
48530654
-54411951
-33681565
25745217
-8720942
18378061
49444659
-81314817
-59422843
18960686
13221143
-20998285
-17277611
-40945552
18831838
-97251932
-19782702
54053608
92979833
39839276
83788690
64438972
80295522
-86749723
98914382
-96112023
-15660105
53421441
-24929830
57475156
31195645
-78536107
87225758
-91309145
40146492
-38981570
-82812973
54951740
40095281
-69519432
50954503
-68338705
97853595
-19628080
40094832
-10173744
-10395810
28040322
-60637918
47140629
35976597
97710351
-75334380
-81840001
-58823061
12133133
53863698
-75603543
88208967
-40269858
79090142
749761
25788683
70223598
-3146100
55703166
-13520655
-33459714
-34752483
1678429
34000805
31315424
-39886124
35108351
73967198
68460750
45230907
42188673
65824834
-57027218
-91840843
60737822
-62784106
5198729
63740366
80410620
-69021273
-55148266
19217888
-21318210
-68660485
-51025020
11543262
-37761108
-51240298
71361715
33335832
91332274
-68512876
-71020915
80747839
79312533
75501887
-84423560
-34852222
16717375
92977749
-7323390
60395183
-27739859
-69773759
70419330
45207743
-49150435
62710626
89753130
-60353381
-96295424
83205078
-13743487
16805361
-55585454
82969191
68796974
24320762
-96501768
19098832
15206501
56590172
158293
-39192683
76718060
98132884
-23481358
-55184068
20885882
47498335
-94469754
-89210109
867476
-71240411
95866173
3448233
37779539
-70956660
22903856
-1210339
91521415
68507679
-82577430
-59550541
-16357763
31047229
-62977787
80891956
-99359585
91889392
-65902569
-14639822
-39529092
50002671
-28313238
32006452
31499291
-70756039
61417085
-13015982
-10905240
58334891
56746880
38230726
90737323
92982083
75051707
-21642117
60790007
-810203
-43853699
62260009
-49063338
56259554
30094597
15973059
4757960
25964692
56146179
26334165
-85399563
-40286287
-33922686
31022602
-78344940
97830808
-91343023
-81283346
-26077565
-55277393
3735466
18737751
-23329165
82681627
95022353
83607805
75990068
-44679260
-94969771
-98431618
-91312531
-23024003
-77722878
-51608479
-45163475
-33645876
-30254740
-75166392
-57051881
-75659205
70683617
-1024393
65331767
57773175
-22913769
-71986829
-78757650
77758644
11043023
-42836149
-93416911
-6152183
91869249
30829973
-7149956
-36464297
91905380
-68739063
-66818839
40178612
-4678021
60619038
75074499
-60757050
17418652
5693512
-81120696
35533119
-95567512
-99332861
75957610
-48809307
60283559
-86572941
-14933327
-71755069
-22524089
-30699788
-65174893
72271092
-19066517
-30202357
-52860393
65729228
18064439
-4978917
-48461133
-16406907
-12543138
-4217822
38070589
34526035
48643754
79679148
-27321484
-40336557
-38017225
60856903
67240624
-83781288
-64252520
-99722932
-48863422
-12876083
-84254864
-84693267
43069706
-62207926
30364895
-80050492
-65433351
62244217
85973561
50547258
-85035337
77500048
-31438091
-78723779
-13944437
65502522
78972225
-78793519
-97073178
-97107301
75470687
90978852
40464076
-84003857
8355556
-84245013
27288943
-25430762
-88779357
15419252
-67337055
17104620
-57812873
39693643
-29076054
18368877
-44313164
61827707
46870876
-67033463
-51709201
62556391
-42664788
45245258
-32488383
26050394
42229028
-44602841
-92676372
-83224221
-27766930
92683347
33396621
-54019682
-54340996
-35219466
41294928
96256118
17436695
61921057
-78251611
-10630291
57093578
-71065046
23436928
-97421557
91863400
-45267766
-2232718
-88686193
72140875
16364516
-67102564
-68377168
10653384
-15246359
93123003
-48348213
-20903184
-17217671
-43967866
-14326412
-20797337
6790047
59950572
-62124699
-86128124
85781773
45225780
94379592
58525666
73115636
38025421
-84014325
16641376
34040578
-61924049
19600960
87520076
-47273681
-46512905
-11280655
-89312955
26386532
-96495624
71478150
81493982
8633405
64392772
-48582891
-22174253
-79368463
-24256968
83995320
-47481456
22371327
19284890
17561115
63238819
99516112
53415423
43906643
-9246410
-49479600
-60539336
83270472
31142923
1856723
-62773531
-77512695
-85345202
-14968019
-82778089
-72985197
-67176080
40732053
-98670006
-41200119
-28085730
88100901
-20542213
10110326
-72278305
38779384
48231720
-5890186
68104306
87811040
-88612807
-18657098
83326682
36624554
67252920
76432742
99172509
8511514
-76772951
66599145
51770936
63795194
4404071
-68818993
78018122
-751713
-14638619
-88172312
-77095205
98505879
-71156368
45772629
30557487
72204867
52650594
-8058557
-56798437
18649214
79552691
81542733
29909586
36575435
12315638
51304233
9793818
30974761
-35881106
-64152296
67755611
63989418
98747359
-55115396
-70949816
-38933025
-50943073
84455206
35755247
-10174499
-34370100
-76566898
29127927
80435226
99372055
-68817521
95919989
-87337000
-34218368
9891390
76071034
70635545
11989291
50481203
-7693635
-5183243
49246991
54100275
-22462163
-13025719
-12581292
-98254833
51988990
-9823242
8765300
-65618883
93105443
-82258804
91578649
-98985586
66395827
-55734718
-48644381
8673408
80339150
-89645869
14033545
10782785
77263231
-88922302
8038112
-33579054
41569875
64076074
45499269
-53171719
-12577418
-79199460
17485765
-20885250
1496419
-42568538
-98401004
-75530234
-61533759
-82299921
77544819
-62180162
-93872162
-81661932
85535601
82151191
-80941964
-92750525
38431691
71071426
75614996
-61935514
21300591
-13327265
31509245
-22060298
45565184
76472009
49276943
61095393
-28470600
33435159
89559412
23731168
53926881
10230856
49644176
60664752
-63294555
81267590
29674492
9461784
40421054
73769513
-69236597
-12766906
874116
17947134
40618182
67545587
-90352903
-49224694
24111596
93053466
-60258136
-1772274
50142540
-45397229
-6141402
95381176
84553522
-6187009
15936058
25046247
-63191509
52245674
-35469402
-41865996
-14964796
9833242
25457778
-44737365
-43552750
-53559737
34577397
-74860117
76164767
-79992612
64072821
-78358016
-65961861
84888937
55742529
-73091901
12409270
-9879597
-9431869
-99739614
-37629621
-12273852
38443570
39035595
-26864029
-86426422
26648299
-26073389
60313762
-3023811
44886539
-45378595
42625882
-26305028
-40424643
-53201163
-97200142
-14179560
67698010
52856305
-85624181
-53934920
-59733217
-28299596
82979886
-25406043
-62719149
-53768243
-57064479
-27939922
50127265
-38747199
-30094214
32916121
77318088
54412795
58137432
-37892030
-84390413
16847080
-19583162
43994748
-17146613
41085462
85928340
-52149047
-58792725
95828196
-82502605
-28772664
37616757
25653873
-1658059
17227917
10586977
19678637
-28587766
-86578415
-36832861
-24779686
28302995
61532428
6111082
-72768562
-97142801
37126281
16568386
-57069635
94523508
45205429
5160164
-39797572
98540702
-48733763
-99772259
66034172
-127029
85965549
56493385
45441492
-20083624
15124814
-80141797
82800568
-36245686
-48284855
-32762154
-60540929
10810912
-13778731
77817537
-80490697
58034501
-66883960
45873238
45076964
-14364681
25952027
-32529391
83683397
-28227418
-32357722
-92906187
87963457
-80169707
51448204
-9755345
-28267353
-95028827
61692528
-31692508
-28059399
83556197
69109970
-84693108
-4550876
-78212123
-3666951
-76168751
-77607405
-73805532
-23097281
25178549
-37347505
38857590
28897950
55037661
61913707
82829816
-83526460
93127969
95401215
53746053
-10724860
-51645157
92986745
33992803
85468348
-66966291
36767501
-94797409
-22770413
14254375
45523635
72010164
92019067
1721777
85538911
77903826
96232518
-99727588
-30817501
-83921841
96946258
-5424417
80341852
-87603792
-88799519
-21628949
38913655
27799482
26369047
-96975254
47395108
79937461
-55021187
59063217
42509726
60129286
-83663305
-18150164
86752978
35197940
50037591
-94353437
-87726580
34710144
-96140657
-21865191
-69834835
33365534
28293930
22280631
67207297
-49046846
-45926641
91652978
89579767
-75496764
-49554552
54703789
44509131
2151558
-99537167
-76622961
65660356
-71439525
-24395574
6432745
-17326312
-69618088
-86200591
26159430
9927445
-83789
37430242
-24781280
50258831
33596476
21836040
54777025
-7234483
96837458
-4197072
-12983510
38055002
-86328630
73914770
44879228
89714556
-86443150
-74029294
-92648564
53157743
4116055
-65526896
40156335
61369550
-89494734
43687472
14685342
57398879
-57139538
-12520966
-4108759
24127908
9772853
3254931
-68174623
-60712127
-4710949
-69023150
13272713
-42497915
12464845
48574919
-92118284
21094300
84894573
43537914
17535090
-15165792
-87719693
-51864832
-5758798
44451875
92203245
-66610535
-81910576
61396315
-10731678
-6233720
-9911180
-91848881
-76338427
-49863274
-53883161
-32321888
-93811187
-58945573
-64068866
-22077524
-89119629
86073298
-50476066
-24049027
78018084
88995572
-75924137
17712671
-32425633
-16055354
-9332282
-48019993
89869187
-57349804
-80428434
39143796
-70659958
-22753517
-52340488
-1645424
30460666
31781230
65598462
-70015333
51232329
3083816
-28597224
8150899
81987282
37319598
-70490673
-28060778
26717874
59109930
-47089762
-97600188
-91859837
22410219
51085093
40914402
99185703
-49896388
37786918
57267420
2637212
33682079
64362932
-10355576
-31606508
60738850
-14066286
-53638167
55684625
53970828
16801314
-84018641
61480823
54922287
-72164438
-29142178
56720334
-98956281
6551701
72243776
21919840
-78471590
-36794718
-479288
33047524
-52781991
-60475042
-75823653
-25257036
-49820341
70228628
610351
-61171808
8112138
8268510
84725335
78450717
87172920
34267040
-36931884
-38620331
-29084212
70849659
11459921
60001690
66733266
47877288
-21893695
-76345362
-17952089
-94852565
19853567
1386327
-1083206
-59919256
-31453525
89683938
-927055
79710530
21102365
15400846
-17491042
56178314
94805998
46201100
-96172353
-44465193
30293644
35747832
-78100891
46636334
-73153977
59947597
15508642
1771866
-22180018
96486253
88955854
-75619392
95606362
-28113734
-24809819
65445979
27141614
86196141
81671007
61772994
-11199347
43445222
-95910179
-40139064
-68263642
-96530677
24489158
-27981899
97561495
87778305
2587340
80783455
80758091
-97582602
89010492
-43583605
-50462713
40384232
11181677
62489890
-57910282
64705431
79749643
44098648
-46252237
19710091
40471675
72440210
76653345
68147979
89245536
-49978442
-30735603
16508111
4028731
66015618
-52932194
-59230104
-33959802
36359972
-75163401
-72614463
-86009067
-61737576
45074299
-54578319
-32805780
333733
-50471117
-13407054
-21502559
64631548
-94728709
-36946546
30647280
13083927
38054072
7991554
68891992
60609248
-25392734
98700563
54155451
-18802645
-7062857
79194489
-75397
94343565
-90512596
-57702953
-85561122
87634911
20673353
-98545531
25759520
-68733255
61854450
57537889
13011443
52780486
5582019
33908865
62758591
43576788
10678273
88617305
91841155
78779462
70216647
-25735883
32322109
-8355466
17597314
85603605
30133949
-82575407
29762369
48800538
-47297642
-98879546
63313993
-67811835
-7367154
-67389883
-87680514
-65794590
-70647098
-97898849
-15611285
-76590339
5243202
-98126916
-57947002
-20229354
76618890
81128475
70967416
31085473
-41278579
-16059124
5538692
6215826
29217999
-42711733
66412023
-91805628
-23139976
-32264580
3307238
-3832275
9590605
55630340
-40688224
-48115324
49782367
-49758593
77831543
43219206
-6845153
-37227493
66630358
-95422953
-29336525
17574286
-84795744
-11110559
76434988
20630310
-15684216
-19428163
59016238
42142723
466004
-80495257
-14575436
-42703382
-61569569
78768778
28632719
13712843
-16281282
40865642
-77062127
27105137
-3325043
88097567
71197275
-26589143
44422758
-7076
67842324
-55120879
-99932880
74849745
53969719
-71821570
77091560
-75675137
-31301097
-25633233
-48301372
-3661209
35302971
-63660877
-13110342
14733226
-35566977
98395079
8936428
49574652
99463202
14560186
-3007568
-2758578
6446906
83226748
-60232206
30511164
69451232
-59372902
-55617338
8619134
40374783
-74501094
76388089
35179966
7964605
-93532209
-7755380
3899047
95378055
61024385
-24687843
87948276
55543998
-73801641
-18009032
-74097782
-13134877
-66888125
27151362
67721952
-69816385
54443975
88405502
36509269
-83063885
-21769074
88418252
43770342
81300198
13907074
11297868
-31880499
-83345600
-65421405
-54379425
-3898212
-55727097
-57212678
-70053626
93779250
8992663
-10026222
94287320
-84871986
-34232929
-39678016
38566752
31375675
42345813
-34916360
35458119
-14492488
-65777307
-2269053
64656415
3110302
60360859
-82985665
-6033107
83282254
25974814
-78635693
94969785
-64779374
-43587101
61746442
-48787014
66751083
-82178139
-78590196
695744
68275016
45834423
-63735377
-7402203
-44551528
-20212577
-11142884
67984277
-12970246
-19062202
-31472966
-33468336
-25852100
50830341
40540897
-54050755
-36356232
89092935
70291105
-22482189
87785750
97061849
40595530
5070953
-33719929
8862377
58536405
5999675
92089025
-84476167
-99514332
-9099561
32358751
42029425
-97413661
52640327
84608897
-10163855
79027692
-34010204
71734884
-65235544
35669816
36343551
-66100545
3648209
-27526939
93952372
15867732
-24193344
25446007
70662009
26979900
76721376
77777433
-81380182
-47715225
68583375
-29375677
82399910
-40079362
44078436
21574485
-24897549
37264637
-93358748
9115643
-93341451
-77633349
6719898
3271327
-54319405
-41308123
-43767284
21303326
-83709407
47132890
56970509
15469469
33412714
-78288417
19183787
-36343796
-45337434
-92050379
-31342358
97324558
-59362628
-74828014
163028
59910658
59608650
-52609820
26234695
-81998523
-45967400
90591584
39194440
-49567425
-17891001
-46533160
6228232
-93099219
39576229
52882599
8917553
-64341035
-58311503
-39151315
95379347
80568036
90800661
71503796
66538047
62841117
10524351
34749397
-88484794
69597115
-98255480
50670265
31004374
17173524
-4248193
-53847623
78095321
-10921133
40008695
24919192
-30213001
-21712092
27984851
27250914
45883352
-71030294
-47989874
-67842732
42070190
17736082
27562280
96286383
-22842833
-94068496
-79969751
-15388096
1397741
-89458754
-19157978
-24160825
-17440534
66149237
42522859
-8464534
66420702
-831921
78119162
-41305999
-83313804
-42851165
41359066
18372525
-47323288
-2130987
-91774255
86687144
-84414686
69715958
-35489301
66901527
82642432
-52233624
38847656
92485201
-68330992
-22800825
14559731
-78926563
20611330
-88236044
-51618190
-70768865
-96244885
-11476448
-77018872
49306713
-84816507
6745241
59245176
71244283
75354591
-40984039
-87647078
56031220
-31649083
-27296742
33036155
-76159751
-93802518
-90182550
81122902
17488119
86103369
80086308
-15056381
97485997
-80176492
17939242
-24544146
1711036
14215401
8134728
-73007069
57906276
49407419
58495421
58929661
49353570
2275098
69870448
-25934079
-59501402
-5992674
-36620334
7555260
-65733592
-85263417
-9700698
35297233
-50865353
-32604091
-28121802
-54440166
-43099661
-45609895
46542786
-70029687
78041436
64623841
18766613
-72394032
1041870
-10421335
692464
-63903801
85371398
9181484
4835165
31713711
26608013
1290285
-61697770
-69878516
-57503659
75803508
49982881
50109681
32122290
24274682
-45182508
18806823
-9449646
97757197
10312390
-62367488
20929219
53474109
-69380835
-50639371
-22264102
-32322577
-42380604
-17703309
-35933454
-12622868
-75948966
49536396
48651625
49529152
-83183600
10657698
-11887472
-72356022
19690238
-88701167
93898750
-79662089
-93206044
4498794
13567348
-97560669
-56966492
-43961640
47831711
-10347906
50072245
-65024176
-44524731
28012744
66045830
-26852665
97045512
12755074
6604444
-25054854
-56567936
86854837
-91030080
-63881295
18846107
17793673
63814864
-10812891
99727923
-59014751
90758641
58185941
-70088088
52928496
-83611337
-88335128
-35352427
-50638394
-73133357
43434834
-49392746
92853544
26753576
-15287126
-46329585
-88398275
1928823
87772040
-2525964
78146006
21587707
-45845804
77308352
39233753
83291466
89665579
-24108167
29462947
91870221
8165503
-37982392
66421603
-34149856
-98612804
68840385
79664203
-80416933
58388980
57921694
80258723
-95531884
40399649
-79558626
-44597671
84835670
-22673409
-98835673
18340512
12697004
37833119
84430170
-29205860
39506769
-17007183
-7153283
-62925176
49148983
38257502
-10664172
57024448
50288024
80997618
-47179843
-87414032
-67118375
29478895
-62665173
-39625134
-91996221
-7776063
84851944
21621296
53283060
-49550670
82260653
-70499261
68491332
-92830922
37029786
12314002
95954317
-9355539
97811705
83322187
89451042
18948349
50285167
-66169569
-67684144
5971118
-71347941
-61544431
4471576
51052969
-68392409
66592846
39293067
35818910
-50166752
-11003458
-516362
-56787786
-51756379
61241662
54036553
60885333
33118521
-34335989
-81285836
9611180
-45107228
-1255800
-48307915
-72200891
-43934949
14052533
-35218109
-49730801
72960311
86507619
-99004890
94194023
-20848644
73664853
45444029
-13829200
-20978133
91915496
57985450
47991635
-59626413
-90904458
51226131
-37318663
13808044
88987083
85533495
59567009
27541830
-93510292
62624805
67191132
-20650012
-31501820
30947285
86417335
74411197
98083873
-2306174
-14133805
-6448
-92410671
-94153044
89779107
-27068938
77363961
-66356788
-67353351
86470155
6100648
92947065
-47341249
-81161335
71560374
-77768799
-13820517
74702193
71017255
11307578
35466854
-6971824
25772156
70882621
-27691450
-53805147
612399
-82410292
-40941055
46738441
-49811726
67109854
-99437671
-72045827
-21190578
-50182212
-2822932
-97801423
-75751697
693441
84749039
-67626584
-89887531
-1633810
-34601722
4227981
-21123886
49965524
-81074333
16432453
-76054522
21992442
30656396
8135833
-14331082
-31532057
-25204835
9114629
11428165
30968908
57950462
82294489
61601321
41670218
-41859662
-27456935
-25887200
90417935
-69336339
69976069
78530880
-54677572
11298717
-88337988
69841892
4169706
-88437138
-83345338
-6799381
-86012821
-52032417
-27123225
92557882
-58508360
65719732
-28442510
2527567
-83371125
20973625
4620320
-38125437
-74293458
66148359
-35422555
74628
11031372
-53032418
-55851307
-69301683
-34025878
89161869
-54863892
16966964
54903274
78514081
51877221
43752722
-42308889
-2818173
-11523976
35771551
42559364
91219762
86825610
6831448
-18300992
21225618
11786539
-89447099
80564799
37789886
68695564
81739124
53566545
-70169842
87656360
95209356
31100525
-87512205
40663549
32996734
66513949
49740149
-37571136
13956461
-35477808
-38827890
-25498522
37112954
83364369
27673724
-39967754
70512122
-72215524
7339563
-88540121
73744500
-13986431
93368717
92545392
98705905
96772736
65867065
-86549751
-57863487
-10209330
-60403456
-34784328
1027674
25291393
82443957
-20044904
15742972
-47567770
9490262
29653175
1023601
92309110
34877556
6357966
9466580
8772086
-95110432
2943973
-17900987
42072520
26557825
94959733
-72747004
-17601495
-20144851
-22047218
-70896499
35831579
41068477
-58566017
-20375033
-33983015
-26546046
-68000471
86163330
-14247175
-23808086
45340163
-56825140
51963700
-99274964
47399468
97056621
-29378773
67275035
87386531
35572276
-24526047
-40996012
-56350789
-37827149
-64608917
99569219
94671796
85525962
47350797
-35956042
-30875369
-82835932
18882339
43263251
-42709427
-37979936
77285977
15243585
-82825105
89695645
59591249
-37823904
-75627663
65610452
-42709309
-12778248
50820078
15981131
76281370
59183983
-93600580
86702764
72606933
-82039473
77855730
8139704
58228305
6162709
54843327
93604893
-19737989
-20588904
17310154
-48084740
61880530
15567901
77782577
49704071
10947044
34199763
86428562
59986595
95673454
39208500
85809453
96284214
-93433693
12352791
-13237988
45081431
-82212486
-39466577
-50091451
-21511263
72104275
-37209983
-77708144
80537440
-12885765
96574805
-17295688
32824238
-71027161
99120618
91116517
-400011
31927988
-42825702
30662583
-2763910
-98541916
-5002585
-43514114
71775378
-91666460
40618629
6288302
99319847
38066513
-54636702
-54623936
19241791
64248127
59823394
-96116744
-45905661
-57123930
59859616
34420907
83173910
-18017754
-81446043
-57817795
15221635
-99034767
80580275
-61149840
-39306763
22512039
2780375
87446881
-15573418
18021947
25648879
79067703
-74272644
-52555332
17875484
-15337174
-46240030
25024061
27037994
11134705
56948484
-8088716
-6944211
59436523
96168041
-71964209
71183690
53696840
-78851948
73768898
-12155687
-62349979
-70301264
96034209
-8932414
14576046
-94995067
66167055
-1389254
79043873
9810406
79397835
-5449075
65841121
-23278546
-82382264
23835022
-84702494
-69838080
-36346499
42617390
-63858350
-35951265
-8317467
92266194
-89361509
-99810186
9117784
-72970259
-67840789
-1254388
80359778
85679550
-62856625
-89326683
-29682103
-59212496
-80124236
-45311505
84991642
-87261516
65235992
62333269
12555700
-82902353
21068278
-18116445
-24031197
77162791
-70473066
-44934973
46789564
44635073
37076905
-32616105
-45260111
-8388605
69573896
70411943
77675434
63673976
-7537198
99274938
-89077662
24389036
-53352399
-16259621
-26552153
55732021
97835603
96179766
9984018
-72591381
34872494
12655686
-76079255
-33907452
94734881
-70883481
40517011
-17513817
73576548
-39790432
-88886741
91995014
-88531158
-62560865
-77303840
72969579
35668484
-9145951
98658827
-47064264
53222590
58534027
17702008
-53694016
-36536231
31816764
-6939063
13831104
-74773802
-2553340
31164588
-1761963
82977641
-22809614
82280289
22283774
-90027675
-73792857
-81522537
-92806063
10908100
-45962496
-43218305
8332894
93293422
17026033
90529965
454540
49012388
-74615627
38916919
2491520
61229685
-52722468
63260934
64386065
87783131
-17822801
26500642
43455429
32655132
-83708684
37334300
-35126504
7781366
22178589
59991714
28774400
14840028
59583944
39842762
-33602836
-31363739
-37678228
-48018900
84385534
9948429
15388461
33234543
37669079
-68667364
77627990
88611622
-75949308
-39519699
-68926208
-84511969
-88547660
43593918
66456071
72118478
-71597021
60466482
-18023440
-98058244
19763686
-99890218
-89013808
89299766
94779212
-96863529
-83118809
41679484
65561357
-67896346
-51593141
-45652217
-68201749
-93878927
-98432735
88157117
45554941
-15955522
83045666
60740764
66634936
36344652
-96645656
-71440796
-65790605
97325628
-79885590
-64875755
-60555390
84660638
-76179363
19246599
-66951743
95157849
19252317
-32799158
41518623
73743363
-19800826
67675586
-78176280
63252641
46866958
-1210579
28964315
-76611429
70365098
58736512
59193984
-49396113
59580369
-57694126
-58987740
58928485
-6547770
-70824469
73993238
-18526484
95268152
65782872
85126275
47247185
39880319
-96721789
-63987540
42479625
17718967
83077299
24779466
7988433
48033613
-6749777
-4017075
-61973531
56169370
-43616686
26080782
-85394320
83113706
44274912
47487170
51445301
-63035076
80823950
87957095
-7735952
26263034
-68243790
-31546893
-55426388
-93991664
15673914
74580627
-80199024
59056451
52732169
-91532938
-44895092
-79282768
-91853094
-76863784
-59644929
-30275593
-43529491
-38261821
-90062773
21019049
-93493405
50610406
25010791
88040049
28205688
6911980
86690905
77176847
-81266986
99916482
5752847
-76199599
45474526
-96831553
-44743955
73423020
-96630016
-95246810
-6650216
79687106
-17665018
-98993110
-53380798
-22586853
67907998
-3733844
-33800725
74394916
-8735519
-92411002
72930908
-32626283
-75351629
-97050755
-58376150
59685995
71189280
75516694
-19282082
36563778
75100757
-37000150
-1124533
48825906
-25777027
-26972495
19185160
-65917597
-5826220
-7313744
-59109001
-48617308
97587862
35227182
-58182532
-24833900
-96197038
16752786
-54851266
32190212
37130456
-89745223
59798484
-77947832
-43594191
-21712593
-85737070
-13429816
75543688
93317355
27186131
-84141221
52388955
89916141
2818911
-57744804
44163117
51149172
-47809783
77901737
16228053
67005969
11188970
98329646
26825795
6331124
-87104285
-96448055
64967671
98084158
-13884488
-32094827
3265412
-98588552
52722608
86291629
21040862
-82167798
35467595
-54870895
52812403
-98769441
-70043924
88030068
-62114119
-84351843
82466589
-70915268
34623261
-95944818
-4727617
-36338189
42744423
-20056857
-4995327
-86224696
57948193
-34965912
-96556442
-77075473
16806631
82021619
9581379
-94040059
22943262
-8856472
-44761244
-98930289
23913510
-28223441
-83028532
-7947586
9915955
-29131970
-54200553
-15360972
85130843
6469551
86577887
57050264
40246743
-19338836
-17392615
321962
5789283
23115904
2079865
-21198712
-37891907
-6294925
-15399922
-74360621
95205785
61497323
-78327753
-38220347
23832319
-18086241
-46253556
43479265
-64144131
-9660231
37211008
3504330
50827445
53337714
93171709
-93251644
77141847
-26614242
56558117
28880228
-59973212
91248598
47444454
-40692736
-56725066
-97621052
95784596
93829888
74477967
16206328
14538623
82374994
54794948
-81373215
27968937
95324015
-7397298
-45559736
91296978
-40156129
-97901317
28907763
-19141844
62813849
66469656
-44093588
-27549267
96690182
-20619271
-96828636
-93272958
-86690339
-84253823
-76138681
59268333
34210830
62059915
18886539
63870463
73647295
-99527198
-91141275
4076772
-56469620
-48094789
-76974589
75627946
52520106
-70652921
29192921
-18140214
22194536
-64925401
-21104457
11189590
42396269
47046524
39620510
7611318
8573824
68115262
-69958366
-68495610
-49467611
18000285
-37134958
83300635
-46160479
-57825415
-79174365
-31738431
-87642081
32351734
64275174
-80808680
39916492
-53227866
-69033439
93058710
-80072528
-7060036
59975068
-65622178
50493301
-42311050
-1274038
33145593
25519940
41185096
-11383299
28371610
81522749
6069865
-79506496
59006589
11717246
43673939
-6739300
-46504309
-57913884
99472752
30691776
50215890
-64426879
-31743693
-30429226
-26926783
-70839906
97204416
69768553
56722041
87912483
-84327990
35238411
-29738832
35889924
-90593196
-65528913
20479222
60753449
21414642
-65475346
-13884403
-16643526
92387516
-50743576
89211569
79253593
35416858
-92514717
-46951814
-18543449
52279839
11411481
-97732164
-27598609
-52277722
1840888
80999480
-55512755
32271365
-51674183
-90756274
82117107
55758901
-78246791
-37076906
36409120
-85008281
-70211543
-77651501
99857962
15124893
60420448
50650939
-27144836
14267461
99773026
-93882834
-46542015
-96107309
-43152166
-21805973
-83989347
-56189921
-10825905
11918210
-55967306
3375610
-22414342
34384599
51029556
35323444
-79150717
17373587
-66527662
-5308133
-49033440
72351000
10367700
35189962
96986744
50505466
-18401992
29246526
85466382
50744770
80031489
-67243909
-1396331
-9251508
-95838413
71420403
44927072
-93418081
35799713
94472255
-29680678
-46918272
77606642
-75526303
48034440
68990939
82173457
-83246617
21760677
37725743
73712258
94889294
-31591326
1554302
-86804412
82746722
33732510
-11096635
14551691
-25844749
21471767
-21575636
-76481173
-96787904
22907677
-76802056
-81977262
34030322
19902877
92661478
-96238447
12385486
-94906632
-75187089
-72521600
-18285872
-54696949
-96440270
-11451240
-29984440
-6072418
-74771618
84305400
-20163153
17721392
6212745
38409672
-88674926
-13244898
37879497
71183468
97752068
-6299408
23744232
-7570557
20019017
-10824182
10578734
-21491439
78383631
15952475
51836275
-6310551
-31911556
-74602470
12131445
-88219274
43078452
95674458
-14890949
-83429489
-75088994
-89218161
18457537
68232700
99118975
-99109517
30463640
76742780
55432967
76519788
-54958840
-56814281
-66795095
77961688
21736731
64775399
30394147
-81622949
27629384
59026658
83362614
62687777
-69146790
-49563772
53450716
41416428
-9308386
95284587
39026271
-42334972
6948914
20721406
-50160169
-60889413
12672926
67387292
54216158
55961668
6920549
24096120
58289487
-84100317
-16459509
37338240
87444519
74072956
33497868
-42918448
-16260186
-2270119
48793100
24724584
-45843691
-36939740
-59737117
-44733451
24479738
-97098241
-10937482
-99428195
90983717
-40365693
-7547571
-56722216
37847986
30698054
-37975840
-81818559
-29562742
98372875
-59153064
-60326615
-64315114
-94885751
33443943
-41584433
68546535
22057528
-30238734
-98637053
-54732269
-97649503
-24228898
76488416
-51797628
96925604
72102592
30819421
-2737157
83612743
66853639
-80562707
-22535426
44754920
-77779749
21419375
-90807601
-77354712
29008223
-77108656
6808596
38420406
-58320058
90358951
50282052
34882429
51237188
-82527832
44102246
-36477841
96617711
98235059
65904190
-86871667
87258408
44740297
45784118
37539075
-57232944
47462982
-48385698
-60581627
-89520146
-30595981
44926060
-74819534
20880411
11412531
-85197947
33889025
12193359
71090122
-52564021
-95839503
-95040598
21423472
72436032
-26440238
-79537491
-91485628
30966293
23168499
-89816676
28729374
-15585184
-65951724
67772243
-97862366
51951145
129214
-88931008
84215986
-87457957
83926038
13803638
97951246
24180686
26340136
28935617
37210903
5545474
-43568191
60084243
9673920
82983491
85514393
-29030522
32305752
74123803
83505571
-24774987
6057923
84400076
-88469086
98685595
-36287996
37364916
-56981477
75005801
-29217492
96725455
91450195
77284258
-84951876
84458338
-46913409
-3592049
-88389095
22589643
64812535
41922627
92591916
-17423526
64882595
30422889
88647390
-35454597
76480876
-3622258
9038914
92112565
-78340110
7201066
68165937
-36755922
-12552393
-753630
-60953185
-94612532
51902891
-12349400
-294775
77624826
49206016
9441651
-92767842
44361282
-13326511
51522373
38463053
29164046
-75183846
86202799
-24424316
82126762
-20186323
-64558592
-29382465
-57572800
-4317943
-17131366
-73265460
-10866639
-23399586
-88421456
29917968
-48292547
83517377
92080824
-2887535
55449904
53831198
-54835269
-58835041
-55888463
54500903
-49843276
-95263187
-14510218
24336612
24416389
-25552194
-18767796
-93714003
-34133517
48608418
-62395150
29460867
-28802677
60752985
53099265
92782351
32139068
-97763230
-93226336
53417616
62868679
-93526981
-67858487
-12228500
-54237799
-91830935
-76192101
-39953935
58235998
33105248
-99052877
-10396173
96084528
-42014420
3196541
-46066183
43854893
-8938202
88661158
84097323
-25326994
13986632
-56254049
45428360
-41084905
-83746006
71393505
-82660846
89707055
75453345
55234390
-26903556
75087517
26453150
-21135155
-83091558
64402780
-62406714
84585539
-86124790
53234047
78144120
-62371598
46012319
-45446091
-19670225
-5629175
52831719
-8606185
39125833
-38867588
81537762
55778858
38051510
14825262
-9023207
20560921
252447
-71978275
86697994
68055526
-39010542
50648268
54282105
76683944
15423818
-27685175
31321058
98504275
-65168543
-40802554
26498550
4437188
94180885
-27088632
-59028816
-82709106
-86246450
-33707856
-81980868
-22809210
-73512503
71860308
-6481862
61273509
-28032083
-57798973
-17092483
76386192
49621716
58761882
59865986
69773996
15750506
71979798
63415229
-15336820
-11596025
-27214135
-110761
-93702418
10476448
-42014787
-12854123
-69782718
-13133069
95345289
73774176
-98191349
40250605
-77849950
34958286
27431807
-20873374
80050019
-68874722
-80007394
-41760991
49643300
43041054
20425188
61348310
78335290
-29264308
-15662256
9525925
50141884
33209145
29330350
62514814
79624310
75766000
-97850020
92717417
68227177
16428924
-99154667
72745949
-34459
43927523
96857866
-85358873
22671047
-30120077
-29037436
78949892
98642651
-2466803
-45490442
88242831
-88044546
90603978
34300867
29313185
66881341
-81538563
89443208
-26791353
-53438927
-69484007
43533705
-45302505
-23552241
-20558306
62434138
4877695
98873289
-32675982
-94785296
98397922
21125823
-92371728
60742287
73104527
18407070
26995795
66715133
-80538875
42573880
85094138
-13871568
-8055271
35696041
97082425
80925963
87744801
66669432
45995519
67116626
42844226
42828065
55418594
29910103
-32732259
-64800005
-33275338
24465811
44454383
-86759434
32776990
83603230
69051924
-18885078
33921480
45072894
-74667025
-46700008
-65987347
1782966
9483605
51893927
14831254
-92728819
42213226
-26035391
-53977911
-66935020
89759358
-9967070
12042086
-998353
-44268774
83210748
-59420850
-4770085
-87410772
-42248898
38815024
-55637843
-23054145
29984712
50806592
68685879
57645784
59578491
50856461
-98509722
-68249962
76768072
69197658
28969126
84257849
-48081293
-61118893
83137372
3364221
-55114545
45812764
-49676901
-46040151
56138185
96770245
-59487500
52007504
-202897
98727268
-36341775
53605874
-91154308
61672559
-55013475
39335114
69192603
7520734
-52801004
97357401
74799020
94945129
98745727
-81991898
-78212555
75618059
27595213
-53101649
71472609
67464363
26495754
37777040
-80436689
10313880
30101007
-59636586
415044
21847392
45477165
71620699
42928667
79422741
49328127
-9184356
93049664
30029484
-83479851
6636189
-4275136
19806342
1835947
-89117185
62036139
9108727
26334042
19263113
-73361456
91386022
75474335
56249267
11755402
-80863342
-94645589
-86469453
-92784796
65086964
40742820
27727246
54364327
-18407947
68611445
-43544131
41120957
55092233
47803289
-34162241
-39813758
-49707519
-79409806
1260807
85341580
13689719
-15014184
15557043
-42597417
20371103
35082457
34792008
16814313
-72981078
21880572
-11484900
-70854901
-67431296
-77539916
-55687090
-12023883
-9107751
60952960
-35843184
59934240
4157273
50652923
54332856
-42567466
-88591186
239062
84522934
17142930
6929266
-5909112
30634117
-80099757
-33820363
-38699704
-67238575
75226274
80018205
56128621
13740299
5027861
-86411445
95797644
-77330610
20266443
74692879
-96473092
3107712
63194560
-11884236
-93224317
-72197910
-51373928
30720266
-18762020
-20682015
-94444691
52113818
-3244461
98537121
-45718677
37939444
6203619
-79453932
7953589
77416457
90389488
22415711
-40283041
-6770108
21546605
76978792
-95931469
61732904
46566464
-96575919
50677754
-34636320
-77527253
76495621
-13184737
64684039
32456562
-8875123
35506925
28055690
-29469698
98311406
36767903
-50270279
-94000016
34062829
14093699
49768773
73576529
-72303111
-50218538
-87598684
-93981603
-12400282
-69664626
-68530344
-70187449
9373084
82129046
52281768
-59246284
-45851433
10941631
44896960
48909918
-67164289
-7963085
5879120
74216513
55653468
-41654206
22152501
86699364
-16857434
13299987
93846074
-50885345
23763302
-15222156
6457236
91703141
-40735971
-80842127
-68434790
38402051
1257717
-96616718
65389632
1841749
47356344
42151486
-70640701
-23224023
13300342
-80099029
62965303
20537842
4292137
-28825112
61905105
-99620349
88786922
-88576246
2341195
9683007
12204743
-47276953
28435494
-37118958
40601704
85612127
34134075
65827735
35161339
36006712
40476412
21463303
-37185215
43267040
74744485
46630646
-11227252
-48980553
29013073
-16726538
-71757508
94211124
-24071315
66021582
24504012
18492202
1655973
26512600
-20528887
-52051152
41798487
-44655777
-1530747
37346863
43948491
74056644
-78187179
-9280048
56890579
-55200351
80656556
68352352
59365848
-54425723
61435759
16649703
-67691837
54249756
-45325833
20030656
-10883971
-15949368
-94506034
-33370178
-67239364
62876293
21692660
-34779658
70670954
37545864
5751521
-99900966
-71319185
-30578432
49231988
-76535862
70798156
3742934
13965353
95812677
-16625325
13629980
-36829803
66395384
-43171533
69733774
-66865283
10594109
-27687427
-90027542
-26265254
89135011
-22276646
32339573
21645682
3129297
-28490421
-24126786
-70087769
-50742130
17897426
-45766819
6118653
-5410307
69971627
17424369
-58463889
11975105
90744504
77247182
-43351725
-13897656
-48707086
61452771
99856040
29590134
-52803351
-51969431
-25929512
-89885645
27531438
96989619
-55153504
-40958808
55885427
-35318887
-25940589
36856258
97928145
-79148948
25129914
-63087015
-92189333
73999017
-57542459
-77608223
64475044
91505918
25921063
49963321
64869310
99221905
84478169
-35618394
-98627528
-9830142
-39907877
-15192313
54185033
73219194
75394661
-72053157
-71840379
14778793
-72585401
-3805884
-83364381
-92714911
59340349
-55746083
15281331
70618319
-99932989
78698334
-84285981
-39104143
-74821486
-50526194
69180806
-56324447
-1007817
-33408198
5587025
-27919352
68937230
-36450220
-96634892
-41243928
-60829248
-37445933
-26171784
-79889729
-42636898
1275085
-38478222
-95187563
59667298
54199061
-85187906
70748409
-97401429
-38887287
-38020007
85640720
-41027067
-33646879
-65797167
86760344
-5888221
-83362445
-78391577
69648233
-77401509
53146651
-47409715
38773454
-67077866
-21142194
-22072437
-41977452
-84391292
12568113
-57565850
-33377966
-43947684
-35226549
97273710
-58124340
-83733590
9565341
-91009503
43013860
5579422
-2168474
-60325380
48161918
-16416155
83766583
-5337663
-26412679
-59203971
-53233027
-2292451
-26820221
-59325505
78557179
78727065
-1841024
96235520
-19162516
-58804172
-29979312
-53507781
-3129385
30724307
29928390
79251404
-3903891
-20413133
60626388
58655527
29641690
43399312
75857020
54664300
93941513
76228166
99931132
-10375199
59685708
-35863083
9986554
-8034131
65560992
-98340913
43431081
-43314945
12587090
-53124581
3649855
-45034756
-33574786
-9905674
-29227208
23119463
84357607
-90050682
-4486916
14452928
35522253
18708764
70573471
50094592
-28445712
36960773
27418539
55405558
-27513662
57472269
43807987
-25400684
72708505
8467613
46854100
86299707
69273628
57801312
63123790
9639749
-72872537
62022331
47345742
-79698439
32869400
54166955
45959885
-80023943
-1820824
19150998
81431522
53244902
61058218
-64281789
82378396
-48877428
-56868232
63076074
14353936
-61329712
-44820063
69451132
28129839
35383449
-72635936
226632
-16529248
-15894904
-94149016
32726105
-49015318
63569648
89099324
-50577519
-38567846
17461725
-92534169
-81085853
-5482087
-709088
67498604
93509188
-94263675
-84962444
464659
-8395374
13341757
25830507
25008868
95025891
-70571036
-20575302
71240243
43336637
-40698185
-42787314
-58831016
89587103
49792697
90239901
-17255032
-18499241
20155908
41245716
73404820
-65552422
-30582481
34281756
36834963
-77632225
-29638899
-16922756
26233127
-59052283
-11337499
97813208
-88738893
36086962
-80434552
28180376
-33495440
64018457
8640058
88689726
-69235498
76971201
43882086
54860022
94261524
-73312636
47358178
31994475
79959715
-43003241
877252
11739133
-31196278
11602668
-12463121
34432802
-4730641
45770336
27905284
54225078
57107688
2369453
-64060571
-87828499
95595843
81247400
-3763854
60469399
22944848
26740892
-75525758
-20124329
2275225
-83560982
25310677
53233714
-39980911
36514406
-90749733
-10094809
44754524
-34929713
-65586027
28629533
69142463
-44536999
-79817047
16196411
-65454532
-95754128
94762562
-65150053
-86381071
38605824
-38566308
-8937221
10191339
2275137
91134141
-52125886
-44497091
-43679352
17142998
15470282
70190611
33734564
-50184996
-16863451
-70954890
-51243221
18302615
48752660
6604623
89309056
-15842234
57813901
-60152129
92784521
-36730812
22711388
-40286944
-10069267
8751163
-36583404
-36206160
41559775
16447034
32162210
97513182
65230210
58865652
-13811710
23737979
46815703
33527417
-9202437
85906857
-44813351
87674821
-14778517
63752690
17914352
29757039
-43140626
-70099325
-89967811
98083928
-77343274
-56416110
-1380524
-97962060
-37222951
76421545
-9162565
48390404
-42270459
66303376
-37101331
2509656
73808932
-8094276
69961017
28085070
3515603
-76288406
-77153592
60411119
-50494767
-9291970
8355297
78294481
57287220
-42232280
88098898
21364095
-30643128
-58639354
31335106
14327067
-4957672
-69887038
23491084
16860706
-34477382
-28295988
-13375432
-36749943
21172525
70457059
-53860223
91972166
-75544988
78587465
13210508
-2298534
-85979075
-59692454
-71065682
10735027
-41936953
-42373407
-95232608
88222023
67106414
-33318130
-99187656
23174825
-19264381
47079747
-63918724
-59065504
4266391
-1983469
-98052883
-97985365
72294381
23242002
-43014365
63015330
-9715058
41397329
28086584
-34098866
-3320363
1276431
45717362
69285057
-74283291
-22608962
89852513
60337723
9708104
-33784391
-88490765
70280093
27948673
45676245
-80765801
-53264980
79790557
33083461
33375947
2152634
8530729
-15560624
-87987476
71114486
24012366
-68042209
-36144828
84357484
99217637
88661578
-94016323
87206602
-75915050
77693206
-36188518
-34182121
46089092
-56982971
-1101974
89627336
-82582401
92941901
88545886
11191430
10497522
-86074713
-94037484
44420498
60824945
87478875
-12996436
38549390
81009719
-60282052
-21611589
94035767
-69196053
91698627
-87832744
82097785
2547736
-70704303
68347101
14006852
97032180
37742507
-94831078
60495875
-45272151
-28664514
39296758
74978998
53586455
-27076236
34672260
-8103755
-50820263
-91416705
-75126304
39316187
18860625
57249804
43194441
-37918367
-39269271
36928945
17428729
-46005505
3552117
-41866408
56670599
80229244
-63747482
-85669131
-98307845
-13467330
99190875
37825275
31206689
-10216508
-84496688
-24814696
-11284248
-99553241
29227823
-11095815
-39853840
-56428593
-14980720
-41339507
-4458091
-59546439
63308262
-5171245
84370193
-91682308
-41773703
21284576
14588927
-69115240
96247614
-49389901
75265684
-36297283
-82745981
18539690
-91245391
32830549
24584286
-95749853
-27516246
69043451
88380989
54757152
-80826698
47550618
-75428396
13235269
46738115
76691413
45194377
54155947
86689157
-56192117
47807261
-88384831
66653592
18929394
96797077
63823339
449917
-92807529
-20767731
-72053085
16640359
-65403451
-51995880
52437672
77421969
-2992309
-76539471
52083828
84281857
-1106720
23365631
99971771
-3321645
-13352014
92281213
-98074060
61125298
20544925
-99471210
-28056497
42216334
71529869
-16467504
-91964773
58567620
-83861858
61040380
68331503
34315715
-37030212
89443138
-10823511
75281905
-66032671
38743992
78101472
-59815130
-22887652
-66130721
46439732
-53121021
-42596683
-42309586
-366556
-18464307
-89299836
31869508
-34372129
-20018882
77932516
-53668918
30343144
67325963
6744004
6912049
20292326
98171673
-94246883
44672547
-55460851
-93228790
22051992
46319827
92192935
-2166902
54464775
-5121522
-54552154
-5568035
-61037147
-51016661
37588498
12399142
-150194
51314833
10350398
99821863
17193963
16936948
-95349615
13328476
-90662824
65676318
12450413
18766175
97643802
-2644073
-21984054
24003500
-5328036
6562922
-61850329
-75162447
29268780
-53430095
9293636
-3506248
-78932668
-32911498
-89094587
-9230989
-20859210
-20910726
-16062392
6597642
48536632
57120565
19003289
11545121
-56436449
15852633
-50027827
87007488
-85495295
-96468043
-87841723
-82422497
97911455
-76465657
-96288879
-68952864
30807218
-46229690
-23317566
55854347
-3920961
-42592081
-72105428
-74149157
41662344
86806032
55392118
-80054745
-56871605
-90021619
2863647
-36996612
60035659
65145588
28140323
-15870001
23183171
-70005054
-79176365
-74167461
-63628197
83582532
87257857
-15406940
9096863
-53197993
6982719
72663030
-82402664
-34586011
-31823683
-69543087
14043893
11739615
-8047298
-72192762
29247605
-30040324
-89504971
75532953
78412479
46992495
-90994504
-70181628
9988605
46851513
36677874
-78476407
16996800
33173240
-52225760
81977587
-69493093
46126506
-93620205
98498613
91283035
-20352316
49938410
-71033389
-88783508
-18999160
27914753
-87472333
-71154232
96551614
-57203788
-74139289
-23794447
-66124665
40193507
74642384
-24723671
1214175
55475063
-1273016
46025883
-74994874
-17692068
3420523
-18630499
-50022371
-19035360
-81727537
39972470
-67711553
11920730
-40385582
-3328097
81099456
-68217224
-35208723
-44182098
72067462
-75205811
-94833744
92099100
51602592
78395768
-2085515
79759045
-50100617
94597270
29287954
-9061523
-95918528
-17862810
-43144530
-73554239
-78212567
40020856
-40553362
27006672
-27853026
-43044335
69708994
-81501538
-14369645
67372773
-63805723
-91470480
-76946623
37468044
14243539
-37618112
81953638
-12884920
90291128
46302564
58474721
83418549
-42008367
31033987
81540710
-82425587
21606892
9262282
-60952658
53063133
-20377656
-64371077
64949189
-85058795
-43852835
87385357
-40457437
91944701
63153114
57125944
-74920466
82431728
-75594223
28770798
-93729325
51849912
89443112
88595167
-78643132
25175422
17814300
40349934
-68071745
-83094578
-42340985
79918222
-25442372
-94245305
-89746831
-88146872
36675794
-53108360
86330688
96836634
-1980646
-39519638
77146772
-82304689
82544639
51634626
18597963
50398481
61804520
27706339
87259697
-58356420
-30017328
28831514
81172294
-41646673
87066803
19074702
-22795461
-8537681
72175022
87683437
-49712929
-4694940
-12651806
-53432108
49238398
93820020
62497234
31416896
-55639086
46600875
10324895
-15482379
35567510
-27164037
-35936085
82231420
14394010
-72056658
31668736
-74422934
-46467675
25017025
55402898
43219336
91637689
4051670
-48931107
-46605537
22636041
70745708
-23222649
51040662
53877699
36993029
60281689
69518511
89525043
7636969
-2557108
-19035503
49629121
88694624
-29511359
-63474830
-74433598
-54486019
-65187420
4249044
-55932622
99149943
427566
19878915
78663075
-32570189
25928991
-38675812
64497888
52086579
-98792931
-1469668
-25691924
49160111
-55224737
-54033843
-66870029
76034388
-49806102
32380625
95360627
12990943
11765117
-5815386
10499142
79546810
-28751902
51688436
18163098
-70077045
-87274481
49530980
3077322
-23283075
30949001
82178936
-96938556
18854963
-37045090
-76006276
31559384
190262
-2463302
-54153054
85025321
80005616
77252241
91591165
81368121
-68821730
4679657
47889654
-90034658
-35708188
93096143
-83200996
72064238
-39721657
-64755891
-79484146
37011296
-30581121
-66618053
88061036
-30203680
96504133
-94443995
-59942381
79025968
-43141619
5137544
-64214941
61029321
-84431504
41586087
-61600412
93068319
-25813033
-58491957
58945928
-26405581
-86537252
38162980
16366565
-4502594
-70601082
-56813097
-66876209
45140838
16867587
3232669
15382011
-51344407
-43770548
-11966517
93180441
78921709
-6498984
39651959
35058094
36841502
-26290476
-12605026
9706143
-3566746
-51214721
-19099199
-68962499
78694328
-92416127
-81416651
-44759627
-62546964
-46299314
-5977298
21497584
67770857
46201904
67567247
-95395924
-62177854
-91758
96267687
-36021804
-10914126
-47025448
-87294735
34859366
71494296
99925584
-42702114
14680829
-89952451
25264117
-30929936
26090236
-21576985
73049370
-29559053
-61086838
92333310
94088757
-31549624
-27278208
-74180671
80551212
5233995
-24520181
-43169097
-15272166
-66495747
61477196
5770198
21709413
51588896
-84597405
54557818
60108522
77791563
77070033
76226562
44209848
82760932
-89624800
18858873
8111162
17736707
98049274
58511670
82632866
-96246096
-64628995
49103411
-54801679
-58232658
-35038190
9088780
29447354
-81624529
-31680404
89317021
-78760081
-53688088
68447299
-49779145
363348
-95261218
-40901398
-34607732
35492611
99512780
-68699161
38310915
-64134997
-19399113
60044330
33866754
-26338029
20796324
40437617
-4180157
43976458
40652402
-7135677
-19952655
21745781
-88639286
-26169753
79245301
-24799053
85061803
25604417
68797615
37778844
-26797800
-92497831
19066181
75541220
41845186
18409910
87337732
-53717133
77889280
-90971659
36105622
90896283
-68906910
96871161
13400332
19921826
39727659
44270528
-7144194
-49804970
-2883443
-74795375
90114836
-37209888
-90763341
75490770
-8927529
74242444
71018624
-809778
45787971
44787688
-52134745
-93918554
2064123
93204658
3344157
-7254441
-22037521
-52983025
-59692181
-81577898
56149934
89628189
46996262
76059502
83055747
38597996
-92342452
39891192
22269458
-62035524
-61773817
-37135136
-15476116
2067104
91044950
62460744
-22572304
17737907
92205058
-22487119
-10283055
2408491
-56459875
-12855336
-92786455
-99609978
-20882294
47300163
19841480
82971247
-97857698
-5793196
-94128977
32742516
-24402347
8967652
-43916112
21364101
-85499193
12065066
-32306529
25599446
-32107608
-2387406
-46373903
95917462
-38927159
6405114
-42288300
-70061728
3795971
-83648062
-52429698
50201892
14559968
53165440
56183344
-35915947
-30646314
27170000
74688283
-83810795
-76980832
656676
-55972436
97414299
81832889
416993
57252404
-87491343
22976432
-7920487
32192313
-30078460
63941299
71338041
52999525
51445632
61573795
-95552099
-87230928
58762470
-98971987
75610967
-72948040
-64107672
-42609352
95301094
70947645
44124159
-92174485
26965583
52501911
-65644060
61336105
6430793
37977566
94223017
-28003480
71154202
-5579103
93591682
23806195
-87872657
-78180572
81063157
-46189764
-64144849
-39483139
21741015
-34153859
40815870
72567617
38232976
37385426
-42485082
-98145309
-76055619
46507823
99432799
15935503
-98506937
-75911048
-8352126
-6024353
9983259
-58707220
91901559
41263894
-93360891
-19211040
-88100974
13050386
-84304172
-9431922
84022124
80873529
3393027
55781926
-81114220
-74835642
39708608
-67310438
-71311573
-77570329
-53589706
51329370
52944535
46920357
-60942475
890947
-83315314
-47488472
-52369294
-58453099
42043633
-23247011
-66811151
-33574784
-66885724
-62064679
-23116853
69069076
-83115771
38907994
41125263
-42878018
23242389
82260995
16940225
-8274042
32463067
49979644
68243923
-24786701
6720805
-12365692
6878062
-73827476
-79920381
22809033
-49589371
43133994
-78345353
-64439827
33869539
-25014327
31130024
94706021
5087657
43650346
25779233
-9330656
-11443190
-11516663
32767952
-56226032
-88647069
-70278515
-6188840
23544057
-45709933
-97383302
-61652636
49792073
-76235998
-71128945
-41792030
-89957930
77351721
-5344108
23590089
-41114894
46533484
50744143
34770889
8165488
61109064
-20878158
17570306
-25393668
85380326
-59164630
3729244
-99540732
16221196
42265434
-73806260
-26391894
65083686
20396451
94629819
-66871813
19208651
42593929
-66541463
57879887
83923055
97667972
48143335
41440800
-74647794
-14884910
-80030900
68442488
-27601973
69183934
-35431787
17142155
-59948131
-20534614
-30458073
-4577544
-54670499
-94253389
-74905019
-35723128
75473226
-29720480
28508396
73858989
-27677386
-70818955
-57014495
7154338
-28033836
-37845317
97015307
-81378288
-99181897
-10530998
-26229083
83354615
43301537
-67955061
-16870451
1397093
-19931203
12869538
-77011717
-20921903
-51430425
-41615058
-40842531
42124302
-5134778
63919615
-10900489
64325375
32913542
45769656
70091194
-13946370
40314572
11180899
31729950
43813503
-20867298
-57384317
81559697
-57223070
36991842
-7613102
-85962823
84370462
-85937595
46538703
12479589
73817223
-19120139
-16024524
-90565775
86173800
52041682
9739258
-32582391
-40039882
-81156806
-88943014
18460241
-76340069
-73150918
70058005
-45467455
-81211369
8063529
-52893834
19949661
-11625982
-62414340
-70639791
-48202789
-45935311
-34357721
89222047
64408786
-54994317
-79956268
79783239
-73570664
-96313937
7139089
42645628
-48860481
55741640
41866017
57796072
-80618941
95438410
-50323469
25523377
-1208005
50077821
-15606106
23918705
-13925876
99575108
97125220
-22364307
81716018
48313098
16625148
-19016724
-76333171
19867740
-12243949
71293837
-67738161
-55091816
-905830
96796533
31849226
75639916
-71537444
-36756225
85723198
-90244110
22883630
-96556071
-95230377
-84267755
-17580077
-8057554
-21551184
-89991584
80029196
-72973635
31599531
-99408413
-49507942
63212678
-48529780
35653033
94564550
-88416219
68293154
58300915
737343
61351091
54083930
-61414417
15881805
59189187
44517921
-52266537
38210264
42971732
-31503560
35664652
82704010
-42634587
79838464
41318815
-17580093
28452464
5748578
30684276
-92659142
49804895
59979094
80009773
-45284165
-65162050
-7707671
55426132
95198014
14196399
-84794517
-32813056
-28922806
11411710
724315
-91130246
49904522
87213032
78355802
-5779814
-38670091
-70732828
-12521458
-72597106
97314597
81895598
-41965779
32668433
-83960522
-69289316
4384532
58741695
-82374798
59766905
71842962
83418929
60468403
6336970
-77835175
-82499735
1536382
47320942
-32642521
-31472093
-82351992
64770076
-88077873
89703289
39392067
74012419
-28708357
79165291
74595271
-71075878
-58667838
20467644
-20909485
-19110187
97930219
-75504174
3944302
-4016525
58663631
-76905571
4442364
69459151
20940093
-15408193
39221250
62904083
-44427189
-32211290
68348634
26827470
57520800
-96211529
-15393163
35282638
83928573
-52812458
91747128
-80240484
-20090609
3059482
46517959
-68645197
-45610909
81400320
81019947
96980971
24259380
26486039
95618621
15601644
1825028
-93986412
21502876
-11568128
45647913
64402563
-31916712
-16102119
-82623398
-41827306
2302551
-17098620
-48509987
-28693172
12619553
-490110
-27031942
84543242
-97283490
44581762
37072199
-44174399
43717634
56266115
96939540
46247792
1621636
-25366621
-80574584
71205706
-93184891
43272176
-83554213
20965998
-79161505
73794641
27205050
22921004
-67236556
-33986195
60120241
-87043772
15603259
57670603
78224839
56688977
-3392879
-52405205
-75916083
-94116011
-79103662
-39398158
-99616188
-96972412
-34501422
-50444349
94265613
-55316864
-45235958
-85147255
-89332205
-99377627
62441694
67259210
-31724483
-86530537
-53840253
-56006875
-17129147
-13840762
-95805182
-47764484
-11606851
60785842
56746199
-30898297
96902689
-27917924
-18087796
46158431
-37772264
-86510129
-41541210
35740139
79074195
84079883
37390316
-36015278
-73014181
9476875
-45069352
13666249
18689635
51661864
52789164
72305211
11584685
-10465646
-6638346
-22676416
9030525
-93019382
54251089
89406351
-17501794
40534693
39631248
13523936
56276653
-76970880
73235702
-44399122
7864685
-88284080
98849458
12665071
88176105
97593786
86461796
-68682396
-32094916
69849994
-78432747
10387760
41857691
30012907
24127810
-66441685
-25526091
40931963
-85662425
-60411011
-15007610
90191053
-8100353
-86721280
-63763824
21924544
60293523
-23484996
30971775
1513513
-7266146
48948740
33941254
16383465
-22966269
86950750
-45292244
59072032
21876313
-87498768
18316903
-81971631
-86153958
55321506
-94264183
40615035
-30625842
-33208613
-34221920
-70322358
-31277815
99561005
4988266
49111498
-58752356
-85974206
8706563
-39028603
-41755851
-30042080
-30698833
-51974858
-76182252
-40931780
-52078740
-42213941
91553450
-14806021
25581129
-8636370
56477606
-38068963
-37515855
14790378
-75324560
-91143538
-46511130
-10790449
36705179
-98758146
-53935382
-98968610
60697238
-72977010
22906233
-35737817
-35473271
-79045695
97794528
3971865
-28989839
-17784106
-33551756
43726888
-66546571
-13386554
-98912980
-3320158
-17645286
78529864
-2925847
29953735
47843547
-79378164
21121283
-16315721
98376778
62594960
50180451
91296996
-2700073
68543611
66152697
-47405000
77524224
80065603
-20860828
-23756804
70826917
-93551434
71583095
5349286
33029654
99843888
37985498
74713928
-13442542
-66627274
-94384762
88148681
35676064
76288632
-9611540
41436523
16283860
58555499
11777828
-65178909
-88422029
-56544757
89056064
-94077586
-15784028
52962664
919818
60701034
79640813
26290421
-62361537
859097
27866125
13532829
-16354344
-76641943
-42961657
82657669
72540535
-70572263
92798559
85251124
-92307780
-24103259
-75622060
-53684297
-61504741
-96555905
-68789396
25601768
86751628
69778266
82332395
-62430005
-68968372
-26998381
31117980
-34724934
-9563
-65937612
7785306
64264873
-30604385
7111919
64853913
93772193
92239221
-25683050
-86294422
14008583
-5244248
4843155
-6977798
86472924
-46571959
-4636138
-40926294
12138430
3485091
35040232
-82063183
-98694059
-80160048
-11261003
34034406
-79231258
-79276558
-16167189
-48636044
-86015008
75181640
-54883108
42834619
-91947193
12712381
-43140861
-27130397
-97622008
-90367391
29008563
-59981370
-50105879
-33995665
-87390432
75262455
53045463
43657430
-66336166
55052687
10419292
-18130473
-96939540
-23093705
-79171521
63089386
78897392
-43884407
-87892656
9481017
17377536
10967708
-63449189
-68858925
12668090
10824706
73945039
15768691
46886393
55364530
68172567
99490988
-2575249
-70339766
13712049
-88508421
-94629328
-36637692
31231045
-50636763
47321734
47655279
-21737114
26717314
-42631989
-35144342
82445942
-76645959
-23868562
-25307582
52697665
-75479518
-36824814
-44648710
42607327
89311707
50732475
-20540802
-71220856
-7806780
-67997712
53656380
-66345196
-73898695
92437192
83633002
359984
-24211953
55982501
54253205
97571684
42381718
-21903742
93455255
56477001
18090426
9695443
12430227
-1729980
39730239
-7961570
16938280
7310648
22095569
87760528
65945363
-59666540
-38437545
-92890946
58030624
-72630867
-82963623
-21195238
-46336061
26728874
-14160456
56204779
-101178
-79136439
77076196
-3437118
48577076
-39550394
-85422314
-35283329
-82794134
38305931
60027415
-94381207
-48751157
94586545
-62832998
64433821
73839809
-90927092
33572259
97307674
-43229680
-71848560
-39175401
98053352
-70263851
84571283
-10589833
-88031895
-88524444
4646518
30624000
14326032
-53377636
24719424
63367129
-3101883
-71858190
-13040285
-44232268
-88891636
-49585740
19914134
48481111
35361589
97161281
-87319356
84228890
58865662
-49594667
-11405432
96363595
28139681
16549965
-53730220
6312333
26101237
87661661
-22188189
-8395589
23344108
-49649008
-38323236
-79437567
-72883101
86173029
-57794287
-68417612
-12674292
8497948
40751898
-88971378
-27394929
-96503873
73669018
-93577582
-1039035
49139574
5843457
-44492821
7438477
79882751
39976603
27867865
33353849
49887463
38220199
44804761
-9975912
57203466
-48055070
46460415
51092782
1443171
74268322
92575664
3583290
4563181
88687751
41493023
-19343181
52800244
-16349765
-96804740
45785589
-51991412
81553166
95747110
-28564091
51464664
89271930
-84145357
91934747
58181115
-11982813
-6143956
17030840
42357612
-44929075
-31582061
-31720889
-41904899
27520089
-78198236
29539379
-50769482
-67225746
72972569
8190833
-60829111
14547105
5887865
16734172
18421280
74444125
54832757
-50574462
86477378
-32669465
88517162
-85090962
75316468
-85319112
49953533
-66584493
87043712
-24663615
-45463489
-73451794
6500614
57776932
-90533576
87436818
-68549659
87981323
76625475
-27696671
70145119
-17515921
64139984
-20234080
34558375
-32256808
82204595
47926931
56338896
-11082523
44599710
-56289846
82148386
-76541546
-60020861
45002652
37963870
39832648
90724154
-87141531
-94272202
91875123
-7693221
-3484845
-51981367
59006088
-56890769
-26106764
47147608
74146043
54891707
29148300
-36531990
-83580253
-27209614
-60127908
-47197410
65971256
9469825
82551281
-33654631
69958061
-75241563
67332597
57643273
-29903937
-27745757
-68947679
72435076
-80013203
22522367
23732119
62271370
-96329241
44751585
88477303
-24907337
80614526
19033539
956371
-89582612
-28468669
-18628978
34863229
45820431
67086671
1721787
-8052248
-62116045
-81822609
-87840620
-56662037
-91537001
-73432442
-94651419
-81237958
20163613
-74293656
-1865087
88792895
96784562
51071335
-16017397
84605147
63004119
-83705735
7295959
11499897
-29452807
86130169
-19361081
-2001277
60531766
621630
-60506193
-22563834
12173383
14040485
88589553
-16882885
40254452
-54450265
40454425
-55850328
78759863
-26256978
-23819329
-27008395
-88274458
-6979899
89974271
-652262
72585564
75856947
34539067
-1805964
-41384678
-12015959
64923006
14675251
-74880264
-62635242
-60291487
-49812663
25331908
50858375
-70292040
81318926
-17413931
8571446
57205653
-92411751
307653
71882813
50639828
27490619
-8535288
51831335
23186101
-50922371
36591836
-74850125
-40256979
-25787387
-84270135
-69292651
-9912156
15711279
-52539805
57140576
-30623073
14590152
-54376315
-79870754
28000303
33172611
67681128
92039629
18809948
49352505
-58971984
61483640
50892353
96993596
-62380580
-1508719
-22319079
72864614
3074921
-79707850
-13849228
-34729723
29653837
28492658
92234498
50665539
53772899
9843226
70880781
-8035298
-46030424
49096677
-31998835
2984145
-6196784
-29641944
-49034463
61060678
-93930637
74512445
-71754145
82408878
-18834857
-7487514
-82332992
-24576140
98527751
28024302
72830316
-29671709
-17228807
-221600
82066659
79003341
-81935809
66996641
-3541085
-19220182
-19920922
-36667449
96849947
-86126315
43947901
-55641034
-53039730
37402494
91863313
-47719036
54413389
-50519696
-94911706
-50362842
91409280
40672727
17946752
1399795
-97880304
-11250219
-85202268
8501118
44707785
29911812
-55753819
-97930549
-84777727
-73863180
29642925
18035695
-62077913
62779653
-45510142
-700732
87379546
29285152
73588543
-73182496
19849486
2107274
70107069
37797032
30358133
-19718869
32320953
-25495711
94801998
62325157
26589940
-63098977
-85067685
-25028687
96410639
-42249588
-35433574
27637657
80789372
-96605283
-87019274
-72719092
57327362
21210295
32099367
-15041259
95415982
-98240124
13741431
55869543
3124736
-20531242
-50241625
6688784
-26384971
21199113
47154533
70716574
-12662806
-43154425
-7557720
-69089890
22833175
-31946219
14635685
-18796229
-78341501
-70752149
-59629839
-27595239
26210008
-3266885
58869910
17631361
-48712651
26718906
90840701
53767346
-48059839
81703979
-62277094
80933348
-61852786
-32542376
68680742
96228853
-77963917
-88898713
-9343757
-22410413
87217694
-4233751
-12075320
-28482640
-5422120
-4421241
-40434902
77380544
4408273
82449499
81282860
73500161
99377124
96687923
99723469
69946184
-76861871
93193736
21743927
-81975868
73963428
-72121241
-53654889
-7148793
13447702
88090407
-16537143
-20352155
-81562886
919248
-32330922
-51652527
38973007
-14543323
5089607
36872911
-4081314
-74228863
-10718140
-50996220
52663381
-39362038
-81304810
19046791
59116002
-15975934
72759800
43868068
-16698113
33295232
-63555895
45677734
46349682
-89424623
32094140
34288659
-70020909
32993
-76279901
-18509851
-53787825
75539058
-55832804
-17255561
-5708873
-30700759
77944905
61090396
57135482
-12034538
47178672
21481486
-32505555
-32626345
49017684
-836092
-89369874
-15125968
38116129
26932206
46395394
23287987
89878697
14645346
-29967049
42171785
58196660
-51359641
-61814481
-79641380
-43036406
76828321
54852819
67873357
-1283888
12164344
98996744
94022666
-43019622
-2546206
-34522934
-42178567
-40148365
13541256
-96839041
-92266163
41521299
35961141
57850529
-78460597
44317203
77913832
-75297574
-62163941
-73344880
-17249209
32348249
-51448432
-77153473
-93985472
21595112
-27318813
-6428371
99610106
23928277
-23483277
-15950716
90177996
-17252221
-42888696
50711407
2914135
33342698
11005489
72627878
-25776398
13737425
44547446
-39615686
34805313
15874177
-49749394
52130508
35732897
36593948
99156496
22498456
-33570380
54094984
-33694356
-80944595
-33537730
32495848
-97440868
-21431027
-31977623
97378368
80078626
-29168450
-59558361
-61799493
70781174
-44466239
-27745107
-53507167
-65188711
55830943
-36453854
-73324433
15029812
65813210
10323429
-94153749
-45741230
-61477382
-8876225
83239773
-38580041
50022793
39977853
-20229512
-42608506
-26546601
-37820250
33008017
-80117353
-76881072
84139237
-80844875
78264426
96814922
19347778
-79870956
53812083
57682250
-26840876
33532682
-86412538
-35843433
-98839129
-6468809
-10113118
34286681
42594637
99465659
75085039
25698632
-47434557
-18851921
94215474
-68579516
10682382
5127343
23031718
96717158
-52224124
21576893
-81659639
-73850422
-49319281
-20529982
-76650185
19900917
-70075321
-37627711
-47181048
-23213197
62607040
7136055
22414211
-76998077
-86172885
-86327955
35837214
-25931348
-57687576
91564111
68173348
67811459
-95329556
-11235860
30484662
-49731120
94960093
72626124
70697816
-25473371
-76514033
27535345
-75525301
-94863028
47540174
29762725
-22636624
-78931732
50271075
3552611
10789277
14057928
-55106755
20545328
10379761
22950521
-46450489
-96636410
-48888411
-27599798
-38067179
-26937715
-5104705
46724758
-95619174
-49925199
-74900765
-6647972
82012213
79353026
72973503
589077
-79155179
-66662608
5096618
18272082
85550586
10280692
4900407
-15413027
45221734
-15542634
-16034975
-54881635
-18729656
5207474
-59761631
-74584591
63274774
13034863
94416850
4872181
90838784
32454435
14773838
-89992221
-39333838
-48365802
64666213
90896431
-20004000
-33786874
-70011448
33100431
79544394
77115104
-53401769
37862021
-20534068
56802011
21599242
13305442
86174422
-23885364
-94916228
2959156
81460744
6688347
-82073128
67658172
90978498
-12765766
3921427
-5585385
-75350
-22022703
-16689834
-59775149
-22747589
-82441007
-37599879
-46710642
52637940
-66041238
2614703
41872892
-57684067
-64043262
62868017
44934430
75590732
-10175303
91103188
-11822559
46245337
32367378
25977451
-17710464
-44567198
53377808
-14179037
72893325
9355992
88139906
-42201618
-31468873
84793564
-47168296
43353484
10913842
98574703
36561691
8071101
-95204559
-75239298
97488027
-82989551
-52063933
22346741
-28296931
28476279
-70638811
73933618
13679980
17836999
-25237874
-109330
65184899
88728747
80709444
7055532
57410941
-60768101
47815270
45436507
-43002113
58265787
48110596
-19770689
-14479018
-88879953
-44802506
79385925
-14021799
50722976
-56637884
69656277
94764489
90628427
10390736
14865320
-98757275
-39473542
-47167964
-9102214
35318658
-75115228
46274505
-21942107
41926151
-27430915
4012940
49925609
25486444
-87481110
72708288
-11238726
61051869
27631240
5974215
-85835926
14582328
39109825
39137845
-97350130
-51039596
15056539
-78241697
53025713
51987561
79538217
5256627
-25402589
31125027
46564504
-71155193
-25456104
-37861283
61193827
-98335263
87131593
-82222907
45637380
94248877
-59770530
87607672
-63809229
97930650
-92348546
18728883
81539979
50427313
50460507
55006409
-27350303
-37479167
-94316514
-65046799
-19285839
-75669874
67901515
-20979464
42563123
-33789262
-39296789
-27366750
46987478
-30689585
-29865697
43506832
-47709378
9936720
-71081110
-55390989
-97206686
61504324
52510280
89494079
-16741881
73717197
41534335
22282284
-22454015
-26008869
-46853733
46484110
-99954907
-49461507
21169823
-37305679
-24234412
-98053428
-53913039
40969577
20107452
38155441
-56477938
-57589942
-55825726
-68672246
-33695099
-21562123
91654213
30653406
75389672
77315468
-1090569
66011026
58456184
92002909
-27285201
30323823
-24852358
-37797644
75281153
93021285
-66756464
-68520552
-85537230
-41738483
-74320254
-93167103
-2836832
7329609
78327003
-71947088
-7662564
43328895
-81671465
-37374213
47912854
17753624
61721977
85315858
-16150475
10618027
-38688853
52406828
-58336667
95774191
18369751
-84289707
40854923
-97296794
42243972
-2919547
-95446580
77557964
66438109
-93333848
-33608227
-23300371
-72065578
93233333
-89428452
-50088793
-59010277
90254676
94348301
92523722
-20889527
-21832148
40228282
4045152
-88617140
-54904903
46242690
-20773474
11414736
-59507489
86210995
-47338613
86473421
-6445772
16843923
-75410637
-71454156
-97625708
-98506700
38825854
-90883640
51481512
34691773
29411019
8708630
-99233275
71424149
-19052848
-43559810
89184930
95027923
-67176846
-39189164
-19207607
-39675966
13474108
33304943
-42815353
36811305
-81655232
21047810
76051544
12088394
73146306
86808049
-67760978
-65459943
-75323687
-30967912
37773561
14647862
-21181087
37017326
-74710716
-59989767
87254799
61614967
5715090
-88032401
-67709093
-9585632
36549643
-57101056
68461923
88616084
73905066
34539002
-16983509
43328038
49421132
-14637676
-71031508
97226571
24999214
85675209
-67184894
-75894660
-92353744
10050069
-99178626
-88054138
-8389458
-20699609
11163429
-58416573
60435191
84252175
-27589118
-45205860
47163456
-88224226
-71106101
16028752
-11992581
-88988962
-16748385
-4857024
-21206017
90728808
-10228349
-90662551
40923431
85342581
23663394
-11412052
78545575
-20153617
-73912646
-6631508
-18992257
7203113
-18193930
95882155
-82857202
-18694664
8187261
-45839848
77636290
-24387911
28111465
-23919703
-42891081
65488958
-1475299
24315149
-27946935
46082629
-77830529
55214723
-78037790
99696916
-40557620
-70270177
-1083991
-32252141
-99919766
17393573
-93581076
33023225
-72691697
57831486
30262617
17996336
-56383389
-81791671
32221037
-40180354
50071153
-65407843
-16205083
-90444237
97343355
-62331134
-34468607
59999486
-2271259
-44978672
-66172811
46988108
57225159
26002213
-59677579
-42955236
-81866255
-87117650
-14457430
50027498
-80739134
-68578118
30145057
1057995
-61472384
-99878730
-96518442
-89718120
69825810
46811168
-82058329
-92201422
-75109863
26810548
-11785795
-48428736
16716444
-14837127
42729952
-54855048
56747377
-63321006
-53133515
83613802
3902146
-55149429
-72026746
-94638009
-32519387
-91930262
-19663552
-15296270
-34758759
98495218
-26901207
14654731
71221935
-50767192
-73364202
36347256
12404925
10527131
96698451
43071022
50139262
21709584
59769135
-12835689
-40089524
-99517220
97926632
-88599730
-81450529
-61210225
57326555
-76035075
88111232
75193845
15756008
30413897
-47591646
-91683556
-28725487
-12490994
-13433022
2967481
-85724062
72109099
-98153150
-52601224
-61853482
-22064199
4524965
42226716
94154686
-4421724
92236941
-3750865
22816094
-4727938
11484003
-19223302
34245982
23602819
11515065
68817710
1859892
-13883090
-34301036
52364293
-12007441
-89340978
-14205600
63759371
-22584625
28406778
76525557
10742202
-20582557
-20950368
45283862
-30787710
89754779
-62050656
-78386280
54049651
58668755
68056126
-96744444
-25295191
-52938901
91777234
22012729
-83196198
-27964024
-20515309
54147117
-79827817
10143837
-7484557
537312
40118690
34362917
77216029
-16914335
-45576037
35343875
25778545
49026498
-4003756
-40168782
-17176075
-8337049
19877145
29394027
-55509346
-30388894
-50795162
-39711156
20835329
-28924259
5598570
-86946375
-65112053
-85597041
9920191
40962068
-85195114
-86603955
-83089763
-7880751
-7635668
-5597563
45661115
-39414066
84390534
-89883132
85664400
45008809
-2306775
20559122
-44270212
69728837
58886715
-33746325
46821855
96996512
17707293
-83734604
23605294
75387807
38072986
54655765
-57631181
44196747
46054312
-66972689
-40634176
79024932
-31908789
-21347014
15476816
32595307
-92502362
-42079979
80754934
-35927476
67461139
-93614943
14777616
76626243
-7311265
-94762842
-3865690
49620320
-9874128
-33267885
-56456879
-86560884
-40423573
27282664
-34590074
-84032135
77461530
-83403123
82714231
-12973136
61657295
97594507
2286361
77874582
-29225638
15401168
91195216
870714
41486873
-94971902
97403074
8829284
-40435558
-57188055
-51879544
93441011
-5612137
61090036
69373180
-49252319
69863622
-2294834
-47757053
74043680
74360856
49521989
-94045177
57013412
-56293189
-82997644
25421639
44092857
50650575
-60587137
-84538275
-87966293
32773771
94719086
64959705
-65847292
-98068247
18870285
-66171703
-1287899
85104990
84900279
-25354257
68445501
-81762529
-83228218
25373700
46909205
-28897752
-93017552
18101826
-64014650
-7441735
-20817728
67770646
-41099276
-39611217
-923358
-88002510
26776477
-91743960
-63204622
-45395497
-53803805
50082945
-55435338
-47678086
-66600517
-34919408
59461955
36391376
-32452715
86621130
58540829
27248745
67336793
-5893859
-4322034
95067414
91799143
22974683
-41960855
46306804
3760578
-40464284
-42066575
40252030
-20634370
13408699
74420395
-71679606
80153956
75437843
-26195352
-90709209
98270735
-76405961
-78693424
69263298
49439095
-77839058
-25479932
-71235413
62708726
-90183661
79025876
10135116
62671941
90826560
57080352
-82180857
97692743
68703802
35465662
20330130
-41747737
-15392172
-92060008
-2017226
-85934618
-29030415
50036155
-56749118
33296879
-82583727
-87585024
74431129
30251696
-14847224
-52980990
97366057
91200307
32493616
-19283931
-86199756
51409922
-15515413
-75731374
-39183321
6593871
-37884657
-61349912
-2486520
23472983
52054595
49398896
77720047
67674770
9669988
67214557
-18470290
-34379067
-71004284
96846161
-10554970
8002769
-68956787
78335889
60303166
26892399
-1817298
17142264
40283326
95836400
-347897
-74055878
-34430239
29891142
-1568813
-85921127
44122925
-21836107
-64210713
64838986
20194095
-68799843
44073974
-3473039
44541531
-96220940
53910746
-58036360
18650181
-16647363
83889307
-52816539
66356017
-17694719
42152892
-51897508
-56100819
23387779
-95764437
-12022286
23239549
-85699032
-69970957
83944557
59283496
58136665
-75633016
-13137534
-94162078
45768707
7923369
-16334926
-14955638
-90692602
-53249260
30305964
-40719676
98221913
98882591
-95831847
86232757
58324489
84309128
25966070
-56459565
-68512590
20703008
99057502
-24010319
73237678
-8492568
61775885
-22155124
-12938514
-34391296
36449588
-28589675
-32350793
13278357
-78071283
64125435
-15797028
-20868540
-78887982
-81201221
2692973
-48843087
-14708131
12827559
-31409286
-76686123
-22341212
-55991791
-40184207
-21997893
17831631
46338690
42111204
23529486
-83876878
66431869
-80610749
21091134
-91344252
26416682
37354285
80168753
-65555920
-53355689
-66561585
72392067
-74415751
-15477967
-5354682
-93721111
74332078
-64665228
89710912
-71696678
-73877815
-91350407
-7449124
-87487698
81485456
-25603825
2927758
-91465332
-62619677
14296200
24900746
60781230
-31265738
11897424
7380296
72157418
57234693
2410715
39739721
58628656
-55845810
-19680276
87775263
-95645154
5503891
-91373683
-80970252
10184956
-27064260
71278364
-57633233
-66245361
63619523
47924287
89568393
-16921508
-81159842
7027652
-55027923
83649328
95922564
85805940
-4216156
10749316
64337410
-64844449
-21271117
-20266858
46433278
91737477
50780380
-30801403
96689306
-38613205
57332090
-39074561
-29862657
48895383
21783097
66682129
12449885
-93600551
4469956
70769661
48500820
-58985746
-43706526
-99213123
-43619056
33577955
-68910672
26466843
-99840486
82279137
36102552
-6673317
13699127
-58047670
-84871706
-8717055
-47218636
-98377490
-28050721
-59887031
46756713
-88702217
6463897
-55949479
-65830580
-39836566
36260744
-33902347
-54132046
15702775
24490642
28990970
25490134
-86011096
-96216251
-62689702
67068973
5757330
72721047
-25177042
-3357907
28114541
37738216
71747381
-6399879
-66450746
-34888720
-42135181
29064739
-78029982
12507059
46670525
21681273
-57769172
-38547820
-7145032
-12747550
-1625095
64722483
-62666701
-16742375
-69552696
62776970
14251922
-49740440
-82777421
-30512998
-82506001
60936621
-62692799
-3232236
-33816854
7509565
-43848585
-67910920
-46749241
48094533
-61329346
2269031
-26625134
5627869
-11841179
5992028
51401831
8383864
62287093
35945915
-82389332
-47490359
-88560234
-33272229
55251423
20696879
67949661
18543484
-73863532
36093519
56614282
-85608325
-61396784
47341280
-22939466
54033915
66320655
-93248020
86078141
94214566
27412522
-93179348
37358412
28469959
55511685
12321813
12369061
-21130291
23239926
86722297
41137158
-78211681
-71096798
-3687699
2424399
-53710997
-84354595
35883163
5937905
-4323126
-58290180
-20586535
-24500939
17792336
71916618
17417459
44109672
-92593655
-59034329
8188223
79996077
82180972
-75876716
-32869756
-76486378
-59334637
44808913
-7772524
-20456993
-10995739
-27544315
-67407775
40088442
-39979288
-88519944
29985061
83581608
-59348697
37341464
88893321
-62560472
99925459
87774727
39393737
37748823
36827258
46026979
48674807
74952634
46291190
20405603
-10739150
60180614
1454164
-73125278
95770287
-96600627
-50208857
-4713870
57898065
24858421
29587357
-64196156
-21205913
57186030
92220908
-75494347
-2954068
-55869035
-45570733
71108707
-57403633
-39664415
23681167
-35516595
-19448354
17335388
-99850372
-15466053
76927452
-65094070
64786746
63871326
-21673743
-15506084
-33526629
-99099146
-74915716
-98647291
-96476213
-30222173
60017258
-26068335
-22747810
91786973
79112127
-62156583
1869094
-94859370
-71820737
3075064
23828788
52989085
95561375
37200956
-8333560
-47964424
-45253903
67606094
48063696
-48933114
-16829680
-82606604
-75712178
30020149
-79281730
81049803
-52123566
-58196763
39154954
-76298128
-20501676
-72470633
-99704644
87922206
92481264
63274436
-87444060
-7617765
78595171
-33734142
70446026
-49595010
4258597
53377592
58334696
96669156
-51510116
85312772
31966759
96420200
-38861250
14922015
69927310
-97284968
27396906
47796235
84530434
-99064143
98175660
-46436688
98856754
26144240
55912539
85333371
-40831590
-24690198
88320095
97584325
69742342
52316192
-2189249
-53255298
-37425037
-90660666
1121776
59392385
84094587
-73556464
-69084474
89962187
58521584
7013174
18456277
-62151053
53414879
88350301
-34887049
-95469730
10851642
13561165
-83687796
46242338
61782888
89308758
63114876
42572399
76944058
79889350
45941999
85798520
-97024733
64412043
97430056
51272388
34762280
3109282
53203246
-64688072
-29377721
-36122502
-79107828
10868463
-7531907
-80450666
-86729788
-80246076
-5605348
41512057
15285631
-7603219
80830534
74058712
-75594254
22101531
-61384596
-44975367
-37223218
95968735
81596536
-38585144
-94533854
8690665
11278098
8720443
-89244075
-45940734
-78463587
-91400023
-34285580
-77058427
-25438086
-30829392
-73818815
-54098066
99609809
-9419278
-95687742
79382902
37625896
82064878
-86526385
-16835285
-79113908
13287478
23281808
-26445655
30146891
37902229
-17857656
-50014026
-99669605
64957535
83715641
34760373
33384993
28378077
-83588226
6834909
2066653
-35936802
-72833763
-29179114
54410125
20853909
-23193326
-84253652
-7178755
28873966
1325668
-18045930
97685113
-17705419
-30663249
-73805423
57172518
92404873
-32805239
1401786
-72008693
-98539642
-49424408
-36007210
98937143
11348134
-87846555
16722974
-83069277
-34991112
11266517
-84902228
72349664
-90109145
71550026
-47195055
58033569
57519117
-50996711
-47363265
-77097314
39624976
48184344
35720732
38583781
15927042
20186041
23101418
70812216
-45623610
99755134
52734354
681468
-33809313
49556488
-10490908
-29245323
49426808
26389889
39658964
-88079490
-91877000
25765018
-62522615
70201049
-10594594
93781404
9152271
26387599
-79884174
-24500410
84145653
77657765
-66050206
-44184453
59005557
4624814
-28813310
-96932598
59906362
7326649
-54090951
8550658
-37138614
-21170940
-39705880
-58241323
-59134564
-59676601
-17951239
-35130848
-80822726
-19860952
70899558
25416113
-13020012
-31465929
-65174588
746152
-74627926
-60931021
-53960119
-88795064
-51934042
-40083569
-72084095
-8691857
-638148
-76568890
99950526
54277793
-34315664
60117267
-319740
-74833472
81197873
78310445
-40042856
19234906
-76231277
36933197
-78574195
-50374781
-56867878
-71103109
-22727474
4613616
41397511
-18350650
-50104262
61759074
-73445353
-19154561
-43978730
35898411
-41857703
-57338741
9732002
60531693
-66445679
-70719935
43080169
-6604635
7510408
15832413
54935461
94482520
85697905
76109447
-42463996
-48942844
44021128
24107238
51212681
52811957
-40751566
54333184
279486
-61648321
-9442381
63077254
-97503007
-38116389
-82562876
20273510
44630235
47633183
-65009796
62678293
-73558792
-45102495
-64356586
22042935
-54715819
59613691
16413609
71958455
88493968
-71280056
-94425121
88394458
-52168034
5490852
-76647948
95039232
-69687633
61109838
96633641
47806995
73450655
14888664
-69001668
42335119
-19795207
60149538
-82815180
-17939484
-28240932
-93130315
-86144379
-96455931
-25487328
52699275
-1052404
81771470
-43261817
73498192
47425307
83032686
-3583925
-3983913
67191
-15266594
-21532673
-69944787
-13494090
3883059
95300219
34660
89947514
-20936206
52268388
85323430
-30343844
-76751839
11122059
-5858955
-98872940
-52761846
-64554196
-31242788
-64353134
9262075
56309090
-41558736
-6918258
-44642934
48889030
-50382364
-79710059
-9997228
-54388614
-47404298
21707661
-42196890
-25430881
3078191
64370930
27212670
-26067933
-53210945
-58443398
-64647116
53013474
-58485591
-15003966
10223727
-51751542
-27806035
50230800
-73941598
-7805792
71777342
27969097
-25230548
-92670913
-75775850
46620087
-24784671
19199616
61064376
30400520
-7956855
56018733
-36803043
19426067
203578
31384450
28769878
10115257
54324151
-2629946
18692185
-43988497
16782698
-90517505
-90169486
-93760864
7948318
28301424
70557524
45772785
-92604276
-15764255
88459288
-14834005
21024027
-26528311
-71408765
-59183988
-97885930
15905875
-33161330
78730557
-35680403
-58347614
-48990940
4869581
-71018681
30392167
57404793
-85778123
24967892
87678959
-38434402
72409860
-90021931
61248005
92805339
21267121
73708998
2817985
-88475357
39722326
-9795925
-39227137
75607550
86527219
-96696251
-17008347
-25991842
93081160
41047511
91974046
85662364
62818810
95691664
-42407738
26956214
66356717
4346948
69954487
72084205
-37042727
-62507835
-65417079
32872449
-63378504
-19533263
11298595
12979198
-78593631
50686302
31628512
97171685
3628960
-21709444
-91135074
-50958675
67855777
-96630760
-39655952
47476131
-99515959
49046521
-45092171
-37504061
5931180
-69805215
-33719799
-53882194
-66426152
96375755
-27987536
59118167
72643687
-15552617
42772011
-19621762
25366518
25253900
-73349069
92425403
-71936798
-23760893
-58381012
64903946
19926351
-9012817
-58430789
66427289
-13855039
18154029
23848531
55288646
66408844
84318015
23719915
-28569944
-94926414
-11363409
-16877099
-25049193
-25230936
53386843
-78048003
86583483
24468182
50566257
-16661049
24511743
57310071
82992915
-69612109
71466890
-68636128
25909190
-67498645
22109551
43869473
26988597
2758599
67780930
-62004482
-76966814
20073446
-39599552
53907844
-45021867
61391721
-16561927
-62473398
90002966
76935366
-82375402
-43121690
94682557
-62415924
-61675400
38653525
61918901
-20955609
-37370875
47761842
-63283386
76755003
-20071303
-26046891
-22174029
-76871180
68983940
-14655240
-52076255
17000927
58259102
-59060162
-75301923
-72561092
-8460131
-56971319
-82571115
97811514
-37489508
55272997
-6967106
-86185110
45468154
85567041
-74869440
-27348607
77899134
46291366
72305305
95808356
27148575
64526051
-57812053
51277049
62952233
51151420
-87302723
5828552
-79344202
68833214
-23212738
-7427584
60299386
-20472342
80231799
50456638
40792208
-9926401
78010555
-62312242
-81646599
90552738
47859118
5610057
-63616160
81941664
-19534634
-41026218
-26604302
21278073
-51481927
-86905205
-26375227
-45934270
41950179
26496311
-80992208
39182828
58263878
-16668045
-19895750
-3394587
-68475238
-10591304
-46843585
-5564334
-15386214
50425180
20340676
33457673
-18500729
94714755
-32404305
54040981
-1562448
-37299633
-48093839
-27539354
-84879399
-6877166
-38413393
-79564767
32997979
-53200698
66683317
55465699
-27518661
-45465558
-97022944
-33372823
35609101
47624943
-45986868
71847395
-75452379
12386557
10467519
-97853973
73723036
64251283
91796761
65311057
78024903
-84047816
88504724
-62691462
-79935688
-30756787
-54688864
-57252604
-43244726
86091173
-68036260
-91850632
-81105300
32867835
14869525
89911671
-74910527
47297789
-80234777
-21784527
14934911
31031692
-15048750
49059803
58498705
94294188
-55234724
48127761
72957648
-40970832
-97609467
-22655444
-46650915
-27030932
64950694
40539126
-86987232
-39964452
81803520
34514620
-90584174
21222649
4080171
-99012572
84461511
-76741035
-50780829
20426893
-8370187
90945545
-27495175
-20114739
80300521
-1562759
76730199
-29097153
61870503
17129230
-48407808
29516010
-6275125
-23498413
-73216214
67304681
21555426
27702375
32715069
98439566
21596724
-8550078
79646119
50766467
53384024
858549
71352555
56389438
31309835
-70163820
71549010
-24995395
-89943543
63108276
-77223023
-98626637
-42550226
3681994
45194487
29703257
21513511
93651067
83564392
97891327
-31497509
-92669222
19626650
27768055
-48896011
95083560
-2677571
-22717653
-71235610
-12861493
-80356644
36860451
-85585265
25019677
-20172121
55803913
46057106
-59210443
82597579
24291398
-44935648
-30223601
16976995
-19079593
-29642941
-16088269
53084535
63955392
-51139376
-91389130
-19433866
14594459
-32115636
48900271
-917065
37336906
-70862146
12960166
48350680
90553226
98871711
-82726889
-56526050
-77438704
-90240850
-88568652
-54812403
85311401
71116972
5305053
95716197
-26597419
-90108752
24084115
47236013
-68488514
-48667439
51087001
-50549007
92277058
31409659
-27859410
-91410483
39945170
95112718
35378188
-24922872
-35001138
-7953022
39861302
18122515
-88004038
-52344393
72253952
-52745745
-88866626
-56025889
-81416495
53235043
79766720
-48920896
-99187793
-27772689
-36417869
84582563
-55782618
-19574764
-40683699
-49068464
-44767747
-33037108
2379896
-99943781
44020194
53993475
30731456
80816599
2124336
-93310046
74590775
-48698541
-97895244
-72572093
46902256
-68999593
76470703
-35664148
-92922936
-10741217
10764659
-42109709
30414222
47383865
6775569
-93900426
-75900672
28142148
48813439
-50408537
-96440954
36138288
-31954376
-17823382
30895864
66485373
-16128939
-28501829
71028543
75761101
-86556344
34092068
-42040258
-15637465
-98970270
-74146724
-33891928
36079552
-70254909
-2258860
-79756272
84051634
-22985806
71667691
66155819
-99802049
57614638
98824272
-68205103
10781533
11489072
-64012120
-48467337
-22153221
19502877
-14353868
-41484886
36541676
-54017087
633751
85938736
37571553
-84958157
-81668279
-78924361
2721028
-27307270
21313859
1941695
-62037096
-94976283
17469048
-34784933
39749832
77832355
22674472
22179723
81731459
91652089
44519001
-54545883
61481774
60552264
1926497
47330798
3900645
-39714691
2582923
-5707351
72100390
-31361893
-47788029
-3450200
-80132093
-90670019
89727038
1464872
63545178
-37317534
34801349
86624314
-77445777
20383362
-17164734
57705928
-99784732
4303318
-22567927
-89718494
93029202
-22599573
97938584
87006442
-8280393
-28561144
-7889852
-1363613
94621158
41323413
5681645
74094314
-72325887
49523336
55583713
69989937
-32977607
21338227
3813599
4372502
97991332
-24560017
-62639279
-43802823
-47555271
97184607
-32328092
-18038042
-98286408
-62486687
-39448190
-77450751
2384424
-74843687
71420175
61467519
16763382
37953005
52402363
43185208
-65605880
-86163742
12478685
-65769493
-97565960
-55756761
-39683806
96370712
-56113072
16027806
98956450
10756465
-14620111
-56869137
-34005918
94185193
-29375603
70300807
31593573
36249215
85506088
75732755
30040410
14727494
1877337
18653871
49326456
31863924
60508254
5182571
46730719
-71734527
-40660172
-95221816
-7749216
-79007633
77463286
-71162491
-19071575
-43820069
-90163890
95310674
-39161052
1044236
9332851
34397927
-17031560
11859910
46334929
-33103390
38838023
45890360
-56987365
22682425
-20415647
6158664
87065680
-56720324
88199295
91859990
83145108
-178951
12656440
-18867000
-90031772
-73333027
83382816
14957456
24456129
-40745280
71034154
69322107
-74580408
-61808807
94909908
-76195516
-66296945
29134862
-8612544
55469514
-38745017
60509849
36516997
-32129292
20529846
-14004800
55472474
15301462
55630355
-3686088
25754806
-58477910
34629378
-31663929
38016072
47195379
-41075835
-43716377
-39514813
25417918
-3233147
66784251
-64515186
44293436
-50038758
85001265
-6566301
-94617617
-46385172
66143915
18829505
36597038
16352865
-1209916
-12312273
87810019
33502032
43717373
-87427133
-97505675
-41926048
75578713
11091753
83036221
-94181052
-26096594
88399309
-51045080
21032381
91338400
21920444
9685688
-20272365
-30842574
-71365061
-73408277
50435276
63585644
33500672
57524054
-50352943
-81908400
-52282792
87997739
51960896
-25588684
-66156830
-69580384
-92053436
18015606
-41224736
-82598055
-40881481
98123543
-75800586
-88290986
-32232621
31666557
46270591
-62400814
-63481797
-90553178
52279313
51864258
-54368551
-76760006
43240351
-43648382
-69502407
59964779
-3225315
21084423
-20334597
15190749