70126101
-69978631
35844031
-91074933
-33081616
-64586659
-28520281
-59340162
82395059
72501082
-10034568
16586609
60618514
-95439593
95919060
31168397
89181226
-34473322
-61882354
-14681408
-13692366
-71007753
-89283790
21863562
91060633
-23214451
56749176
21290021
-52482857
-93231576
18043321
-77831008
11192607
6110367
68438587
-49579604
52760154
-71969651
-25831587
-8926660
11806238
28964133
-75645424
49478761
-440243
-25552041
24227892
-42986469
7592893
73760502
31757756
64486395
-97487939
-78888527
-20393693
60090057
12955686
-77168887
-34304267
73322848
-68985463
-74563875
-29640306
-79554062
-94974872
73006433
35369880
90581128
-24277729
-11947494
-24987478
6801104
8721131
16610190
-18838429
-97464414
24394746
73806962
88508604
-59208667
-95079170
-74142902
43558784
-1866273
-4900105
59552947
-42302365
-48511839
41511667
75952455
56039289
58580161
-750100
-878125
7479118
20762453
62450717
51770297
35617623
-83746851
74391256
-95252858
-90084750
18141103
-91012056
2397098
46277027
73523936
61490451
43164423
33811612
-75024687
-38499500
-59642806
95502558
33115788
-17055282
-26928542
-51261296
44105898
23370311
-12025419
25399359
89082393
44076966
-52672169
73685761
18410591
-68191002
7442198
80829699
-79858383
-27653328
73088631
-73283708
14087646
10414443
41365680
-97925925
45760986
-38006263
73339442
-72470480
52262664
82219885
-9215901
-44337653
96614508
54110759
72943615
-93418040
32306737
89777220
-99416979
79416412
90432187
-87410860
46914030
82558423
42351097
-49005547
-20915896
25399071
72966713
-71888524
-67039100
72648402
-45251941
-9049364
-64878298
22355505
-40451300
-69101932
30472075
-15127281
30974520
-88540230
-1772694
-55852997
-39577756
-73056417
-96727874
-11004868
-14505197
87444394
-72876230
-25445368
41200100
25692332
77719863
-97903086
2909928
96812742
45301966
18740844
99883860
95302130
48132232
3506309
-34541643
53316488
-11379125
-95685483
38358252
-65276893
85610105
-70180702
-54476242
-50576731
-30739520
-59914082
-93513803
13981390
55783822
-84151350
90279520
41423025
43330107
-78697534
-21358802
930733
-98478440
44761883
-81878306
40765934
-45988005
-21682841
13953445
60914772
31142005
-84898213
15583312
78980385
38595411
-52278555
-65930821
88141520
-59022441
-78881301
-47876567
-91548378
66663771
26697280
74544276
-76111912
25371317
-56741343
-30214401
-5548007
32886077
-35770393
17815301
-67234411
-13483445
21969041
33985085
-29147228
9762039
61321314
-20084173
-22084404
-27239961
34528508
-19428771
-40870915
55810236
-20640829
49124030
26966144
-65447418
-10038805
-95208154
-83307590
99121983
-94360384
35164256
53279513
-43660322
59260367
37048714
81969639
-37440603
82532408
8518015
-43000977
-26643834
77932159
1722386
-44956819
-55308402
65618553
-86925133
27011582
70996461
-81982618
42054262
72584162
35565538
29940544
-87174975
-13129289
78850118
76870131
-71218789
73507208
-48677440
-94043137
-93992797
-21114634
-89058726
44969193
-44464232
-39427976
-99214581
-75858634
99309994
-14240116
-91213935
-31801402
98045982
88631825
36120169
-88034425
-49447426
-56360692
-90940795
-95819314
29131473
-23756796
-36173386
2123556
11518625
-61160407
-71366431
98371913
-72322255
-86620728
-52287435
-63237402
-1616418
75108813
34262780
-28862153
-22100585
-16711492
81105331
17254223
31767425
-93627221
13616947
72982884
19450362
66906526
54839907
-40436344
90124326
-4293853
-86046502
-79253270
-86748360
31087724
-92973017
45701030
46852618
59578492
-54733133
16863934
85579474
-45315364
76650255
71763709
80602758
83949951
45477379
59185571
28916675
62935626
-14523222
50044883
-23003818
-17373573
-43293823
-16778456
35198382
6568416
-75814334
8590085
82859281
32376846
-91925729
39988327
70921299
33281728
58102422
58140230
-81480717
95281798
-67413240
-30925214
-24122336
-1018899
-48218083
52340066
-42163087
7153040
11736765
18522168
-45188888
21320308
-8161105
-7891599
-8701778
51615758
-40913297
63673766
26559129
-60805072
93484286
-5262579
75854171
-32634369
93171060
-49472356
64464084
-15429251
71347213
-26661018
-87858521
49649897
-57292998
52149906
-50461908
-62797734
-56172048
-22274670
-63069467
-74437136
-2740938
-44453649
-74193071
22867407
54952151
-39935045
-31666174
26932246
82557777
-72809314
83670258
-99178878
83311398
93986605
-38166115
52160578
-68017278
-35976827
-66555493
52588112
-27648063
-16581610
10507197
38666517
-1850925
28338214
-62997988
46071112
17510897
47838784
70635325
-3406083
-31724439
85434143
-75446550
-33931918
-66979178
-9941299
-29183718
26473869
-21852487
-9736930
-15435210
64778359
-18662509
62893778
-50505559
71011500
56069453
72547993
1481458
58876872
36510505
10754573
-72168696
-73039167
89732535
83672158
-238866
-63852151
-39227967
-57946056
-79131205
-12028043
54449639
-57868520
80427325
-96289567
-4648623
31115387
-75335956
-94251295
-96805344
78433464
922040
-39165690
-29272676
83448343
-23321422
-55381071
-69961282
-15857384
55415359
79607419
-91498822
75923361
-43146190
-25287428
85027318
-25217121
-32681417
-59693204
97478269
-27427754
-56574226
56540070
-76832926
-52990119
-71777320
-43377659
-32650886
-46563277
-19652181
79350458
-56383752
41142611
-88963225
-64084274
87880768
82704318
-95268994
-4933959
87363697
-33703594
66269422
-93125852
-35810641
53370010
68206897
-12238584
-80592499
8107760
-94180807
27248599
-62787952
22722112
-22632168
-21822708
47464960
43816362
-54367266
64182024
-33524875
-88009765
30400946
21735265
-39416820
46740787
-65433156
86394708
12986250
96362359
89622843
11207996
-74860167
26033660
-55692205
-52890157
86724972
88941153
73032034
-27432740
-75492843
-65369238
44515262
-68978339
-49509680
-88263666
72407368
-10824669
-8023188
-70999164
58387124
-55160663
42779537
-5798906
-18831725
10671773
-76717053
-17017603
-93390590
524068
89357622
-77124578
64646161
15361122
68427196
-18371983
1561862
-63335813
48728366
-61764567
-13563636
67079527
-41526
14217532
11378022
-81891833
-59026163
51881428
-40829877
2366767
-55840664
93172738
9449714
40491176
-12132361
86713961
24227057
76626577
-66529484
-31334187
-37455409
-44612764
-82237342
56629889
-64787799
-31884974
50274852
-59925782
-82373910
62986937
-75341220
-45307796
-18349842
-59097163
-41522894
-14116542
50933855
80964306
11328709
-36810115
14444019
20300236
-9591016
44762067
-89595269
-48131243
-91521017
12991746
64543265
48345596
-25678666
89878549
85720992
-39601651
-11260190
88480163
31475762
-8497117
-41829565
60524640
1392766
97411276
90097116
-10746585
-19050848
87173130
45975079
-1866007
-12049023
13558754
32054929
-79208794
1218981
15681557
68908497
67016984
-77203644
-91152533
-29815095
1792504
50390220
-28532943
-6279425
-38297761
-44671762
-74928833
-61484196
21467417
-82599242
5669593
50258748
9693106
52518247
30314210
-70444949
77438643
-93066768
-28691903
-25945166
88613980
-40239966
-76182726
-86166145
77360344
76362435
-65296361
35743009
-36057492
32082661
63254890
-10265436
-57329453
-20048190
37606631
95086952
-30945620
-9520633
73506563
18529276
-24504930
26264762
24615362
32179608
86840274
-10992972
33476987
50581059
-43808223
26249467
43686960
-72091285
81659772
32383457
-40544963
-41823130
6818744
49310018
41165935
-8749269
-4487707
95722577
85060188
13030287
28199281
88248138
15183449
96153229
4774535
-89195936
-71940495
-42599686
64406647
14117369
89633379
51150611
57205339
-88418161
96616276
-99507683
-58502969
39996443
-83989995
-13501652
20157184
77003781
-66527772
-96149665
2781421
41828467
78335383
19173476
70082331
34262014
-93999705
99355994
75133919
-43308922
-16413201
-91080535
92986755
-38590657
-88714064
62855678
-62948801
-24170824
77664988
-12775355
31518747
-97474470
31086259
97884911
47713546
-15318135
89312991
-81719523
-94094537
3178951
-22313565
55208151
-38016387
70015800
-41372043
77744094
-72855315
51177466
5823048
-69664598
-55620309
-82678416
-18496160
35215112
57413660
-59539765
58427322
41891454
40078700
-50053574
-63362089
-48382141
48231679
91692263
60754489
91468262
-53089199
60525292
-56996796
45485728
64920874
31209665
19963041
24806314
-41223497
-34449143
-42706837
40066258
15210950
77223532
75370019
-34961722
-70833028
-25128474
39966814
86571640
52288262
-44199332
96035678
19090966
-71649816
-74868332
74577073
-45356170
60553705
-35810252
2139385
35468488
16644342
-22425483
40311538
93456027
79332935
-23246871
-22635501
-69055682
72210569
83371943
-99668510
-31254596
-26127173
-66222478
72990990
-73369698
28784434
92145312
-61245216
18372287
90423199
-86472607
-40829944
-4469798
-50150662
76151381
48127845
11000860
-16007398
-12807542
62422490
-73828407
-32363611
-69815793
17185936
-27651245
50181997
41333412
-1760490
79909673
70553637
-78386849
-80584831
73537450
-5405330
7561301
3423083
-73834221
-17579154
69863191
-99884711
60368467
60040117
-93690903
80661836
11914193
-73464256
73315957
-41105167
5906310
48482125
-473329
47285628
84655624
-81241641
9784736
65413195
48583757
32613041
-77334478
-62820854
69381132
38628791
-76880432
42170767
-96433111
-46850374
-80066088
-41375880
33154564
8731138
-14541684
-33388899
76267272
59222258
44530920
74535274
-25572193
94012919
16625926
95484701
-71781023
19532446
-83135619
-37579913
-95933233
90790710
40656447
31594615
-27756692
52968091
73731065
45066990
-16960302
-29840028
45338387
-30904275
46152609
93139962
56533522
-21648904
-63897884
-82896322
-68857046
77594076
-30311814
-65529287
-56634110
-93498532
-53989806
24354541
17337634
56884141
10573311
-76885940
-58548741
88564122
68059120
-74945350
57274369
-51239800
3138942
-78593067
-20270197
-74901649
-3870
17063474
-79702752
96838138
38134402
-90318751
-35076984
35272656
-79528212
83120762
-93417481
-6121918
61278438
75327032
11611595
-27353107
-51032311
-60583689
-50843723
92803399
-80844564
2971037
-62462150
51983001
47751852
85314818
-61769358
-88793589
-17098468
14315927
76405129
-79377424
-47546510
10704471
795317
72658583
57021782
-35972363
-64783072
-96869098
90404702
-31409770
-19461535
38079641
-71577705
-17696216
84687001
95931908
-94912674
-33153803
-74975915
55517085
-68484797
33472348
-96106262
87822716
43395734
63541969
96232764
89072939
20954913
7441323
-86712760
-38151866
71622946
91629167
44433642
12782432
92103238
3652038
-41746097
-32652905
68694985
-68772648
95003762
30277274
-26140322
16813316
46437225
10545184
-33976676
-92579743
88269706
21452407
90148159
93036785
40469088
-55144153
-15004901
428280
-88006588
-82229465
49882203
-68288230
-65837823
86204980
-87295944
-37831355
21600445
16629295
28393244
41530190
71993668
-91421323
9234509
-18786846
5054366
-68174905
26693174
17260945
44782784
34079750
45214285
3607156
82829916
53426467
93085772
96589072
-56665834
-57362296
63008474
-97074243
25138744
75980155
76683511
-11327253
85572123
94572328
-92629763
-65996780
9131835
-35447699
8102046
-54138577
-47936832
-48176260
-12886158
-67949384
-84280424
64880376
84622064
-65648172
58277611
-62903303
-98034202
43104407
-17533543
-48744952
-85508466
51729790
21021140
-28673246
345331
72845610
21292338
-19172816
13146920
75227042
-62937792
-84988647
5611232
-91120004
-38611761
-63086185
42189533
-88340460
-75311653
-31948389
14951454
-79428034
96271906
61987672
-19954381
27115147
58448950
-59699853
98018146
-54017503
-47019071
92850988
5417003
35860862
-51213121
-12602477
-72691870
-89769669
77061771
-53456130
-88913595
22629299
56921923
3249621
75284885
-41990862
-42570559
-57958389
-52275564
-80154396
-54774332
2335020
-47173343
-42570830
21869145
-2144172
-36735580
37375101
8358215
-93122856
-97296248
-50677971
91563331
71559494
-1248667
7273786
69415412
55767161
24738179
74258615
58940818
37572673
-36668258
43637925
37969828
-16914701
-6157287
22440907
-70943477
-1639352
-70322985
-70678278
-93894421
-17276062
65896156
70866338
-401560
91534012
-62591564
81338214
59033785
-97364950
-29814145
68010700
93499492
10082383
-66531098
-90562064
-53242810
81829097
24758401
55508530
-15682673
-22262680
-30143010
-76334610
84417335
821240
70406581
23853039
-21281102
-1745658
-59796912
88183589
83896872
-45244034
-49686370
65810699
-10827071
77425349
78146983
-28036657
-37558094
48816275
14638445
1258709
2990074
-32353973
-68986618
76957625
-31219067
87820434
24684637
-67535038
-33305308
96392610
-96786813
-53520519
8892471
-66194035
80908062
56320826
-88836332
-26503938
38484844
378013
-52913067
-54204772
-24611779
-16530942
82755313
94743216
12644055
-38183097
33690449
-88233518
67671363
-2265792
-80228620
-48576192
-42641378
93917142
-90130240
-24746287
-59001765
-32193016
-99189866
-27002821
-71197824
-89300059
76536133
-98369541
-89636359
-46053175
-66528887
-21140341
-51647335
42357935
38635301
-67716188
-3248730
-14467312
10967491
73326796
-98018001
87806609
25105755
43868608
-76061744
49035135
91556791
77840718
-44327442
-25081092
22184572
-54861514
-77957815
54425883
40199298
-59373535
41769196
39612005
79028441
58502344
71226202
-3000388
-7578315
-1626753
2375388
-20865666
1936693
-1260192
-76725023
-19440968
869842
64537172
-65788770
-80715339
58227241
-51380279
32476648
67630030
-98930440
-56214349
-66226512
86959962
-23248739
-15536497
-95399442
-26087615
50571574
-81315492
20944270
-60396679
63480561
-36861589
-77978019
-80475659
92615898
-58087702
52170314
-95425117
59467288
49423609
1211705
-89277893
99601641
42170135
28036993
24038825
36400844
48721757
58394550
-71936109
32150805
6008331
-21199160
-36153116
84592640
63733868
-37608317
39702790
11896261
-74751174
60808206
-27842430
15348316
-53005603
51790652
-74861412
25807526
-21105576
-12278860
81447525
-64680357
70166766
-78357934
-35365549
36734285
42510993
-88680277
28888522
-146487
-19999574
-38179644
90753792
59471326
-6460500
57122473
64096905
-17714673
68097357
-5871499
-73169981
-33308903
57489730
-69255581
-23901068
-36661608
-78966169
24375095
47866542
-60890650
-68499067
-42695149
-46846001
-97570036
51136938
4619164
80970867
-31501878
-10341682
12576507
56428353
2174062
10030953
19724348
-76875416
92271195
40023364
73524454
-51529400
-54059399
14848518
47406237
19860973
80274020
3099435
2539263
-44718146
22795588
25929078
-47307080
46316362
-69762211
77975587
-67691676
76952861
40450359
-61603975
99573457
69325313
52650306
49476926
-88674854
93303657
71150775
84767099
-96392397
-37079341
-6101459
-67817982
-18220168
-52366388
-46932945
-12281829
-98537015
99888243
-52796916
29146614
-74458752
-686010
-6577922
-15587985
-25661659
-59157339
-39550383
37672706
22459637
10203661
62774165
-10332002
41492418
-35470841
-16724920
32795829
5735637
31986938
71592171
-29308837
8269543
38020898
15262867
-19344122
93818336
-62562349
11639687
80994055
17966258
93794412
10963289
-63050553
-19895888
-98218102
1491896
66208865
29967564
77689539
-18324531
-62516034
-70216480
44571622
-8297500
39885755
-20568262
-54184548
66857656
-87298869
-25171684
-38010512
-21798217
-50000518
-70043547
13380095
84089044
91732361
-52672866
-90683255
-83917127
85333484
-41331671
-54577834
-93522533
54295919
-92120654
14811379
44258579
79892211
92415892
13397805
79353355
17319613
-33386910
46391316
-31621373
-16405403
89233824
-80501584
53243944
-61962858
32980648
-86535362
42909243
-99464144
-72188001
-50999533
-7803373
80995440
-50467669
46753758
-49351129
-93576414
-97383501
-89626360
61146723
-74740482
11778536
16587096
-5482624
41220685
-20486849
-44964492
-94399371
5452512
11559706
-476074
42567148
-30638079
-78517503
792459
-13568813
19335263
-4602540
19069677
-97979889
-60639967
-99118545
-79366996
-34709195
-36563008
45537024
-9665635
67561674
-69970361
-79267732
-20576524
70025795
-20761346
-24636585
-5437524
29406512
65062821
-57162274
-87695851
45983444
-93290686
69399955
-16090389
86676171
-39972269
68320524
-21435737
-39882945
-44416763
24735934
15218064
98350783
-58373750
-69359038
14280459
97058651
-7841405
82259651
-11823138
25320616
-2447317
-91075220
79248542
-45177644
38473993
-40420088
-34911691
-24465126
34835958
86553837
24850371
-85427613
-28332218
-80492182
-27258013
92679507
-69130283
-1849611
4147131
92123879
84380431
44904693
10887920
-7765449
48550159
91940955
-29362565
-68843461
-53313354
-1047137
80722530
7554675
13223496
-24250712
30745397
-50053007
-56491562
-49006111
-2104952
51754874
-1992744
-23457423
68804216
-59848899
-56500249
26527146
87722215
90407667
-15046182
32906611
83371156
72900380
18277997
-21591574
37480368
-17797127
-5652819
34238943
97305873
21510528
-45984187
-19239866
5674489
-78847807
-97174193
59869205
78158026
-63593923
-10826885
-90526691
-24193079
-21063053
92926644
96092365
-15626117
93033025
43695216
-16138355
-21234132
-31176202
-59641584
88912496
95243463
-54559549
-5005922
-26092730
9543298
7371890
-46136304
-61258675
-6585245
86460088
72707591
54909157
42037299
-73671071
-33504956
57825241
25166697
-3137873
49997824
91899377
-62542395
-41618027
-76966741
-40998130
-26523092
-54415297
-87769497
-64679393
25169858
-3549507
-1833211
22741848
-28204803
-50831999
-61677567
23067475
-8835347
11664526
-6532923
-79667047
-11154894
24481244
-84558691
-19320172
6316348
-25181265
-14367942
22387822
-70522087
84192623
24547242
71429304
77658993
11428335
4481011
-16900801
-96345896
-67507234
-82422655
-96245308
-23511644
70861929
-4732686
18997512
43452861
-77232085
-40505882
-56650879
-19693619
-31917836
80678906
-19828854
94612963
-90352522
-75001250
77829569
47124090
96186271
-7385868
38344764
-50970297
-2452957
-55580589
48726812
20373427
88929473
-34559050
-53457957
35360937
72580319
-48863409
84950606
95410744
-25116753
-37534879
15064102
45311119
-15612900
259527
3745316
-24465231
-63181810
56349286
-58697837
42778340
-44377431
93742590
52622357
19114152
99438038
-24790601
9001270
26766909
71279830
-27219111
-23504782
60216829
43976141
7065616
64586028
53972731
-31542587
2385863
66657465
83438557
-80774845
9038027
-76969319
73882306
-10988349
58372030
14080097
44368380
39803216
-17342195
-27730197
-44079293
36738234
-54767622
33361275
-27822746
91060720
-76954498
36099429
-75137155
-98799541
80984533
-89531293
28565452
-5990548
46225491
-36779688
17139577
-81345588
-11974964
22519578
56725579
-54752777
65680415
81955291
17072891
97640126
87790112
-58322567
20505657
77248078
13363839
-56687278
97120600
8929323
99807929
28529032
28336522
60592895
-37819439
26416044
22805594
12212856
-68221110
12528257
89517630
-88470712
-80433596
98632865
-31696860
93871412
85248980
-86018402
-58434188
-56384631
63285030
-52255751
91284298
-52065472
-98956976
-84942702
-41996348
-81370674
32074554
-53285312
-76176258
-58918497
61648013
-43192610
54030510
-46016141
-14804237
55960998
-9653007
-34922282
26484827
79042708
-74202758
-80517481
23275470
-87986091
-7766601
4880237
5376986
-65607272
-73417234
59225983
49046802
65908801
30619592
50779602
4458129
-9362494
-96276754
-22053939
-36580883
-37284726
33167675
-9352015
-76153198
-86932860
-41487367
-33787444
-30311666
46433283
16610301
-5132239
37067087
-37923025
10181514
11681169
56389270
62320634
-70903233
-96729277
-69642986
50191244
85527277
-29698795
77968719
86289113
11998270
15840305
79397715
-87452526
-74111623
28742143
36990025
64503491
50418003
-92579245
93596425
-77627108
23522824
47011446
99443687
-76875938
57690352
41541570
35476971
-97048697
62483773
53194664
14500969
-1541754
13619084
-62428113
-54661471
-10378199
-15338405
-95791578
-43512621
-85659889
-26399486
69908745
-50666098
-90690642
95287165
-62099960
-68151276
85778334
-13396214
-25164187
-71082637
-52035862
-56800136
-93126437
72602553
-17026168
64690284
99403212
-91958162
77814992
32689615
-78685263
-47315427
-17717413
-30623955
79270344
-10168168
38364366
-68688444
39912205
-70395677
7039237
82515553
33944081
92026121
43464669
96962117
49354330
-68975646
8072822
72733179
89202658
-16405640
-60798850
-31496256
34626775
97725052
91369429
68090983
-15491148
-97220169
77360651
-38321125
56630875
-65499530
-67454015
-62715187
-13185903
-82501295
-50513846
-78264807
-86874318
-95413274
47867788
95511287
51527946
56915687
-18412602
84582106
30169172
82204389
30257568
-59912555
-19499112
-43386963
31832637
-23236380
45715884
-59917205
-18856553
48699994
39966892
12104277
87837897
-75282359
96727511
-81088869
-58869404
90775821
16971929
13921321
18753458
-77607220
6643199
90177930
92893793
-28034521
-64931760
71022313
-63174602
92426084
-56966007
94327120
30954715
-42473949
-83989320
-80983083
-732696
-38692782
78955811
52767497
-79496589
82317893
24299465
-33711084
24330087
43937263
61060820
14254641
65600802
3794529
-35507437
7452133
-26614365
-66459422
520805
76616293
-80245069
49772880
-510151
77600981
7837775
44002688
63833185
40098021
-2546766
67396369
-60744808
22789119
-337748
83806462
32587865
26343428
-82175126
-70620664
9083792
-51782733
-67479613
69265491
23707807
12390906
-84695212
38663465
-58907278
-44809244
90149573
-56340885
3202391
-3028539
46895992
75278246
76220551
11936688
-7463858
16270075
-1934585
91978789
26211014
45141607
91629869
-43850401
-88281050
-49652532
-7775545
70183260
-76124569
-54739449
88546337
30001288
-93097398
-65315119
-22455255
-81217240
-22471646
88118595
17598363
81042493
-48737362
43215650
-91435737
14957237
-63886275
98576342
-77491519
-82124905
-8710112
85409280
92413938
-73869457
-90073478
51242700
42889387
89156071
-76976805
97497815
42940310
32034085
56901838
93550600
-20049446
70052744
4157940
-94992111
-54950836
34738165
48776602
64739411
-80911698
-66927679
26067610
53652440
-74334964
-31747147
46834281
96366347
-80354544
95018300
-18262743
60195945
-64800949
71559885
-84340548
-92993590
-97049906
-39890276
14331214
-74186535
-15564179
77799052
-48235833
47505026
93442850
62835287
-10812906
-61484913
-98823152
39152764
86212055
-39554141
-66386985
-98969754
-88170280
-74563510
46228153
-86366685
-86079479
-64655078
-70873878
85734294
-15439549
73342289
-85700578
-97990054
32657197
97576687
56183395
-29602817
89892500
-30031026
-67509176
-50874387
-67220482
-89846806
52807121
-7238434
-1124119
29403908
60915379
3602290
-17974519
-6355698
-95129868
36512546
85364894
18245959
50198921
29232162
-7200464
-84900433
69727286
-56707913
-49137131
95349305
-79783517
-93464884
-43890459
21229859
-18340246
63721347
22863722
-21373
37339403
92288816
44325436
43485570
-67942182
826098
-17261215
34388354
51387116
-35727968
63380957
-83951795
-59391940
55491606
-85533053
12236810
64904219
68118385
99925919
34414098
-74324691
-13499262
23373331
-96908515
65876114
-98298561
-55941042
-55396661
4223234
90297714
-83298117
-77257770
-80055104
24576087
-30070722
64417839
-22001077
14180621
-27356900
-84256446
57300067
10529887
6027485
28956353
-39867968
-81641184
933672
69216302
70623569
24429044
20686487
99003243
93904407
-58949722
99391789
75675032
5024736
-30199536
-50365977
81997581
-69790847
91830667
54185781
-10896344
-45513248
-19060788
-5930229
63907728
-19164961
-48913909
68479969
71481296
-30589262
-43430892
24232495
-53379207
-86514796
-92034428
59225400
64025422
81449813
-51537600
23840371
48801139
-61496825
-69240697
42937853
-77193924
36977512
7352238
-89313642
-74321344
27992442
21917947
31981729
-86458661
82443896
96516857
60789354
-32932375
98301842
94599484
55598084
-43678850
-69702932
-18005299
-32780015
25671172
53274160
5732323
-80929077
-29996813
-38443222
6585407
20338306
-16720668
-70003205
-22793677
81635609
-98866447
-58116683
-6304985
-66969148
-33140156
70425859
27875250
8571096
-41681582
-87427702
-88691804
91070543
97891186
21932584
-19157923
-83091523
-83774966
-21319848
68913459
-32143304
-83304236
78076585
79955397
70612393
27214130
97311906
62615268
87223210
24117359
-49125064
-14741732
-27164611
-98623092
45310238
13768632
-66057749
60741075
84597604
13909942
47167442
87210498
-86279976
-93260522
-89510652
-4270277
78876670
31267981
-52377049
-18389181
-57421915
-73769685
-93702652
-63211374
91757019
-98295854
96931568
-94878956
97659436
-9722887
-80508495
93115993
-92759773
-55084184
-13357993
22609992
-98105103
-88492278
-72296576
44303672
49849377
46160146
995469
65415681
-93630620
-8974391
-37751738
52402357
51437495
80136900
3295571
22729190
-55046654
6285822
8425689
-31652761
76490507
77005551
-28253686
-33764928
-80578907
-46280157
2779573
-13272897
69806140
-39356716
-16175664
-3062675
-65410644
-3306409
-22733600
68830987
-99188610
41614094
86568194
64629284
-74790083
-16811997
68363444
11460525
58185226
4159670
-26838213
25158761
44069203
3963324
-30214007
-6811298
-79801457
98273697
35467480
-49342887
57575722
-20508100
-81250824
18627997
40161669
-92983109
-71590914
78890197
-79609259
-36921377
95313396
-20230953
83099014
37859866
-83138604
-30048036
89515034
-66703311
-11955122
64408733
-63801006
95487855
-79473150
-34835010
29577900
50258548
-79460168
26227215
-31874476
38953479
47615425
-10024624
-47169430
75090383
21235666
-85303624
-7674613
43752521
-66097389
28944758
-45139788
65802390
86441747
-77420539
-69912968
-91648233
45988613
-54853168
97587590
-23654534
49152062
-48250154
-62189886
99336911
-51724995
23834027
-84809360
-6540534
92712383
99768868
-78955606
-35035661
22213842
66511133
-87967185
3959843
-48594804
-12500269
-38894162
-60938052
-47357846
70454498
-4062547
41692114
67414432
20732784
95450210
15483596
-92967777
-49762011
-22566192
-13787019
65614542
40837494
91966955
-62488190
88002236
1998719
-86245890
8408596
79013848
-71482336
-80029885
-87640459
68370457
-73669010
38374350
55940444
-76800132
10764466
14052422
-68049218
36024907
-26724301
69676961
71896062
-11574213
87040323
7037072
52365296
-79106310
59532435
-78303537
-9910734
3149405
6057854
-52944505
81563873
68411557
51445866
-2013188
-15174153
60825501
14176071
-4480221
-77823705
26949368
71707691
-36038755
-15563196
-84664975
-67852094
-49915995
85196101
94251408
46147987
17644045
62725935
51549498
-92173200
38883345
-19306745
-57779997
3709909
-53940609
-15970977
-14867690
-87002819
45458289
65028104
89161499
74083622
-88329301
42607866
53781877
43904814
9727837
-65068507
-82108318
-87102536
69054925
-8791611
41642044
-57375999
-47702554
63323045
49007771
-60435227
-93366854
-91601790
38290257
68891930
61365492
-13666109
-76252527
-86859166
31279974
-59994804
20715620
37005433
-75106218
27833552
98749932
50268777
21385636
-86044712
-70628269
-9190405
80104586
-36077095
23215981
-59469610
-9465383
37053959
-31296560
70727
-81335525
-65817402
30844266
-28966230
-76416945
46758724
-33293280
-6976373
72011136
-37215362
-40055895
-68598389
8353380
43023520
50910802
64532483
5632439
9969670
90688114
-77248470
-72293032
8029850
41685442
38062863
-78543150
68191313
16467428
97581743
73889680
-36899450
33117651
53526123
58074120
72321787
16215439
-82202066
-38922503
36106081
59791873
-67714202
-55293485
-67131561
-33590744
24669286
-73310379
92997469
-46453819
11361599
-81867801
-23844856
-2749970
26097519
33575379
32222088
-73462704
37057157
-98602967
-36514733
-52591964
-12793190
34482408
-47720059
-59620375
97939112
-6234243
-25104433
18067086
84536925
-59398484
-696886
-91633672
-64221514
97324971
-71887315
98959202
41168348
-53691896
-29531322
58360882
-32110710
15053987
-4644623
-93602126
42797463
99511838
-68042081
62844611
-61388020
-40961932
77153968
36176435
56632651
-95550972
-7977256
37450661
-93983347
70688292
-40236499
-24267299
26680518
3655499
-76352317
-2992409
-91425966
59636302
16557458
-5762256
36479250
-87510839
49022137
70514898
62265240
25226638
-37480264
99389502
-15226971
-19920941
71063670
-11164451
66603564
96141777
67101089
50344642
-69516773
62233583
14719618
37377546
6468244
74556665
83185757
40701302
-24396263
10039932
73694025
-34043203
1983869
-13914335
70048511
40943974
38509062
-22958294
-92616327
-15824890
44464970
-60403333
59425775
74926214
-99178824
-97088897
-88143223
13791965
-7906391
96517990
-26057455
-31796894
44945449
47380132
-79139598
12780656
4042790
9725197
-53268543
43757456
51600893
-28337203
-18879710
43781770
-20251210
-86925349
3566063
-88056092
6600353
90538040
-957451
-47089424
-17230019
66478906
-54768090
57288148
-2807298
-8082296
-9599650
39127396
88422971
-91631243
52389264
-47997197
73068854
-8648847
15102526
92996092
-22290188
-15961612
18738439
-27825277
-48913722
27845621
97203449
-73144265
15056087
-38219701
-76557102
40929885
-16246026
-72895293
35561744
70805055
-82313247
75813505
-53107014
61717009
-29425647
-36752231
68193649
-52183986
-6290500
-94548635
-89455621
31672217
-42836506
36929504
98267223
-84498245
-81016759
-35075454
-72388362
-11678531
52820918
-83822918
10748334
2205103
-78889897
28905682
51426653
35790593
-9731733
6869392
-57838282
-62894998
21541226
-37110901
-21549712
83309373
45852866
55744140
63782856
-3479791
4624016
6250016
-72936748
-4272261
9376351
-18730776
53906742
42086332
85493058
12796723
46387351
92344590
25041541
-40651980
20132053
25751623
-46198620
-40764053
28382607
-39661637
-40011919
70843186
-63098016
56079426
19030235
50257950
-14599812
-14140816
-51648687
62978111
4901673
68553012
81855186
94693891
-34272102
29063058
-80586940
-80939646
-38453822
-13633643
87637803
-59506701
48779989
-68436697
-379246
-44113136
90440965
-55758787
-71382865
-14255682
44854429
-88302964
65929610
90577149
-85939679
-48879301
96059027
93363473
11891172
80981597
35251125
-66936409
91032453
-82464659
18390151
16193287
-12381528
59813222
4984533
-31460925
-45563596
-92562092
85324121
82351697
-51444347
-79803026
-26726216
-3019324
-61606607
-75520751
-19984747
-69709474
-99420356
10392533
14432498
50491312
60976880
22216731
-86241124
-768875
-19583479
54661169
-99547518
-82347619
-48090476
89477783
-50382801
-29329780
91394484
24850841
-66128355
-11711340
-4315275
96951888
48152384
-41188112
-80917005
94177307
-11503108
-61574202
62054367
38774121
-66097138
80472318
-75127773
4239541
-20442479
-53279754
37466227
75423170
23817563
43996802
60401728
-64877403
78592056
85876987
41038204
-54303333
97124237
-55097952
21134552
-48927255
12439274
41479033
21952530
-84682265
-59708900
9456524
-91952050
-26433697
-93390080
18131366
15406319
-39766615
59899980
10481244
44159807
-42872808
-19725055
5630282
-26644749
-81646386
-23954179
-41262022
44160972
73750055
-70048066
89508836
18443259
-2965927
60951682
40194668
68444752
-58117570
32360772
47735716
-95754463
-86301711
-93728889
-9034341
43670147
8251627
-99618137
19159837
-1794954
7036444
-10838457
38930762
73110635
-98096871
-50857106
77014259
-70274497
-18863050
89643830
-95342053
83138030
75462172
-7436570
85069528
37933517
-45597377
-72769373
11211755
39614872
-80508875
-61622573
64423743
51971827
72984722
23374788
-19102070
-61211985
-66821834
57167112
81187417
72371652
88282526
781959
81792179
4378900
7575188
-32595608
-54226406
-9994313
24641784
-31044157
21522068
-57912650
-78305135
8276454
83355350
82642704
73644248
17298261
82669431
84744861
-9707934
-57576260
58105159
22978177
68976574
-16069720
46864106
24573356
-57590197
-96007984
53785507
-78505932
-15861201
-39398001
-9533718
-83374563
-53862544
-12481505
31994305
-43270245
-68638604
46874827
-45899654
69029142
-25690809
76068121
-83362234
64862914
-95239066
47511119
80786264
-9916458
-7511012
21996531
-11947329
-87821953
34610604
-2132107
-87041389
99634485
40237318
-94830075
-55138274
-34146593
-69139459
89857359
-35046242
-2055066
-60820778
80508097
-55629272
-20833938
-82704634
-94660081
-34088580
-51954490
-32575899
44245152
-81993501
-37061617
84440314
-33729145
-20929039
77548634
-71792318
-33294082
75487304
78882213
-98593344
-32036308
69607395
43596989
17782034
-41342456
63036456
12251888
-27326903
-6111221
19046996
-2763632
-38697876
-88644560
23547149
83853634
88356648
9571419
-49774911
19799632
-87135135
54228258
-62595727
42224991
-27176503
-49644083
11423698
-55593425
77803538
-50275817
-64723245
-4853274
1269726
-58493444
-16408546
7388262
7684118
87185103
56370889
40125892
75247363
-90157267
20872642
-84427973
98309857
-75973197
-22980451
8477031
-70261290
-37365100
-4046287
14696574
-58106379
75151726
38480227
22742536
-40735308
40525646
-17019673
-21288730
59849930
79556205
34914043
-83659439
4302988
-90399151
-4338598
-4667138
1582581
6825374
-30133997
-81039386
26447730
34736997
-7751761
-98840678
-32914285
-11289948
13942011
-47883373
70753003
62206394
84195554
-61975107
13529533
-37764113
90461171
37453054
-92549254
81595834
34782318
94981853
45378115
59591678
79211850
52171825
46495020
-67013254
-31016275
-7271523
17703476
-89424605
-44868069
-12154548
-69252157
84277780
1945330
36707685
55571558
54248370
-30753928
-24077070
65299355
-44226778
37263097
50331283
19522255
-77324929
-7613454
-38574068
-59362043
88286020
-72438571
-7742603
12641569
-38797852
-51702772
67281292
-88938314
-88660598
36081679
84669743
-30502461
-65471822
-35428365
89150618
-83558885
12540014
-47799360
-70615317
1146554
-58099529
91437990
-37256451
1986050
75779527
-79213567
55636759
-74650356
55480772
-87065140
-75819495
12433875
63392231
81321500
48850191
-54611226
86792161
37115826
28311366
99533553
-50929067
-12289949
-93647095
-33396140
-41043514
-65142324
-65708960
31992550
52552752
76944947
-91179548
-26525671
-78088883
-95166629
-14295697
-27597537
27005932
-20618647
-66534211
7431009
61147431
79555368
-84124883
96230201
-26362149
-66137985
73497304
29045946
59616167
-60506220
-42873916
-62262937
99170902
-54656955
-33532909
-31900096
5457751
-64255216
26310856
-94445179
-12649612
-38845017
-59807981
-49682652
-92375986
-58212599
-6566231
33983168
-10994055
-55430504
-84383199
95467022
74683716
1356321
98167370
-87874146
-55335424
-15912083
8166492
-33223887
65060603
50898443
-64081765
-47539152
45320955
29857059
-47629133
-32177779
-61360381
-9549283
-26644443
-3063566
39170882
93264636
83477845
80210551
87295166
12098284
37736492
-94996964
-4421114
-11449381
-64748852
-14678087
-69778670
44815519
-65177839
32807890
27500844
-76514131
-13524209
97775344
41890744
-34145783
-56753500
-7511498
-10689449
26991518
11690010
-1418414
42446269
59763666
-78735943
-97068919
-79268828
-99575696
-65977414
20258069
-71805627
-87228524
9860334
-41123983
87486000
-93114311
-8510956
-38818327
22549670
77451051
45250496
-84935378
65681925
-74740309
-16890152
-12148426
-45577240
-73618184
-55813161
48003582
-61397398
76496498
68416649
49463279
14893129
-9021887
59724843
63872160
12661406
-74399879
4281751
-43603553
-81136444
25225311
87712157
-40520995
29248419
-39308668
32243540
77403658
-68521201
-31005192
-95965866
-98954586
-54241688
17116652
18897750
-66528798
-28682235
77226387
-95298420
-53917386
-17557453
-35991461
24992385
93848895
-65216188
-89136591
-43364710
49712682
99360785
-70856145
-34995242
29180165
75412853
92010045
-70590751
-89451106
88132676
79101359
5077705
20230393
62291540
14292828
54685857
70323205
-49041552
-32742150
17144016
89046687
-73866700
-5857741
56166272
-90228005
74739042
9326102
-79647055
14221473
53513310
79171671
36618113
22150414
18129181
2857283
-44303161
-43984332
93892837
25800270
49279173
-67147880
9428480
56277744
-29464166
-21681064
36607859
3514921
15059207
59462914
-22147653
37022279
-18686089
-3906226
96601874
-75257743
11302465
-44783499
83241191
-4108019
-63150732
74764929
-30249864
-63843841
-16649802
2640449
41540679
-32943327
-76116075
22468317
-49254957
-1898194
-82105217
-89808843
51151380
-71856777
-34885118
-83546286
42532425
54728982
-64727172
-55658055
-61717123
41654683
96138946
-83287590
-47933361
53898682
-91654664
71090995
-8788200
1992304
-76143464
21208773
29982832
-69684387
-27200623
-70112176
14350146
-44631375
-44840964
-69715237
-7465556
-78252704
23275297
-24906518
-16444319
-74837988
93251898
-99252304
-53490645
29602517
-45718275
-46547141
-27546172
88628585
-82006978
30232824
42874908
64952999
-1623941
-14838932
-41846901
-72742796
-18025884
34473750
31553469
16351587
10546990
-53534323
-76021244
-66837858
-12355960
89546561
22919526
-76674677
45788156
74182821
79965383
-81393601
-23844675
38474009
52459905
31129180
-24631916
34004934
93050036
-79093698
5082129
-90600019
-18818885
-67302220
2207067
-84459255
-91477496
-38956455
38481308
-83562990
-36875830
28759799
33185671
83308988
-84012056
72014302
-66977550
-98858638
-32374034
80791745
46035600
-14455581
-92876529
45475834
39514816
-38326665
-57024739
3401285
18154234
74014881
-24094532
56187244
65490840
-74187539
68328835
46030561
-97511735
20305663
-49376495
-62191964
33293232
-69427388
-76359322
14128122
71870106
91453049
36298717
-88141399
-80832829
-14484311
-48155236
19101709
17920559
67587779
-74919398
33671715
88146764
75764648
35684846
47694077
-98467384
-96828842
-23992638
-27085579
81980297
-4317458
1114469
185167
-63416602
21903141
98279118
-17844291
23130282
22687649
-53632622
94352442
79874728
36313149
58572521
72568365
57492392
75515350
52108295
72046151
57330214
9847696
16482330
36125926
82529204
60863131
-65268689
-29209359
86993660
14023240
38530181
-84365359
48064153
-14937673
-27874482
30715081
91412341
35149319
-58234728
3756394
-41435645
-63057050
-47134636
-47647
25393230
36764623
-37431803
78915481
40927713
-87673866
24131752
-26310331
-54848483
-98603433
67435036
30763389
59329152
-52354483
35702046
-86672329
-47575415
-47359017
8588368
9002643
-85461885
29094036
57632488
-57017904
55424023
-23142579
47702990
47457956
89164373
55786886
41773469
-94378111
98413235
-67613604
84637231
-8512201
-66429198
38865955
58677361
21201341
86432077
73094883
7174597
-85192754
-4904094
-12734786
-93211161
58456807
-20894408
31250643
5015062
19358028
-59490165
-17207160
-18251103
58929814
-80595428
-43973261
80091632
14807134
8083323
-13396892
-35388639
49330805
-39573601
17828150
-39302353
93312187
84412112
90240314
-20720620
-12114783
49921903
73577061
14646258
37981244
-67767249
96434357
-4223347
-18042123
-71697581
30756536
25787591
-65944570
70933175
-9031590
-55628218
-12727738
54143069
59027220
8957935
79046892
-68847921
-56566838
-27120723
1123635
51171168
-10279106
-8609395
93746490
-37444806
27259099
-75799655
73070097
50919102
-15885100
52175282
-76055002
-65162659
77016718
39482215
-24176814
82987972
-24178934
93558888
26979818
-57971814
86121531
-83169414
-30864544
-61166920
53489488
48213366
76106167
21040297
-4377948
85000409
-83753688
-70442809
4840200
-20729997
73281298
4785267
-54752383
-33758322
-91356057
-91779528
-66762322
23421914
-42946029
-32107139
35265544
6997869
30489916
-60913702
51764914
-79253003
64860737
-38728940
-90748316
25140651
-85682295
581287
-38106016
-72663836
-82321995
-82830262
-25508550
27086013
59954055
5698173
-36770182
52506393
3771415
84406204
56857213
-26185225
46286175
34356591
73362765
-33528787
-90815195
29827521
-48898012
-19290999
-35672780
41131040
-23889353
42996141
-81910048
-29773374
-30912011
94006769
73938846
-20338894
10874229
67298278
80235059
48370017
78461239
16793754
-40829613
19576406
-32793336
-78618392
89500073
-15124657
79715921
50139660
-13699430
-59641260
-5715721
-59874123
-33169674
-49420713
-43863421
62741983
32137340
45163593
89881398
3789564
20945129
-48586334
90914669
-48447541
-38396348
-66507512
-11483363
18503405
64795259
68628202
38472588
98501517
12472799
-48023750
-19081430
-80271965
81298759
-78228693
-91210755
-80584371
84464181
54758143
-19971063
13920056
-34638573
1039043
49095449
-75208810
55143515
-87666933
-62259037
-34261744
35232956
-76199085
44426658
33830108
62827190
96557906
-51121741
22935736
-64517395
95485037
-36400392
-9090837
-33295271
93396644
15629904
53500739
96304925
66248467
50594597
-15578831
532894
67226384
-74110757
18718645
-46677028
5218742
-49902383
4482289
57843165
-20846539
-46743530
75295605
-12453438
21967953
32714543
-63537636
-8469521
14498706
8125046
20359630
-76237797
19417114
34422191
73161627
-17910856
-97332018
35488635
36654306
-53287866
49914343
42657807
73556501
-69092983
8319215
-91610589
-18012698
-2728002
88409831
-82483844
17811497
39622125
39434972
-63162538
48997690
-39683175
49666956
29534978
54423760
-14965676
93982323
80281274
-75649208
93149397
-53360184
17616768
-31280315
-31864892
-65505861
-92025029
68587746
12966898
90354905
74279878
-2942066
-60769181
-25001647
42241441
61408676
12839863
3916911
8239226
29909599
59078446
-6685654
80683450
-22282036
27764663
73031153
-40798443
-96319454
28605528
76570938
43442450
39484870
-94860942
-92655422
42791361
44661132
-48639779
-66907275
-20424484
-18277928
-61199327
13655619
-40388055
-94999820
69309861
30941710
51611145
28351846
31673362
53646908
-88485967
69225237
-57926681
36229905
52002465
-39494410
87102245
-73237672
-41952231
-62019699
40255555
19193400
37385369
36351614
-79415477
-70249064
84008130
-95283694
89077153
67664537
-80518393
91686309
-57981782
92905930
-24670686
-13723897
20792252
-76121341
62746425
58913099
-29484760
24424779
-7109603
-15253652
-20148704
41150888
-64412353
-98670742
57923326
88544216
85580596
27854341
22929644
76030587
-5601107
76985283
99278881
23326104
-72751219
-23402269
-31194945
-53170706
20309350
80702813
4726798
-95772718
4343227
54248226
63776233
25736238
41177069
-84474304
49973155
50403227
69262506
18308020
-98701659
27717557
36357386
71699832
39401053
63258407
-83799093
41011313
33825151
-34580285
-51446415
22129232
26949346
-38669029
69990759
27417425
52813347
1268237
-17136572
-16000053
65166846
-56815246
-23168033
-22036847
-70276787
20476048
-51377579
-57409215
-52343893
56023913
62455603
48728263
31712466
-79335978
75641350
-46525079
85836977
11857041
90453192
45039193
-62383908
-16997528
-29399948
-61130649
73502460
54548373
-72087584
46299355
-64012235
-9463544
28299929
41494418
12043293
49271301
-48529978
-16408382
35745886
-7089203
99636624
24843436
9867179
-45730449
29293069
-1836408
32341501
-91596902
11298527
-48147124
-41308294
-68377947
72781837
63875850
-8902640
-28005722
-70776843
59406260
-42993354
-96306052
-30116911
-9238765
-80508896
-57470984
-67790496
-69455045
60893213
49887038
-87259625
-44311707
-28193513
-71879955
-54194751
-46913543
-54968412
78663270
-1051783
-36015144
94596876
21668891
-10204444
68486237
-10663534
-11573644
78832897
-61644198
-68453486
-37531314
30416531
-24595463
-76884576
44633674
80431257
38867840
96861478
36818988
26247601
18229807
13618812
1615373
15876110
66905435
32955073
-75440380
-54410941
79988853
-62425656
-5514537
-27324229
86523695
57766339
48641266
6350811
69248026
53028275
52338941
7065551
34622558
10703069
98605729
69199178
56751985
-20110506
23821731
-76321701
48019549
-53852261
69223584
-10365322
-47649137
33534871
-96436587
93484618
-84721567
-20340619
-20847239
-89325371
87821678
49617601
-90953195
-93920283
-62806328
-33045017
-90252295
-89742951
-54075851
22216867
30226448
6656229
23026138
-47120799
74164050
91999822
19972545
-50887558
-12977237
-88616384
-55034783
76199933
78390014
71923393
44367370
-72657880
-35724445
3317523
-77745425
-93635442
90566508
1092348
-13962296
65177898
13640583
82023613
-98408772
-65655237
-93923442
-8099965
55926274
-67960590
-65310527
18737872
25875186
-52590258
-37005563
69612604
-98838885
59391865
28881725
81864872
-6199131
-90856804
-44175372
-93612952
26764408
81773947
-66096877
-83697811
42645615
-60853116
-97166617
95095320
84338735
9445227
48390770
98410202
-92255969
-29216126
-26082136
-52019764
33982734
5297601
83281138
-25259243
-21705351
13798063
-39609294
75467329
14684760
-15995920
3095828
-92863281
36485988
45435722
-89631917
-22480102
19822953
-71630676
28352224
-76678112
-52243536
40413693
53638466
-94261532
93221532
-85779020
-67306765
-76631390
41737406
-26491116
1475
-41457769
92396278
-92163949
-4806146
-36845497
7582083
-70747186
-11142852
-48781760
81411008
36097762
-25312052
97184944
-43092871
58006959
67055093
-22919127
-14440911
-74555353
6027340
64094698
-61218417
73357453
17490756
30206
89532104
-21426653
38010797
97522296
-92643952
12501936
27453082
10504701
-93927557
70620242
-72751140
-44550327
-96695954
58427486
-72022405
21846006
-8716013
13927471
-54921835
-49175568
36328900
34736578
16878876
60638231
33589013
-80430551
72508909
-24546450
97189258
37812497
-21143262
-59291351
-95857954
-19891854
-77777915
71306074
77264150
-57854144
-20276695
23635259
-52988641
20067600
-85630377
-1539897
76314514
46626907
-24790079
644564
-52207530
37827436
-99688887
-26081337
69633128
-91457369
90421426
-98491204
-96007614
-5451235
90265498
30576481
13746212
-39396900
-34447938
88778106
81230601
-58525714
9308427
84079041
-62497231
99016182
-49912419
-70122551
30952212
60978486
14730370
41702822
94277768
47323269
29584290
-97703831
-82150971
-12804162
12027496
-10331855
37781991
35150086
39770682
31591100
79645950
30982453
31392082
-74746428
-6465094
-23708552
-77030087
-6978008
70728258
46659430
98983968
6655587
-6769500
53810058
-68196510
57846509
27096515
61538853
-46174164
-16447085
-68001901
23018680
65976111
-18663420
16602031
38709308
21466181
63938371
-84716222
33672306
-4081522
83308379
-84875726
-52505025
-82724459
92225192
-27055314
49277007
66299008
84509260
38119421
-63194150
-49148794
96551373
49884387
-7577143
50839136
-82715988
-82963875
-38835791
-46761094
7419340
-70729369
-95181618
32601817
62388889
-40865661
-67000757
-6232442
-48872739
-14770829
-94662535
54426137
-39029228
-97806593
-80227917
25929018
-80128826
38754408
45931896
16099401
69478242
4959395
42106301
68348499
-73032454
54594265
-38055957
-17789080
79587487
-2342402
-13962292
42217661
-72540364
-49652988
-3407457
-37639965
-68907064
39431128
21249723
-69294518
89743673
-41537687
99414772
92620193
58411398
-64734392
40066639
-26012528
4256985
47753687
-69845563
-86413218
48300050
21958651
57446496
68195573
74402068
90044894
91826639
-77195126
190591
12361814
52936476
38127868
-85831430
73134125
-79009178
-50883865
65250096
75523312
40771618
17757501
99032453
-42567037
60094378
-71584030
83734659
-52796691
27750644
65458612
-73320092
38753799
757399
-20542007
91760051
-96318655
18559422
56249151
-6920524
10684050
-7745282
71655667
-47625244
50934968
16150474
-80382764
77392593
663223
28412383
-89195727
3142495
96806984
25974720
76568192
-64893715
81143761
-54697267
93917929
-31378105
-89276341
-58012192
-17753506
20423543
-53029663
15446231
30468390
-96559172
93950524
-74786139
-56794413
-43315555
-51344599
78132033
87939100
45393061
59244704
35446554
-74278340
90485026
71038186
68723068
99212370
21222504
54540154
40686909
-9965343
-96837786
-47163608
31177208
-41552817
-59266787
50632560
-1650581
12363877
-53013836
42536145
21636643
-21954184
-99669023
2080615
-53697743
-33303534
93558519
70613733
-83802285
88851750
97755958
5430716
-90515749
-71675255
-11076454
55417978
78624818
61109595
30708366
57451378
27668562
-69736279
99001997
-46663989
17930464
-58907391
-68712208
51314433
-72505095
-21001777
43749819
22514826
52782323
25548819
-47413753
-27640450
-82849950
-91400893
-25613010
9490728
4056352
41060345
29929429
-14643593
-36247608
-71127425
83289370
-89618050
68426955
46841706
87914452
-68262031
-52204910
7642639
52350172
21919110
-34398549
42859000
52305792
-58637746
-86121843
96634166
64331385
-27018054
80909546
89509971
77742699
6610426
-55831596
-54783836
63390662
16094860
9346380
86910624
40241357
-76258686
-62468436
99460290
89239752
-2453884
4970119
85395182
28572036
93775105
-39778513
-27906607
77717849
89755578
57233992
78376513
32431980
-11519304
-97162351
24430291
-23208922
56186043
-71163945
-98433874
-92926652
-40972141
87827469
4851671
-18806457
39384058
61968832
36879016
-29191983
13670434
62115618
-15911115
49842823
-42138463
76130247
-33626120
-99542802
-19463886
-72750247
-15954010
-36211583
55135975
-5780588
60848990
-67518151
85099902
-56446850
-57428664
89318224
-95143229
-27703038
-73411016
18932972
-60111838
-14808418
-14563596
12156729
-94558717
349126
13697427
-72791143
32942088
-58979646
87526282
76326760
-45051445
-85230307
67304763
96858270
13192691
-15576079
33311961
32347489
22705972
-59737740
75074033
38185889
-92206368
87996578
-99311349
-23745147
-9349834
-67555966
-35665203
50353991
-99653603
-55762720
-28917826
96484977
-62426060
-15684837
-34599843
67174329
50088727
-11307009
-62456497
-62938509
-68596001
-38319756
35258630
-90144434
-72612092
25100144
-26108157
-91648206
-52951814
-85351835
-78188526
2184431
27548996
-81580421
52747691
-70632884
-63491053
2834107
-16910792
-30454739
-23059074
24192114
-75639923
-44501604
-69106885
-55230135
-38597541
70546603
23689361
44219097
-81650374
-29810082
-45643052
32392308
71790334
-38844883
-74232669
42075618
-47365105
-78441199
85428531
-27016292
66685354
-42407674
-68997900
-22781952
-84146560
-90099217
53306388
76176330
-2834894
19502111
-91726288
-4107960
68569686
25821748
-97981684
-23017061
-22678506
50482553
-67509069
63551300
-90471358
-78687820
-28096784
30127729
55504985
11280039
52607443
19480351
-58242194
67451157
-48601357
28618420
22012394
17231079
-1331111
-45711266
33410569
50536462
49079244
-67734925
-18792697
-50784499
-26462185
-51368942
20088890
-51432702
64488052
-82788194
54156626
28465748
97883256
63501560
40297166
-25876324
80069041
-88435387
-57102069
55865113
66974844
-27325923
2876347
98858255
-68741842
28422396
2854426
5168106
-95962522
40627551
-25871172
31597903
55442552
-81653216
-96716511
54273731
90735625
10937786
36826022
-87078214
-96010490
39794610
-32472184
74918679
64081041
20133246
1145337
-21100829
-80913751
15776574
78556484
74966756
-27994999
66982060
39110719
-49560454
63799961
52005537
-72300990
91679637
-64967309
-95911097
-26735013
38793663
39685599
-22022107
-38395024
-51027516
11263278
-22033118
-88846302
73252908
28357779
-41694877
82884671
20740713
-4260210
-6064743
10550859
17898409
22381176
-47039724
-12373863
-86328736
15347304
-3179830
-45533186
16569977
8190171
21577823
-98102007
-46971667
-94962077
75762166
-95900999
61354463
-41876641
-14909383
-80010361
32657694
9006499
-44981898
-83134012
-3429452
-47873554
43948237
-5345118
-4550091
59123720
-74655579
-28552261
73144740
-51366635
-29429690
-10520253
-86625903
-6821462
-90705528
65440130
57946121
-89911124
-74475409
79073506
38967079
30375134
-94050080
-98803582
-47268606
-2626026
88497555
16534572
-9438291
-62073956
-71720262
89690425
28492051
-64365561
-99153311
72848802
-64149914
20173952
89326209
-89171673
47445599
4325079
32291201
46139780
-23108630
-17659368
-13560556
21995403
-97984916
30215725
-89305606
69592459
85786776
-66485207
-86315012
-41259520
-17330466
-28113880
-99080325
-75386876
-48818992
92332214
-1719825
66757125
-62857049
-50589070
95134542
-73366414
-8517255
-78534371
-61225115
35824824
-17397392
-55324620
5645808
-46665292
-12706699
-60781665
-6561742
57749731
76199730
-83284536
-9014287
10777665
-63368700
-93006939
-91589407
89598631
-57275366
-32959996
15710694
-50176326
-97031503
79510195
31334673
-81251128
53191327
64452957
-82007898
-75141388
85105544
83776432
-98447440
-36655601
64080358
-90228376
22445901
68780871
-28876193
9922569
46249812
-99059124
55118832
-35602452
82391517
73263598
69181423
17469215
-87221685
11122125
52816373
-91734247
-71547868
39394385
50275154
80641789
12171922
34346600
-78081601
42012955
-89461398
86935842
39710579
96465981
-15448711
-58656882
-90778377
-76104865
37955777
-68982871
-83748895
-17515715
8685453
78051164
-29458722
-29946613
-76603374
-11210424
91966420
-66023882
21537590
-65810410
16972048
25810253
-79036103
-45089390
-61552997
-83427250
-88739940
42996793
-80140935
-39689059
-62313736
-56072183
28435394
-41192687
-57202508
-21466801
-78268382
-83989170
41757228
-66309754
-27805740
79166107
-3826864
7542559
-64388216
-63585451
-67202395
76131461
-29163488
81028073
50383065
76732125
-59615060
-79428094
-71705571
65116810
-71272419
99629161
-97510697
-47673822
-12462707
-32167150
37954665
8789840
-95568344
39108102
70577057
12843215
-7826855
-97030259
97431543
-96545992
14572454
-21667981
-80388682
-36428436
-52920343
15809544
-60349825
-7845481
46992621
-98459128
63027311
-68207921
41535245
-65195192
-15226142
-35638870
-17478261
83209262
-87862799
88876555
24997439
-39077604
-20976514
-22394075
52373115
-84428002
-18203597
4862463
97681360
-52988916
88182074
-18009162
-65960314
15756409
-8816422
-36464145
-47453842
84852710
-72770284
92049979
6810048
-78982667
32399178
53848196
7811366
52196703
-27992335
68186890
99485874
80841608
-38427855
-13146969
-7357981
31306752
92399917
81108592
-7934105
56285455
-81983961
89415629
-85111841
58151650
-34688881
-1927619
-49219809
-7345721
59841611
10428872
-52763272
25219694
92297076
26469461
-89818021
-2182379
96071772
-58416172
-56374864
68826956
-72674086
93734820
-84284323
-39230007
-79608687
-68486117
96536602
-15891572
79367856
71298814
35796514
66854165
-86673340
95327809
-72126145
-21217680
-26389945
71300137
28081358
39302631
-42891726
61197491
46778597
5775703
-6140325
2711903
80317897
24197292
41146322
-43857356
5318978
85407594
-96434563
-99433195
-31381640
-50741765
5041950
-29843949
-82294271
52089860
92199316
6995066
-33950022
-17360568
-28326162
78580023
43400942
-30701965
88053998
63951464
19651294
88786026
21807483
68146597
93095065
-78661122
-71757643
86239470
91284552
-6357807
-11170738
97576250
5867887
98894875
38464839
48109490
609297
30726285
-42593358
-18602112
-68840907
19936887
-92875788
-74056656
45807244
11751541
3692416
51998208
26273689
-82264410
51354156
-85259758
-48448745
-95405250
56487358
29279683
-95722563
76279059
-32549607
-88506384
50906740
-2793446
64377566
-55440654
30897842
63152180
99771300
44518155
-20464095
93131441
20469728
-96822050
-22288319
98866952
-68975432
75923230
21579910
-73216092
33851783
86464844
-63948974
52750040
37830668
-5147068
1131612
-81013780
4547686
74018276
17714678
-94132088
7990444
45410057
34005482
65277185
58271955
-51168145
-22981403
-67077910
-61539650
85846483
65423723
-95469895
9067082
-22831048
85990851
80485819
35574686
-18590696
36369675
-22596434
-44516957
-36865741
-54941851
78268179
-52986821
14790587
-6963398
11711309
9510766
37971494
98688147
42171705
-92117982
65549185
-82557182
-4215870
-50253812
37756940
-83845477
-20766929
97488281
19214175
25345544
-99385504
9556697
94268654
99063710
-99026157
-93406576
-36043767
-15628554
12801823
1406729
-74503344
50418240
90102974
27578824
11448938
87483517
68922204
41867498
90370047
-27614978
-15462791
-41787247
-72292830
-40214560
-69819357
6982081
-71613855
-70889989
95716876
-13029308
-89704750
-69250672
-37479909
-77535338
-89278750
4818066
1512117
56543352
68225284
-45454089
-24244606
97540070
10302638
-95325141
76723863
-31193702
96265099
-34742071
-67615010
91097389
41112738
-46166133
-9120162
41339660
-46131670
-89463607
19814333
56887437
-34455704
2713396
-25603536
829765
-29574798
-47312722
-48435957
61491
31190415
-12010982
39757036
96542852
40693272
71946063
41712575
-6772479
-17060822
-28812301
95879481
26855
59416510
-54240960
81349434
-90773390
50248810
-9588979
52069563
36357170
53261469
35086553
-97976969
-20557190
-90026193
62557367
4507992
-32275001
-36047515
23878026
29851430
92081495
16925569
89596051
34187018
40135783
9897247
75517661
52281304
60421668
-62551049
-97012673
-61423277
63891003
-27298676
-38834723
-97116697
79405840
68292231
-14793407
10686559
48372337
-25004936
14964815
31756647
49263307
-97716240
-25183781
-98104874
60491588
-17788768
47888387
-4732918
5745823
59529990
-9347514
-72762917
73412547
57629324
64368716
46941900
-52131820
60063748
5061143
-36055654
60931534
31520664
-30863909
10607247
62364406
-99993627
12944512
55956040
-57090665
40949725
73112127
-39044698
75551345
46443562
-80867162
-38580692
-69916259
-1134866
-94879948
-86917808
2086655
-69371705
-51498861
34976229
-60599386
-49903486
-88604335
6334170
94795620
-67016135
22086872
-8810129
-51891962
-24460695
17300471
-87510982
-14987396
-81657814
-92228608
99874439
-37887290
-36575094
38605966
-70598857
49303606
74784142
66475093
56405188
57861504
-36239788
61444033
-12119716
99952092
-10774789
-77778311
65757021
5835040
-40298139
40714569
-78504663
-92526012
21737721
-93669228
-28312479
7465302
-69916922
-38060195
-60337858
-1326601
-35719981
-84967682
-1006955
60443004
7616027
-58030883
50003154
82161118
77315285
63550516
47653367
-62311473
-7748023
57661373
-19251821
69222209
-74886848
70013024
-64244556
88447298
75538335
-63426328
87183241
-52747066
89805399
-71084346
-55533122
-99103929
82638310
44978570
-9056878
-25066678
6819609
45303877
62253184
-70905454
-92541840
-87227240
55644691
-51239289
-82727291
-39474166
48960182
96269587
-83542060
-82935641
72491418
83639861
-80153098
33109727
-65955116
72781294
73426737
-63480881
-55742627
56994319
74460074
-40504828
-26852061
94125725
34040075
20752301
59001958
96525698
-57133127
57345588
-18486516
-12185324
-19425571
75199977
-77493144
71441160
85589952
68183702
-56498150
34572525
-51058045
63172119
31225554
-16547808
65181096
97902692
-21237177
-98159763
-41358866
18101413
58519130
69374871
40674463
11692734
-79706600
-24382882
37562977
39031848
98953003
-40544133
66030830
73796692
27980755
-8579506
84941254
12837899
-41718442
89729123
-38760700
47114501
49887215
-43023202
47273201
-95258530
-68871407
29967403
-59852926
88533790
14259561
-16497543
-30514205
-42713238
23273476
57332251
-81259108
-7648888
-79370819
74919946
-27097047
84290788
-61685171
25383050
93973517
-58895933
49020828
6318529
74355093
67846048
84887808
-8936645
-10821754
-19516098
-76885346
31175112
-28521040
40070821
-18855748
-9075107
-82277872
7688074
-66986126
-5852368
73647729
-13477554
-52321456
-19138350
26515502
53055990
-30327221
39985498
62046496
61023235
65133407
-86522915
-25626051
-45365767
71792857
-93346736
-64618382
-29025968
63132511
14955390
-18317518
-72181846
-69416647
65058279
-17923892
47223133
-78852726
-80686775
70185462
26393345
-60793988
-65111579
83565583
-56121623
-29104309
-5989859
72510371
-51151416
-23366063
-9720251
-69823895
-28758069
89537984
54978284
-43187946
92102163
31928304
-39997798
-95278169
6945920
-16346022
87632394
37876318
86064546
57154552
-84715151
-57505999
30891130
35813256
-53796187
27493616
-63911800
2195483
67210867
53300470
42095356
51419737
84481871
59663957
-13384200
39106501
-19948198
-84246666
-49448578
-42441969
59541397
56235022
-13836828
11237056
33417876
20735159
-67102920
1046930
-44825498
-37410561
19915412
-35212722
-43878022
-93498032
-69727999
-87753201
-95062237
-5410866
52865670
-18488102
40957080
-13892960
21168579
30320158
-84649259
-79873144
-83195000
88111912
3217663
-54444069
45064701
91308549
-54805664
-53810768
32418247
-56712445
-95103411
20939868
-60960483
-70961010
93294768
-22274374
51630485
-20758685
-88868078
48700468
74622894
-82810643
62000761
-5826534
-86222473
26007958
-28171670
72824527
22001049
-2337342
95342316
-28525141
-77736042
84011616
46616445
-9109971
-37588532
61769757
60672709
69215779
-49354524
-2798550
27896976
66477358
76720475
-37680692
83467430
-87782620
29708091
20917821
24845281
-82592034
-28401269
10525712
-51909702
-33468204
86430158
33777584
-69010628
57747194
-2461123
54994285
95742095
-48482866
84112294
-33332451
19141838
-34551066
-34528879
-69509473
-76886950
47471777
-45515868
-22917692
42075578
-9489926
3297764
97192959
-15527588
-22344757
42310725
68565151
-537091
-27481115
-98026223
-36970030
30583890
53367936
14866367
35007518
-47927506
-29930079
84990777
50179190
-60576601
-30502
-89794618
-53554213
45174624
-90089228
77408490
-78280237
71551209
1162200
-56193461
13329973
-61471637
30888602
-48460610
7052742
43038740
60933509
-2806097
-93465999
96984885
7369861
98386465
-12219694
27973471
-10792160
-19902193
-83933448
-6152628
25415044
65974030
-29156179
46946947
23496104
-10860028
-12460431
69584676
-73736704
-45232297
59881316
5278192
-32839969
74558755
20110426
-1856981
-22300028
6754848
-33193793
-40288445
-73646431
-85503622
-64947578
65618239
6894242
19967248
89417961
-43282490
-49241460
33380081
-2311821
-70902619
17279295
20802702
-82742771
-96470533
-62773160
45312174
-44233968
-20146668
49156629
47979113
86185147
90979779
55582281
-73692376
-4426982
51511130
82612544
-37869393
34685924
-13812819
8807922
11045870
87299330
-23895268
62293006
-43953005
-5359814
-39825496
-96234937
-77809852
82579953
-12620414
-40700996
13354833
-26562282
45458267
38869013
67707549
-58339581
-38235892
-23109367
-5177612
85641791
8671838
-59632384
-84625399
-26574335
84697703
73062889
13586162
-80660510
40209456
81502807
95457363
-26712693
-6482570
52185465
-13501147
31861862
-83512157
-5977377
87952443
38393722
-75395966
75526358
-56473433
-48143104
-62418614
-41037290
-88251331
56712373
31867305
32581845
-1629916
-5423668
35258156
34113130
-38488094
85492056
-21441996
78022280
41888740
56839798
-65674239
20225390
11554549
92498692
90900918
-10698958
51774220
-8826836
93487499
-45738956
-4743966
8565084
-4314965
-11765503
-9565171
33002181
33309045
88961469
82611476
-74649294
65162673
6775682
30162795
-67917027
-10631704
-78378555
-79976822
-69645474
-8337401
-51465996
81723339
43767732
17120884
83718259
-67176022
29589342
90553522
69735355
-38117498
44043968
7608435
18837448
-82081438
95873360
-19540375
75596632
49698241
-52233579
-28031011
23650704
-37458016
83091233
6206362
55495085
-14894414
81986316
-75603520
-28705102
69448078
-52528153
-89868577
-2815406
2228756
-46106954
-91379658
-9434053
57771786
14633735
88885714
80841009
2058787
-43018514
60173542
68130592
63950718
-24463481
-63362353
91963179
-49744104
7624998
-30890963
92796844
-70578908
18278043
-79690397
-20709031
12917199
-93091793
37124160
-64619528
-77815395
29766209
-19401881
75624518
14915446
68545
26821158
-34902201
-60035277
77641146
7285114
85054174
-50835396
31558464
13121272
96825739
-65737038
68082545
6059661
-83438840
-91255646
-5434682
-11878323
35795508
33008508
43676486
40540806
15499165
-14718768
41779422
-55687693
93171651
-54923535
-63278978
17142966
99123381
79022653
14505257
-49858610
-5484891
36462479
19684776
-34108247
-7978295
-12465153
12332068
31043524
33011552
13772617
98850285
-52857441
50361319
63019062
-54302421
-40412396
-99517205
36177478
22006505
87573612
-66932263
95914116
82974059
-28994558
30880218
-23611617
26522056
86618645
-80828049
-13333425
-67999693
81926676
27408988
59048536
-57691845
-96832081
-1724117
55726304
-92372679
39187520
15923901
-70180950
94755653
46175674
-8060074
-12758176
-21173773
-69304721
-71067872
-9534669
-39032879
27746728
9592679
45961335
-79009974
31886057
90109604
53584688
-61657160
-18722231
19860675
-46619952
-53883423
45558834
-29336946
-82713853
-18073511
24220672
-91722899
-57020695
-771792
36285373
74543001
-41529838
81404310
-36636875
-47479415
-36872271
-58166
-83395547
60170502
-32411530
33656960
-49951623
-55032408
-97580391
-39959947
7910344
80732999
2304720
-2003375
13993301
53258568
-58252298
48452670
-25400031
68812285
4814513
-21043851
-62723305
-90670494
-75482486
88255481
15866582
-49920865
-89890709
-84560504
-49595920
-30766920
50290916
92596083
-96950641
-97956714
20442206
41388922
-71103700
68113391
6999153
-80455692
-67782864
-46600756
-28910923
70862687
45501000
-19053116
57532933
2132615
-57992348
-35503758
73707477
98482816
-86621134
-41904328
-79931625
1987047
-62564300
-75729661
-96249947
-36668864
16070153
-97915507
93995125
-81245501
70162220
-40186218
96928093
9462710
213947
-36600342
91824019
-27718505
76875061
-98614834
17653048
57988504
783136
50495368
98054666
-1010638
18076028
-56200447
-25733281
-9169657
85746071
-12931511
-50745289
41523983
-23350535
-58181277
33598790
79542332
24280400
-10462266
-68056663
-83612288
96710112
-79852234
46600869
67270846
-8078739
-47835270
-3920413
-47617438
-23552023
52702106
20299088
48324035
6055978
82586475
-88680276
30347109
24646829
67822860
-36725946
34394081
12461023
61042349
-74116326
-57986193
-7457181
56728449
-73262204
-98532966
91883682
68977987
-74066541
66372866
57390525
77952385
55931056
-63738761
-70363595
-87435388
-53107632
-37937681
-4094988
-13579448
-11251827
32746196
73314518
-73173023
8057876
53779152
42923084
54333489
73034477
74339045
-1829771
-21796792
-63202288
-93744296
70761017
-87651076
75538
-39902448
-23973280
-18660067
-44393350
-73374733
-37768628
15036948
-23144302
-27045153
-98135245
-39282486
8326801
-50115623
-65368374
-11049082
-43407979
22286880
24573070
-95549988
-2031850
87911346
15090943
25985217
96654835
-88746360
57955199
36882738
-6069522
-69580934
-51896150
4368376
-35635657
-29032362
19683539
48137004
23866294
69358337
7071410
23826347
63356610
92573149
-77768804
43808361
-62143122
71090032
-49934188
-20797508
-41992966
-6330268
-363955
-61285975
87190016
-200018
-83983398
65700411
36002877
53062018
14055401
-785920
-58398270
-62910228
-50252100
73909252
13507123
94550662
-48841460
-63409134
-20571413
66370801
-95051008
95833314
-79049423
41004807
91482278
3167633
92144222
77891621
-34049862
-30731028
75770373
-38388178
74634855
-43333666
-38703815
-38543758
-79479250
-38453695
-17189356
-24962459
64949646
45357095
18245052
-30796090
-65222061
-3875954
20133416
-74530734
-24476484
83966982
37606380
37257420
-96124010
50177818
-42491334
-91924559
-3973917
6299422
17160673
-6895966
85930708
-72858426
40808211
-94757604
-57132411
87563847
83807844
64085912
52886141
4521694
2182036
54408391
-33172164
43236091
-18047452
98502764
-62951972
-83222559
-51475317
-51918272
79833704
-63555472
-4476461
1817333
-49503356
-82618146
46194756
90023890
-14922210
-75357855
-16368620
65407393
17856013
-87868981
-49622377
-66353402
-12949408
-48623207
7123314
67596178
-50314432
-83669947
-12536180
32447747
21289108
50024887
-6173033
-80760227
25865282
-88805258
83065015
-82595446
-83651074
14406493
96248025
38463089
66123548
-66348896
-40446927
59297797
21695312
82327491
-94709722
95227282
41764833
-37408453
88709874
91077100
79077136
65525817
23248967
85329088
73170079
-11378848
15297023
-30561596
-25856214
-8437284
-41176846
35152966
-49765588
43458839
-62005704
18240217
-31764891
-97399483
-46943933
-46588837
64140516
90683576
-95330162
-18711118
-34691699
49061156
37160157
-33030038
41547718
83922458
53628618
-73211324
62899313
-8266652
18555691
86576961
61328245
-77171250
-52388520
-37744530
-22026644
-22417350
41700589
-47931122
35231784
-54057045
-20917158
7591498
68094590
78242868
-65637005
59019323
68694131
-53665392
-34878367
-8568344
-74743199
-67773422
-40390355
-65348941
55699868
-5399951
56887407
77455660
80960302
-47777192
74977299
-36177966
16685344
-19823188
54310957
5335846
31711568
36153417
-55309790
-10080843
37911887
41396800
-40522397
-63331551
37582632
-65221185
1364129
66947466
-20323413
37682895
-69737680
-65726693
84488106
3685271
-33698229
-77001069
47396703
-2232104
60106449
-55641546
-1297706
64309574
87322839
-4472159
-6485999
-85714089
18109123
87248929
70692793
-16689830
95657559
-86691379
88590519
1185107
65974538
-37349530
-56580044
-89432682
-41256945
-73830320
2559747
96029761
53027810
39240344
25159007
26126193
22019748
-37490731
-38017451
18553546
-87242587
-89832035
-70898732
55813025
-32305391
31431073
34850066
24672513
-54413859
-73270110
-60015179
88275148
-76623052
99529229
88692630
-46540230
31270139
73681537
-14427824
-41315548
-9835254
98615937
45070704
-16558507
-27401998
55722165
-69514526
34032241
-48830586
22281229
-25151956
-93172823
62504059
84258628
-62481350
-61758549
-98846088
86907926
87028721
4255374
53282321
68605707
62046258
-79978785
-54750393
27573751
-90649019
47216052
66238491
19753222
-47902984
-74204394
-52903114
-99924334
-12866473
52106424
-48353096
-48326658
94103319
17469786
-46173797
-72527899
-73401282
25862877
-99812004
-23379619
-98698057
99849829
77163647
-59431202
43446896
97411141
-80497722
-17829237
27563515
-60530805
-41568063
-36669645
17927614
-55661836
97039356
5024712
-8132272
14086074
-54096376
-9059312
-64681211
75153414
22910424
-71232215
-32088667
1714778
-80311994
-65439232
12817259
69421762
94900703
81427176
-32198930
3457671
-96624307
-14240553
-36581895
-4674134
98924591
64299951
76721741
43145966
72469778
-25652555
-14592052
34858959
73079649
30310542
-56803077
-6193078
-32495302
9706654
-76342632
79919575
-48192940
-17758795
98124222
30059161
29483547
20019690
-60982163
94713411
-58540533
-93235775
63722385
-42200300
39529807
-60949606
-88851676
79475980
-43182978
-73656635
26770338
-85052281
69923766
86663483
-61807942
-44807296
-16540946
45345923
-39004953
61894883
82753955
-44471021
-26192295
-57793111
26300739
27815155
-17124882
-15198651
-84935723
-48142338
-66296836
68184273
-574691
-76861622
-31127372
-27558718
-30642103
-25768226
58143871
-96157944
-14960031
-82591364
-69847181
-75272640
-80301510
46511970
-70056978
-42964451
20488502
-9117303
90628062
63290688
76263865
-4455750
42990392
82598859
-62807045
86669312
-43736953
24674510
82646319
-23905035
59437221
88657
-35732153
-14841289
95553930
11114891
18074041
45931817
-80973718
42738164
31792264
-12620009
37470834
57355878
-13351346
-5442130
-36920876
11563094
84070879
-96823625
-72835259
-80853008
-55683762
44315772
78971247
-55873236
-99347337
-30819251
63410139
43167857
45844854
-30042718
-42447870
-81121949
47334691
-34724761
45255018
94102716
-94012156
-57577170
-72052725
58146678
47013356
-64605298
-30430752
72710360
83578214
-71159637
-94848945
4722185
74754965
18580447
13132073
-90838154
-81839480
-56304319
46911865
-19266960
72665146
-17395256
-29303581
38168560
-56219388
45666643
-35669361
-27014320
65434056
37636472
-36419958
85412819
-89332567
30713071
81971098
55725342
-9794994
-91513354
39778443
65329675
-99371223
-26727450
-17539519
50113428
-46863114
28407735
-34902916
11049796
6631454
-56601218
-92889081
41710078
55549948
-16995923
43397157
48199794
-98422890
5533191
-4615906
47729546
-58021263
62485857
34753216
-83635606
-26018096
43977078
-78026381
-19623823
25890233
-18097620
-20273312
-90489541
-46271129
44657227
73912070
-26741995
33382458
-47978928
66015290
-25179794
96266874
76590503
41058446
-46679466
44310728
-51672353
-72752603
18487095
-57421726
36625668
-62692825
22258365
-39437628
30649393
3360383
-91717812
39717440
52697857
-13454778
-88419182
68179124
-20744455
-16945526
33011463
-24554511
94100466
-46231093
-6028348
26681028
-87260980
-19617642
-10859808
66187770
71528780
4411100
-98828509
-13292218
-24940090
17626685
88805202
-45027312
-53837433
39530335
-81564360
-59627316
-87863348
-95645472
49923513
-75736087
-73939514
14691180
59481497
41896327
58867030
-35420178
-22254949
63880980
89987533
-55370271
-82413712
20962989
61272654
-40648324
-70529803
35923544
-56223067
67465589
28507041
2352334
-68070377
79365982
22088520
80219472
-47875917
17070187
74003085
-28988483
19258328
51708710
65339817
-46405322
-41474253
-27694133
-15264825
-19459611
21149153
6159925
72374394
18718894
-38392034
96053525
-91318727
81702509
-4098516
-42582076
-63510077
46605525
34549449
53364416
89258986
58294387
-59247139
-10560903
92099608
35369037
-94417620
-93929054
20494283
-45798687
-67849971
-42364648
-69054447
-1789261
51147777
16683195
64865643
-5376090
-3816030
71394225
6296048
-27419989
-47409802
-30594697
-27694078
-80266479
-34469466
4937496
-87417931
27228738
48498169
31594251
24928473
4703806
87060764
-56839667
-61882705
95825309
-89655097
-71054299
61040021
93280152
-6765200
83055152
94627546
27443067
-22728537
-5671962
-52961150
47477781
5328601
-41242908
-75096237
-99984800
21783593
3147236
58060547
10573871
-93628315
-27437892
-33013662
32375305
-26306749
25008410
51732068
33592280
95402616
-71523028
82937716
8553478
42874518
-26523085
-3673275
6019394
88830182
10926637
28856661
77047920
55986490
-8560562
14313208
9210495
41816361
-39834011
-2313751
23297355
46529694
-21761344
76257309
-51981703
84559694
4970739
-38515107
33987768
-64237367
-36062976
27934383
-77678091
-11448929
53066060
27214401
-27116346
44970165
819238
87352617
-72539336
15059850
3940203
-91251153
-26269419
19857481
39692789
-28594442
-13676770
57960087
-4828467
58195612
64657251
69762641
-88480418
-62787879
92050076
5860578
-20082142
-46218950
-29676615
-82334688
-65678428
34774611
-11209667
-67380448
-7847317
-43971419
-68582422
-73647377
54315677
80312577
-23748569
-74840311
12005611
81709719
1237664
76927239
-20289957
-70426228
29037283
88811962
-17339881
-47171230
-48291438
92692381
-96055545
-14503520
-80935224
14672822
95298413
6994286
90984285
42627331
-58293580
-42847857
72404409
10911430
78060372
44896602
-1043632
-37046975
69149870
90666881
10788631
-32223394
85975347
-74013802
24521579
59859794
67911125
-98929535
-98991511
93248978
4117233
-75144038
-25339012
23886555
-42615361
51236606
13437513
-37498187
43955259
967741
1139011
-50821188
58307479
27576278
32374903
-82965013
-54414498
-35325299
-4731187
-10045251
-52863046
62357955
87578605
36734876
-39950557
75331914
61840360
67864420
62238200
-2210264
30474189
99493651
-47130779
-59359741
74477854
87044533
-73625258
90965176
63197119
-85984433
89132110
-2044624
-22529950
-506291
60967677
-925776
-11431450
23383890
73491419
20655292
74134794
-8385163
-1667215
39498516
70673910
-59738673
73570870
1226550
-89391838
-45213491
-25746776
6907137
-48314127
-1659066
-4670878
-14753350
40833580
99132895
-14965657
-88976299
28442820
-93781115
19918187
-30633119
55721823
-27392323
-47518250
89466362
54387966
-91048459
-206110
51837676
-56541304
-59405348
81035654
29072899
-22868810
52232052
-6888454
-31649646
57482664
-62140428
16505913
-31591557
93168063
65215172
46628209
6841951
35842822
-24047337
19487738
-17725599
19319300
-67849624
14571395
94510108
-74341095
49686858
-9869735
30891357
-32402638
97612293
-47542275
-67131356
-83405855
75632629
-25068420
92015496
-8895781
-67868717
99215867
-59004029
-66576121
35977149
-37489127
-56525511
-71878188
-16146477
63098516
-74945254
58885212
11597241
77204314
86771742
-6165569
-97933275
41355331
-58441541
-96637977
-64798690
2089906
-5178975
65921892
-35266372
-2428886
59364619
-25878473
-53837644
54183624
-4769703
88485887
70268546
79696352
-79608912
-56081883
-25047087
-43818282
-40000599
-36401325
34263074
-64003054
64574789
76218989
-34850348
-95601172
-2384640
-78326272
65462152
17032849
77762661
24365274
-35405105
-80676918
-7308151
-49162773
85996434
94406865
-5106979
388390
22424931
-53842745
74911393
-37164534
42834962
-60724529
-7870878
67450787
-5323638
-89556824
50875283
7472141
90188714
18936557
-77395664
3679732
-4988093
36115700
66956696
-87780549
-1766104
-93752790
6534533
-18832433
-11701597
-79264437
84592638
-92714625
46862241
-57631307
-80588767
-70853552
-10214211
-36732094
-7269722
82913492
-28576893
47543973
-16351617
42872009
-51993893
-97673824
62169538
14702956
-8224462
54168523
-492505
-27997835
-13895915
52687115
-99623871
-31908554
-48254598
40418228
-42482815
-50952959
-7835247
-23975648
-82666152
46491252
48274435
-51393122
-77173135
13720448
29347447
-35474285
-46309846
-9507885
-71363761
7377221
2763518
-47444008
-12513171
16095658
57907686
94008323
-17592088
3765230
44563710
-59544494
-10509177
-76993186
-6494884
-39689915
3283179
54603719
52138977
91607491
85788943
66958556
21509655
-19846517
91589560
17690011
-66958725
35957334
92643884
18341894
-20917627
32061774
-62502386
-30168355
-19405772
755631
-59367119
92315018
20851542
49891731
82202263
77157387
45207922
86520275
-30812868
55611055
-55687064
-63701254
95751911
34331432
93629732
63282261
60958060
94920209
-7473355
-39520582
-56567437
66721468
723066
-22731328
-93457292
21021753
-49613648
-53068170
21648777
29933754
-58836664
-22470105
68955099
80729663
76752692
-66773872
-16390544
59506638
-82876812
-61727188
-96938637
-15780697
63741504
-69081138
16267827
-4329323
-20971539
-75364934
53693281
93572374
69856735
6838733
39868945
-26098074
26067400
-28208657
-23043291
57681151
-75801077
-12480908
-14945297
-93911607
28206032
-63758652
-56422691
-59819179
-51957945
30688813
31267505
85961921
18444452
-81265946
-21770836
-10227723
19387768
-5540722
-71108682
-18890965
6458072
86453706
84209765
-51895691
-39669847
25963681
74230351
70096808
-47400607
70390611
96111313
-25416609
-35875770
-11336631
-87660167
39824399
-27841506
71964753
-37435334
47592972
-35379547
-27818088
-65048270
-32655813
18454699
94422302
-90664025
49449837
32764310
34848223
38937769
83118662
-3959319
-71910764
64156560
81710541
-48534546
51079452
-36903759
-92290715
23303254
34714116
-52749934
-90662899
50908972
62145723
-25959868
-78882561
-32138554
54546608
87618284
99863746
94525535
-21032313
-65776925
38004840
46772479
-54042469
-58484750
-18327570
-10865299
-50810432
1563655
-99045903
-18565434
-99811429
-72911258
3324494
52354633
61144844
-27546903
-60259452
-26172196
-58226422
25133904
-17008237
-79281751
-50309044
-21031781
-67034813
-40233808
-20392993
-24797935
94482365
-16904058
44430213
80537102
-94347384
-35354164
11631081
-41110662
-99854999
-95537704
-52349304
-38569443
15851130
-23742106
-98173130
79057784
-96327241
-39368703
2846623
-42686847
-45879856
3349706
99002402
-8676768
75601087
-55046249
-25998010
-27227188
-66056049
-22018020
-14591445
-12800380
10897989
-73712406
-96638276
-12377261
-3031036
-71510358
81306874
-78656109
90665082
-12072277
40337880
-56683514
28309043
-68878044
69831735
30093652
51005033
29508160
-39565217
23380265
-22497802
92961294
-23981857
80316422
76038746
-61686194
48343957
-2878348
-88266743
98810848
12256161
28138160
55674568
-10844390
44063962
-7105819
-59528592
-21121468
57432100
-34410513
-45673950
-22324972
82914255
-40476391
10139283
68713993
-86152643
-97414669
85660497
4906721
40981982
-83466810
86395756
-9971012
87922201
83273527
90555558
-56185930
-39757953
70047322
60472910
28571631
55462991
41906002
-76726291
15807459
88767566
41251122
15989702
30300282
67538705
70419816
-76926584
-68153624
89058731
-20946179
95614030
-67084852
-14037428
85157420
-78893377
45264411
-74361043
2460392
84478574
60636101
61422423
56062326
-25064692
68360446
-83349462
51510416
4966243
7718102
-72266405
71867636
51230812
86812244
55817650
-69772205
93158819
-59707154
63592257
-33458494
-65503608
-69289789
-15874950
22485672
73468743
46370417
-72881361
-21055826
30853603
-25685601
93562302
2646478
-26653548
-63292092
76374879
-74060341
-79469096
-66497444
-92519612
9872998
1764456
93256273
-24475494
-98383306
-20974937
-27068266
-63512004
-96191558
11630703
80683037
-97062515
98805844
-37828900
-27178485
-22378054
-53271384
82702209
-82187886
46088411
-88952721
15386136
96192249
72732637
36752820
6981517
-70276803
96651489
-35152757
-76271726
88311733
-64623259
-57965509
-84994733
7759814
29279176
56888189
94287737
-42491816
25049116
82783438
-85323736
97343515
92482741
92534044
-5834145
24125286
8408906
65140378
18331729
8020356
83115134
-52534027
85986769
95694763
-86184920
-10250720
-68850290
55874895
-23495530
26686611
84487304
-68242288
-76192186
-16648028
-70382081
45852360
-47746379
3813637
-59353117
-29581968
10513640
75320855
-3179507
-94623506
-84894773
24655103
-96985085
-86696015
-82299902
73055527
84232562
85978398
14762322
37197640
44838179
52968713
75044809
-41047162
-68249436
-38441746
94145647
24021675
60821166
43517341
48758882
-43338767
-6613339
44905287
-60163947
6265523
9733200
53685203
65815622
-20840214
92111925
-330490
63545606
52043042
14426161
-56326719
-57376407
-93059723
15486746
-78437140
-92093331
-18131667
27870154
12774228
-43799797
-83211656
91307142
-34938750
-75411935
-92310723
8252434
-3229725
57568710
90615040
10930015
30282948
-85921358
-73897986
-85734186
5950452
16986763
-20196784
-2343722
-97389627
87643409
85699442
15394937
73481197
35809816
14553269
-59366863
-15597385
-36363262
-46529451
-62583797
19420417
-15075305
-17651151
-3334961
49614418
-38520363
2189320
-73690559
80423904
96180954
-60388941
-85981706
-59555208
-82400651
-17327793
43947092
12636567
50005091
-38685110
-19519292
89060587
7362883
-2776413
-24100680
87346420
-87827124
-67485473
-89554073
-73558665
-64517082
-9682772
31535071
57863880
-73072547
-60924736
-41759290
44283952
20977782
72480574
-46057358
-10029771
21775954
-25329285
85969983
-1456812
25259950
29461203
97749284
-79612813
97797644
-85124777
-61634517
60096848
-23451406
-40166732
-65062422
11702082
-78144461
76376646
80890369
16014753
37904874
-14708018
60208507
-3764975
99075471
84800298
-5819589
-87337125
-63840846
-46217786
-69323138
-56860151
-16164331
-58343449
-34709525
-76909800
-21593627
-54415570
-43721941
30760350
-20397454
43850937
-37358036
83387779
47125436
-96427859
-33330172
81942682
29453320
20503098
-95677445
57887547
-23923123
65966555
-93125131
-66288126
-73973692
-26945565
79091786
-25544372
90813395
44302188
88062969
-43916806
-67874393
2076623
-70496160
-60472740
22075217
-61772589
-82777627
96184440
23731289
-85075468
5759247
-52349916
-72859629
-97177128
-10819241
32619543
-88790089
-44850771
-70593197
93197425
-13421721
597737
74447080
-80259615
10616763
84133138
-58285394
98251411
76370281
-73895075
61736837
-39985635
34866487
19091072
51542451
-80940537
-82963515
72114947
-64104012
90207662
47913622
-71328950
-19603692
-25568083
73925852
16863820
-40042629
75492085
96317409
-99934425
-26262242
-43022358
46159503
-37088739
81315859
-52467011
-93789362
54071068
-74245381
82192992
-40965241
-88462972
45174048
77295926
89595266
-87961891
-39256341
62610853
-77799117
-5065097
-77856257
-8067573
60117185
1496060
-58466937
91776691
86984588
-48588932
-35524360
5900111
-80772752
-73624630
85780875
11481865
-60492536
64417089
-13358751
-21292103
60731119
-6103031
76686302
70379240
-51213456
9442255
-80617363
18138117
95276875
17756602
34887852
63541091
43434674
-4418575
-78703464
90514139
886235
-65513290
69991837
12920691
-23867035
20473262
-31354015
-86288488
-36859622
27837496
-30376120
83772099
6736741
-97288025
-14929441
3120694
49980980
92654652
-90478899
-56513144
-40743370
-72860570
75454878
46293881
-22377448
-92118513
72235993
-32028722
54662179
-53963190
-6167199
-21566909
46377513
12522826
52469096
82522307
87827981
23358993
-61562220
-30978827
92943297
19331467
-44430711
-39064431
-94534204
-31596705
-59942044
27926495
-14227727
-41907849
-69807693
-51929695
-83033799
-8811217
-68711899
8204952
-73986599
38325393
-42165182
73787357
-78214315
21819682
-9124252
-65839921
97353679
-5508129
-61247325
12597829
-76295637
-70714536
-40865444
20537954
-70110251
-49213068
3643696
44193996
75989257
16051288
84033867
35471106
-47993870
-39425285
-72624881
30061922
-45180992
75764842
-8574496
-54015766
-8418257
58391675
-92437879
-90066076
60303580
-14088199
-83310720
48348764
-68326100
57258222
47436981
19085744
-1361421
-71220161
72881342
27629158
23330776
-94713595
97482368
48352565
-89649173
56578507
13989012
-82385600
48877424
59722503
26382560
-32677986
-56024965
-25798905
-2114122
-41402050
86624927
35219914
52658150
12696453
72884437
-12108422
24810259
-10834317
15250383
-76209569
-98461505
55529897
22610793
20792162
85797771
-63361425
-35854550
7834122
3483345
-97179246
60956468
-58304702
-98258793
69468431
88329049
-45194689
-48922583
-72200932
-40404235
-4442222
-56307100
65988695
-30350190
71440845
49856217
80913757
-32973265
-50657228
9090951
-16101601
53494974
-46544276
-8352264
-82431210
-57479667
-686712
99145845
72071685
-92033145
60739549
11127501
-8198540
87382299
-70523291
64190836
1384280
4955172
-54304059
-75936622
14829716
65510719
-92006733
79089022
8219932
4815738
-10467841
80010985
26668997
45871824
86639376
83985003
-89887690
-71743681
-27402477
76805397
52721855
33196461
95834619
-67923080
-85141294
74861859
63622113
-80762342
-88678915
8009759
-73758494
-11516425
87081290
-40556002
98698227
75832805
-13014938
-26264703
90993211
60753508
81367683
-88933422
34898072
-99410335
22542010
60510902
-278990
39047261
-61809540
-52824959
-82203566
56302137
17606459
49362877
64698294
54146589
-8848639
-53779478
96935820
25635054
-50908387
-14164822
-74376969
68757324
99365824
-68891037
-32868713
45952270
-88335526
49061642
-74390475
-8982056
-50415960
-92117277
-61897307
-37547624
-78300035
88211229
-56904198
-97066156
-78850633
46982340
-55775905
-33607061
-48063272
-65248907
-73236892
89165353
45282506
59003573
-19338729
49630997
67753549
87602858
55968598
-34940514
18243991
-86430083
81013503
-26244935
49093555
23035970
-98584245
-77956206
-45034346
73807507
32363702
-33821273
78130878
-76652201
76854683
-44082353
71643950
85820572
-37994954
-83993940
-91288717
-17556373
45578870
90422705
-29515018
93707263
30954606
5110413
62641899
-76090269
63606227
85591295
86173991
-48154324
25563482
-62027669
45694372
1485575
24523642
26088839
56728631
27875381
98504263
-59301928
34657387
28043532
-42465107
97956865
-29315720
-24026974
46737642
-25691445
5053586
71366654
35342368
-86862047
-22119959
-65193287
4368166
53222696
40232222
-88036315
41725790
55160341
-39895356
-50353652
37253335
-6279963
62992746
-76478871
97397802
64479338
-8981844
-63033742
-40429956
60638195
-61066277
93808195
-25261512
-12193766
-84659966
21080640
23817692
-80584328
64632756
-83055985
-27497960
-32359023
-64772671
89232470
44241660
23110502
-85233127
48277785
-51853039
32330158
-72634171
-48244992
89816489
73536525
-69857393
17924002
-54647579
45072427
41371611
40309470
88132463
-2343560
52920602
7530525
49731585
45255680
89660849
-2756767
54908578
-13892434
23571163
-51468693
66540091
17202216
21282388
3685380
-35456040
-62500145
34706007
37036980
-7734192
-50552245
-88448796
53666331
85860301
-4135445
18449564
-72002404
-36086529
-62849763
-26509963
57521740
-36699956
73202963
-3287509
-24919008
46842691
-15715464
-17579190
59811218
98588710
20280684
-52732555
66322619
20964467
40966619
90034139
-92024590
54435867
62362330
52791738
-40354349
60377980
24143699
79218628
-19655716
-79476801
43279635
-97143744
62562280
96636791
-38605331
-16498642
45048782
-64536212
-93318456
18209849
-70311832
6138525
22955742
-82429974
-28258757
28563999
-81124406
86843443
-98226611
49629426
17963972
86454313
-33736153
91340317
-11891864
-70732975
-18335647
74832634
-1879207
80489413
-87356419
90101591
-32655155
79214677
-75803879
-11423191
4959531
-23778899
66777019
-69603741
-9169953
54953850
47717981
31866267
-39407995
53811915
-96241465
61534645
-47972303
-18917356
-12321115
56779166
-97713189
46455692
-95377831
-65169395
97380334
52114557
92101081
-99962963
2737442
-57091820
-12340322
-86352867
79679140
-94935038
30136795
83626678
57538593
-38102441
-41458487
-26226958
-75550314
73619926
-93159429
-27653884
34917315
-18086121
55976291
-78146607
-86139994
-60868531
-24629155
4048632
-43754663
20332254
9960660
44474076
-49219024
-77198270
2470790
91458706
-65583303
-44173840
-37706231
9849407
28141072
-69068796
-34403186
37635183
-86072123
-39526526
94722810
-38649260
22778073
75564300
84257398
87215307
20845647
-45372278
47110071
51444334
-57790466
-18624280
10473859
-88992083
12881122
-39770873
98585208
57164159
35242541
-49540738
56208947
78213697
-16489094
2510236
-60297203
99394590
54495898
83333563
93148303
-11978788
22703314
-77016076
87531136
-74706926
-77593518
13063300
8974198
-33689550
-8755704
14924192
82259720
70679506
-85074142
-59300020
87499138
96611103
23507237
29997652
1555337
78863747
55946714
61422439
82927365
-78779654
42830175
-64275631
-88167707
18506847
-4779394
87263051
-13891996
72583609
-78189783
-66290036
1789723
2307041
-25899855
-78107205
47327328
69044787
18178746
-83430942
-65845831
-63776478
59634625
36762891
52559959
51048306
17153046
-74349442
-35404826
59924470
32447227
12171407
66867282
3626481
49066367
-87364596
-78094655
-25520068
55526408
-41172603
-39549549
-61926194
16819063
-56699998
14026021
35915513
-53337427
-64286567
72807691
-96506049
99961936
-69843377
25644115
-847708
-84751656
-5886248
95630298
-95980732
-97274019
-8689927
21085829
-99070246
-51346786
40499689
-36243788
41508622
43579530
-86179180
62782800
88676856
30485847
32593113
15086404
73893246
-50714109
-45654250
-57749436
-91095366
61918234
84661074
-71303481
9434911
58787969
-71957377
-89131886
-47683399
64494974
-44543974
60727094
87239391
90238091
54054755
23418154
95145429
-28731741
68089536
60670838
2939497
-49105412
-11177624
49793202
-81572296
48751484
71017913
-64538942
57920577
-25669115
-18297754
80066648
5231646
68974844
97284486
79247079
-77943387
-36796318
84810105
31204927
-9151830
8961800
-11393749
51243908
55441722
-51690861
79165230
97379646
3318576
70954800
87799365
80891743
80128474
-69130787
-48032684
-16020992
31365901
75376652
-37946621
-37083761
-40361398
-62984996
51947594
-19656033
-8197586
62633394
14881650
98408815
91654239
41223045
-1403921
12650756
-2356979
40207392
-88436317
57576343
41105888
28798264
-6908904
80588539
49511922
7129941
-16074860
-91569259
34388526
41863048
10539736
-83483683
76500605
-37996901
5147194
16089402
-8026928
31597882
-22256485
-30198815
-42985696
-84824869
-20115517
-7743839
-48679652
-9942216
-22055944
-24809674
-58978375
-12587065
-84828727
-89910562
65621403
-4528628
-76788269
3775880
23672195
-3815936
-99269959
-27006018
-30450227
-41464703
71362657
38621776
41921081
31076849
-17178898
-45384088
-81804133
54310167
55238508
10296699
-29956642
-59949617
-68500485
-69334083
-87402022
-61370801
40680359
-42473996
25736141
90057729
77586927
84468366
-47016711
40205270
20380044
-61158877
-12620645
-69112871
-64086999
63731813
87135254
-63921799
-70401851
-86931716
-76677437
-22519525
-26531326
59707025
-61169874
15410315
-63428383
-55881878
26194267
-28112255
62805572
-54230886
87187349
-35817128
-16369143
-36193785
-79270169
-86999275
-52632217
5719750
-52233959
77022852
50845539
63720325
-6995654
35620911
47372523
-18972762
65939216
-1183980
41170526
-71022194
24648346
-84452629
-91290973
99348714
40734345
88744151
69933739
46894264
-26280580
-78598300
-89644708
84346899
47228266
-62950528
15114450
-41199438
-3892912
78724515
85504745
-57205899
-91546912
78901746
50241692
31175801
-75574375
-15724023
-74432043
5508274
-89778909
-82481635
-56880800
21503520
6234782
6517040
9668326
29555712
-31635518
39588943
28273312
-97566711
73182642
98721418
-58012689
73450558
-78417800
35246485
-72911537
-53816172
-14026366
33288709
-56839977
76766935
-73672840
-4708736
973170
93863871
78683298
32488794
-51576077
97495351
-30170407
-73205899
-36217420
16288164
40772023
72327235
-65664569
-27278202
-15349018
-72119962
46298258
-54834950
-4710196
28801258
61440552
85899008
-59427271
-878349
76915081
43686438
-38669669
-2057112
7528507
32178424
90656829
99318651
60594904
-32867330
51758678
-24853886
15224059
-29359828
12047729
-42626073
-31626935
18772745
43568963
83928446
98613178
23260017
-22618518
-21444501
-36699307
-13256307
-919487
73600503
19533853
-16913722
-76119779
52797359
-62513479
-5064859
28559164
-31331439
-3676284
83523539
73826290
-12291342
70730646
-75834080
54491166
-64364594
-75566488
-87639961
-71114929
-98776288
1875633
30796952
8066710
96280249
56741432
86803685
-18839090
-87107438
37213096
23451314
-64450419
-60039291
54423101
65347166
53602800
-7714315
26964807
92697810
-57909017
-67319450
45920400
7703038
-46775318
-48419068
93047875
-18614308
41713879
-4152740
-54161312
-56062383
-78932676
89588091
-31381590
36075214
54017506
-81828334
20629396
68348236
-81060134
-80622342
54379409
-38229132
-79066570
96195844
-19448458
-72762013
-74891397
-59639428
-72849168
37188947
73699584
-51673944
49815607
-84572590
95616098
-79741070
86813980
72087292
94388483
25098976
5145809
23928717
46438369
-96179030
33507597
27005857
5575252
-36851077
-1474047
61169904
-46155526
8839923
-79992194
-85052961
79802054
-94061711
27962710
-58343955
-26601421
-39701205
-49621779
94951354
-25596669
-26390889
16842017
4286082
78711946
-28612691
52941561
-69654660
-7111296
66922152
56073406
-15567734
-4432676
24286044
-4744659
-19753267
23368611
53039960
66044588
18355419
-88392173
-40881003
-37547102
10912738
-69502299
30032645
48193750
51518320
-74462533
33351685
-66573809
86417953
-33665112
-1321147
59996862
3844457
-27386921
36506123
-92059093
-18914735
-38014982
-18221419
-72320130
-60870189
-7692222
54103084
22201103
-34049737
63369402
79466170
-12514133
94499587
-97202899
58091147
-73486620
-68300104
50711081
-87068571
-88887001
25224142
6112186
47203023
45744815
-58463291
20126578
-46915891
-53750583
-36980782
-46054130
35437945
-90458847
-56949545
-95438938
-50027317
24970323
-50880861
72253827
-30397284
16197480
64195787
84973643
-10777242
55474845
-64363704
-34243517
-65373836
48837338
-11474166
-90047787
50818709
-10977143
-28734662
85722385
41188966
93498620
-45548305
-54206766
54475295
-87064032
-81416026
-72962959
77646100
-81844410
-96495817
80197694
17856777
10662263
21801627
56887008
-41186545
-79776994
25537718
-47055537
4527684
88345760
-61921297
-4263337
92585670
-47822255
-3496219
-69213663
-74243250
-24281577
61860926
-78118173
12401518
-27533902
26530896
-75985025
51309393
-1837822
-55441770
26609120
77981781
-79653781
47430214
-62991573
74190075
-87374144
-31625368
77404091
9554965
-95994587
3705773
-38342930
13818464
-78407749
-51152673
-62091885
-58171934
30029229
-22013173
-79093715
88573028
57856141
15704938
-30480526
61667838
-8214767
-25614236
-57181778
71859748
74599819
35225332
-74707843
90876200
39849468
60425197
18799911
-30905459
-77763149
-58946076
-20995363
-57922740
-64457183
99510695
-29688798
22482628
-30573088
-14774396
-91444834
-29814667
27009967
-51642264
-58376559
-30538024
23299770
-38071792
-70213114
73231924
-27128518
-32724565
75267415
34954759
-75092136
10276425
-89896038
-18128264
14256682
57952222
57224999
11066529
-31649967
-32225059
-5620913
-98246619
-5050416
33860705
-81775502
25545704
954296
-44376776
-80109140
-44273700
-22999216
-66190753
-65009554
-76782730
-25557876
-52918847
-64282834
82995206
84534471
654491
-40060760
-53445256
56930697
-74952450
78980831
-42210740
-5260359
-53537478
6552539
25783076
-67819520
-99692640
-11794097
42039790
52459660
-60225351
44391830
-78266152
80232789
75747703
-34876537
-53277255
88503984
-50509668
-21770565
29258811
-52907988
75931033
-39177
11845590
-85245834
-16573902
37558324
14539936
17185557
19645258
6329222
-30121099
-51613411
-16534206
-28581114
-31534792
-3162248
83343274
-15331985
-13001530
17272512
-94054197
19992091
-42987306
-42632848
90210587
64746490
-72363155
-10278331
-82115693
74728514
-5753333
69412923
-52600646
83082852
-81080093
-58520228
31090118
-87946547
-91775742
-17545110
18028529
10250201
98011979
78117128
80620080
-55956967
16651010
-45992254
-71163748
-398247
-14727390
42719401
-4604306
20029238
81367789
-81656504
-91233375
37558864
-21328478
65520021
79294251
-8884893
72153673
61002987
48938851
64893177
-14820358
66218552
86881697
-13586142
96788941
-45009953
-43919310
-84378999
-76756348
8179451
96221494
-96918338
-87184014