72242220
17307145
-21704317
-87434755
-19927984
-62509966
-82245714
56376310
-14639427
7253588
-42574912
88193682
-43530320
-9108635
-76940625
95145881
-67512375
-17521384
-26634595
-27146708
-84046759
72328025
-6762338
61948934
91385704
-21967878
15217112
-44938262
-56646173
-60703681
-1056709
34032802
-83327459
92118783
-90972335
10503319
22592742
94856445
-19714292
58703155
81286861
-79548924
-95683330
95083227
-48203389
-45662590
-69583948
28804759
-79825347
-60933601
88279491
-1610325
-79475117
-99301248
-2462418
-28411256
-12045384
-19431625
68597414
28594605
-87852100
-28388892
-69965519
57479156
18142661
57978166
-22470268
-19176304
-17342842
32580167
-23953280
92443804
18562313
-32940299
-65855968
-50469821
60007804
92021665
11162159
-84276687
-22324542
-83717182
87402348
41000996
-81846817
56840147
96389774
-59782227
59340308
-49232511
39923628
-95307613
-55470713
-77151730
-44465141
86513046
-56639447
27865728
39624907
80293483
39896996
38024907
-28160379
80420717
-59574141
32794336
-35456287
21505142
10915837
-10256032
-94587130
38802287
-32825260
-89074016
80475093
63116701
-17251464
-84059678
24862928
98973862
27862788
87354621
27413428
-50691359
-33635042
48891711
-60897268
-64159624
-96864959
90937176
-20581202
-67367530
-34754398
-83031847
-44268617
75883878
-62207762
-39721862
-74342025
-27190474
24277931
31053982
58485641
-77470604
91643403
-39731454
6566349
-60201275
-1107373
-45303375
31147726
-1460944
-47570351
-62830148
40532104
-23874296
-96657799
-29381693
74330411
-16448765
-4296190
-59662924
78121757
25660650
-84414751
86723247
70607328
-29050601
-49533408
88691075
-84569850
10952583
48982993
-11569601
-95737856
-21307503
3034239
72399513
53943399
10277077
507632
2271171
34868083
-77465947
708145
3318920
-91865493
-81209066
-83341140
-97393943
-89968077
51600698
-30587557
7567491
69505106
-28669411
-67468289
-84018180
22633277
-20843447
61173077
53708125
54591852
-82208510
-26456549
88402810
-66740462
99956464
15523743
-36458359
-26671729
2559054
-4255783
34263311
-21677256
46908686
-99613727
-71935398
-86409542
-78103740
-91567081
96520909
40539864
56963828
-32183252
-59272335
-34053143
-2664789
-65252464
65990087
-49538265
32669233
212263
36508469
74323654
-44961550
-89382915
-94368909
49483470
88919440
94354772
-45385217
49963198
30844852
23521369
63899805
37865952
9421069
-69616876
-79876333
28134276
70776711
-63768580
87319082
73122075
-31971823
-38964576
-43586029
-23773100
95258508
57397818
99538512
-13243669
-558592
39260238
12434812
-14822216
-49728393
-1586421
-48954541
-82747900
59717110
-90900450
-35811068
-74300858
48679790
83999284
-49268440
-25431272
84210088
-37229717
-91014349
-9645031
60111365
78393387
-74054525
2656702
-93453660
26809023
78620724
24445807
26565621
61218298
-72768865
90590477
63078930
59171904
32160039
-24692830
-53166902
-46361191
-20060663
98059831
-80118873
72424837
25121283
73639174
66246668
16931568
-33637815
-54684482
-50283737
67297807
-22965291
-979371
-17574125
-2107239
-48357421
-81583693
-82670109
-13693877
73998454
-68729387
95235868
-56290510
-80243054
96205709
66412296
-23174055
-72822859
79746548
-70539703
-66918145
89363026
-80408279
-89155991
60168929
54976436
80063830
40692632
-90494033
38963488
-43026939
-31037010
-23614385
34535643
54150872
40457603
89109004
72594471
-78018161
16227150
97097831
4805116
14085375
-21365236
91484081
-45550284
-81779142
-40418914
-84808713
-83595033
13376975
-10046872
44616130
78617994
91609236
10379050
8123234
-46376795
-54742615
-83528158
-61395107
1848144
38020968
-15687581
-35108460
-92054181
53956779
-42442782
-13047779
22609986
-19498729
90996004
9098774
24840067
86931932
52164630
44188369
28778066
7144815
-51949185
14614499
12660645
-67794909
56747078
-65799301
89945833
-81105367
43426842
84095089
-78882159
-46029775
-11003152
34354738
82627592
-71293523
-13893638
-32531058
30044711
-59224618
36945579
29202249
74087641
66331136
69246751
15105763
-38774645
54874513
-11216490
3741231
39771686
45534978
-22919834
-89175368
2110126
-98799087
46482367
6803157
-19197863
77273317
-22897731
-6132444
-55848781
-1146596
-80007523
79601329
72307348
-34740396
58059235
99447275
70953369
-60285385
71335285
-38101933
82969329
45241310
-99758710
-31532935
-65267004
74939265
48984034
-19422912
-59642109
-20151943
8129250
-55516770
53050498
27502905
76304649
94512893
-57852733
39038487
-53544901
8906613
-28888645
-24011490
-29194347
-90464390
-93692899
-58557561
-33760577
-12797013
38148827
48611292
-20408033
-7875026
-67676063
56018844
22042290
-28592747
-91177339
34315944
29711514
-74576732
-52538123
-26109428
-525818
17421707
-99268570
84980804
49909878
-48183232
15865759
-71390227
-9367460
44929926
-90012081
1037438
76314123
28978307
2750302
-92024353
9221663
-6980270
64301394
-26788432
93379810
-57300058
-59328103
85537203
56409476
89096584
-33944024
25243961
-25089251
-98509639
75868279
-54936394
-18607365
50572509
31690141
-27424449
-21845154
17423573
-88050863
85712857
-69619905
-38079654
-70341957
51647013
13255905
-71129760
-90170614
14334813
44013991
-96663280
24264269
-59584762
49067990
54025858
70061211
-51432629
23829594
9827137
-63851260
-17844753
63304047
12437386
-29986125
-53824904
17232545
-6984341
13965459
-27123598
25576582
63929742
-27889463
93855309
-47898543
-97417205
-99696428
16551996
7626491
-15405979
29348011
-81638631
-57853293
27855621
-70374475
15486845
95755458
-15744771
-90083174
-66447312
13294373
90768802
-4409426
41340847
-61209362
-96708968
-35140732
2344277
-53568713
72469732
-31306706
-98011295
-89173294
10014741
81552572
-78134661
-94973482
17090360
25131317
-89858535
-38469138
45076523
-37967757
-66808383
7400568
-13658508
-25784625
-94403958
-53350769
-94475723
24761659
5043545
-53371031
-9949419
74047155
66111598
-25184845
-59954508
78416454
-66229402
-95282062
-68463798
95962856
-39776304
75235366
-90939832
28422322
69676833
36566498
-95067292
75805492
-61192548
-94327698
37560468
8619572
-40087743
85753672
77834944
-72477933
70633772
-54554481
57039053
8597863
-54062053
67779397
-33949693
26516711
-33357274
79771146
-89453155
85407885
85627081
-20760284
-15198404
-35348076
-59315167
23385013
2300040
-29834119
-53306505
16295
46584494
-62202230
95042463
-52775664
-61869362
49832620
10473273
99938772
-89447454
88696309
1992476
-33496078
-61929174
41031843
-3147883
12502762
-16502050
70318856
-85918473
-2798541
-87724661
-12308356
-40646597
35572240
-21383092
59347465
-93099575
17855590
55187083
29624704
12717671
-72024392
33661075
9027371
34553896
15700513
11861882
-12737435
77524366
15572162
-59316203
92517497
72409830
73156323
89076959
-6114177
43455883
-86419015
68750697
-46258320
-97479827
72481702
84957815
-36528349
-88491327
-54035906
-7629427
-87628808
84200391
-17630230
-75676272
-82741573
-71126378
22455065
-48371128
-3741747
-69378264
6730584
69481001
-19464843
-49998186
5230645
33555387
56985052
-50316870
-33235693
-70933524
-40556220
-24831557
9357117
60423904
12564427
25327242
-76891070
66068337
65207151
-31340159
6740643
-43449692
-32810735
-4372900
99525979
-5740512
46474087
-72083991
-25640956
-12873316
-54499739
-91328591
-32316278
59981888
60919947
-85737818
-82472498
13859462
-12193001
-98491174
71587408
73439010
56416452
-68227978
77325193
-55332861
5515298
-18820391
72625090
-86038334
88954763
14914865
-32904701
83450510
-26865250
9238487
-8945121
5375423
43514357
13481495
20860575
90282674
-49317775
-92000119
31288656
23738419
61920945
-95065766
63831290
-14279119
61460097
33081040
33840605
-51136359
-24486114
-66017611
4047775
-69847364
11639105
54613790
-46363554
-68474166
-70516331
28224930
-54941390
-77458072
65267986
11737708
42098401
79981938
-31830312
99051206
84180030
56017104
86966103
-27349411
71994446
35729840
12732265
-10210724
52686460
-82352079
60314575
-53242789
84637165
76386149
45500245
34261103
53220440
88272724
-52773512
-87836252
13816233
10738834
95323212
57934108
-91521594
-60215380
-19179535
-13968427
-89329343
21593137
-36209336
-31022852
-91593533
58115454
-35937020
-41083263
-98661193
15286501
-89787427
-68962228
-17867131
87652105
-36136117
-1916939
29930598
14473802
67992998
85949970
69238572
99469029
-92557043
77774119
-43423827
-23658913
56649701
-28570035
8954735
97120628
-68768951
72627982
60215328
7210420
-3510029
11311427
3370800
79653579
-82093380
57173557
-90135005
-15042695
-95132503
-58114874
90131129
10774377
-33638778
14902503
73692385
-87229305
-25189930
-88889774
19933306
17035979
47687914
74748933
-82526791
13638978
17945867
-79677880
56188493
-45748305
12408511
-93129437
-85506530
91222622
-11994600
-38169482
90893376
-68363716
9340259
-70255787
76944746
-7895164
-51201247
-51516958
87423755
-65461513
37062606
-61417017
83405324
97942037
-89472683
-32571550
80478255
77986485
-5186017
18924823
24677279
60507664
-42322591
-88273752
-25900293
37218559
34790684
-4590596
-6648746
85801449
58836183
-47541369
12281596
37212369
-39306754
5992707
86995169
10989939
-32605426
65893680
27206280
73474281
31816307
-97590312
-12471592
-42842942
387060
86157478
-45252856
-79315459
63847384
7389336
-56288025
71744868
49599093
84921102
-39479362
30738695
-64285384
-35981420
-66496846
-25909909
7283400
-74371508
-39948361
76101595
48874364
-40414331
-61199318
-94617373
67143185
54031704
22661727
64142820
-60525739
-53776194
-96581584
-13507829
-99686176
-47418527
-29283628
-70305927
-43929309
51173346
3793549
52425544
14474017
-55042220
-98571919
-28229351
-73736008
-27546773
26302976
85445244
37425532
-85331284
-4218385
-428247
2903674
-51473383
-83013000
-10769374
-93035926
-41489099
59118762
77175884
90219955
34382099
17731716
-60533980
25165168
-34062336
57157673
44116458
-23656089
-24380533
-71275232
-17510746
-74507416
31448614
-77513787
-18802255
8884974
21703950
-22169107
-79297962
-96838090
42661941
-28337859
-18630963
-86198631
16451691
-35930083
-79257871
17473016
35247047
-7873958
-41345289
30746862
59346633
-1979619
-55432908
-13325451
89715137
-9909272
70075930
-48960727
-88175480
5799670
-52987282
-6877826
-37866924
90094903
53242699
13209874
95940226
38425022
-1741069
-75418791
-77553865
99377913
-25972157
-29470095
-71395447
-74886189
-45180041
-78009280
-20707275
-34634303
-68457117
-10832530
-35944149
34347193
-82550878
-53997108
-94745724
14339137
12733164
-92523945
-19941469
-46053768
-20001732
-8068373
63647569
48109595
-83729665
33296858
5514051
58555510
-71007336
76158369
-85595002
-77668242
-97953499
-79397416
-44546056
-62620452
85888495
-13677589
-76751326
81453732
-70132006
-28470769
-71221003
-81589371
10662924
-40173169
35512530
-88192059
94671922
-99210721
15911270
-96630892
-65651843
79626206
-64449690
-86438139
-38602934
23220299
47816386
-76014027
-35262296
36749639
28363028
-57225607
-31543908
-82327655
30950831
24935896
22792235
16302176
-64403692
-40503022
-12324269
68041436
10601350
60113036
-68057314
-72139542
76717270
32125080
32923053
28164964
58230223
-34908986
87623974
-46308645
853258
-43586996
-92756620
-59016637
-86804569
34610078
30241299
-52620808
78712715
62286115
25922116
-6273384
-18418422
71201016
-59691245
-44320203
32192185
-99654658
98827954
-110570
-93356605
-30860800
-87329809
-21155661
43781088
22868669
-59284624
-30766539
55381055
47506085
-72737273
-12284823
9867990
-36726162
-30686875
-40756236
-77910958
82964368
-75447360
-40957147
-33916344
97740703
-2808959
63583048
84602843
89316490
-87352047
-24784622
-26131995
57202634
51650481
-70670419
-63853325
-68988745
36776990
-42890842
78540616
24266462
-81961209
78636428
27435106
-54541168
-79712415
92747178
-22251247
-16128095
-77223045
-91601527
31635828
91708937
-29119277
-3812829
-18418969
-24977548
42640010
-76601103
-45964951
74818132
-45793945
28051126
-80988450
-39884713
-41596903
23416604
-10745888
22981235
-7343182
-3433047
42012932
-64826250
45886979
-46342374
-98263328
61844924
23427900
-6536746
-17727819
-49536100
-73546811
-41902158
-4514447
-86808433
89495264
58373754
-73688808
77756959
54521551
-82574975
61934094
88446700
-53405749
50757685
-58266220
-73547181
-56675809
-26950294
-58458200
10073941
-43554244
70889613
95353364
45392366
-39981319
-58401150
86604961
26853951
-38634751
-86225337
69873337
-32545235
-87977555
-27004385
8150458
98842315
-84976652
40517516
19312642
-10142853
-66647096
35646594
64028420
-44286598
55882109
17350669
74742867
72743233
-44206922
-47162406
61462178
87058613
57470599
-58645502
-64585268
73619657
12370541
-74976435
-30661146
48429458
44312026
-52986203
55001800
3726382
42921263
97092623
-48205506
73362731
48536698
88839482
50101871
64617869
54482177
39160919
-41229429
42052346
94452545
72268811
-73731968
-46476980
20569007
-85813226
-45385183
61640968
86663337
-76495039
24051905
86499845
-1246338
-44675426
16375123
11639286
52664929
67307859
26123232
-55280251
-65526691
24089540
-32613962
-98332684
-33454056
-95619507
-75674369
-6101720
-30635985
67130641
69511108
19291387
60968418
79821570
45239580
3227391
-63102643
7600755
-30852479
95178565
-39691137
70552013
95445498
74077934
-88498649
-13871192
67421206
-42942676
-21189801
-18316497
78717506
-21291487
-11363355
-29360081
-71838137
37128045
11279792
47749941
13519167
-90790064
-15946138
2043765
37414896
-68977738
31554091
61852619
60558222
-26773180
-51427842
-89320336
-76416480
-77276396
69957128
-63225909
61000539
88352030
41481727
5412958
41843533
-93895500
-27706901
-44145486
-82693366
-67017173
-75290919
-63040881
-18226115
30628369
37281408
89136939
24771262
-31911470
9091370
-87933415
34353190
-12629645
89828748
98503903
-90953362
87356759
-89803512
8989
-90240234
18011498
-21113454
15271764
-9817868
26875893
39114852
-56121775
-65191341
-53960693
-6895118
-50124517
92024416
68404175
3422502
-23698469
29404271
-57609730
-94451372
81296119
36319332
55879552
-42714704
-76999423
-11228769
-761828
53885372
82007377
-35709116
-80756517
57991957
-24409079
-9059250
88500463
39480137
44561860
1761829
35542600
41897694
72941031
-24735491
69294741
80136204
-58104287
2319173
-52636972
70504389
57234404
26986596
37085857
-780769
4111289
-31083230
-74928852
44690226
-94714987
-21882528
-75691903
-81245585
61740753
86847750
-25671288
-21060082
90624
-15403556
-30312654
25173332
-36731452
-70244916
21790128
99608182
98528274
-54774225
50492078
98553953
-3380547
28842629
-53056220
74322721
58763587
-47766872
31232403
17351103
-76814922
-17437322
22916890
-71672559
25850277
-5730224
-99881241
6017570
94983181
35526825
-23743738
44460253
54485179
43177287
15452984
56742041
44912996
-64750995
-37027252
31151409
-49639492
61157284
-98696117
-33277179
-49260429
-51327195
-38656004
-85074597
-20272034
-44871150
79033615
50055004
24223010
94255750
77521561
23158776
-21224120
49166215
-36175923
70740359
-93984547
26944384
-24440472
19589725
9906212
8108173
9916343
66735290
-88596088
-42546898
11522372
98649937
-83345568
85266143
-61115339
46304697
-2489009
-38572802
-60974066
-66403031
523086
23362979
-73733046
-95352565
-42058222
-4029717
-53660760
-23666663
-90691647
7719219
-60654486
-60291129
40480651
98396822
-44529134
34589207
22413923
-38200063
-65488599
-20134528
-62009936
31738182
-87806785
-1382067
10169268
44386414
-975052
-49248730
-2971741
24461914
18103739
80598048
-30748829
-13909778
-11718725
86768125
21091313
45283296
-87396684
11631700
-59264201
43842993
-3260722
-40173180
-91811387
6963086
54296152
-6439139
25214728
72788403
93767103
-39581894
63092025
-78908263
-65906947
13077334
80983249
66726147
-56794246
56098149
-74384483
-60332417
-70878907
-42871600
98218631
65013907
50913984
61956093
50796544
62865549
59842279
-86950087
66392814
87478499
88029201
22922026
-80524135
11581182
43535161
-16894358
96357803
28067154
-12836701
8740031
-44261124
-43395667
-91920177
-85800113
8815432
-28054985
47794312
-14389413
-86770276
-91064118
-4120379
57388890
-79833821
48662627
-50920581
-56591059
99794679
-41979138
87277168
-63124070
74847820
169948
13994284
-46990839
-57422726
-94767161
93415316
3785890
-36651902
78529532
-63065844
-5078282
62744631
12304841
-77049934
40563888
-50234942
70008996
55392067
-38005771
68864514
28928194
66168001
7376182
-18926493
-46277178
82342173
-79309488
14432385
13358068
-45231128
-50910291
42977666
-90383667
-34943681
-95776833
-67090840
45357128
-84563212
-86858174
-4275221
-6817772
33741079
-37457572
79057562
-830832
64392279
-70985951
-38580897
-8670789
2233922
-73860954
-32188027
55488013
51350022
-28495787
20567765
-29619741
-38606495
-66817079
4326694
53197726
13716590
-25768974
-99443614
-87357332
51971679
243116
-25391541
79019240
-77470720
47774143
-92517021
2276856
63397090
12488138
85982257
-7521177
56559126
-90801632
39076728
38955277
-16034852
20969365
-8213851
70373527
-35791864
-11490385
31927339
23430635
-12627682
69359177
23719230
-27584070
49543834
-39466984
-84068953
10058144
-18815990
-63990635
-61432464
-39711320
-11549077
71595809
-87938788
18111735
79765008
-3396109
-19518277
92638483
-54720179
56814776
-29474731
-7881317
-52283955
4225653
-54480256
-17759168
-23968947
-94363602
50719706
-78060773
-23256527
84166894
-74380509
-1851220
82017155
-33962796
47066569
78807659
50291916
27554645
-93791916
-67954353
-90251935
-77677471
-74796751
56949821
862991
56769878
29303036
-38684167
-81064179
45086549
-94297857
58221690
-41584816
53751918
47750970
-85338642
-38403883
-35914416
43923886
-24108269
95556340
33309875
-74265810
-46684897
88452342
-33989586
34343924
19447730
-62133763
48548179
-46022631
-83672844
-31880886
-62766270
8393428
44429865
-82590050
84914161
-93978814
-60568796
60300783
15556836
-4291026
87419877
-35028713
-46202010
47605390
-91484313
-34391654
52179265
-10625092
-41932358
2413502
17640829
-35840155
48967435
40047817
-33495436
22605024
47299617
-2251944
70230304
-21318447
-90440745
-19623809
-44300514
-54579976
-83066344
58290916
-66624701
42660992
-75839732
12315355
-93863400
-37692306
47718059
-68890424
-17590525
94912952
23581796
-97926252
26321726
92445800
-32087731
10900263
-92461911
37964899
35047796
-40883183
22205735
-25999278
39639915
17719516
58135380
56982071
88975068
-30824009
45308781
-20530540
-84644762
14413436
36653427
-27257165
-17510816
-59489076
-65906905
39188938
87480850
55022777
93948394
16218171
-38771273
-74470290
-27269924
53670563
4959449
-81759167
84913452
58651019
-54112355
97466709
-13246012
-91963365
9682585
-46980255
-61962951
20199712
-47694227
28684734
-72896956
67737075
-27622355
-70910517
90169483
34753396
-65311402
-33490364
-54888648
35842437
-53109421
13017625
45375052
-18529872
-84911421
-6498095
89922435
-33271127
39048786
-19639599
10566270
1326958
25500558
-95127316
29079399
28626784
-59355646
32869913
30152265
-35921994
-42925871
27633465
15160141
-20397215
-69634517
4242300
10206535
22061918
-3845102
37452261
24236490
-53489568
79859628
-54677800
35749858
-41601345
823666
-49091638
-34637447
-60424643
-85331289
-52626561
-36803144
-10531104
97176999
77227470
-3058054
6023089
-97189270
39544371
42531271
57119682
78640146
19912632
49215601
43687594
78675900
-35918076
-42871904
31246933
7048596
41960679
-79901417
69414849
40190254
79468693
19865039
-89491457
95200676
44737945
36390825
59433687
40891889
-99580678
-13104671
19509020
-71061370
-48725139
84485496
26270928
-19039141
-76495247
22930955
-3218284
-33696624
-81775706
-11005072
55318077
64003956
97017295
-52645037
-40567857
-84403621
27200667
45883079
-98763610
-45498513
-25171671
2345814
91487268
79031122
20577740
18528006
-55832987
-72869601
-32634617
-60141033
93007756
31226193
-12125182
53163474
9118782
-92087963
-33987960
7828138
5841252
-98627721
-72135930
7289904
-67527716
87139771
-66799273
80912858
61225942
-5382606
-41536582
78314896
-75730439
-76738040
84935104
-38012772
-93182711
-55386883
46961540
-93770984
28696363
74434071
-40811091
41410641
-7452480
28187598
-90298545
43570697
20959212
-94026641
-39774038
-21941100
-39989599
-48619527
62393574
91315443
52173007
23658955
-80072289
12806654
-51977178
54906158
-87306702
62254289
22707674
-27919563
74049469
22948402
-6671277
37326628
64202849
-8507384
56649122
-90799031
58097647
91910554
57805022
-70741089
-48201696
-92196651
63856702
-10097445
-99679366
-20881984
38846424
-36678217
69839704
14743559
-99724278
-90035163
7067422
9291410
-47791785
97389034
50528136
-60954805
-37969897
-42238714
-87622928
-39592534
20769243
25551149
-39495856
-62582227
-22553842
-46354273
-37355363
63873200
86110624
-87635543
45716032
-28429397
59141484
31238318
39139988
94954634
23942641
-14768730
47673819
-50663841
58671675
-63489135
-68065954
-58230587
59725345
70039084
25069319
-13441691
56023064
20493984
58504951
-10646979
-52511242
-87602268
-94773807
47573482
71334540
13208234
-97695703
83183313
-4395668
85506391
-79707207
-78457271
84293617
-47359248
33998019
-31916220
57124941
58913961
-92289508
90454619
543032
-12380193
81135854
-37152056
-38109802
-20393006
23067410
-18294598
85371392
-40960075
-74901640
-29015936
-74468466
35960239
-71343005
61589956
53441232
-35438920
71611600
-73170780
-89157748
31508232
-35649192
86487144
25101791
-75724862
35117970
3790742
-48474495
16055242
68945834
-85277681
81226685
99274066
45377242
85166500
40920550
-58531290
-71611536
-5240769
-80401835
-63546269
-22995383
-25231178
99503662
71888532
-64690950
-26900484
42217690
-64287123
-83018955
46361923
63709593
54117163
32891575
-50590392
-63060731
46339884
46323536
82591216
-57943525
88179187
-10191133
73411246
-25982929
-43154797
-90692902
40642015
-55364009
70219027
4877208
-77916397
94582089
-85876057
-76223317
-89534613
-46398622
37193842
-85812383
94693869
99335281
-22589967
-55547388
43176472
-35380677
42534885
71020653
21289941
12431970
-81934425
20133689
86391616
-42308831
-8297274
-13467775
-42058051
81246600
-88418534
-88323588
-31035885
56316100
45592898
34776128
-3583742
4704224
92089388
-51893316
11029267
-85528001
-22858212
43516052
-77112105
-17596105
-95827606
31694841
72303515
37570212
-55179657
-60206214
32211595
-77953474
-81037540
70151003
38943573
-33753717
69768405
-31720530
-47532802
94636135
-72751886
98831773
-48799647
-57830997
-78376126
22638356
4758350
-75507390
56185841
91433149
38882269
50360104
-89252264
-62640244
29118894
-61173885
-31071921
69481649
37469862
-61622581
-76379789
95304763
27955040
-33215414
-7809968
-4638576
3411034
-86488936
-43435427
-28196684
73525319
-44800300
27422151
-90690895
-26123208
-18339907
-34630608
18543392
98810272
-76483948
53239399
-87531892
-23961634
29534650
41192637
51803563
27138653
36143419
-21866798
-7204879
-11740263
52514352
68186806
42468851
36936612
50740406
73532770
3563152
6532557
91636530
75755328
-83178616
-7487281
-1606555
7890076
-40503918
-92320377
17560059
96296942
44686368
50040694
-11285998
15475258
36938913
91110393
-22426421
82593783
-96802435
75247802
5148453
14738326
-21946151
-35373277
-18377746
78106764
-19930468
-40540858
67941308
89141282
41998430
-12552814
54511911
-7445801
-15935762
3516375
84994575
80117621
-35337908
70539561
86188268
93118086
79640976
-84210868
78719373
-24266813
61749532
768235
98670487
50533845
-32941911
-3224833
-955826
77411833
-75331613
36801920
4471457
81134063
68735744
-87430643
84778494
97292201
-41598102
-29928965
-96950498
41953103
83751991
65018286
-36636911
-64565397
-32098006
-10973388
-40945916
16390458
6861529
61110873
-76845414
19114917
93131474
-18294543
-24154369
94535304
80296624
-3010006
89588298
-59283588
-56815084
-88731565
-73492339
-52706199
2785276
63036762
99912012
51110329
-2795644
-57979864
-17007024
97439074
72943628
26264603
62786304
98954641
63698563
-65989150
-41338646
-83670621
-97600196
-16267705
-42910584
97442875
6283017
60208304
-48615687
51003326
-58442216
27380741
30293944
49741446
98705137
-6963365
-14753564
-21094324
18767959
73747975
-38194993
97059390
98188099
-38589840
42914432
5480017
-71743826
74870819
17399202
75802457
6235873
-67404114
-95555229
52377990
-59856281
-69662656
-34873100
93588360
-47301995
98194198
-14503789
77983517
26570759
30273603
-29990013
73672797
33923095
2003317
2089060
49621640
94806695
-23850092
43911461
-20685129
-9359371
-46985877
8599330
38721382
-77023473
72513752
-37612291
30080038
-66802620
99705636
-71716609
37036222
83521835
-7883024
-95228384
31902290
-59353931
-78608398
75189171
-10513751
78869258
92445619
-11960432
67983688
-57901991
25768289
47424839
37230525
-96488090
-69050491
26224394
51963676
54370676
-37639217
-29985243
22664502
2124327
-93822244
-7335853
-38249466
95808402
38619874
-75773231
-63230557
94510791
-24807208
-14666145
-20602224
-59276439
-37315828
98183501
-45338080
38907411
-41608616
-94487286
-81546414
-41284301
9341220
47946515
10449769
-538819
8209929
-29490937
-78736219
-24014169
28394828
8711244
53040668
-47759375
41776094
78915739
-16678049
58026373
-74404535
95055644
-78042477
-57773629
74585945
9527760
9083188
-76779789
97106056
78740647
9314213
71570747
-37385016
-32972463
-70270655
38428537
-88746438
-86347293
-81581515
-63379671
-17463572
-68193349
81141351
62316785
-93415087
61633202
-22208494
99411323
76310017
22151163
91473777
-93932015
-40772673
28987980
-45177868
-93268604
-59860612
50594216
-87494079
48649571
3270137
-2004391
60607808
-60703123
16109906
-94572200
-42928454
-88506022
21467413
-34980342
14798807
73537509
-64088489
72372596
20710827
-16909507
72007336
-41280514
-40942220
14299080
85788463
72520802
-40697860
5931394
12293000
468108
13444979
-48021315
4844200
-69834732
74213967
1113279
-63920281
81603850
22227782
-37646498
-71918319
-80006397
15850808
-17886475
63023973
-75098953
36734521
31547388
-31541468
-81850703
-47750068
91209325
50989641
-91464709
91670304
48387700
-46918385
-75601046
31361870
-76947109
-76988080
9283469
-42300047
-60995157
-19406443
-83047946
-13070897
-63390930
2123389
47895464
-88423808
28879123
98058551
97677333
24147889
70876440
73413252
55138821
-4518537
68333990
40132966
-4515927
79842706
53800772
-70022463
-3284234
61815197
-31920959
-40257298
65976047
74701784
-74717953
-29344695
23450310
19754615
-90095345
94790603
-23113808
53091814
-42701136
-93650143
9494492
71574825
38491774
-92555647
93645027
-87744661
24540271
12403672
79230164
-41832011
-28526939
73640391
-63273742
30591906
72599030
-64942480
-13345536
5014115
1203974
-959644
-90020707
16791315
92068816
-85489056
23685848
-65930832
35744316
-82452883
96592331
-27629806
-71779813
-88022188
84177760
-21582663
4403651
84288101
-13334871
-39214974
-51777362
-56734690
26981878
31157108
18701151
-29403025
40834807
20823847
98479644
40528536
4765989
-71140241
-67147733
26464005
29959118
47277112
50830461
33511903
3217
26848598
13280365
72732774
-29931944
-38147346
-51719860
-30149667
-35404519
-24595557
1091611
30290977
31169830
-41402232
-26860693
-64764352
-36211150
-40429001
-63578148
-61078240
-77302841
168587
-65247610
-10490405
33768181
78935591
75634613
-56804269
20712727
-84055946
80884521
-9614029
-57370930
69667921
15980818
-9482533
-36409542
81650712
-30131447
90392333
-99209714
-37349565
84904808
95257628
-61274656
21814452
-52524714
-69133282
44662160
86359061
23878607
-23186922
87980894
28666339
15439162
-76479815
-49053090
-61131585
-3399582
-29695457
-19485567
-29480631
79168569
-72390202
70786290
-67049066
81543280
80268930
-83755953
24812394
33970744
6306898
84755483
-64654710
-24727419
2589934
85122452
-62690221
-94173337
15825625
50441710
-25373288
-42127909
60990310
35874311
-54740906
34039547
-61595556
-46166394
75353060
-44201181
98020350
-12975944
-36914671
-53686716
84382740
94279795
91578950
34069388
39626029
33691981
-38701125
44828074
40705413
70653515
-82136214
69983084
56525415
8387467
-71460360
-71780598
-30441805
7095092
19728492
9046986
-78803237
-78801454
-80362953
55656391
86177097
64194731
-81840061
-77062966
-86100812
4883253
-51565281
70789490
-68991870
-7732582
-49930154
-27385508
-76523092
-16099657
85130458
-13817526
-41852605
-93743985
-96232809
15999660
45407101
19032232
-60430546
69616441
-75095911
-66406701
26897339
-94249133
-48328200
-56726591
67190753
55713593
-99467873
75559914
66864790
63049554
66718338
95577831
-26838352
-78248917
-34861700
49424772
-66886061
-21255593
-95294291
-71117481
67748517
59036246
85209743
63904439
3902198
19641917
78297818
47733923
8510547
5220718
-38108074
32533330
62222731
-51149395
3238872
94629066
37814010
52821692
32586074
-68337048
58693113
-46744530
-92951718
-80797332
83136003
-91348808
12737232
36496324
-77765627
57768574
-87404908
95155387
-40990502
52944453
-27249364
7129315
67987185
-60916636
93468729
55269703
-34561900
-20059508
-23873511
15529937
938645
26016940
-9536007
90171897
-71859894
-8367088
-13778204
-19041864
26503404
80201392
64025710
-53680882
99678178
-22225238
-62439534
-42494840
64329693
86057680
-33563393
-78371071
-21493738
-63632806
35501763
5035498
-75906646
48475972
-58245075
91141288
38930013
77442340
92063481
90755053
13278876
60363380
-46666059
39256652
-33468205
-5896105
-94334579
36806521
-73868902
-25838866
-12956882
2776465
-83732614
7154093
79882210
44961278
-27559290
69319371
-29453251
48971557
-6928997
-27311427
15723872
46761754
52031138
-60393375
4839465
27396119
-30283782
32656150
-81640565
-85614152
-26315109
55903909
-78788923
-15908994
22693170
-95079875
74089294
-86838333
-5122925
-69534497
-5224374
85355621
-40662287
-68820884
-50097752
73180007
-55363995
-32175819
-98809288
-25275742
80687095
87401828
-8198060
53206851
38771437
-83943570
-25568985
-40005639
79194690
-57344001
72509958
-90935919
33903008
47542371
-74132653
-76295417
-7805716
-43804072
-80585971
49956437
38150439
31779856
49430463
61737330
-76474214
28435182
-5972668
-9929979
61154797
76675376
45653399
79652205
80438999
-86726644
-61798498
21986725
-14597362
28324490
20586259
-13231878
-86728333
52609595
76247499
-14351529
-22816370
26008437
-71730682
-78351309
74721115
-50125975
-95620646
20589054
23307189
24871379
9204322
-50685300
-34423380
-48730996
713760
87461646
19448105
-52203007
-18474067
52901678
19758298
40257089
7744247
-9674784
-40260569
36180112
57922072
15205698
51048621
35731570
-12654794
9397454
65859851
-48081963
-19882442
82067892
-78610763
31892087
24392354
25274956
-90857832
55198199
-618468
84249525
-80143812
26797528
-34174917
23310916
62192867
-77240088
97471414
-70555501
-39494987
70866000
59821086
-32154834
-99206569
58420832
-75620533
2043090
50697761
25710826
-99903074
2260325
-67308026
-33406605
-56802436
38984490
-64890528
62013369
73296512
-46389787
-75435488
41648029
64072065
-78899800
38474018
-78844606
-55547115
-83072588
50409979
93568707
68708992
-39001388
-73528560
2405652
54599178
49241343
7081489
-55865999
76054098
20316013
-1747394
-56193819
-53855456
-63207729
-77837497
28146506
79488897
-98364255
15813161
6360984
4183166
55599322
74075349
-6996041
-54314887
48719253
71957066
18787284
94920385
-70392669
-90457122
-59856822
20895177
-88326785
34359736
-46476994
18260121
8176540
58654862
-70710749
-61104786
61264468
-41934937
19969284
9376231
45214718
-48583971
-26023810
66163922
-74393761
-7973472
-26869198
-92553346
-49874741
82345770
58828839
-24136665
-45459379
-87470278
-86027897
-42890878
-98230692
-3832448
39605971
29533660
-93555817
-72638017
-96520589
-63970596
-7942073
-6388658
-38416639
-82691970
37394170
-41249290
23352280
41596901
-22798173
85553348
54268202
70442933
11872764
39860091
-12732485
-68534954
-54093569
-66373055
-3383944
-35255432
-21349249
-13276703
19173313
-98521495
-68597729
-98333996
26428363
18743885
57911084
-90386201
-18696780
-45780998
-24009864
26924414
-72775087
22735455
-17814481
-30397625
-77887006
27111030
-94061546
-2746673
17211057
17944162
93314128
41210527
-71687490
30420038
-5717763
-94791939
12191486
-56537402
-21596785
50396127
41692864
-90543162
-82322892
-52871850
-67893911
-68424396
-83526021
-19261815
-57468213
-86633069
-72154124
-16501229
66008199
-40853148
-73504473
23373965
85405370
-9303856
-16719720
4043324
20145155
39410193
19498978
74399862
-88766409
25964708
87025885
66738930
28057754
74745016
94047555
86762068
-66610916
62405024
7406060
-80397132
13977254
-71666036
-68221093
-98968128
-7087955
63932317
25388191
-19707101
93479003
7952884
74004706
-18349764
-37906763
-85758220
-38112351
93950510
82581189
91085478
-88184890
59596153
30345601
67364364
67022794
8407322
-89742718
-67651693
78291886
17113913
-10238284
-279156
50140100
13469448
-73779242
-47778702
8453512
42183240
-49884459
-49954143
86260739
49025012
40204642
-9747439
2103530
42359884
-86601066
97839857
-55706488
64228423
-98982040
-12793634
-85851176
28119147
-72864852
76608253
8089678
47125523
42096446
53934617
67661557
-28135300
-4875659
-8481012
-41117513
16177101
31839767
-5235696
-40862511
-68992034
-67593071
34943877
90517592
-86691752
76956934
-44934704
16615943
97313447
8206925
31074040
-14105556
-17177442
-44039030
5476833
-57053028
29228239
-98468780
-33873029
-40611935
84809863
-22319183
45294346
12512780
71339904
57919842
-77096680
-50618371
95906365
-86905309
-90698048
-43618713
-20917729
-97112505
70147120
-98210851
-59132436
-38311018
798058
-50849216
-86262296
10625170
64326396
-39925089
51604546
-13207880
37763853
63260881
-19300430
-87198952
9528411
-12781712
46842218
-39979802
-31005715
64158411
67291915
57231719
90409975
16469271
-32417637
-42483289
-24844551
-44561185
79597656
-65607251
81794136
-47065894
3568376
69261969
-38544831
-72174712
74724371
-40462280
-9469982
-87069458
6996648
-1854097
-10349369
31420009
34617734
-33833294
-50118160
-60714907
-6542610
-89603172
18324800
-86941023
-41801613
33456091
-98098344
-90447049
18302876
37044280
94040959
-67161674
-85215200
26350049
-7679505
-34940508
5869743
69158577
-63264892
-34115909
68923616
62757844
-49102531
-39687270
513160
32843055
-76731795
15410321
-43918102
98923909
-60761937
43247386
65411031
-46311938
-71324784
-36758166
-38278509
-22876056
14727310
-31200791
34753354
6438660
78364680
97531985
63006807
-42216117
-30085490
30506633
-57505243
5134532
-74907781
-15110962
56313558
69596488
-79405960
-69973988
-51771422
15077018
59209091
-94016951
-56311140
-59790358
69836640
88929852
94302422
62018711
43406138
5005653
-1548299
44227153
80877387
9343801
44839854
-35831042
-11771238
70080520
43239271
-44346311
-92319716
10286486
35095887
82709580
80215701
-39286526
45332440
-6332660
73359865
-92230393
60309798
-13593047
-35613813
-77338403
42622660
-80547547
-61577343
-45369897
-49897127
-65738397
7546213
-15943018
35708722
72402940
-8387058
-37338337
52238572
-47179302
93530296
95857878
-76957378
92242839
28121792
57638113
79582042
-22888277
24130657
72363556
-78606893
46037854
-5333345
-80685096
-92714483
-50613747
49956306
60660400
-42722951
-91238196
-50696707
85371833
-70954347
-1239107
59950488
66055397
-24643291
68036291
79414452
-25541166
-59310583
-25860558
-77331139
70302550
-13184765
7776963
-2542070
34604632
83033596
-19637600
-62372863
72164036
-5869929
-94363476
-60503487
-52291584
-18473864
-76767638
-74179495
-5172599
-81165038
20606875
-42855458
23199825
68164497
-96316493
75202703
88783821
94942945
-52592509
-34325064
55204133
-112380
-17196656
98016071
82051802
16942188
81130500
-52983004
-5837146
19910620
-2532469
-26330598
-21326925
45046765
-75516818
58941145
-56055511
94840301
35762680
35846802
25454365
33101436
5467668
-87948261
-97185996
-81344009
27047860
45259748
-84133880
70422522
-43044994
-54239393
-98253475
75600009
-95820667
46900994
82781326
27320381
-85527461
35220139
71785761
-18852608
15027566
-67630053
17365366
36544605
84826090
79719615
10217794
96361809
-36254871
-98046282
12744548
-51102069
89125917
30720287
-32228139
23540282
-90088423
22349344
21721354
-56002956
41963807
33653895
87845815
-84861144
37408413
-66556965
-40735027
-65642223
-41215527
18214908
84316229
54927220
49100502
65272411
34484170
-48011213
-61281993
21890908
-87101554
-31615540
-44796391
1053694
58630704
-24341550
13075375
26888788
-50535256
-27673829
80366605
-33411055
-14428885
-19886641
-90400823
34021678
-53664117
69772909
75096004
-14403805
-46733055
-89164075
4755775
-30376293
76307063
31012558
95805656
-14480156
16693389
-6448849
4912179
-10539544
86786596
-74810679
75394038
-50602012
9022667
78088655
12691632
85553024
650565
-77156648
87259191
69271007
14020772
-94008899
64628877
53377387
47854685
-38230550
25241173
-42196275
99061923
-86779526
61167378
-72670385
-31359448
81150661
-58281954
12989131
76742213
45509609
82268042
-45562905
-47837355
-42483453
-60112342
3111653
96003152
-82176732
-77172858
-50010271
9106763
-40121482
57413461
12904267
-3987339
87909480
17546397
95239426
-18901540
58994483
43908692
-83923858
-56757853
59849032
50435030
52969822
-50768157
37574136
38689488
-36946674
-85084318
71051321
78400718
-17956702
40934777
-83914630
-52239198
-13501755
-45746427
-49820494
64138997
-3313993
-80448275
-12334464
99303708
-78520310
-37368089
91081562
70880705
44952672
32375584
-36092839
-56456062
41409959
62863466
89473888
-83477496
-38711844
-73479882
89531493
93989204
94997364
-48657968
-5050610
23277697
-80388233
-65458826
14483069
-13510326
-95773378
38141317
94486330
80392422
71486174
9994397
-63618445
-4605933
-3308089
91372890
-88511973
84942387
26958819
-93296202
45889493
94976559
-84367039
72897086
17715260
-36598347
-95495387
34286261
-91273010
-86062475
16562565
51468626
-35385594
-29819233
17652489
-29439967
-70823173
-38093356
73934323
23017152
30269302
-74169810
-72443182
30407909
94348668
-90140118
-86594902
-52558976
55844246
-30386247
-10062039
-37590857
-43157445
89924361
-57384685
81624345
7747665
-83434099
-36614971
20791895
-55037384
-73342799
39104434
77924895
-61227935
66617304
81340699
-75669470
-68652917
-40980375
38220243
46184032
70790313
79673129
-62998166
-18408875
-55586194
-43568284
90272227
-40666009
-50823239
55361335
42359962
12365192
26438354
44046202
-41813294
-45569396
23055118
66981593
14045773
-36020198
92433694
-14298454
68140028
95055862
-80292958
41296770
-44664704
725149
31777120
16851425
92102182
70266149
-77316488
-16777956
-98051506
80312656
-26436501
117514
98477268
-25961122
-8118780
-30384488
-22863707
5280140
-5049038
-3533747
18756425
27251347
49120323
47759649
-58416217
51508448
83106560
30896859
-8494463
-19911040
13209430
-17923656
-91813821
-18058878
43242690
-72118719
-20163371
16919418
54954844
36147314
92028998
-86302973
-70762823
25727599
36044192
90413720
31231329
2171383
82512921
50703315
23258208
40040145
-96047261
-82607012
-89721869
21573265
17740411
26625137
-400081
-80505511
-7070827
-59838246
-96087447
-93036314
-28557916
-31580392
-94318641
-53523385
-52961412
28017854
-15835910
62890923
53053769
94353646
87345860
-84144438
15485646
61386038
27066110
18677701
-30177003
-82270983
38545533
16079205
-12298157
21625235
-68951017
-77570
-75207239
49319520
81476554
-10044416
-57798200
85778232
54670875
-67715781
-51765433
-10435015
60504923
-41393078
-51628088
90520550
-19891016
16036913
96001109
-56657293
-80588461
69198911
-97330146
-46029115
-7004018
76821414
-2764510
49675172
34977709
-82410074
-65543747
94973137
-32311442
80524617
26545655
-59944077
-88786343
63731261
22497183
91612063
23235109
50564556
-77363170
46065691
-92510684
-17948757
-27100047
-51026781
75054836
-6134272
57812360
-58256440
31561438
3163222
15198535
9465399
34134132
57657967
30685877
-18972108
-37462800
-50881661
-15192835
54927419
58797328
74823005
84932002
-9728934
7944433
86671339
19517953
12517507
-38961921
24226497
13382259
-67578066
-55005519
43645658
27277033
27948256
-48058812
-59054959
-10468288
-88672603
89941181
65469247
62928308
-98124857
-40734004
-56265330
49378699
-32955755
9682965
42059582
81903035
82260582
34498414
-58020421
62299107
-26499906
-97094819
47464014
45264167
-69104307
28472687
51939484
10870617
-58517141
-72655317
3270525
-82446829
21889128
35002754
-79437445
93002080
-2059957
-18707928
35540949
95045084
-14425263
86105400
12058516
3647107
78677483
-89476471
-72214924
-14024119
-86798947
19813391
7849068
12499760
40219132
84109599
-62752542
-61925653
68927242
-88639252
-26801124
29031251
25684363
-95175374
78875717
-39951915
-86584006
-67885716
39015765
-28055621
-3377470
9127026
74118417
93006366
-21766618
72285089
-36117437
89720327
81172688
-34142839
-77041698
-14718111
-56728688
-66147709
-69962156
-28160558
-57292638
98069092
-33210134
84962554
11784741
-58755191
-59021669
37154630
-40967070
-83309222
7148880
-7744204
93114749
-64008784
12813888
-93266532
-10281926
-90226170
66796727
25747068
-14086739
55731775
-20491286
-60252666
-39204407
98390121
53839662
98967781
85148491
-31220423
61846944
-38312402
87930065
-31547502
26606830
-76972883
-76651805
91369046
-49887493
-58874019
-82114598
45526011
73428997
-76994540
88230447
-96173993
-25932322
90527516
90197333
95850652
-14871894
-58044401
92676831
-75107976
-63273126
-7451184
-24668466
-22092427
-99071487
-17811562
-37614555
-53764275
47484732
-41944293
-75889628
-3895732
61019569
13763061
-14830535
49473303
-26857461
-16711511
8611427
-57111317
-30577908
74829178
38908905
-26959321
42718548
25240706
16366470
-37696608
81427729
87201690
-37982287
-31174682
53040753
-25441745
36142900
-24352993
57651750
1628858
39383045
94069830
42828330
66991076
59127065
34088527
58688369
59561381
-54801989
-1649819
-34507542
35575270
77936310
-79142890
-76208449
45407904
-8690175
99825147
-21215943
-28198892
-25294797
51279445
-26465317
-69292066
-58682886
48781612
-18114611
82257446
-21852047
-66310680
37759881
-17321057
-20966213
-54432339
72984097
59563783
-59952684
-70823920
-45138860
73734525
-91042549
-14203097
-42275811
-53642979
-73374723
59676170
65008831
-9947065
84282953
-35119703
26692695
-19390732
67160810
74474664
-85617674
-74994277
15667943
-55796983
-51968961
-82539850
-78584093
-75867978
3931894
70976279
-48190738
-71032628
65980796
6367130
-86884609
-34310966
-32009090
-64051017
-20545368
57568066
-29428757
-19301189
53395544
-49916038
43369925
-28385805
-97409956
51363251
-25820013
22446491
-47418288
4788457
38319521
18516888
30117457
15100622
-8045889
44172333
27904523
-69173153
32617704
-36670756
-32353939
8900097
-47386971
-65476749
-21741022
17886941
-85051758
15512782
20646984
5014923
37614741
-25078539
26429176
-61539247
25410102
45390851
-45056822
-39525687
-74724577
54181814
93176602
-24582521
9642056
53274140
29267133
-49171355
-24286093
-57106573
-96164723
44180976
77885966
-36788760
-89790580
-96139533
-89482801
-97279706
39010270
-78732723
-69144212
41495937
-49717443
-65505316
-58185655
2315134
31174952
54998775
94871361
-1249465
99919695
86356812
93423086
-53259765
-40450523
57395944
33616115
-12091946
-95900537
54818460
26614057
83321488
34757466
-49651113
-34618368
-66529510
-78265272
-85544838
34961850
92798778
-67915123
76296647
32890120
-94696909
-48521607
-94225664
13409084
-70413756
-24322147
-46906405
-47918810
-42051589
63199171
-93316394
-29944475
5036249
-99195606
21878880
-53019558
-70437507
56292518
-39833202
61681557
-41431053
-33721814
-13204664
19615682
89639214
72617766
78435044
-63336072
41780243
10890208
-43299546
-98073291
-92876175
-50863709
68264330
543603
22659306
95060151
-53169363
-96881231
-48043552
-55861672
-6940907
-31936225
-27654367
-21890687
-84943911
19616471
-88426893
-33562300
-10195473
28387058
46191577
-19277484
-60094578
26647959
-25587779
72608330
-38008287
77271443
53197275
18302311
82633963
-95820613
47088801
-20776250
-15066404
-36545925
-48412823
97369460
95406324
37555088
661442
-24960553
-22606543
1147485
37452535
68318284
71418110
72405940
24034735
-72878881
61380775
90727559
-23790679
92783412
94938092
-85248025
84593086
9606525
-90126940
58369022
48991601
16046723
-71705981
-68064575
50237772
-52880678
38370961
89033028
90355076
-70072124
27708394
61017734
27373955
-35239137
40428885
93662224
-1859576
-22230149
-47943527
-64256566
-71234578
60505116
-61363221
-62965797
-16528125
48198814
-58062315
36224063
78056998
-41309353
96185097
95272678
76639791
-24063376
-29531955
65337474
82594097
-5681121
-1976301
40521802
-28922261
-42573295
-23960487
18511254
-35582173
-64717805
15531343
65194726
83869828
-34459864
49572357
-85556078
69503690
-50626529
72641920
36173330
95761220
-30087574
55685329
68530964
-84397721
45373853
75345757
542167
-20355953
-56114874
-47042780
78944593
-27790396
48951027
19159764
-35164321
-22331025
48950035
99495333
56027942
18559447
-78489175
48542241
3276835
24290914
45021746
-66651065
78321260
-48764026
91489315
64307957
62486877
17970893
67496412
-70418265
7489219
-70958695
26357407
3227633
70949981
97770929
26263929
-31699967
91834901
-41284317
37373784
-14456042
83204010
38167570
62304567
89514070
-70517845
-97880408
-53228583
-37389107
7501821
-6900251
62935501
53121829
-32064051
7892101
-71112465
19095576
-15694949
-60552181
-2126542
-51927499
-19579085
56883547
-32043811
-83147357
-69319143
-94207368
14175552
18075394
-88007721
-49808771
-50047858
-19332247
95450684
-89415188
38531441
-985140
-40507648
61102377
48111041
-13864255
-92167434
88963953
83661710
-16935050
-16471833
68396291
-32602976
42101049
-36940546
-65458278
-92509744
1821902
-10500725
17192306
89145387
41881514
60366619
-15531790
-55366054
32627365
-51049711
-41383922
14723654
-25410737
19026953
-63481898
-73852205
97852110
-10316001
96104095
-45436975
76623141
-94373739
90201045
-27362467
92122798
-40466787
-12672712
88197357
-87700459
-90790742
36239131
-86898215
-5864889
36899219
-21452663
63130465
65527695
-87161320
92937655
-72003970
-74720836
-99023289
22781083
36535659
18774909
-86660238
96011667
-82357619
1046188
57311593
7727153
-32985096
84899776
75892185
23649933
-30622712
-78748333
38202072
97239755
13365885
-95210211
-77881677
19738962
32228698
-77944584
22301951
-59680844
36819237
-43147628
69560870
-71317616
-77076509
71712671
59435236
65529747
-11328797
927467
-9819668
67873158
38406583
-15619825
-46360335
-44661010
32261664
-3695951
79376722
-5468484
-51130978
-33329456
-24325540
81344555
91238567
71198722
35369221
-29541202
44246415
-50834257
78753881
-91938147
65185056
73045765
-40628102
19142086
80440535
-42858757
-43307285
7607725
28732995
-67603844
61454127
99702148
-56105242
-38361606
11464318
-42385422
-66142576
-55446214
12327729
-42027320
38392195
1302406
-98306049
-58828180
66988473
5123191
35256471
30451844
-67140122
-27443078
50911869
53185059
-63901578
71282190
-62922577
-96800746
-88681928
78067327
15242734
337728
62860118
-30721151
56858348
-85912286
1243832
31609212
-99323142
75125655
8139212
32029618
62980212
-7455460
25083540
-30755765
-57361162
-46395976
11487303
-42753302
-26473706
-45615808
99074223
95010083
-94266458
72365209
38148617
-50135879
59442745
-21708919
-56180736
-26922924
38380977
-16933733
-34638917
-82974603
50510435
29668980
19574012
57597224
17452886
-27643180
28016362
47732687
81797301
3986513
38310508
-34639130
-92044735
-10025769
9613788
-92453141
72352451
50751429
-44593881
-69295000
-2140007
65318898
49794916
-28156854
52456929
86674267
26983654
22556173
-13299818
79176800
-7244453
-44702093
-7135309
-27658589
-10546744
97880256
31262699
-16813344
-19074615
1192102
76093053
-1341693
60172920
8625280
67783116
64017267
-31505703
5787711
-1711902
-50943149
-16001910
-81610190
-3701964
62620214
-17342820
-60906395
74034577
96693387
-43432489
-48164224
98493731
59381032
-90847499
-207815
-63799162
60181267
79962949
83029537
-58586011
-61509913
69424537
-67418619
-73908976
-29646874
38930156
-22927203
-79183546
-89884500
1832020
89220485
62482248
11515747
81967781
15567343
60791323
66260311
88354674
-90246198
-82951787
52359620
-98625381
70908134
-40786434
29408813
-97873247
19173378
-45271213
13564288
68446476
-10020161
-45706407
-64123504
46206351
12115169
98774937
-74758244
-71977002
-22771281
-78949557
-67027045
62775312
-77088236
-72466483
-82783453
6436748
49499738
-21922317
85886000
-18201375
-60925187
21676478
-87502794
-90630161
-29871552
-88434873
-32670422
50083115
31111016
10217187
-71897650
-20174308
-47126560
18509358
75987977
95778596
65126832
57621728
-86098469
-30184227
-95070168
2079062
68366236
17889325
-24875296
-78377117
-38959389
5349950
56062945
-65715890
-74296315
-71462136
-56978348
-50696853
-88882279
-68889337
4044643
31238704
-49387505
65017506
49944069
89595195
89167261
91305380
-79226513
-47613629
16661698
-78369195
473508
-6111011
36422654
-25320714
-89018654
-24546006
-40441116
33377965
-20618726
-53697034
-69815864
-7862960
-97814005
-38630077
22316096
-13861808
-92580679
-34509341
-42872275
-9689044
-86624099
-78730830
13360483
-50666583
-20146884
-48818984
79469515
69234563
-69056604
-17875490
25907366
35946967
-52603312
40592236
40362413
-86576110
92712643
-14722898
99269535
-77697859
40436965
-25149677
66696374
-55949935
39164303
9382648
-19774901
-51669115
-54773405
60869626
-70214969
-20737767
22379670
81434011
87304874
-33917200
43101621
-68102633
51323149
-39872808
60691895
56296506
-90471883
-44271453
34211617
34538592
-45244473
20496655
99987659
83211314
20911833
-86022093
-31394423
-77233618
71784993
73416383
77109861
-30312742
-68575716
92418244
67729679
79811165
-20237887
-1624594
-42624535
-4035903
4271537
57705411
-17255864
-30463446
22399613
-95684814
50681356
85189389
-20436908
84209591
-93505626
56521271
-91112865
-14871239
-47217995
-45232495
71262562
-24281366
79343491
-77767785
-23763824
65557744
93835546
22460759
-17790652
1118667
-23226925
16102634
30195460
-616874
92070069
-48403205
6524601
91170078
83184493
-92449200
-46949967
18522347
-71302495
-4274494
55457325
88164194
-31924260
-7324233
-28111390
1917615
-29942772
-65537319
80395042
-42278885
3546551
-91980106
-7803310
-54580035
83489398
-58102248
88079563
21007994
96424463
-75715161
4981240
77887504
-90149756
-16294210
5988963
29339992
38069262
-85699694
26788881
-98853434
-21153405
54120960
-75287769
-47503784
96858438
84320910
24534669
50657634
-25889759
-5890841
-69166169
-50200383
-94754887
-85862899
-5657613
-20107244
36465836
19771734
29641256
-87789264
60788273
23616156
92582170
40807034
85023658
-88524383
-72094752
-64926766
16462188
23376984
-60933382
7873887
-42226505
-50196438
17853135
-86905511
39616263
-21541675
-55263751
-55205172
5777459
73256911
-9652642
52787305
-32656306
-93839422
-4612066
-57141529
-29729749
65914153
61874884
77688341
64443799
-27365224
-77151554
36844761
16521379
-50999699
-8781920
-22091607
85054285
-89709117
-68700756
-29305258
54809154
13914910
49084899
-64754386
44676716
78194967
38217285
80850983
-61394585
74403076
-16478607
93543507
-52378377
-77814133
-16943842
-16629574
-46675233
-79041853
11820628
-54004383
-54167225
-67916343
-20010385
-26562645
-94471903
89957780
91891995
45001909
-48184610
-29857251
-15664555
-2145148
-95993275
78524523
-17052515
17039753
-66891064
35201477
-27229172
32935327
-45884735
17653488
82661830
-20897745
-83886898
88625531
55381130
-85546662
-41302420
40278372
-67469574
-4562869
83948699
34036374
89921995
29300897
-91464303
-46564665
-9715433
-10984175
59632966
94958354
57551449
7278350
85801192
43191698
68789524
81488558
42178857
5046242
31306626
34605109
65126120
43188704
-63771613
-88848798
6363321
-22678099
42415326
90027345
53404805
-43778240
-66655899
-74040102
8709281
52072887
-58813959
14989909
-6872819
924000
81238644
14599329
54392962
92337888
54361916
13949123
-17083108
-11427743
93709157
-14799353
72962664
-6428000
89271800
36777367
-42811380
-52932192
-4691492
-39779556
85549551
79274734
95570731
-1080432
-95973304
-38743734
79860939
-92355059
-23568262
86805063
23709422
22743172
-65619583
-58872288
94010404
-35127162
48423832
-6260721
-72411728
76731257
72696878
34717291
-807005
64134459
95756423
85715221
-8714080
-86699326
38656516
57417530
-68973794
33262941
54257604
34632424
92880923
-85908870
46728822
14790304
-96327746
-27359643
10431595
65029890
-3232007
-41548412
91174750
91356232
-3582129
-10704523
-54573646
-59279177
61322053
-80980844
86576827
-5128238
90048635
-23546965
46733229
-1389527
80871528
67117573
4831106
81957436
43283097
-40661897
57125383
-90577266
93872344
-86724107
96418432
-6605857
-34024039
-88830201
-43145519
60325399
-56427638
871642
-62400718
9620577
-54036601
-6951344
-32979898
-50609310
-34714492
40185478
24158328
-42607892
42278079
95051580
-28955969
-28839088
44074825
-18779131
-30538343
-71449725
-11667892
84002546
-3417684
-18602248
63860851
93593507
26370021
-23683040
74410645
24242201
-83025321
79237139
-96747530
-41017609
43007679
44318209
58861468
-93689792
65605229
-95543101
98928205
-67517566
72831061
71104225
-74823159
-77110394
-2670289
-55423316
70359611
-53530895
-35195435
-97285605
51791633
9449365
-27906813
51483401
-57411226
-59762587
17626220
-90566264
63125585
34843784
96121434
56283612
31811988
9643607
-25235257
-6887556
-99689097
83647891
24247938
25900907
-79100330
-42644036
61112431
-8293063
-96564581
41298753
28450840
-55599814
63357875
-86829986
89186243
12691511
-43403035
-78613046
81302186
-56308185
-97753747
28087271
-60264226
-42452834
-34324038
-51683141
78418082
20546651
-53517837
95116565
66170580
-25241578
58985593
-60715665
-82629586
87975982
36688017
-47781534
16256601
-85173670
28526364
-17540132
-55850855
-68557597
5735010
-92853946
-77160695
55750676
-61556447
-67927646
-85943324
-2032801
-47384544
24708537
34521267
63579115
-60047983
-588847
-98028112
-69676285
-62175393
-21435535
884812
95827305
79264401
4438272
-86285567
-14484224
18835100
73591052
9989473
495181
-5082180
-60285563
65142677
-89635494
-28628494
-21701349
-65154644
-91841576
-62783146
-13889406
10761384
12771822
-65760381
-31700357
82787484
92324314
89980528
-64788924
-83893339
72860869
-97318710
40683878
78612323
-45661114
-4330720
42704736
-23530055
67663818
-47865608
-22179665
60036277
73666400
7030872
-95013991
-84632933
-84534829
-58779885
-62458460
-75453595
-45450755
-84928497
84444967
-43045298
88436785
91559202
-29001227
17476639
-4975923
-87799549
17103822
-60479558
10107799
94513397
-34253628
-42613740
98869054
71626498
43993024
-96796084
-45103735
85359414
7244655
22250805
66211420
-96572646
-40206081
54732044
53750121
-67267069
49612231
-3851353
-49721333
80818792
32397743
-81563315
11466849
81840367
58100929
-40016981
-37834264
-28487733
19734408
-49889375
-56354894
71598835
-71782944
-46334242
-16483655
-3905131
98420397
-19582097
83661598
25567402
31368162
11935120
2396331
-16932565
-42445546
-87964609
-76649863
24880068
87518842
-23250683
-92001516
-18336760
89856987
10770658
-94587803
53524904
-92079541
66134991
-49154410
26259941
-53745916
87691942
-40540814
-61379
82767532
-78573192
58898348
-91370734
-89373066
96696631
-5870911
-89137978
88348301
-51175340
75247861
71072935
-8328530
-74768487
-35062768
40994541
23771787
-70694868
-25742912
-78309787
-55708565
71132134
-32896203
21155944
95980159
-87884230
-15565289
-75157109
60954344
47049090
-41958918
-43554639
-2777837
81118893
-93967347
-12923717
-81139103
64629614
63948543
73525663
-77535292
8141526
33090407
28380859
15608076
-10314220
32788613
-81257190
-49699059
37497308
-86903778
-85693934
61881215
-30396828
-98674814
16207018
25823213
66892437
44841931
61385407
-77197637
1304248
-43921757
-6925908
-41680978
35805418
91403700
9319672
6849467
-35188456
87556312
-32161472
85949382
-91066146
44020385
65036227
59617333
27361982
16717562
-13962337
71077477
29275753
3087191
-64955032
95884533
2669839
-15084255
16423526
-21024982
50627040
-10223843
2219085
-25294728
49581715
84899729
77272110
-35864413
-17765866
7054173
16460102
-6811101
26159547
44235872
82110836
78927377
-83601837
-33630081
78718173
23470396
40551777
47934952
-68499024
-94943648
-58849767
-35278221
12221769
-35667413
-43400736
40677687
23323545
34382213
-11174202
-79925912
21708271
-51858547
59643085
-59033684
87420115
44736362
13084553
86090116
4398577
-54514723
-74571953
-96010210
20112367
-70587976
-41394926
-6534384
-42718037
79855979
12480559
-71242857
85482968
98433535
-6781216
58600930
-31057764
-3803785
-40033248
-70384169
-40911870
51791148
-43573735
75116446
-20865726
-53408714
-55962783
37419322
63933982
73370470
-69133356
79926637
55626410
73968008
-76646144
-38341262
11041568
14630776
32565829
-43291541
-65180013
38854327
-13635255
-87984048
85991355
-96719324
62760344
21851826
91006453
-56712469
35182193
-74876352
-44620120
37473928
-41266615
22212062
-78450087
-57152731
42446102
-49956284
-51631930
59256208
22387308
-26788419
-81397392
-89954804
-91942751
82773250
-80297855
-6938734
-40422816
-37570376
60703287
-93386232
46481338
-76191838
23269142
91267408
13378089
89971413
-18113718
14026906
-23949822
-20792549
92924256
-164676
71079059
75736162
-87621672
51753718
4614153
-11723167
37509185
-88963699
-79778000
63294993
12910449
-18250314
64640360
-74191409
17021908
33817740
75513288
57618753
1789075
-67089818
-53650294
-40386636
-35778965
-23373712
98363535
-19926975
-44197257
59983187
94109533
13577549
-11462260
-12865528
68406666
-14606908
61625150
9227382
59927719
-94018000
73900609
30685314
99937666
80231641
-75965541
82111831
67176226
57303832
-21455537
29470249
-12752057
21744379
-6190683
19905598
-68087038
76113158
-99534350
91078434
-48014379
72369691
-18193198
-97042888
-47475470
53249850
43214
-10382570
-16230298
3003865
89387346
-95018096
86601318
-80649985
23993705
-7910876
93371145
-87074567
22115876
-46718845
-65482830
-81941677
-10982817
-74128394
69367210
62908977
-56529927
75977439
-87566574
-40338872
50050186
2554649
-2600686
-3486745
-80877659
-35605857
-36508747
-92708351
-52171621
41160572
-50603475
-94178508
-92741604
29633704
-44392977
86660372
-65191116
-21654422
17583491
-57821165
-97152711
-44984738
89252967
17107884
-10865875
42594030
4100377
-86859849
-76724308
-31087376
74921950
-7353578
-78222761
97806263
-17748107
47557950
-53061702
-88451270
49120395
-68175077
-53029720
16752810
89453244
-33587055
-57011981
27716496
-856102
30041889
17270068
-84357798
-13466202
-3499005
11648796
2663665
59564303
-77212968
-70363912
-16923170
30002745
35087367
-14898190
-79380976
-52101456
-90961546
-28751465
18419158
-43169366
72353647
-29291114
-37329824
-83121881
-44328423
-87535447
71230146
39453536
38684339
35244214
80716199
69884410
-64745934
-7582219
90811783
79319940
15249333
-14735538
37627292
-83627192
421465
-5530199
47785175
-25191688
-71255347
4632366
50182158
43706696
41690805
2650089
-23699679
-81953591
99733153
-29425760
-72236413
-53590732
60507384
23693681
88034354
-33635347
-22484436
-66857205
-24665756
-36500188
67602537
34047513
-33252549
9917413
81227819
-26069057
-63142254
-48205686
-68945837
-82213175
47240198
34566573
46548893
12428661
-61971982
77381520
8314589
-99316810
-87057764
-15807068
-9867067
48431043
-67183030
6956707
-83368827
71359209
10258394
6824484
3631164
-1564737
-72349003
5199814
-12261396
-34371961
63751786
1916097
71528160
41571054
-81472085
-9918826
-42011888
-67790667
16673406
-86300080
30549789
-78005138
13284951
-66392769
-83247407
-5388538
84218415
-14489163
1314657
90570688
-94280999
33466613
-41119185
20582701
-42953522
-52784315
-30800204
-63744304
-32545462
-62491022
86203950
-93162161
-56909349
83999910
-19435087
-80508041
-1677954
-49810997
-21263901
-64810793
-3670142
-2633733
-52347955
33312471
23041039
-75025344
25713135
-76572262
38171576
71828941
-62310842
94520950
71544121
43578757
-38250726
85431096
53988800
1093002
12432680
98488521
31294890
65304399
-127368
-98531134
27008861
82981056
-68779407
-11490695
98164549
88760627
1762548
13890578
-80704278
9161226
-94473540
31844811
87270578
83227556
68021290
88772938
-44460976
-76964119
83312032
-71074828
74493994
-97534745
-64368292
-24297556
-38267341
50046706
68821465
9459571
-6870356
-13838734
-34715845
68154461
-69710995
-70766882
62384293
-60357616
91554437
-66103843
-175431
31856849
18504108
-16908758
72488035
-43408826
-26737037
-12257783
76159580
77237707
75160338
26562506
-20217172
-82119970
60646477
14138803
3875376
30209943
7636202
32588588
-74230781
-96297839
70072618
-70106743
-33874241
-16609931
-66111506
-9617139
-63786675
439646
95396735
-42971773
37789808
-17761110
-60218469
-10912344
68188724
-97994863
26266367
-91696294
-60171599
35591965
98808909
51453185
-73188874
25685448
-3368782
53984517
31084805
-31153031
13820532
-52059035
-39496332
86683365
63918109
-60305649
59039598
68151329
36791173
73740134
80284356
-98794572
-41052385
-22311607
-71760604
66330950
-81490734
73368041
94787661
-3569176
-42372405
68707172
38306924
-94360046
16717936
72611674
66994539
-42005094
-57083564
70174965
-63471064
-80064216
-35377082
-34641853
-9078942
51577912
90577006
-8814829
26807524
45839619
-13715018
516803
59356602
-63373041
-85131564
65718126
-35759412
8565601
3105540
51173399
74957862
-52351750
87584644
-53050376
-34767616
-92458581
55743073
-47209717
57838097
-1845106
-52655836
-60694180
-51981095
-6098125
84761374
95381509
26815350
-91147679
-43681487
42994902
-93515013
93327207
-45259988
15491437
94034560
53481799
20667695
-45154566
97545415
-68488676
-63307231
-13914674
-32302955
-51922277
-86270942
46354826
-2858053
-3525999
65802668
-33065348
16614804
81000373
63451567
71760297
-40113561
34248077
66423811
-62089512
-78496054
7221790
-88772021
-89923940
57060607
4906744
-26635878
63315570
64326656
-40913583
11268497
-25535624
5380062
-34760448
65227034
23669060
-18449184
-4034892
-87391515
84801257
97530441
37704769
-39144392
-99501136
-99348601
-1745427
82106796
-18066106
-89428441
-93996923
17054984
65747695
53278719
-52657813
6948560
38207942
-41544672
2782192
46629036
-58744568
98238102
84668514
-72625422
-83522837
70471924
57618285
31924021
57876804
45322201
51940142
96579169
55945152
5095592
69723280
-17215904
-81465652
-93335436
44469999
57549753
44931913
22027083
-22354626
-1146786
20164695
-63450976
71662313
-29032390
-2989072
-23646061
-43823925
72137571
-780762
-39114265
35996090
-27821954
36975917
97376129
-53801515
-64461533
99833155
94956495
1767450
10165432
59095868
-9224264
-43094165
-2723053
63245567
77560660
19831982
79037865
-6464709
-42707523
-28749088
91386545
-50944281
-48312325
26564179
67459677
31881503
76420136
32827906
-53719515
-49735821
-38351636
26658330
-47904471
-34618
-36721865
22550911
17924338
44997598
68966709
87110987
-72906022
-67426544
-31643981
-54691403
-6636516
-37484772
84059749
11371131
-81965250
42026029
27039855
46386157
14332719
97327640
74783223
68645690
-6082331
-14860821
3335591
5170271
-15927817
-97103308
72919027
21747196
-59445756
-84775029
-97141750
49448906
-62981349
-42435773
-72020871
-62403063
-48405776
-11798402
-26838683
-5489504
-26589437
-52877206
60936565
-60884689
-63914481
4843044
20134032
-28520073
-26044717
-69240480
66343724
1958225
37262349
96055652
57132107
-62638282
-61069799
58774587
19160843
-93029923
-65285526
7504604
-25472073
69803394
5408546
-98610674
-41124302
-31903858
-21673384
29493221
54984835
73683635
7520984
89936050
-44795801
-90375934
16299682
-30247714
-19878560
-83089329
-86840561
44599312
88974130
-19071402
12377250
-28194984
52955479
5168498
29522478
12440174
-51593502
51343147
-74029599
73758801
-87837445
-42854162
-81296398
-7780704
-94414838
55613675
15051892
79169435
-19963501
21489467
35554863
81339550
-15515228
53217887
69141136
37131394
58361026
-61909536
51775283
74766100
85485252
85534449
-12176747
-98538666
-1411900
-37640267
76523608
-63203835
42097729
-18504845
-86478121
49833580
12935171
-69535927
-4353607
84886545
-39001749
74727005
-95845610
85442346
19294709
74192757
-44789260
-6204459
-67716367
85578527
-77373956
-61035194
-87547563
-91262534
-78584901
-94868226
-80986291
94554227
61499140
-88191985
-264921
52436321
-73624193
95359822
-70748453
74182237
-73338995
-62417812
54604848
-45022281
96439610
-58867058
61998139
52061882
-41835121
-21970400
-48201511
89394162
18823324
1136319
-76457777
91429477
-56956189
31953472
-18286728
73467302
-55359530
-39673499
8414397
-73342684
-14912755
-33015867
45741642
-6812383
-98745317
-9457325
-19794059
-62631028
-60424197
17534130
-84937364
12130311
34375282
-89033719
-30634320
18424907
67742224
4563527
-80881360
86934768
-7101700
-24736964
-93160559
-10834576
-21217280
17566433
-32985748
-79177775
-57915734
79697706
-66749567
44072371
5876259
-57541551
83550971
-26771543
-85338610
-82296872
-85139673
152342
97119269
81142060
99589437
-99264433
22113696
94037079
87187170
67237738
96418010
-37185954
97794830
-4079775
-66279282
57737038
72331240
91899733
-30578714
48154192
29166983
51731449
4222364
-88399665
48824842
70946088
46868638
-90643770
-18091674
-71733116
-60525795
-63571742
-18403299
-98939325
51688386
96430224
-75332148
98052687
44870507
-44731087
98612658
-42153481
-24956744
-66099064
79791957
57944513
84749559
-84966465
87428290
-80755735
36321902
69197276
-24472583
59996773
-4918014
71159145
-15717697
89556611
-64168358
-43798982
-83543170
38009777
-85965428
-96032749
33885916
36644693
-85258636
29207393
84452440
47738813
-35782176
-7746951
81490796
92078941
-35853925
34485093
-32577364
85754414
-83349396
-44281207
33931884
43244054
-13227718
9941289
-69831800
-13355120
24932170
-77139985
-77344894
-47312837
17624201
77769691
-56303280
-73857744
8838985
-57325006
-65480919
5525462
-81604302
52741302
28109828
84983692
88222378
-76707788
-53468562
-73993900
44823916
24360767
-93550639
-81689777
-17450207
47310540
69075445
16113250
70426924
-16544006
-11999307
34666887
82907757
53067780
-1610578
-18226580
79648580
-8360650
37292583
38496473
16179200
-33906262
-24385080
-64158474
74703255
71486623
47230190
56985433
51085247
92711034
-98937237
22816633
-2970645
-69372468
-53719349
54569409
45959488
-87180081
-33682042
30705233
49809184
-76802794
-38453403
-9550535
-50873295
-98738332
-82939395
40673007
68749215
-26684009
-67878213
4482396
-22352165
51669718
84684327
-99504285
-84051797
66091922
-32881219
62129562
41180036
68545920
-85385495
-58212795
25411934
96530238
36959481
-20918018
97236277
-33258142
-96279884
-55876556
12355288
13777722
9384365
29158383
24973059
96423350
-7796840
99018239
-84043499
-43475156
-20224698
-88069062
-77546491
-97975943
-67725112
-24296706
-59134668
28732092
-17601241
19129971
54689516
97975735
95783759
-86559312
-30277302
-40718087
42836362
12692192
-5421051
97426271
87207192
-90837786
44103193
-22630403
81251937
5193936
3239056
79711634
-27173264
-58030299
57491688
-28068402
6637367
83722282
-48821267
20275721
-82749758
-79491657
-34462766
-64857563
14699499
1332549
14703302
1268318
-33821102
-26348326
-41089855
-65968946
79914682
-64842694
85340953
-77722542
-30254231
57770453
44088341
62129021
98634893
-98868514
-86447794
92765539
-1377578
-5337441
-21737373
38488613
-15320589
54918631
-20741264
-78286162
3159590
8373048
-96533483
12622889
-59821825
-47567251
61645830
2088066
-38503630
-57672563
67512439
-30890089
22329464
-82052271
-68808661
84210851
87483401
-79017540
-71338143
-31124535
-64638655
54254680
-24787257
92026281
-12764667
-87316829
909799
-67688447
-70063919
-67257651
44422644
76259825
-34999984
76067261
3584359
91993621
-2275363
45183798
55584693
-72952977
66534116
-32801274
51072016
85969632
39038924
-77658189
22284879
-14040802
35564480
15501413
-22807203
-18235923
-87693415
37109583
-64140398
-21592905
69573943
-12013808
-71051948
-21118451
81758673
78388050
-65293381
-66883642
58142149
-98005112
19642462
-72122482
-47343762
-92966375
-57325705
-75963468
97039741
-31547462
-29292378
40520068
-75467609
32774035
-74269131
-52012542
90250527
6888560
58866951
93088608
-28094636
-47068915
-43420665
-31571193
-77709063
17947799
27797880
3196623
96763020
9732576
43314983
26557568
69421423
66817472
89287603
15515768
-76484534
31605889
88938223
-58053427
-32674550
-67054175
48088918
78827474
26008562
33700891
91016057
-62166871
-51087800
-2409659
67905964
89645339
-67990191
-60673937
-78979152
-54288043
-85999296
-41690903
-28252491
-51664139
-29482298
63671532
55055201
-75893249
51686374
76173585
-71315528
56738767
98972711
92705712
2964698
-72124882
99658764
-89973936
34837257
69533956
88464519
88482910
70841112
9839022
77630164
44043891
-16152954
-96864980
47714655
-43414154
17197292
-90019170
-99715753
-20977194
-84669983
42024677
-45973502
39090517
27803864
-38189843
-59983395
85882310
-51079767
40473629
-66265208
-41573952
-8874107
90913806
-77967938
-5101230
47561163
57611036
-98855740
-52863396
-94378992
-29516142
-77736074
-8246876
43009254
73949495
94762019
-67229313
-39675495
-25441301
-90315338
-78969732
-16626618
-73607648
68889059
-37332010
-15100660
48432969
87921561
-23373807
-31191501
-68102360
-8718785
-45775607
24364369
56138659
-98675833
-48879093
-94835284
92054930
-55816870
-46151883
-94719643
3625948
-12677305
91315265
46108355
-65367600
88164215
92903969
-32418040
18392860
15047837
36279189
-69347389
-4701385
81516761
-59558867
45322227
2801252
55513045
17646554
37503846
-23527762
-9168066
-24756652
43675649
-85937518
-41765727
55793908
-45842367
-87178331
79004567
41527601
59812054
3718171
-99308371
-40341501
-82046571
-17933987
-52009840
-97683545
-89604770
-34923101
98534879
6106033
-13242822
98856888
-75054684
64036430
8762252
38186991
77540686
65052577
-5052577
-15864290
62555444
28274954
-14934522
-27894887
64565068
-39955909
-21116876
99453837
-30588467
-28092210
51968639
-77141991
-14282999
87607175
59859400
72795106
94665948
-10718022
46123551
-56611288
-36649917
-16426338
25010257
-4816031
3622317
39876219
20643338
79544657
3465044
-16505552
69951577
50851153
-70780525
69335375
-32862887
-18055104
-14340604
70346102
-5779208
-79852429
11361329
68518714
77774638
22104544
6284907
87383638
74074812
12435652
15500821
-46499995
-83225814
-15391267
15909333
18455981
-53886786
-46684242
-79173178
51245847
-14954863
29572066
75593756
41372522
68924417
-97747131
-36267600
-65075859
3921984
46395593
19154758
-85167595
-80457756
-59510251
-27461923
84821547
20594184
98306944
77262777
-49191592
76298561
-10169483
-69412279
51934014
-44050345
-15741932
-72171707
-71555774
45704617
-24026465
10558521
-44796457
18152354
3573472
49470449
60682386
-27711114
-26771717
-32167852
16096249
-23769901
-50937080
89592372
68838822
-75186454
-88697250
-566173
-16849734
19708054
55609980
96010403
-6728378
-13396512
38420898
-76920134
82967822
11830528
5418569
-26832196
44934690
-86816796
51000799
-60838122
-97053339
12914583
6657225
74557937
25798097
88562213
87348445
-43323500
10178378
62272821
-99173362
2934236
34974200
-78722171
95017063
-79202555
82771612
51840765
-80504253
11194345
53345513
-33916307
97326783
-42845500
-54894842
-69273026
40982544
87688584
-84870110
-23399132
-1883547
-4000757
3878385
41634073
69054924
98957031
734042
61162916
56801866
19845422
8944123
61935637
89146200
-96922229
99483194
-97960795
-19934912
98302164
-7484672
82456344
98036453
-88758202
-99640132
25872070
-97690429
-94795955
54934885
81497029
-39499376
96013541
91711411
-55128274
-44485108
-16523905
-82423014
-51221195
-40171431
-9600418
-92477293
35534461
-4910856
82389417
-61043562
55013269
88472374
-36906562
-32171056
27082929
1524338
-1678342
-26579352
-44297633
46433869
-35345375
53873166
-32720528
53206169
-32665004
71718952
-35293846
28351807
9595575
34558665
-27631524
-10025156
61304118
-96864738
52190828
17797884
-46382208
-82800508
77127419
40022063
-87572995
31259261
-97854589
4521143
14170371
-39548215
6769187
61126227
-57232106
-78720832
-6597669
19904351
52121239
93104003
-90914422
-7248596
37481977
-87598963
93718040
74391473
4988044
-49523036
75586890
6718604
59264735
-95030009
-80702054
-22738663
-99943635
-96838030
-8623429
-71259601
8186439
-38786788
-78076529
-98234283
-65630974
-63727891
-82104029
-94256335
-51405098
-23004671
97190577
85216030
-93200657
20837150
5993424
-79877341
-98136691
95529062
-22000305
-74650333
15169713
83777797
86323480
15424629
-78750923
-8056365
36228769
4408213
89613233
36817169
-28773979
-59584407
42101669
23513889
960889
-32342501
18388401
-87677294
53784362
-42289764
42864941
-33485769
23570372
7379224
-46540262
18079673
12773392
-54441220
-22628033
58213455
68670772
97515093
9150888
-25261874
21816747
61435903
46471967
-31087803
16374005
-69346539
29935844
7811283
76356678
-80732500
-89911948
64806921
56257471
73313649
-52253823
-74297325
-92598306
-34844998
22400500
5626942
-25990488
-11907258
-81648056
-93106896
-53092501
76577689
53965161
-77386411
39545183
41688691
59292588
38588284
-76859759
-8341241
-6940100
99614306
85747935
-7478773
-89700824
71917875
-83884105
-42147181
-8511537
-65449405
43116026
30811352
9186283
30216620
99421397
-94808852
60652518
61751496
8933718
2237705
85786319
-32470150
75528836
28774213
-91612109
-55144014
76426409
39846286
38354625
-65493244
99796139
-38712566
-20087433
95780414
7629338
14982812
-11698582
64799873
3781748
55985445
-82555327
73407584
72952729
-2543956
69845073
-96097669
-80784972
11905309
-65362087
-56558746
48648633
64050930
-53796710
70645014
-33197959
97443925
-86861024
5247136
-43075102
-14414845
14938907
89431877
94348067
-80700437
35474004
-72253631
90039206
-68965322
98060406
23143590
-79795285
68561628
-90831899
42908399
-23012074
-94172120
95561526
-55070381
93140143
28003514
99537917
-49065951
92600501
-77326506
-50538375
88213604
-28074703
-67326132
55732575
82350332
-36050304
50884663
-92883220
20545466
24105095
-44526331
71268056
-7302866
35180115
-23816824
15802713
59125165
26787714
-73288363
-37283018
-12946184
39407982
62813884
32533707
-85528435
19273441
-36562173
25644706
-3181422
-28545124
6764125
-364901
-74976972
12031530
-69443709
-74905394
-571595
-7129703
-48952051
-57998618
84485183
-45216958
-44533588
-606924
-57607947
-71873192
-29112450
-13745891
-71103065
-1627043
-88938578
19666679
-57482169
-19484571
-54242653
-90453179
-73867820
85582990
87275482
-4521998
76106041
-56862998
53660381
-21207456
72500680
20877435
-12858372
33926921
-68135111
30116626
10043167
-10922867
58308060
-79599505
11196142
-42391660
-55341898
-6152372
-9909053
-50641160
72539440
11401334
85247397
70801915
-69942607
-84911402
69594626
-70992917
96752032
43293194
-28308891
-69975130
84097499
75565906
-50929396
-24943341
49385933
58797994
20914361
58575477
88590251
-78978987
-94588850
82848110
-1526529
-21127181
-63443182
32933975
92904841
-87939403
93751736
27826674
85416382
-50727382
23147046
51818166
83762197
-72008953
-28922676
-98503494
-3180230
19434011
-14898512
-19782120
53750110
76186801
-70956474
-55332515
-16570541
-20394555
-10254812
88255114
43996651
20848915
-50108995
-35409327
60577557
18375519
83550574
-34839325
-10798532
77124645
73595989
43236137
-55050419
-69172446
1648303
12594767
33002683
-31983901
-99212521
-70310061
61416819
-20549345
7723650
35490244
-17565885
-76956371
61739438
54243265
-50973027
69080763
-6242497
-67794554
64116104
-49828223
81384710
-31509682
67567277
81998552
-64734447
10248022
71842893
-46112668
46626509
64030859
34457720
52714089
-67134970
14502309
82082314
-62273800
5850808
-21368484
-27047813
-32891133
-73560564
65042563
92825240
-21339581
-39751006
32497050
37849
77516568
61193200
32252363
-65326735
40913825
-81924015
70408826
-85883917
4331648
93554242
40183217
61207176
40613193
96875272
57754674
-35585512
81410319
67143799
-34109421
-74299420
734619
-79176885
71473984
98227534
-39388054
-39126778
-95710544
-43283849
-52965499
82336335
42964616
11845984
-94917354
-85814525
-65079671
57923319
-95588148
-51855201
-73131588
97557956
-84444395
-34111717
44345546
83414873
84372541
60120965
38766664
-75817702
70427462
-88917318
13281882
76760931
23420609
-924783
64206141
21135745
20557268
84174478
-4483781
86877671
38005606
-15412816
-32514146
9535817
-49772224
-24427713
-63151468
-16384423
-9451623
-21768017
41377425
-74479485
96168671
-43566415
11169836
-64596612
-62648776
66363858
62319018
69453135
54151187
34791308
-88443921
-8703501
99344442
96565677
63740981
-13193611
-31314177
-26067812
-10819293
-74540510
-60593807
51551355
-14288411
42035317
-87832353
78337755
89788540
12134920
55295881
-21452863
93072681
45903151
-21181110
37956156
15784736
-86208495
-17316357
18291393
-77458047
-11021006
87997204
41887345
6784014
70478748
-55182239
16653037
-88268742
77010138
-59908160
23234213
-28694945
-19023262
-34606021
97986033
17788631
-28093769
11015164
-52628309
41445264
37911040
50775395
52399250
-66385562
89684635
-91923406
17048538
33903346
-34362356
39287362
-70019402
-49413861
-76307348
54223895
10713127
-36904451
34534161
9920143
83991657
-29654659
19648955
-57928006
-34323117
32615511
-3092335
90383372
-88028150
-46902683
-1432065
-63505656
-28232728
-84575003
60285919
-92656210
-17792574
74385099
-53221692
-91074489
50750638
23435071
-59038666
-47383583
23252750
-66709127
-8428602
20084109
87980646
69339360
-94682696
-53875638
-98359940
-28975143
73245643
-73064972
-70272175
23566685
-23331693
-71597405
12701444
35444982
40117536
7086292
-29393118
-16840603
69798691
7818675
-8379216
-10606845
33603860
46783708
-18497402
16330703
63639986
-9060208
82437049
40044822
-27438073
-5772659
-57032615
67516433
94489523
-74362522
-16796520
72453991
96408363
77625012
45381218
86952264
44883957
-1462902
34642156
78186987
85955524
28979168
2920812
81979547
-62193980
74006567
-10958977
-26417535
-95498134
67533323
31996970
29282988
-41583891
19530124
58756855
-72129575
74999018
65877001
44831494
-17775480
-46777628
29345043
71169508
96888196
38813370
-89356036
-836369
-45647197
-92208322
-97785716
-24234234
38918378
63140171
-22764502
-25502933
62946924
-78702056
-76549182
-14158210
53166627
17607771
91761794
32835425
-46575773
40174461
-55905835
19341527
37953083
-21295025
-58556298
-1259843
9670143
-27678483
-12928997
88443289
65645155
24455983
-26824290
9550520
-69387511
41493194
36243636
-43172541
75880800
-45009975
4824719
33338091
52489526
29877122
-25632084
-50973373
66298847
13806921
21413116
86720679
1512951
-42324597
-34711086
3530711
-15646230
-21720331
-49153224
9179944
28839840
-55932325
-45025719
-90578298
26925875
28231151
59494030
63573753
11188979
-61378192
23226777
4992089
-33243677
63445209
-76407160
82440095
-80179675
43107146
-9714250
94750094
24363649
76028033
20094922
-14276988
-87645838
55363063
78676187
78812307
9648541
-8116618
27830929
-18610206
86181328
-38610036
-33867034
65467154
40897718
-53639320
-65189044
-55587746
-73413517
-24789843
88073834
-53491955
-27730032
-57815558
25134339
24912888
41074475
-33646110
-34887853
21682882
-60315825
78136266
13292111
89347882
43189967
-58631546
89620529
35884961
-72880869
-12502115
-85819270
-5011218
19297644
11836386
7679671
-21562652
29457792
-69329581
91809461
25830982
54785921
31392912
-1260732
-92950497
78191463
-84090531
72796110
54749489
-72013577
71654589
-25469626
56438600
-12785493
60388536
28629659
26192563
66483234
-57163478
35578445
90391229
14081571
-77420490
-76180648
28234493
10152736
-62809039
-1799221
-42766306
-50862009
32284945
5984038
6140684
82255853
42952091
5881115
-47701437
-36917377
-4761915
98310904
-35726805
-29749847
-40606460
-32506833
-88870194
-23826671
35206397
37863087
-54523091
-2480827
-59154960
5316852
-24138931
-98214061
-51641643
-84439558
10899550
-49410128
14758095
-79095649
97949615
48636025
39161020
6284034
-40394159
-90834166
18235769
46929531
58845007
-42825281
-34557029
-98154734
-48860780
84984387
7682458
75578813
74404998
-66452044
-71149402
-7972673
-43941375
15848546
-23622896
-1280160
-43230409
59218797
94886262
-39651569
-23153053
27010348
-67538917
45810956
72772107
74412748
-49103841
-503687
-21312288
63815488
90395569
73819435
68801391
92447685
78618292
82384720
44530479
-91692975
-36661505
69242475
-62512734
-91864557
-63027032
65979741
23397688
-63812111
-80076430
26081549
44431346
27069256
98217992
35268755
-47310462
38849061
35115105
10233164
36216364
-40966743
-68941602
25842054
96901625
19827540
11674027
-14736275
-88301072
-52997472
85869820
-1606846
-25861250
-1313176
-33729240
-83153386
27852119
-63222443
-97698237
69046337
-1925518
-58303397
-91477617
62350188
42126897
-14480558
47926359
26272954
10652119
-12798188
15030302
-79040928
-67303925
46928527
-71138533
-10281703
53789089
-84532521
-54732118
775483
-77734136
67495959
23094279
-76825525
-59466076
15805963
12432024
98594491
-38608335
-6829478
-50539300
43342933
-93669565
-94992667
72812247
78541357
-22225034
-29565006
27553739
-98746099
-48054871
-81800719
-17404272
-90784660
-92157990
-47659661
494871
-17674765
-78178755
15511575
-54600863
-7538819
52410243
51434449
79861140
-49701602
5927840
-40383356
-10615449
79338749
85927893
-43432697
-62473768
-90330433
15048687
-15163978
-55993865
-59662694
46506666
7744824
20735568
-90446867
47796211
9580324
-17253309
14180445
48848817
-83743037
-2685408
-11710019
-8756737
-77127978
-4031391
81829642
2186364
-90525255
-47368492
38577420
30771066
17236979
-4756479
76952885
1810364
-79757770
-77937516
-49427810
-91612587
28407577
83528583
-16055066
85588677
-86401095
60516810
-2297505
72255340
-5444028
-24097255
-60894035
-25418979
-22894758
3588195
-25005729
13206936
-45679863
43294765
-61083286
31103971
59173675
44126202
-18303301
68037853
96906088
34219814
-96721307
-87043752
68665456
70332956
35266888
-48999785
-43641420
13113539
-28460251
-42704639
-87383840
6549632
-83604818
56060688
57903544
36798942
-17966055
37129218
26046349
-15224903
-62766535
23257954
8859734
64924968
1695211
-77938602
87333219
7050407
-91706212
-55014624
-97105472
-19170659
-20339523
7931944
48665746
-60641517
-25644874
-53632031
61105497
61280470
-53474825
28721509
7474837
95022957
-3891739
-18901418
90430144
67686221
-93804470
-56573416
-41640962
92175621
-79226497
-60785375
-46749129
11588466
-23956792
7383342
-46774667
34446894
-15776478
-42269411
58426720
89251753
52386552
11160689
-55498041
52989703
82187158
64760724
55497305
6119001
-36468765
73523105
-56422190
-56539084
82631709
-59204399
-92996894
78804854
63749839
-15731342
-9531718
76384323
67860727
-98662484
-83475158
-16307022
-90623026
-98542283
61108036
-75498575
70722846
-83696670
-65536846
60538502
25763663
7271343
71531453
69653356
90022151
15015092
15052728
-97179073
-95922038
-47393225
31332662
-93844367
77906907
948760
-469516
-68070011
-90465744
-34633713
79412182
-45521597
-24254855
25895511
85688842
-92274736
-3040362
-67260597
75532744
60840679
61051176
87634585
72285102
63014489
-95351318
-23075602
67769064
-14531309
-68201425
28549288
86081255
42317336
-27735668
46328226
-23792174
31116371
-41540544
4513703
50998340
-13414682
65268557
18836415
-72425310
-35490793
-73147045
15445149
76449741
98249989
68994513
-73379573
-86759206
20644447
13735802
81959331
-87490912
-22875028
11872402
20971094
34511466
3772416
14937282
29591478
-96026780
73943097
-12974601
42322361
-87724676
43676539
9258705
-72800153
-51084497
95654307
97016192
-43647269
30586069
57856221
98436100
95538271
75764181
-60885505
22416133
85949333
-80775892
48756897
97999975
11020537
-23292194
-19282246
-56015796
69021459
51726034
-37476845
-99620857
-87450530
-52003636
-45032656
94045393
-79712227
-69229453
20703507
-14356787
93988933
-32244809
-46577170
-20941285
39405463
-29215630
45970033
-95190539
-40942901
30345966
-12436621
67856186
-17527751
-13611229
65060255
-56562175
31161430
59158295
39445878
7290545
87888795
61572997
-35980492
18130185
49006354
-20341944
-90982678
-89184652
97606246
83325827
-22010609
-42870744
-94679523
61737775
27381348
87384931
-35828157
96947939
59777881
-86006036
-52864620
-83652408
97548016
-74406368
89659086
67289488
83250349
-76657365
7646608
-95718774
70886091
69302711
58130255
20050261
-1690420
79632252
-80655208
90846085
84737103
-40848724
12114446
36921653
-1661919
-70901396
22090739
31721245
25058256
36012127
18194204
97586690
-97356764
46370938
40260134
-5365764
-79678761
76888174
87803898
-57032009
60636822
-57831935
40572781
49375830
-9329419
-6629694
75445831
24946872
-6220157
68866223
-95513870
5553552
-22710001
44954701
21723076
24379648
-752072
-63665117
3492114
89714974
-5493354
-85134239
66374790
-84310647
97776053
-17283131
16643474
87844911
-89893732
-72013309
33486107
-75770263
-14978866
-64588204
-68960260
7178414
-57706932
-47186182
-41179387
-25465056
-42023524
-65563396
-77820475
11483773
-12212972
18880283
-355653
-1270828
-4383641
23403173
15989382
91611865
20117470
68095922
18503707
-76699580
-67923650
-60168105
-25347182
-70998952
1126553
-55719811
-25174292
62877915
-98959358
3004461
91308841
43712896
-53360331
34571826
53730251
-10798819
69050697
46326602
44177993
93914428
-98960526
9846232
-19571480
-90082737
97623309
-50890811
-19280604
-66779927
33763555
-98421212
-45451151
43689151
90369456
38376976
-40504078
-70286007
-91124311
38272377
27749469
-68005394
44842811
10703193
66735854
-95797256
-19836496
-62695440
-20988989
-83284755
23765134
46545076
68657262
64374091
47290837
-58181017
-57416852
-46727857
85702589
-86571380
80936922
-94814561
-18018062
-3843558
-98859810
84948883
76358996
-98902242
24005660
14238540
98580980
61815790
-94591745
-20691470
-22781455
30742357
84513254
-80779705
9111421
73483346
-21041223
13356971
-47840717
-39815609
2992983
-43654572
65747564
-72888087
78445593
42567479
95957524
-7010611
-47189418
-1158875
93963061
-33547748
30516012
-5249192
29349784
82389732
82657047
72928372
-83747217
44433662
-34030965
42633409
-64804569
-50895108
90281148
-26851718
47269315
-78074337
47773000
50800411
-31672434
-73874598
-99454256
96501780
-47847795
99243911
60610191
-31864472
-75328685
-2712652
7877095
2596249
92302046
-63590759
39526115
-2854015
8190574
-35359282
-13686290
-49360061
75770748
-32641366
-99434576
-73284090
-64507178
-83307077
69166153
-47273414
37047337
-4417546
-23861590
-73394996
-96119461
-56892364
59716484
-93620733
63866949
32300320
34638465
-86049900
23054921
9093124
83835349
-19224481
-68959162
98482767
68850589
-58984360
-32464977
-9342058
41290939
55139486
-25338823
-58393122
-23981013
41787070
52529347
9543882
-69689861
-43998354
29809917
10142908
-44750320
-58144565
48303814
51095916
57564996
-42980789
-77259650
-44474195
61308305
-23514294
-48846424
-5542657
-26594011
75729821
-34581223
91304835
-38949426
-66585124
-20214937
-84535044
1871670
-85007501
72343069
-50875174
71538120
-54508155
-14302854
-34179982
51048429
-71219098
40112622
66586938
-77999980
18800093
3700633
-38314296
1008639
30429366
34738436
-79370601
82484598
-53443952
1084738
49610638
21460583
36089635
-93792159
41265712
73439251
49856691
-75634479
-30657069
-26735764
46463002
-83126036
60947184
-31251318
-36557207
-27548886
99876739
27393293
-69651091
-5549986
-3646667
-85329904
-63230043
-31898719
-18956307
-45138370
20737572
-26881806
92099202
-3749922
-53878650
-10402206
11901899
-78475474
-6944380
27484763
-95240508
-79435616
-9312594
-41104194
-91174516
26900650
58218554
-24713654
20877168
-82668462
-70195787
-63841205
71446951
56432735
-11282068
72617509
77846357
-50914810
70781229
-73158767
93213464
3651679
68528669
17923558
-11815987
-26963221
8490101
9884728
-88397085
-74862012
-24360743
-74428770
-56277479
-94888079
41496580
85744477
-24387121
91827036
91731216
-74423163
-36773433
-41309819
-21966487
39009586
-7921707
67111726
-47255761
-87688681
92316944
-93915753
33511226
88913040
60347029
-81725800
91908828
-3469680
-22302998
30764966
-46143822
-55309474
16647991
-87895095
14597193
-38584596
-6313308
35701888
6134007
-33282717
5648529
-69397491
35541325
-3718138
-51223955
-66562682
-13546993
45369079
7907417
46819301
17181123
-33415050
87665096
-31175373
-46297306
13924810
-16549540
35334321
62753274
-35441252
44153988
-9121
-19060975
-98695050
57183416
36782352
64717812
26591533
20120986
36068568
-77917304
27247945
-31813375
56946604
73832500
14090245
40052587
-43923847
-33306823
-8509269
67766363
-6597383
72762526
32943184
50525880
50963757
-42388212
-30077079
-33331604
59239576
-7653987
-49400478
13499401
15524795
57381435
-87507777
50254579
74678797
-68131620
-51504852
35554993
84429341
30773096
-5248593
80736784
92084342
-14610282
-92776322
28324260
-31424915
82967276
53311986
-67664059
54964710
-90449144
-32816601
35407267
60661677
10385409
64452440
16484424
13024749
20858402
54304327
89651514
92167507
-31817710
-10545844
-50558668
56095129
-28568610
57762395
35023405
26390319
86384102
-83655499
58558151
-30766341
97421435
45864535
5578480
-58127209
-35480615
-98685099
44329904
61575395
-31850462
26697384
-99212872
17420681
-81636497
1504394
-4772966
67559173
11399205
-65141052
-90827092
94582642
-18869913
14421579
-77624490
44425604
42318193
50908810
-96182687
-26192696
10195541
-98335604
-34954939
-94888457
-8008019
-10248860
63752232
-32250743
-48790897
-72110237
-52544834
-36626831
89991599
-43569821
-84471403
-26100598
-76720124
-94865516
39529036
15118773
-9206885
39793603
-69467856
47156818
-13621235
-58530198
95212870
-46527235
-48977598
-92975604
-94669351
19018589
53332306
-36920040
63712116
-82775594
-10518668
72265541
44251343
-83475187
23834254
-7542709
87442101
49389988
-19166474
67687071
87848594
-51540301
65590071
13844623
63848079
57659262
-63418691
-57066981
63271359
-19800197
-52735704
7987994
36468554
68122525
71442544
-41887160
80212733
14298267
-73579671
-89961218
69652917
-21753404
-22952534
-55880133
-89988158
-2720750
88868698
-76136356
-2704087
950975
92956984
39160057
31688013
45437961
35347446
-26699139
-70234557
-59511569
-73689940
50682555
24367013
7402385
-75905612
-5650906
-29966002
-17266425
32402466
50890879
-84783090
-21330824
-64009122
78528456
14373070
-27830391
-404845
-33208690
58001507
97465949
-43174793
84423789
-48991045
-66987916
-24837604
-79737210
91192891
-68102570
-17103854
98381643
-57939596
99439069
-1553763
15679396
-62516528
-69197566
-40152888
37114812
58004298
-59933561
57715977
-63245787
49978719
66544871
24977783
-83044120
64346920
16115008
-57702040
33026321
8718470
27285653
61798879
-93914568
23322881
7371194
-1733985
94417302
71610654
-62201446
67369966
-5218961
86796630
301615
-68736066
-67903457
-94503378
72559294
78537659
-67652932
-40729546
49389262
44816748
57305619
-66976945
66087885
-26400702
-24618453
39925596
-41720974
-89744718
-30869319
42515290
46525093
-16026478
-19078096
-3731270
-29442516
51622146
14211809
45349632
-43106219
90860471
-72764546
-96401864
79395597
-46335444
-37618762
-70865824
-74714725
-43941127
88978310
-80380004
-64962249
-92858301
-69830861
59951398
-74063365
-62395806
-19491481
46878411
-15399331
24843087
79096082
-24244482
-36934918
-49159277
-67310729
25173539
42455331
14591797
44009360
88737593
-92354130
-21437760
55780208
70899273
11169430
63803862
-95718112
35679751
73594500
-78804511
-84194021
92484969
-64490838
-21108253
20815785
-2965041
54342572
67977017
31617116
-33941724
57815031
83082596
58249257
-97842652
26494974
59496435
-85132117
46866266
15211514
-20183495
91376758
-21103399
30404505
-28231503
40611561
24058836
-26440882
-56728810
-71157306
-83024675
-60084049
-9334848
9711387
-9850977
-33556261
55346114
-8339774
-54368878
18108035
9255194
-37936130
35494270
34088116
57769862
-18738504
30237710
79961140
-8645900
-93413075
-14418843
-84175483
76634683
-90311316
44822518
47936666
35928263
-57022174
-80345596
7369567
63016663
87779209
-75741415
-61220025
33995763
74001225
-92566085
99810888
34587849
-52982063
-42673430
-85689682
-75632948
44043352
40926753
-25681334
-7485088
-88670082
52543997
-547723
95001633
39988155
41679363
34114353
7747224
78050775
72249245
84390818
40934443
-4575852
-97527948
-53156409
-30209072
-95489152
-45441360
76169673
67596720
27639691
-87732459
-88761095
42399437
-62435777
85252662
57809184
80639509
-57565052
-32554206
74416634
-96746234
-74941178
-36084095
-75121109
-77824372
69061051
-35052388
-41334545
53858626
-1081763
-45979335
69080414
-22938256
52750910
-22703203
35046721
-80484087
87442023
89651683
-54496005
-15927635
-28028832
47923927
-86770661
-75307164
-79681458
64804416
-27891377
-5126172
97232773
37413232
-49211815
68347023
-86382081
20971917
94470939
-18544903
-35874814
60650588
-92055839
8560183
-22724865
-45131054
-49163594
-55851909
-74042798
70427713
65104325
-98847298
-32411772
-93453002
-73804375
37144661
-48784364
-15421032
-81207186
-16013836
-94286947
32131580
-73309453
-81869559
-85223772
13823446
-93446684
59121194
47179147
69686793
-63278686
-81770957
-5383186
-88097936
65985882
59776823
-5576965
41514192
46822328
-86771886
63584914
-4442440
-87855619
-35794758
90443858
-10785231
12989861
-88965583
70851338
41978396
95995445
-81475940
-32295729
98355015
33958317
65300385
-89289559
-1362411
-86492488
71823668
55426368
77518010
-27879509
11892147
41987504
10361858
2293273
47546708
11986781
80305708
52595431
-31922382
57305905
72930464
-35888327
11873780
12344434
22332374
-17070165
75844866
59555730
41180357
49370296
-55070865
-3492549
82356604
-47882321
-81295279
-68695889
97535408
-71352660
711717
87016375
-21954398
7461931
-35665124
-94836168
91811861
74465500
-71490701
-13749779
-43259527
-25774497
-87398013
95403051
36601292
63755044
-97261226
-15278588
-6599471
-92296730
56479379
-80956187
80816534
-96785142
94992171
41552649
-83116865
48098373
-86090920
73337162
8168631
58235546
90842137
-46130373
99976460
83516277
-97954267
-77833404
-36514686
45681474
85115776
47924347
32090291
-37005871
-34072350
99169346
-18940967
26373376
-66609563
-37709661
-50205851
93422021
-22670666
98021627
-44234283
63318496
83895218
52466861
21345883
-23840573
58905652
16200922
63461606
32600082
-90269733
64064655
-5557388
-50157578
-54900984
-86251970
-30097359
1053573
-94666463
-57686066
-74268260
85978897
-11369615
-55622307
-7519452
26686322
94684253
16235347
20403794
-32293359
42329998
-79188791
-40369778
-86674895
-45631072
-72821564
96296811
-64269799
-56690127
-83837928
72670713
24200799
-3455538
67785767
-11036411
88373635
-6031343
-92361266
-22702837
69954346
38286324
66308046
37194089
80616144
13676590
58889055
83919680
47637792
13777363
41108525
56960944
-36261244
-41177329
-68123624
-85685389
81781186
4313024
60301641
22988301
88236350
38373989
-10173021
-22021123
96182949
-18642732
42980876
19509934
-53715254
1821618
68390013
-36595624
-83484077
71810614
-73682327
94806194
-77297879
-11411740
99211265
97653760
47814578
-75084336
38108038
91617306
14718786
-21507885
-72036678
82333521
95376360
92373561
-92200543
93970058
95015243
-80457017
47024239
28515195
-44717044
94913844
-45729196
91628962
-68465454
-39087820
35299766
-19007569
10242638
28271441
-2653148
21446091
-54127984
25068871
-83047704
-94015475
-71478046
45720975
87005979
-12488780
28535933
6238603
-39366972
47672119
-53217819
-44420357
-63401846
-78089586
34267211
-24950929