71665097
3050363
70577134
-21389513
-20108403
62587760
-196810
22940704
-48839731
-2424789
43691071
-11439082
16996018
33302777
80446702
-72525001
10086844
39309576
13280463
-50027669
75683125
-56788278
43659679
-90296204
95907997
-65047364
22301319
41317849
70749147
82126288
70368900
-36124260
34313168
82132476
85289510
4531027
46878573
-40113727
-34977179
40169214
75227379
89543309
-22268076
82024577
94934643
34236453
-16167337
-6839986
60219313
57999721
8254349
83749407
-43391178
-44597977
39625662
-83036494
-87705597
92105472
-71140028
-27942740
89457407
-30011665
4014317
85923406
49449745
3382702
-93428412
-87484888
59695618
-22263006
-39404736
94639928
-90602437
88015173
-16836834
-88441667
-73008725
-97606957
35482563
-42435769
29235708
-91795082
-65423105
-79744026
37088208
49953890
82354334
94252901
47394286
76997811
34917424
-41741948
-60699548
34439477
-90990334
34353865
61599248
55798789
-79159053
-66742820
17179522
-36946996
36907704
35337470
66308355
87460538
50629462
69126781
7892294
-9884032
-66671992
64399844
3349535
-54984846
96295678
-43709626
-18526746
51227855
-66264936
65534483
58742870
14647080
75368593
97034353
-28672305
31585929
-46303233
20066395
36705730
-83018443
14560240
12745012
-17285811
61829462
-36890727
50642331
-87668147
-52263100
-76733304
-87303490
85030546
69035919
-80501023
-903747
-92940399
35882350
-16091750
-27545726
38991884
-58796922
67325236
-40967675
-37808112
-88794124
65103548
47046844
58783223
55118842
72995810
63836252
-99498274
-65270430
-8854237
93318053
-63247659
-37814819
36837184
45040758
-15211109
60720689
-51968333
11417535
55554790
-99633529
-17233436
-90830735
88336867
-31207735
82083068
-43871758
-88689232
50824720
-47465457
-4760151
89116464
74936031
67878337
11463141
73388507
16045084
88144556
-33048290
12329933
57147603
96887080
66545739
-14235799
7955158
-28852232
1248887
51058268
75675892
-24377559
-73782930
99466320
42064302
-335445
-51868701
-75453186
-4816367
-13677722
-99314040
-75868456
67862789
21379108
-34747026
55576994
26933594
51204704
-58744349
-70547336
28038152
74310035
-28048600
66128587
8809006
-12892311
-61481944
42484024
-61751776
-32308770
-40532467
13952797
-19861339
69353803
-11508501
-5485401
-48452511
-66243928
-62076134
-53526503
10892929
-91851687
-8480023
49014229
81175287
35542493
28769068
-41127688
99076362
21755691
-12827045
-91289671
-40966747
-17260678
67065663
81935298
85830368
-18313785
-12589833
88409618
31331475
35233702
84289046
17406287
-22562634
-30731755
-4586823
-70385805
80044372
26287108
-36808718
-8329158
84355125
-40148996
5448197
-64097174
80395379
-32501268
-66427436
85670539
39361182
-62995724
-31332836
-35320211
-71523424
-5663841
-481827
70739888
-28419147
50159052
63400848
-45205840
6078955
-24019234
-61601462
8651820
-31624121
24129567
50273095
-95203745
-25410288
-18413227
31225369
75860791
-40914849
-55441570
-44375295
-34324545
62451061
51832967
24995078
-57258709
-50329284
-20585698
6000624
-98206278
67326617
-6631616
-67526829
85273067
22317585
-12938706
-27200880
76190927
-42170633
9258584
59701628
-45881747
-59273463
4541005
-34454035
-3113205
41388744
61152331
-99142400
-53904928
-79101650
-83634727
70368644
77197623
-92412514
-18868274
61762878
-92480035
-70711936
-90026844
-88685199
-71034822
-52370341
35717346
-53613125
-60181802
22225277
-86924121
822341
57626693
-80057802
-93518104
-63223722
-73192997
12983309
-75434835
46239521
-35627634
78896125
53020487
92557139
-3701215
52316657
58336239
76977241
81097215
50929804
-84892477
8795754
498900
-21638284
-15577058
28976096
57148610
41158292
-31963258
-15697317
-74859467
-29549686
20338022
-32461508
3431959
66175240
-6066726
-31996669
56348801
-7310456
66288462
-65324135
-22768063
-8243420
76872160
-51345637
88414507
-92649118
-77432810
-55225073
49648216
-82960749
54051323
-29896024
-56979659
-62730035
7382367
-90145187
83896635
91836199
-87017143
30774538
66361648
84149637
38116091
-84500759
67565742
27085521
-97882276
18391948
-3805004
-20366233
-60358324
-9548230
57625666
-11442703
74827790
-14453973
-88011143
-77671070
-210566
-36879231
-49158589
-83195606
-19685080
-58028442
-98859889
42971258
-8621958
80519902
-67062793
14623920
70704327
-18422261
69758537
-26461084
-99093632
-81648331
-99793851
96316476
94625499
71172151
-67890560
-66087698
76094335
-57577056
-42088605
94246346
-60086428
43185361
-40671214
14420790
18905328
14687197
-12920642
87131342
-88649674
-12886028
85813024
-86099687
-22211836
18884823
90809516
84758267
19762252
9564377
-34207354
-36356477
-78790373
95339947
46923027
97197316
-81637104
-52005753
45393300
85332460
-76201943
41557255
11861235
-68201110
94393235
49064613
-36002625
-33969519
42779155
-75364526
-16659651
-52489350
28881241
-81912772
39948407
2251685
-96951251
-25080152
91049665
-4702915
-16521853
409004
-71556515
82880098
51577295
-12940419
2442724
71308548
-78998782
46930444
56616167
96084557
-57897508
-65325600
-51201628
67101866
-84168144
-40237232
55386874
-30529831
765421
-92336783
-48569005
-62150871
-25106970
51852243
-91951108
77436650
-33452508
-75877328
70259719
-49432774
37444717
50106593
73158891
86728633
-70907491
22526962
-87859017
68493479
19682074
83794675
-85363924
61793844
-63338514
-89439277
49397774
32183694
-79553764
18328939
-95617684
-71832367
56117239
-77428955
-48145083
-60271584
-56637753
-24381930
-57186348
-17624626
-35303801
34988410
-91070482
41012387
-95209744
-39927175
-83787843
40604681
-20178204
93583805
-23917250
94327274
91561804
-84282932
-50474587
16257299
24087763
-17825482
-42067682
-99019142
-58483898
-93470459
-70421037
45776878
12286473
-41407390
-16157326
29442718
97739869
85299554
-95934067
30791068
-99848835
-63496406
51333896
-27358557
-87924027
48995124
1119090
-34144394
-20021594
-5749997
25697700
-8122580
-41411522
-50757363
91302788
99234883
3665929
95032156
91572116
-6404354
-25580999
-47382783
-56400289
46584231
-29063047
23946555
-888073
-27676553
-75472968
38893902
-91960617
-58880686
-25016922
-94459448
43147931
-88866017
-90298060
29700369
81520949
-18377806
30360250
-16912473
78548672
-53600319
50039365
-37239810
-36905714
5969742
24717753
27654970
-67263710
93544211
45015337
-93225514
-74480919
60769985
-11434036
76653055
95202536
-58281480
56922789
25212782
36568239
-5251101
84276369
70930444
9452181
9883745
78323275
-51601984
-60801483
47029977
-4913173
-16939672
97659240
-75553841
-47611418
-77852959
96814581
-33292275
99339184
-75377687
15278652
91635821
-9051581
-13494140
95533192
65744735
94205744
73079896
98776267
3283526
-52556444
-85421069
-95245284
-12246538
-272672
-4526266
57070033
-66465181
26583203
-35710388
-93320047
-42945009
-84348175
-92665709
-69376394
-13975208
-36269711
-64787466
-79894847
47209756
91249337
-836631
80449935
570174
13975279
41913303
-71518608
-63406740
-36976445
37695214
-45335108
-36200436
57522029
-29878640
-71366613
-89490299
-35920819
26348857
45494252
67598769
49366202
-11841425
-30007011
-23314556
-70498404
-24846139
-54077606
-79593389
-58691324
-19443422
-20018144
53799068
70655432
-38760155
-49269380
2243805
25707198
-14057805
-31689732
-22693015
-32951719
63069122
-60321474
-62131820
-59136813
-65370582
-86527721
50926576
9856744
70002418
14751157
36847721
57837852
-38087111
-12462162
68281915
-26371962
-90732127
-25256776
-81082644
84333017
16122361
-19083449
12424659
-87410434
-54699474
69553587
66444143
-47528347
-18878671
63057853
-60159902
96971610
-38257445
-82562984
10267521
14209584
-32326883
-39395279
-72484000
89080220
-32453231
-90817118
-60624693
-65682851
-24189870
67538323
-49492893
48372832
-25690300
-33150841
-86015817
-10577962
-31252653
57014415
69980504
87268549
5794588
-75536889
49335977
11899953
99683078
-55661457
-7731353
-10763554
22546750
-43341925
-42177538
35419723
-85325503
66577807
-14864747
29815579
-2638592
-81027546
87202824
-33803829
-93266997
-53638378
3320691
-88308204
26050043
-13667743
-31605594
95138775
-35843717
40578007
47786338
-92403230
74388011
-23413251
64981258
82091757
23726444
-87195870
42438860
-31687168
54088367
80992342
31921063
-82299200
53078765
74112038
3596649
25531804
-26904471
-55507180
-11180755
-42396697
62070307
-44629060
75503360
-10024901
18379126
-56725948
-75718796
1610763
-22564163
94418037
-68010052
2453285
-37854503
-80247126
-3504784
-20125153
-25442248
-80781526
40092899
-55746250
-54228322
83336749
56231746
19056677
19188272
35089538
90668829
29115912
-36845087
46141678
27052199
-78568816
-49608074
50132467
54061229
68325667
-58299072
89613458
5211922
-98646185
6756736
90055474
-55881915
81426716
84383638
35658230
87836508
33828167
9983181
71475651
-96488031
76825723
61134099
-44921452
6764504
87973871
-52164516
-30977711
38362888
42442401
57259077
-29654232
87687895
23769547
62832774
32817928
94444943
14436756
63232428
88806610
83021127
-93986069
-3371405
-95118791
36210667
-12940104
71549536
95289625
73014839
-56839570
-88733183
42978350
-9252618
63839499
-16793496
57348235
-31625900
-50422936
-21248643
-49272104
11288943
-18130522
-99178740
-10858255
-32669130
-19972590
266548
-854060
75692625
31745732
16086147
17507653
64254055
-6188787
-60120400
53114823
92259286
33098837
-81279295
-34374117
24857661
-94887727
28720303
37603429
-53817702
76223004
23163661
-83323087
97593804
-19764363
46240578
-37790309
90286923
-80222526
-28149239
46959518
-27874964
-10979145
-80191430
-91146686
-4591748
9672944
-18413553
59031426
9192582
91747743
-62860782
-94267143
-46709570
20145040
30290413
-83548261
42622593
77504658
-24013731
52852819
22429420
-58064446
-26456792
34192741
33179437
75128758
-8438419
65697862
-24676378
-45461032
69179633
9021483
40308015
-74247908
57790912
28008695
61241693
-60547537
-338745
14860055
-98203599
37669194
24176133
-30179911
74626474
98292220
-24300747
-33306634
23649481
7273420
-95889695
80017964
63444741
33170658
-1774708
24242594
33389755
-35191538
-74920081
94997329
63315815
-66614249
-42142178
-51969872
4070934
-33751101
36372772
1068333
43365095
-69256161
-49037360
76588409
-83946187
-15139213
-54756594
-59240610
28443169
39962478
-17666818
33254846
-75313414
-34953173
-31593204
86890844
-98237635
-57579177
41443527
-33989972
-98227199
51937569
70212688
-53206959
61004963
96977963
-9696453
-51277515
57645969
91596103
-18140788
-56650102
1763895
60474338
46950626
75237135
80546218
72849692
-80553048
-35861909
86177534
-97699524
5578891
-48864350
-29747125
53087234
40013231
-95087284
-64903474
-43037759
-84530855
-81953485
-69698360
15397053
27873546
-46060979
-74691850
42631850
-4006450
-57888468
98378173
11127798
94873500
82388999
85695949
32706878
-84634714
-74456067
26791895
14997886
33957035
-51265555
75229460
96347872
-29589715
-25862960
-44369974
36328097
360264
6826332
-37820506
1411673
37177473
80933249
89772984
38016004
59617815
28718901
10911550
21541880
-82964445
-45048970
91278740
-89890995
52430566
12030759
83433334
34781953
-32461259
-99684036
25301607
-43475991
16555494
-10605236
-83024927
28728512
63327511
-3118574
73528409
-66036081
-48800159
88896487
38623411
-20478091
-7835225
-58472050
-16378112
14057992
-27833015
2834242
-65614171
44586656
60857234
73769618
50200070
44253878
26336137
-61475551
28572594
-55376847
85240592
-77025033
9950610
31708438
65113505
-42610221
58598964
83778386
-92013402
23667794
-86610145
44216673
-47712678
86691934
59637887
-62699702
-29307701
26783111
-86420536
-97796954
53822642
20135834
-70530363
-1035751
-50871337
49705632
-93930508
-91493085
19889374
-68435025
-14854911
-71762005
-60193697
88745195
42504098
-69291588
-2416086
84680227
-57749703
-4882171
-33071853
-57529260
63921299
-47082338
92758689
-41953775
52203480
-54784827
72296506
-30220972
74327933
-55177451
-51810793
59892304
53060513
-88799607
2426767
52549949
30124575
-27104330
28809575
85033238
73789779
27983228
-26897755
-51694492
-30992749
-87972965
-15554590
93491058
69795311
29094534
50038200
-70097277
12273169
-6318231
-31111916
86154333
-57881366
-37173562
-43882752
68040822
-57255809
29187627
27867686
19228467
73551968
-86716259
-2982845
70458778
14142178
-74848320
-48447598
-85819439
26904117
63474622
86801262
19355428
-70708483
81234041
-20089430
-76874410
-67461167
53933496
51453135
-95316736
98021512
-98760816
-4445791
-4252397
75689320
-89175013
-89340468
-41170280
-99369964
7925334
56760957
27114029
-76263391
-70568170
-82067450
74166142
13398582
41954421
73363197
53066480
54571764
-23476515
-27060643
93807686
71890474
70427283
-74524840
-10199283
87111156
43674485
-31341184
15110642
53522884
-28895674
-89648889
29558643
-36642705
95087171
-23205417
6372024
79989678
-22221905
56279460
-50355833
6500427
43079907
-40072047
7697206
-11976985
-11443630
-17869520
-35390616
-84041858
-67658612
21992094
32363088
84364312
33730287
-87853328
-39427114
64961835
-79780552
77358517
97441752
-13984011
-30319093
-2487820
59495281
-84251433
82794749
16758144
-97636602
94705360
-64179602
30687385
-18375093
-54392760
-30732772
-68447188
57970037
-15870896
-81978255
59523334
-81070999
92447635
31231066
-68511588
55299229
46464312
-4480952
23022955
20742151
-16463782
-11434611
35436510
-39888102
-81106575
16358218
-66132755
96109583
15105216
-17214455
-29528408
89949971
41824031
88389456
48330753
-2773017
-45155950
19398496
69926517
26208826
-22793840
67689245
-97626279
-15940191
12973437
90482180
-80696695
4372515
-79122302
-25747180
11941976
-55683032
53181878
50194742
96743017
-91208875
73192084
-9030629
-35787207
95814519
82234289
5267257
-4405524
11393120
-83280803
-47226547
-21530891
53007626
24112870
-87560653
-26917341
-55875452
-79763785
-94379524
74239715
-77527707
31441804
49135218
14727669
-29958919
32085132
17052042
22745106
30144506
57380192
97776101
-99535893
33987142
-64986061
5901463
-42191653
-46097084
24930146
92338423
78551626
69079549
-18828062
-9076697
47998877
-21647229
67591379
23927102
80290785
42907523
-85733054
62756381
33990630
-15274809
87881429
-47677747
54896257
-96495641
-18070810
-94553722
-62177218
-71687538
-72384673
87927688
54938311
67595434
-63042151
39363044
24448363
80577912
42526678
-58870820
-95830325
-27998942
-70794753
20472939
47388078
25582615
26110478
-9787094
70004151
-1764118
72937025
88162309
10655559
16750513
11301807
-76048640
-69991159
38427146
86637165
-55986308
92346091
-85745543
-73360926
92670267
9361445
-30956486
-93316406
-1078890
-66609458
-41581060
15970779
-52930806
10918314
-40137669
-42569243
-20914474
40274809
63996448
86224167
-57635472
-59848938
9189769
-6878416
-15880653
-54857948
-95570183
-64145044
85483401
24702910
69531643
-7889401
-21157813
58841852
16917296
34667558
72745130
-81135560
-50550120
46892993
66390602
52055894
-73473535
-72398893
-56559424
-4195429
-86182907
19988417
-85864987
42399773
93628749
93257878
42470215
79459205
48783449
52125068
53355694
-60567454
14595866
53717745
-47976378
15008318
-29483028
-79130179
-44990913
-87301035
-67759336
96458068
-46109615
76142278
53811843
90675338
64882963
68365598
-99148975
-78726017
-77831467
-88623323
39455499
42369092
88639378
-26666325
-43352040
-75554914
-75860605
-84379627
90329351
-1588605
27347268
97501378
77516310
11580372
-40963440
31968297
16941563
-54109182
57582915
-15518133
-90853542
-55021791
-37688813
-20683091
52175505
-9004781
27732182
-40741385
1164834
-21385788
-37693616
3760175
-85849813
58471090
-44145544
-13784217
-76841212
21341665
42415551
-82516131
1798935
82052404
85727474
5606811
83086730
-43076854
21608756
24620027
70391222
-41171978
-78130567
69069797
86946358
-98950568
1814176
69540894
-75682682
-54020911
-3393891
84828360
-58355726
67834624
-9883005
26924425
12996417
-90234227
-79699444
-4564521
-31366945
-41719430
-7341046
-72313431
57193950
9266513
34709059
10605588
84199707
-27558478
-15836682
-25013282
-56690199
-78408752
62046467
-39211385
56405515
-12315833
44543942
-53515436
21644752
-67509325
-97846415
-61875119
-41366162
11579860
72593327
-99629030
-44234875
-61391522
-45912840
-27920174
-17240815
-57545028
5412574
69071695
-25607553
-24034153
-85633357
-29895875
35386403
-83414047
-931196
-64538189
-22933962
-90892313
37894455
-41481104
-78421473
25025591
55766674
-69529525
11523581
-40310130
-3950357
75405278
-72034040
9197318
37961429
-12737229
-4745862
-18010701
-66580661
12275442
-62335213
-16778726
-29804278
74258519
-68805681
94784040
-94436632
-12266052
11100309
29166281
-19306096
-720962
-14504938
99611685
58648053
61616905
79677920
44936026
54364529
-64140591
13284725
88856711
15495108
-87746523
76651247
86545860
-98141829
63289563
-85844233
-51918316
89186487
-7269166
-50557038
56931461
36483168
7002437
98846734
53999795
22855992
-44247639
-58414489
44285529
-58982587
4182281
-68866248
-30032368
1796599
-1654572
-66004383
-94421293
78569549
51742966
-60096060
-40239353
24305542
14141548
22318387
25046303
29573018
-54876471
-46659676
77642267
-49974944
27116520
3327933
-6063375
-99979301
43933945
15110796
-72705645
33955999
28162737
-65871647
-28541701
40751824
75365877
29382088
37394987
-25077931
21001703
68668465
57740393
-69547410
-86539049
-21351563
52195650
-74624569
-84640822
18291332
-9258675
-53877353
-55822078
84770228
-74513313
-91887354
-95218007
30588958
95094214
-13193324
21376137
-80789120
-44541426
89373728
99186236
-42835328
-7007952
60584125
-58249483
433632
-31173938
93187209
-49153730
29033949
-82341216
-26898585
-52208766
-13467213
11171805
78684984
96848404
26811827
63458914
-49446922
-59079670
94570128
99165402
22596237
43130186
86251243
-8608539
-84766190
71153969
15829500
85567031
23207630
93073276
-60875687
26019260
-4167038
-87714388
-21780004
78329478
44904973
-73523168
94370081
76442436
12484804
6472969
-81175560
-29335613
-20650358
65513709
91230445
53640190
31000903
-23474754
459894
-90114921
-39147913
29463021
32303902
42716014
-81263715
78872900
25303735
68044971
66686758
24676856
6900980
49766218
5910052
-16425405
-53150508
21517115
-67312318
26117823
-47042680
31547828
10162535
-83807510
-30155319
-93101259
-52108201
8594123
-73099932
-20960915
36708331
-83866252
-17195617
-15535535
-70755349
94627340
-45164102
89913655
86096182
10399332
2434529
-40259796
-423899
-61672618
-59665212
60597231
-43483776
55790601
-27714619
65439285
-92501011
-66597425
-55181848
8407374
11967337
84745351
-97889021
69409982
-14550739
-57261783
-44637858
80119624
-8039834
-67240517
99837030
10564983
17846788
21552383
-52059743
92344112
-29516512
-67418845
98180553
-61443442
51550354
-244430
3157551
7632515
92616313
-61797851
69783551
21546579
-3071508
-47918641
79192905
23663584
-11037765
-19735214
1103781
-79364775
-44068508
-54653914
14894676
78358484
-19351287
3399469
67572777
-35387112
88019376
-17055307
25741598
99353771
51263606
58750638
18154295
-76840981
-6064613
-91392459
-41150624
-59583219
63960433
-2998512
-22162512
-93369445
-13244923
85277743
-98467955
-68728340
93597683
-11701115
35890972
-73625648
87887599
35407505
57954575
2484661
-45403608
90981101
-46596908
53666401
37867239
87544986
-99776743
5425028
-73519541
-28390005
19062842
11630276
27086817
7861355
-38175513
70643675
-49935152
-67435838
79690664
-32245775
33218749
60684058
69460365
52676166
-60310735
46064035
10066249
-50650516
92021940
-77018399
-87613912
-95916344
-29707691
-14833949
-97414488
-16040647
-82278922
590036
55361945
90605839
-87677769
49889712
-65003063
95020257
-37385459
98451702
-36014366
23154409
-56296537
-47316706
26827604
48277560
-20285989
-93123570
-42793381
-7327156
98000018
-1864445
38287364
64031102
27522275
-18731073
-18292847
-32957243
-36929092
-46796655
15804817
71712553
-9565461
13238485
-98912656
-25390708
-46550130
52936265
34118377
-69887508
-95964395
-95769457
-36049810
-60407319
43229191
79986869
-14415878
-13124354
68912194
36502130
-81866644
93789633
-38708096
68696889
-31498279
-31351738
58235159
-35459455
-92798842
12200177
-72335205
-70953651
17254752
-93216875
-46171160
55863311
47281617
-68395785
-45212128
-66203152
99790132
-91184087
-26713163
42816157
627876
-96045515
65479537
3858234
-52287691
-24824837
64796647
-74046334
-40436038
-47475772
-12948540
88766993
33831595
-70243004
77452788
71244300
34482501
-60333772
-42857970
-40982629
-29316308
-33142881
69428643
48501573
95974607
39797848
-81805428
-78629041
54140293
-75718104
70954468
84763988
64585454
-29028132
-58741418
-40620301
82089228
16758167
-4864591
-56466992
-93255533
39811913
-70569836
17052260
64710729
96503270
43882681
-6675657
-58706641
-23582749
-84425386
-38710362
30595967
61073036
-35405431
92349436
-70144716
25508064
-53346765
-41238586
87913
31614292
-12072592
-26454848
-57199696
-82638154
92462072
-45671583
-97689593
8069804
-55109303
42825624
-36645876
37499260
60693756
-91812393
54485216
-99451254
-17715794
88963959
21444778
62395466
-7011778
-60010975
-8896229
63044894
42981187
-54206378
-73173045
18101063
-61509201
47527206
85990949
-6167817
-17249501
-11197154
96170621
17547928
-71372093
-42464345
7531708
-81043223
-83449905
-63453582
-16532640
-21393373
19692297
99251305
-80230588
22220109
79148299
-55670348
-58338699
-37179730
3142641
38452813
48091335
-56877484
99706193
44673790
24682424
-65262686
-30475880
95566066
97227792
7168924
13741146
10285865
-58075926
-49311998
-96680524
38745015
45962879
70330435
-94750966
84647813
-66420188
12278666
-22351733
-56757565
-2439513
-81335419
95098760
-14370455
87225751
-89697904
61213559
-10566502
-29139351
-84763929
84366465
-49473379
81907896
62052222
9087406
28692127
93590510
-10665980
-30695512
-79370127
45304802
80341096
-82387701
63352060
-89895752
-34464202
-16710263
-88165022
60797918
-70146857
-96616542
99826360
-70121577
-45467152
98307911
-38018054
-53473370
-76618021
-11935556
-44594514
-86389355
27096609
-89634224
-23390649
49645795
-12989163
-6688805
-99494031
-87981892
92609719
50522816
-29715809
67074030
93645271
89225556
47629955
-31266253
-6093282
67883748
-30084655
38759811
48441032
26601335
-81978986
-47590135
-72879670
49729710
95780322
70173395
-46259064
-22566189
87821341
-8018907
-46024023
90754445
-28689216
-49197313
37354694
88469444
92000226
11637113
97191334
58782176
73727275
-25612643
81573696
-74388737
45768355
40929040
43207723
37345010
-32998154
-52358086
-97202938
-99594665
-8497625
55296907
68233259
71011127
81937188
64881280
94517057
89264995
-82893159
96998046
54025305
37548736
-83647616
18440655
-27809437
69104869
-40877055
57570498
-36385560
-55520241
-85154611
-41522447
26271380
-34179875
-16385265
-50731838
-97669313
-23286864
-62354911
-54777666
69035671
-44875081
96258787
99773211
-72566101
-41548654
-99312822
20271030
55318193
73413992
-9150696
6561217
-28946323
-19872292
-8359393
25218192
-60311672
28676729
-69455500
-84487321
-24717493
-43970011
-58053408
14573437
71029039
-94282692
84547137
-76913495
-38969100
-68751196
81079286
69907498
944184
77686273
35098430
-24453684
99619196
-20037109
18418489
-26213231
58499322
-86161185
34075973
-88776389
-16901929
-5057112
-84550767
-72380083
-34009332
53418718
24048367
-80641436
81476486
-11417408
-56782647
-21119421
-47392958
84488273
-46066702
-51122724
-8995327
-79483755
22634490
-77662739
23020931
20600298
-50675334
-45374519
36921888
-63389117
-17373184
81548479
-40177449
22782744
-78336768
-58831165
78809343
-71388416
73626366
-70586642
79088441
-29579334
-21596417
55708403
11469196
-94342450
15961163
1487145
871547
-26445834
66469426
95344618
-57094748
-19847569
-89814492
-97412157
47356521
-92485425
75485629
-88894546
-21525852
-15651344
-24979438
18946785
35158759
-3041803
-83555156
59515206
29602147
60266086
-88649554
59490408
70861903
53901234
-45563458
59857786
-14241856
-1505573
-79608048
60311005
-20359225
-74641786
84317726
-51760520
-20291126
-62120136
66541355
81838262
77210381
-10876013
-67270878
-8920670
-22040358
-58456153
16092589
66555052
-89728142
-21103280
2989631
-83415158
-17060327
-72460317
63521221
23836394
-21028722
-2781907
-70431918
51624029
6273262
47913005
-88870044
-88691936
-77581056
-83827039
-51699321
-23648540
54842191
-49694313
-12450707
-45037101
89619688
-26441433
48426649
-79840528
59893646
44954813
-95227210
69525899
69769322
-90692203
-84068805
55696280
-61045575
-32209840
28523675
73364514
-39227971
-16117532
93718261
59745338
46863351
33176207
-50589019
-73519267
12637834
-23797224
-80023769
-33656910
-1809229
68472727
93133936
49369534
43202682
4447539
-68045711
4184350
-18523666
-76077239
71319212
61706437
-69376439
13266452
-52250234
-32564290
87055533
-67267411
-65296420
-3434229
-18295212
-49430166
-30458343
78610852
-39888643
78400538
31932120
77111339
-21874729
-63172129
-39169600
-5783487
30699156
18075042
-91922781
-46826527
-11223603
-83994516
-91121712
-42943612
-79252973
-31131819
-84125478
-87750378
84049179
39637813
-96016480
59276854
-74856845
24700907
71261205
22519785
-82863522
-58489693
-23478316
89018258
-41570040
-92198164
63709856
-34145777
-28701071
56698025
31640540
-31662873
5890338
26807372
-22174433
16429064
-35973455
-23253957
-36275641
9759458
49691325
8971782
-70830499
68850775
15183944
-55912302
43939515
77093087
78361655
10470649
2309059
47068741
11369963
-43078023
-69016108
-43897801
-58461996
-90797006
-52418651
-65902552
56635587
-35302951
-40001997
-88850317
97371090
-37691840
82817230
33703230
59199852
-17389810
37720273
-20536313
-60919713
84054340
-63777803
51022940
71733735
-55815972
12668752
-18091645
-95039487
-61258074
55672901
4416882
-92806197
62736847
-26283087
-91700672
69911112
-44900093
89493122
-82653022
86498805
47253880
-47361059
-85550349
62547320
-15586050
-90097883
-63539208
56347515
-30748176
53031702
-43046917
-6669235
-47408781
-49054086
-2211080
-34972028
81065650
46353018
-14496900
84030892
64815587
-70702261
-92398687
-50664555
50902137
-15314391
-73126600
68560995
75821718
36594822
-5599871
-95348816
48057573
64399505
-90347266
40069483
-68915496
40757205
71664861
28876648
-17197006
15358829
-53093275
53721724
47183678
-72026159
61243537
13896666
-65811811
37077152
-19746320
-48444581
41495149
31333356
-43642527
5600079
41357445
-84096851
64772607
-80965778
17695433
-48653625
-2510721
-42418626
53431634
91565509
99633775
-1615537
-89186320
-60066464
-36882499
-30706666
50301894
-59698026
-26729503
-19394165
-55728549
-41533830
79266571
60451384
62222680
-66096389
95112916
1888622
98940377
-45961146
-87350112
58648889
94734431
-79070674
-33396369
-16455258
-16487123
-39807096
89544965
-91504592
72623652
-75187729
27829434
6173718
82210148
-67131115
-97648839
-88895530
-11003237
54189248
-8310646
72253502
-30961416
11854508
-29298667
-61051888
35084946
57864309
46524094
1141260
17616239
-66736994
54014946
-31765096
-49233396
-44851509
99916521
96386271
-38061596
80974867
73759793
73675657
46546164
-50021461
-3018264
-21802024
9636747
52112205
-69723272
57127651
81754660
-86971140
51395096
80158096
56843269
38195747
34477229
-70009162
-28661582
64312582
-86416137
-73728699
285223
92873643
-13193920
-84298384
69355789
28517895
-20089574
-11094749
72114953
-32446307
91681957
-3022800
32804171
-76473408
-16708934
69851999
-82536754
47566592
17365354
-17345508
32013289
26843655
-17501895
81148409
57665137
-48611301
-23266372
-92082622
-29080047
75757502
47638352
-58035783
49882053
-39948301
53298662
-44305541
-98573543
12845377
93829369
-88791884
-94696561
-2968854
59896047
2100269
61158743
11737833
62036777
-31821263
-7799217
93498942
26569587
-78778141
44659500
45924726
-39372585
-41795497
70492711
52131043
-44759571
96779041
4737003
-12894187
-40102069
-23682660
-77635773
51443693
-26210149
-1616427
-36350092
-19510375
-56546762
34551028
47541804
70479680
-99036183
-77814698
3742772
-70671782
-40469008
-9027600
34623365
69467595
-8318954
-14197635
77653777
-12130796
-52908030
43048347
-86281644
53097140
-18722410
-57382409
-43345465
92503096
86228610
-68793777
-59169921
-26298042
93723696
44300553
-91963712
-38800521
-45261559
-22483328
57149277
-24596613
50747572
93141494
43020108
64207265
-96308459
32844561
54416828
-62669952
46861863
-85499341
21340576
74465533
16839895
-9201519
98549425
-69269102
-20511104
84968357
95450831
-81453170
6786994
52160341
77664902
95609246
68127527
-57689750
80552428
56689888
-69175303
25847181
-11087149
-17604435
51953893
2898084
-78727765
99683051
-87502357
65920737
-99030078
79066989
77652810
96205557
-41797863
10900087
-30557340
78507124
69429351
-88456216
45659218
63423182
40385028
-81528204
72264929
-69885566
-48623873
5927521
-56663018
92667958
64000013
-51768883
6684564
66018864
96629473
-15945161
97893810
70795273
18760536
-72922178
73277038
52853731
25373549
-78553700
89475794
-69787903
49531607
-69636881
37216825
82130346
50036934
93222030
-32048739
92263410
17573668
-84216121
-46950305
-56462545
-23092648
34291139
-28393914
70279288
-48317213
5477011
475953
-36624987
-4846843
-7688942
56407971
72871786
-8509770
66515556
-53573447
-96186775
96710058
-32449927
36292127
-23902546
19774812
-35817758
-61015817
-58751949
-97059568
21803689
-77555077
63964092
-4183704
-66774297
-46637296
-63362196
13219298
-67313358
52073637
-31211666
-75041152
-28745824
18439203
8337260
-6956994
5886483
-70124570
70520072
-75806087
-73887723
-41412514
-99632673
40062933
33309694
-66581621
1817766
-9929112
-266839
-89281060
97388730
48808716
-4550176
-12006259
77071431
41788162
-11614515
53948637
14272771
76561765
-82609334
55761406
-65553777
-32131178
61908349
-11553307
-89782654
-94503152
-44779003
-10247826
40203045
-22799623
42646655
-47924063
-21411727
-13582541
-66288503
-61826434
-56279433
-38957253
85368775
-8220821
67104542
-32741236
11023159
54339601
93648771
9926004
-71346323
-54237910
-24296578
19264531
-26277998
-12510023
4501602
94430493
-56243157
-46897476
-25477291
-63310196
-58335449
47830632
84880410
66235398
-71193833
-94268256
-25095659
-94028015
3054126
-14216379
48673997
69295744
51977745
44321981
64107267
17185414
-71415869
29393397
-90707956
-1666110
83603416
19630012
39397632
24031985
-61266177
-68835928
13460057
15601264
-9536323
66043196
-20838176
89134478
-2410458
-86219728
12247873
-90881391
62437861
-30736578
6510731
-75441723
19153732
64603492
66436631
-20239543
8372986
-62235402
-13745239
4591657
-49219717
22478401
-12964247
17056329
97173214
-55267687
18567788
97018381
25706136
51830104
11967191
76087968
24059181
58831056
-47014952
-1138619
39015203
5033618
62482601
13363392
-25909105
8857054
-87277787
-68893888
-20466160
38689371
83861718
-51802476
33294810
19044629
71318681
-12792591
-62011947
62823804
-55893696
39802075
58720926
-3675387
-22468307
11731174
6737187
-68862139
15531571
-32565936
23114901
-95301114
-61069090
93398730
92607120
-47934570
-32890965
-98456070
16279586
7552856
9099104
-18774667
39914742
-6859057
-92148113
-15083268
-19051206
95263420
21190147
-71088974
-21880985
-19225503
31803781
-25520305
63601810
38437281
-72214931
-66426119
55214089
959213
76619567
8381183
-7238800
94547349
92665327
-87458016
89135321
37784020
-67340108
68148632
81863121
79980452
-35469890
50959131
-68779651
72917436
-16744402
17526763
54478797
-37669732
33751818
6606619
14040788
-50153048
-33951601
6736171
-62798259
56991546
-94032856
-59153794
-13055986
-68934382
29625544
-66633005
45160100
-84832154
53127736
56844389
56414382
16183833
-81582112
-52596457
10182991
-29121078
88459039
-91207857
10963074
95879631
-75727409
48424474
-52589557
7439413
-55764528
80454242
-59822058
26588830
60473607
-28793526
-7796958
23592354
7292654
-35614447
-83800657
83638156
-8023621
81870469
2807452
-41732617
74198260
4551712
94294020
-20351014
68604158
31609868
-86780271
79703078
68053661
12978009
-40761251
-95352386
-1541254
-23963006
-75861189
-12297666
69704753
-53554733
66590218
-66737606
-40493395
-46702015
-23008511
-85826011
-19729804
54306590
-85276045
-57163890
-81792395
-63393747
27196175
-56143713
-61236866
-35893944
38493967
-16053155
72656308
-70848932
14841909
-29120714
6480081
-90659388
90108586
-47861862
-71943569
42382041
45344989
-31973927
66122726
67296617
34347786
84370203
-1929645
44743833
35517986
52762771
61302955
43173181
8596928
30510036
16557594
-80458961
71778084
26407508
63588056
-35614305
24348932
94895137
-12085955
-63585923
92548119
-86509096
23277052
26578665
-32767618
-29669771
51180215
-97519321
-67643844
96197136
28044175
-6557993
37153071
35482968
-10381565
58197460
37031385
-38103723
-147789
36632248
-78045131
73960709
-63990863
-74596211
-47954154
38192250
-29164551
24056274
73190002
-92851547
-43634139
48790089
-33443989
21809190
-3358688
64911083
-31069146
49163411
34576744
-60836677
74862952
30615660
15770706
-19937089
-2295837
-21374382
-56704446
-75014503
-64559055
85407005
-98473200
52694676
47921736
24798547
-29719973
21332672
-67728081
-50732435
-19102194
-33415275
-89276862
85173364
-568964
52011899
-94755730
-4044143
-32512160
-52949227
88536403
-71118207
51962935
-14706934
49749094
41704560
54357441
34904533
77689819
-21504909
36286145
-83118632
-63354384
1923506
99589334
58684950
-34493264
25727641
93140466
12112218
51469739
-75384610
-34218926
-44326300
19388787
68254393
-4268965
13989849
72966707
-97213024
21898887
63620791
24186849
-39272155
96375599
-26665105
9905470
-36900857
-29987992
49040690
-30303766
45512707
67091161
-25664761
94811988
-94398851
-4642092
-13512872
30195594
69359267
-37176399
-54776475
29868551
-75767744
-89980804
-87792989
2029875
-29960197
91120123
31090511
10949207
10667243
39236816
-2074694
75185119
-87317013
95474919
-9173724
55887488
-42710297
-96622461
-8572479
3595515
-38144521
-25928409
29949969
-38458059
-81571925
-92699374
85111278
-75261904
63796848
2667970
-34232538
-77692511
90266344
17226659
74965844
-25774215
-22189898
-51938412
-79251760
78353598
93331788
-60824029
-70305797
-99039806
-38122936
-54423852
-28934451
-48761892
-95190232
21225620
31532503
-45270928
1630004
41322761
-64527490
86770572
-32713184
-31876515
-97114441
46032674
-47651591
95997797
23889380
-30275541
81654284
73724133
-4036627
48864061
-85030470
88060856
23017549
77043994
-32765930
-20268347
-25705879
95084700
45369298
47260866
-63561335
72476080
62639373
45466407
55427918
83477399
6101224
34070948
18142720
64282142
-72772451
-82471780
-19187310
32529593
-98743913
1788893
-93957267
18935899
-58802635
-49315144
-12975541
81561976
10194342
7522945
-13243647
-27466943
-17468333
46979221
52438735
-66794066
-15359391
74456501
-14375775
96586035
-14726681
31572250
-19885670
-17025684
-30662632
-98326814
92511898
-94698953
-55684108
-72977291
95579874
-2461827
89930041
31531069
-59613692
96501683
-50800727
48165183
64650433
72919752
15882307
14629402
4569364
-580454
-1800307
25420161
-38923688
8519721
-5233834
-2332505
-12228871
83744146
78737934
477258
65857719
-58529820
48654683
-11730971
86484466
30798262
-34323539
94026803
-58768480
92788087
-81760896
71111706
27587319
58346808
-53581085
-64260876
-69896313
87721560
33045426
-2600592
96941234
-99541722
-31026976
9763885
82220806
-76628858
75644453
54701952
-40993188
8816527
90238277
17681223
-83213952
24538046
-22011933
87633528
-67590586
-76711588
81233264
-65076712
27455304
86312881
-98836118
-28063953
-69986100
-24613121
44740907
-25023624
-90930866
-44880708
-36462299
-18943953
-98078668
37992550
98485947
85570507
-35512001
19065081
-40795669
-94240853
-96699619
-73256163
15795522
-72548514
41182492
84458527
-75688515
-38257792
-16023037
-24124132
76578568
52062231
66514932
-86163170
7645635
93332687
64955253
45902319
12870593
-32406906
45716962
33896216
-3626773
-25054639
84971182
63909172
-41480568
-17364828
-76138245
90270442
-91337203
50860078
-50933000
95493615
95053104
44574026
-37639905
21315732
-3406640
95448577
18960616
-96017271
14270401
91342830
61543430
41133926
-71345616
76416491
11347246
-13264327
-55897540
3820113
-84979754
23515525
6731940
-92640948
48974978
82721387
-95350931
57253344
60251518
43848170
-90944082
39230817
69217098
26628794
-33100066
-39927824
-41085082
-32413874
58160353
-96408742
-93390685
-54001401
-68019313
806978
-48257092
-20591566
-65599361
-98987343
-67048669
-71202175
32269811
-66298402
-40929588
-35791741
71607582
20267096
-60379616
-9560419
20878947
34941175
94878147
-51125261
-8856280
-99416125
-30519214
-80354695
-25420207
22114951
-60315379
-50448281
31492345
-6915341
66099375
4575853
58279556
41764468
-14479688
79403757
-46442023
-92258640
-59634549
-65961801
86571603
-79299937
44507129
-93199189
-33732527
22480106
82456623
89760761
78112832
89220570
-82274837
-21849489
-2644159
-80968049
64578861
-47729656
-99678007
-34107116
31700047
69006072
72678424
-72427542
-88986483
-43386746
36371071
-26909842
-88287370
84970249
-68005089
-10038595
-24534040
54245767
-77067784
63297582
-38665702
82314611
49129675
10903445
55198425
-95386826
-6130981
-17605638
-38664975
71328629
-67894068
25240693
-30043393
13247384
2492553
-11793562
-16324826
-871889
-22518234
-89507896
97801946
15210737
-44166532
-40071462
-68245840
10351228
-16316195
-38537795
81199616
30547607
21080357
-49884260
52133447
16650779
90736287
32217969
-62477362
95264675
77246817
-26921928
18158156
75580338
94862402
80178374
-10828956
67262068
58090406
75626260
-18630452
-54567166
86836672
70559585
-17281662
-52129832
-7061651
-73889888
-66067222
-64773521
-19165404
-6306894
-35468678
-97808452
78133185
-61641231
-97577182
95490639
25789260
-12847720
-67424860
94993764
-6893543
-31071387
83755271
42518157
-58791892
31387275
74053818
33164305
35118063
70380174
-81452879
31050675
2411755
95338392
99842849
-40849957
-93496093
-41092399
-21698543
6244556
13330803
-39555697
49557564
-41869505
46367762
-82916390
-70503400
90911055
90709471
93429029
-84032727
-7458369
-78827938
30872697
-83192479
38741607
96597926
74895851
-43583233
1315013
76759622
-51343522
13837500
-58847335
-93924753
33437866
-94307893
92997475
14163250
20298305
24786427
-10685401
26730520
29190688
86799404
-92114351
-14819202
28871494
97002062
6686408
-29524391
-4200039
2006986
63991120
45663596
-21224942
-29618929
30666310
85905295
-52437019
-63306066
-14130012
36247111
-52991911
-96468113
-33961721
92636396
-66124559
76268383
5321554
77577081
9960792
-88548217
67352929
-11935766
-29965984
50995136
85337895
-77487525
32802692
99169904
-31939680
83478444
90016539
20273788
47832868
-85061969
-78034201
-9030761
-62730115
64723010
936893
-63545291
10984879
-94280283
71636289
-65202150
-45492934
-94486562
92809907
-48854796
49183058
-39813018
57066197
-86618661
-8115655
-79869459
-63943090
-61107462
-54057036
89701966
6298840
96988558
-96405617
-91958516
-29762037
-69720516
10379664
-55410040
-33112385
51516952
32901858
75277026
19918520
71484785
5335755
-27967173
708175
-22871328
68567275
64728651
50261132
-56052330
-62788923
46282198
-99613494
24871001
33271170
-93551721
-56578653
31295237
-23028181
30826704
93584608
3594626
69508739
91441251
-10329604
4148682
-35637252
35659228
44800375
-56078985
-8343600
89581232
7758671
-74328017
-93151030
-48074054
-37591965
-71855816
-24753001
-79802544
-93612857
10910207
-73437825
-10840248
-9094438
-42811958
-32342286
87938844
8965217
7935482
6385686
-62555701
51163971
21874202
4903351
-28583003
-77001024
37558227
-36219580
-77582137
53007932
2547704
-33131367
-24159822
-26962297
68208956
-67924465
-76145547
73397984
-26656891
31298666
20715218
-33185617
-11899855
-21101266
-766825
-97336131
52586634
9197862
19371319
73532234
79824662
-98265406
23535941
14372237
53419942
30068904
-75798221
-33765898
-87491132
11437613
38473663
-2482061
-7285215
-27728935
77009105
-66993981
29458898
74284668
69842209
32560206
25133580
-47195599
58692361
29162309
58206951
-40877052
-38873946
-13500825
70487181
86196849
49984082
56982742
-38104727
68263923
-70285510
98054518
-99122103
73714263
-60156625
-39519013
-22080022
-77852823
-84827959
50443553
1097770
-47567235
46823944
-42842161
17490154
-28516506
-60869165
91449903
88912511
6916685
-85820392
-3943584
-75473946
-95001361
53572193
-18588975
-11693988
45226120
56078093
45365944
37486294
19527028
-93105977
21591768
42857267
69505060
-27847469
-49401042
-73073607
-44829755
26942501
44109871
-32960713
17363618
27253067
-81335398
-2428085
-94734434
35500298
62507331
-45505954
37869928
51274661
42497530
-48576042
-85787003
-26560506
-35676078
-96008999
85509338
-26178027
27845862
19826960
-19010752
88283285
68858828
-24922504
89804649
-16883985
-51362009
-15395505
-76253800
-73762734
67212493
-34551066
89834662
62289032
-37339855
57954108
35050066
-75294086
98294613
-43523383
-24221640
65387958
56026441
79002545
42447068
85708451
-71593715
-21160044
-53242950
-12756596
84148421
-34245744
81285477
-70175898
35652660
-66418803
-3091882
-16722367
35089714
-64023642
-15126757
-96153602
66979722
19949878
-42358207
-39189467
91546464
58040798
-34878563
37634244
-78958516
-61303072
66922930
58349717
94737135
77405807
72164401
-36071882
74567467
-95296183
-47563175
15481427
55479631
16105792
-62047423
-35234801
-62283672
92068236
87415584
57660702
-7938354
34154907
27756421
12554673
-14366221
49108602
-83549334
-35989531
72467287
-66095140
-82273309
-58834419
20775465
73106223
-44302091
-50482966
-20384426
71837645
36889767
-73201560
65725581
-85310418
4771658
67961361
-20053627
-7311197
-52062818
36991459
-5052346
-56714604
153898
-36114496
-24168100
-39300776
66672972
52170798
96058130
32503913
-84254498
372868
98644665
73216951
42171896
-30143605
-96838840
68799907
34861614
-63959304
84662605
-42176274
55386175
-63446145
751504
30207612
53265108
75312949
-71695387
54788351
2115549
-69782816
-91984837
-28494064
-98768002
-47402472
40890323
-71091893
-88711681
-12476391
87546293
77737241
-86739253
-49188254
-25585281
19011313
-22196829
-34421140
-85229034
83067791
16612444
-53184516
-8769673
65640818
33510866
-97677556
44945924
-21868301
41244102
-19354855
66486119
28492959
-73615
59490399
-82667839
-55192293
65056735
-14699640
-30004216
-79772247
65301139
-8814566
1270334
45783110
28525389
-73088472
66921212
89361502
19413463
-84781574
32568925
97766622
-10221231
67344978
71737176
-50945886
13691893
-12187131
-2615480
-38791949
88544042
-41383956
66648890
-27561154
42837106
73637102
74000052
-8656935
-52545536
96892985
-92928516
34463727
-91110756
-85334675
4233427
-93806869
67353851
40830126
54042451
56679570
86886557
58576752
-33626412
-87293205
51602633
94130944
38301172
-47851264
90784756
-18831027
-14571116
20877136
44779008
-21859268
-73811631
-29875796
84135199
95008582
-76629974
99077118
-15080040
45645281
-21953311
-95579419
56325482
-84745089
-66959018
-44707263
-34359710
-67331675
-33796008
93255376
-71248105
-60964960
72172010
-65436620
61679795
-96647816
-52526488
88031835
56509956
24306528
94557512
-86148555
55996122
5766343
-50932345
-14007855
17185818
60490417
67123709
-55381707
96039026
-93999096
-15630125
-24205648
-86349934
-95891424
43142934
5017166
50680862
97290590
-62106260
56457711
8459308
-90921997
41624336
15156539
56876674
-28591428
23024545
-65300964
87768162
-29826461
-85828261
-45274466
49184727
48954450
-52162487
-28890663
47028941
4838917
-60498036
-18752492
-40017937
-81421848
97303884
58761188
62312557
6637709
87259209
-60226036
-81287308
9144893
59234761
97351559
-12776959
-83567987
57683054
-88112532
82504653
45954174
6079007
-60334505
96170366
-98878401
77495722
1325365
24183983
-54726963
35297601
-21453837
84161911
78120252
20438017
-20659666
65781244
-92804063
56898448
-4027359
-79160319
-91119964
52450611
-20918256
-68187557
65632712
-77916580
64769042
-90655997
23735462
-57370354
-55683297
-62830091
-7304683
80905202
-12997583
-82447479
-1727422
63769807
-57178747
83691993
-15340072
92050013
-50415424
-34418297
-75566307
20470108
-82366905
-25693205
-58827088
-28480393
26929958
70263486
99694339
-85091414
59963576
-55817134
96761547
-75727772
-95283235
-5598813
-13816974
-47500417
-96661527
42958572
56595135
37809485
94865141
-23209556
-43430395
22738463
8284601
-67853087
53681626
-82892501
-21921927
-32585682
-92425761
87640560
-8524020
5905494
5835844
28270403
-48287995
-24980046
95025004
-53846119
-33278026
-27697550
90327716
-46228683
89724954
-64811376
81214247
-24193511
24039791
-66846197
-97805000
-58589849
29140071
85059085
37114273
26069646
-20839170
62499460
37430790
92403161
899211
75654668
-40325752
-10110160
46782004
-4556097
38997271
67614236
31275895
99545753
-50341372
20790117
58671647
21095564
6898539
-71105738
40271239
-30703189
-34317482
-72444333
18241530
79077556
-1368706
17131247
-75172315
-20679947
17845985
-81593186
40651120
-63651913
-50418101
40657831
17073976
9297410
93289705
-50095661
368427
89257284
-87847630
85440339
60832544
20910192
88031647
-72317769
-45291136
34945976
-44445463
-16453328
-88623786
-23164599
82619535
69742030
-39712872
41773903
50198962
-88363919
73578668
-40775604
-75808507
-52669143
-622852
71162571
30286408
-11070609
21141254
-54736400
92195739
-76168170
18361073
-15443872
-12154836
-76087003
-84129641
-95834222
-79103495
-55968567
79773558
96683191
-71790919
-91995460
44358393
-31544159
-67538853
13662650
60069312
33642020
93970734
-59080664
-79823257
34706268
-73640885
-73059180
46612387
-56449861
-13166532
-93201109
-6707116
-93537461
89077640
24001144
26203195
-10192850
-97195497
59819078
-51601073
-34759702
-95171593
-79169987
77044557
54286229
52061002
-93844908
6044749
-33696967
-11306025
-56507822
46179666
18535281
6787653
-77362538
-77259935
-37551434
-43030647
-69332720
-66909171
73213659
67984792
-67545947
-5425641
61894808
-97195526
9995083
46808503
-95346509
22289150
-36375603
-8335983
47921815
-69740157
23851986
-22750865
-72735794
-10972194
-15655657
78788798
47070508
-74427063
-90687109
-73410088
-67513190
-2249286
47426719
-69635017
-31952031
-14344333
2742312
49163877
-26739469
50747123
28513408
36428095
59040368
-36614212
-17165675
-32474886
29252774
38964722
37059173
35963468
55532358
-91030650
2379746
8646027
-81579437
-59204058
68849328
-78847958
-6788986
-70947220
-68355984
43295320
-1151521
42991692
72535460
24663130
-18217560
-81911180
55499071
5462157
-79125534
-69653813
-63585094
-16884954
80167577
-45001133
-44869366
-99719608
19567044
-22307890
79646732
-13664112
19937702
-33325166
2726109
37786584
45581165
-16483748
-19600423
86186380
44754788
47250163
99804989
42436904
-79927723
-25380653
58780954
-88026729
65090500
-21781819
-17725432
-88283129
34003931
-88868831
-10288670
35706069
-6060171
18618344
-1693493
-65346705
-72905354
55801364
6037113
-9187993
-24919615
-35907619
43110443
99405369
-14359570
27520933
-78899476
27149415
92455156
-15012110
-24320829
-25259810
-98793227
-59957589
68210347
20259434
80299250
-28417771
-87472299
33135781
-80511218
29086799
-37827254
-91787144
24156263
57730821
91398197
-57109316
50105416
74030692
4732939
-23231384
-57617684
42321047
-98519407
-48603606
18832328
-25959859
93012456
59279838
-52403031
-13652872
-17596165
-98450017
47564390
57924334
-89067997
-57984955
89652628
47729128
18281263
59384510
-97531884
-19908648
61591886
60750150
52662855
-86673945
-88686240
-23758518
27993453
58798499
94726551
44816437
-37727858
25057757
78734936
28968121
-66243059
97323111
65885320
-9966333
-60378036
-62802071
-24594078
-37363135
-39779964
9764207
-85822393
-86984546
28189956
66045864
88266547
-41325845
-64728856
-75413544
97269479
-4721611
-32984386
53684167
38229892
47423084
92620145
-23428981
26767205
80304644
-73003113
-49665392
76486436
-37042454
-79597710
91647704
-63392481
-58816255
-53222891
65089908
57964122
25947431
92713448
92299024
13020089
21895426
-34800232
57214493
12296173
72016074
74717233
62656664
70161089
-54606417
55510529
76577677
-89555377
36155499
-26386353
-4562663
4140342
90355210
-45767743
80004919
-27727058
-89214355
-48484471
-51504815
-88309918
47108772
74045828
39007988
76033345
42635498
-32251316
43550035
91225663
60006561
26659393
-86765805
-11012304
34371870
-39006647
-58793843
94417190
-83276380
98694753
-47677317
45286740
15844479
-64518168
17336614
-56158362
92859510
47181575
-26887089
-72084587
-73124595
48999055
-20481323
51478010
9368592
89139892
-43431760
61230579
46386563
-16625351
5243213
-5630493
-79305692
-93227004
-56598234
-45441087
60261593
95120751
71420642
-98576870
-69544217
65280022
-80694075
-12908842
-55118611
7061742
-30649299
-45787208
-14856862
-26985363
66144578
-88674808
-26634243
-22942241
61380248
84312201
48989119
38281002
6754411
77373192
33383500
-83327378
-57352639
-19427393
-69174501
6926919
-26926976
-87314441
-67750097
80619352
-3870837
-87457658
82424154
-98095721
56748421
56217055
-24968226
-58734968
68058002
-13462193
-27510752
-78381371
51660122
-80711866
-25129782
1218796
4748105
-10609179
10332330
21208738
50931963
29740863
26955061
-3265503
-36346320
-98196447
55048672
94529200
-25811842
-33596897
79884741
98141315
-53927943
-88324118
19717000
63636328
63510726
57924247
87651270
-26086823
-5503747
-7896687
26892907
75154088
-17331146
-51157157
-14635375
-19429900
-79148292
26015759
44409278
86311565
-83277707
61127798
-12707669
55654032
-80725114
-36556055
-78399239
-19045334
-42274336
-40667865
-75897342
-63717047
86788780
-96960256
5491551
68145498
-99877941
22913973
-67709161
-93613502
31887473
-70696439
-78893026
26957673
-5966502
92964047
4548734
8225212
-72629493
-99953399
-22534061
76802930
50937221
-92716913
60283648
-55439490
49858881
88927981
-25591219
34777299
28072747
59775805
-93165604
54125313
84470277
94504985
81867385
-65880460
84374773
-61155624
76678319
97742007
1095006
-14068988
45064113
67650817
69908255
-79152982
-39665860
70841704
16450375
94455244
87491019
-25255307
-95037590
96277295
-14867657
-63925359
-89055044
16504613
-71294370
-22003916
-42591834
84954204
-50540968
43346470
66747671
-38080905
21445289
-34507560
-69515048
95995527
-25829392
-94545904
-89343011
-3636025
24542619
15008216
68396785
-16815361
-67081146
-59965154
-87759033
48936692
54699198
-83176335
4083479
35915727
67438942
50518234
42058557
-53487139
-56520831
88771260
90429046
-89779038
18233089
-71446025
-79823990
80778747
-96896496
-99371782
-14891115
56042441
67995560
59335520
-5688581
-82153864
-14314540
-27517106
41915029
-13811398
92409075
23476715
53659868
53653833
71043346
-93183724
43947168
-35844581
18505745
-78309806
17111910
84075420
77852524
-98018058
82228946
-50010227
31484419
-37057243
-1286556
-86512991
493441
83731552
13536615
72850305
-60453093
9545964
32173966
-28279205
-40783741
89627640
64749793
-5116294
77616872
85466236
-84245100
-65025670
-96374547
-38173471
80976090
-61345256
-60104192
94779421
-31705651
61771517
-56546158
-30811410
54719424
13099821
-24545540
-9631959
28480072
-59783850
93267689
-86442564
-44104523
45535893
-74716222
-81240457
-84971688
-83471917
32191998
20783751
-66749704
27673786
67491836
38674123
-75959658
-45873286
-19628225
-64565482
13506542
-27410658
61479160
-6197503
91850541
9979385
76022333
39945419
-62222644
64039364
94688556
-49250391
76671054
64777538
46457825
89995149
18871676
-38196952
28433047
84236638
-9571480
25162129
-37028711
-62762011
59482089
-86291105
-4832299
78260925
-33901118
61112737
62824823
66520956
-50633327
44094954
-92668933
16923135
17605398
58915329
-74626697
22603953
88975647
-88607794
96138862
-92886758
69739729
-79695562
90431779
81556920
19335842
80323685
-15109969
-82376230
52849790
-84502030
38421323
-95054129
-36481425
38874423
-11809283
27204123
-55725082
-87330625
-62569975
71084712
75808706
-17242837
83599289
29870926
1148559
-25170495
27276081
-57326491
-21653499
43729230
-58414488
-70179730
24787107
91926326
-97358520
85472259
-44598247
-46949214
-34217220
31318667
9849949
2917272
-94718187
-45462378
-75286385
11243575
-35710248
-21888684
94941147
-61658974
71990923
-83360916
93753661
-8251945
-3053833
25427360
-22132293
88779921
-20262945
-65277780
3122582
57783229
-70231742
70283527
94023172
8691568
-85467575
54632484
67382702
51777798
93233294
14647976
82076371
-33399896
12683397
-67879671
34716355
-12317001
-81933989
-10582736
65320634
-11591628
97883988
92910264
26712602
80302659
57116204
-45320481
-44012877
35861155
52209226
99490744
18995395
56843093
66771075
53966082
-2583258
-80855417
91503757
-51785414
-69832843
5179892
44256022
-53193575
9800325
15497392
-99867423
69872750
-46701724
92174124
3047665
62522513
58334243
-66414014
-84107674
11937905
-61731288
97223694
-25357153
-66149838
45724167
46799604
92892123
8683631
67458433
-24642167
7724542
-4125493
-76762893
28439394
-48455124
28683662
-12858188
-75839358
58522545
90018775
32314805
-34638339
-71066415
-78078739
-26243036
83041239
51888827
-19126132
-40781183
91992206
28492996
-676453
685088
-49652359
31674404
-73911001
-56931759
-83887291
5191756
42765419
-51613942
-87361639
91058449
-18923245
82434139
-51417412
-5035146
94694483
98600313
-66034541
-74580034
86761590
-2148812
98383704
20106398
-70519449
86659
-47805943
-24679522
-34248363
-14788079
90014299
-44708211
-24923552
24949766
-57478575
26482653
-13400877
45961477
93704547
43298991
17625545
-22928147
-5632639
97663840
-79750486
-84350148
34187124
89756040
4195622
69597501
-1996573
25454356
-78367738
-52770722
46899788
7088282
74610758
-45383499
-35829228
-48077026
88934821
50779385
-9861506
-16685402
-98910163
-65150213
25133641
-72878042
-96597885
-82391541
64770181
-38174899
-53506626
69964115
8361259
-18749870
99268265
-58459899
-98118675
6293907
525397
-51122006
-14290866
49653299
51544452
40513784
-54906750
-65904160
58014876
-38549546
53663824
-64571037
94755036
-32881619
-17228621
1958117
18749700
54409792
90382229
94245694
-45857646
-24460249
-55062817
-69381690
72239149
-24369889
70075109
-36609180
-30905680
40358894
-18800479
-11273694
-6599595
-80252379
36066041
-62739455
-2810888
98346806
-23606128
29939018
-14667248
50851575
44827770
31041933
38488941
22255964
7883598
-89181082
-52870358
-35942167
-33808154
-54130565
-28469540
11664106
76161212
52385748
-15575764
-86007366
32934280
-98988985
-73433479
-66541020
57802253
-53179371
-40044223
97714618
-91378708
99047169
38054755
-888410
46880428
-66614059
-81527533
17351073
41975013
77788066
41765188
-49539142
86634324
-20600533
5932147
52841893
-35213882
-66736823
-63652551
-59848273
9451045
-79494375
-62433678
-64768958
95863412
77997155
-2555554
-3996631
62396600
96917409
98551481
-83992272
-88549327
26299757
32182423
-22713713
85803627
75893994
-56825555
-36862519
-95702186
82258901
-2836443
45327313
97466061
-37848549
37048550
-52462595
-7397010
15606770
-21360852
58098184
-54908568
66043220
-38289348
73949320
-40596837
22848419
97115136
-39372459
3341356
84850210
-29529008
84189714
-69629530
-5163355
-68590801
98778996
-19965961
11368997
29810344
21799151
44604310
97071637
-24989882
51681744
19117785
-86255096
25304588
67796385
51218803
12156661
-32405791
-32174963
-84222507
33125767
45471773
-96346847
37026575
73753432
57316195
72276251
-66841396
74171034
-20187826
49468132
35515455
-3491584
-81376783
58417016
-67637118
68243220
-40001210
70007561
-59491713
-37525490
-69419057
-48171890
82548416
40293699
-9662789
-75419464
-27500217
19789775
75547001
31030652
94399436
-7853729
26178822
-35803513
18965712
77822839
-67971071
-45910453
-74807416
82965571
-66974339
39724575
-25329416
-61248309
37146246
25334283
-61187784
2481980
21763830
-50405892
25593967
-92698427
-44325507
60885669
88794252
-25515101
43561319
-14348011
31608240
-61505631
38253610
94610027
-37874490
92214400
14678887
-86086905
-24415426
-6052403
85979776
-45810002
-61518371
84513453
30629788
-49686413
34755469
2482383
-30042658
83230573
92617326
64128017
-66722152
-25915191
-81561274
-76495730
55156893
62111288
-99065124
-86912136
-79383678
-88558387
-63369873
-15688003
-75409263
-32870120
-73521968
-25135517
-93253063
-18036906
36073287
-14077270
-87763598
64202753
84883624
-93651274
97930195
-10073760
-94978900
23179267
-965963
99004019
66770448
53540486
-39760274
-31061280
-716217
-68991296
-8325071
56593191
27293471
-33770636
93165620
-88795802
-13375163
-5481096
-42159150
-72624777
-66813886
-9374047
96577460
-4129785
1061486
86051293
89312813
28682634
67646731
30954335
-66694139
40000285
-56965381
40848406
-11718023
89267913
38365040
90894413
55822977
23385923
36088648
6592218
29784478
19030759
330002
89499061
16750331
29372767
-20620640
38901437
88368223
24554729
-32948951
28155397
55948072
39834785
-132899
21879158
-3298158
-78682834
-79618218
56239490
-37410493
48057715
-74399206
-80622960
42934727
24807695
-80315310
-4553954
47038008
-81987833
-22095638
-95271342
-16756570
-74359697
-49289841
58119771
29086121
-12478169
-74490534
-44691462
65059685
-93573940
74524913
20234587
67200909
43632533
14624357
14560169
68281765
-75069766
45752883
23714829
-38628250
-75524358
57292391
52975025
-71752372
39231227
-67188454
36371057
41738125
9396412
97902029
33730075
-58199888
-27599712
-73523715
76156689
-48277836
-12099763
99410854
-91207385
42557142
-88501165
-40763807
17444943
-93028846
-81588228
95523499
-89037045
-4517023
7300154
-18935087
-14176956
-96226088
35213781
-29334010
-44146853
-34098581
-90842588
34278189
40667318
28907
3525578
-20595642
10111482
-76052247
-25268233
-5629498
-83991812
-40251142
59319128
65409107
13815387
-61624261
-702265
-77296813
14534046
50896678
22024019
-17140007
44125854
-3573514
77362775
-989945
-27204945
-45534149
50843285
6865026
-63397560
-82749276
93604701
48097000
22712853
-53402531
19466891
92216839
7791097
585041
46636057
-81518115
97880765
57417380
93271033
-37820185
-26449491
-71128636
-30081711
40893532
81568968
44317102
90650658
16576878
-37437231
79703599
16729465
-93890160
17017161
-14491034
42859897
31888431
-88722122
-37572770
-60676101
46373346
-94798999
89429769
-46084262
-9850802
35769201
-9831562
-420144
28384900
-77382210
52571718
3189179
-96799187
91441116
38106802
90752254
83954658
14068978
-17696594
178943
5923238
33388764
-42363965
-99558174
29644124
-39806274
-88091627
33290412
-2326421
-51493987
-63120701
-27246101
58754070
-90846613
6551806
74319076
47480682
87691960
79178263
58071406
-65662565
58274474
67403315
-59679984
83888685
-26884998
21083929
6777479
90755515
-45505202
-28147246
-75437582
-48178796
-2423766
-37538436
16655513
15217537
-9560241
40849610
58785945
86311812
-32936630
40140284
4590412
-3967751
95529223
60895088
-30375902
35251504
88372881
-13175186
-32039298
-10989160
-99074465
-37867480
48375628
-10140252
-11947646
-14990020
-27979444
56616340
-85630254
45642244
48447658
-78434023
4473212
-66510714
65581675
3436767
44754109
-58652149
9979911
-89214574
-76754467
-4479539
-9767117
-75299248
-40033531
21107884
-27048739
-41052111
-85890849
59359811
74957570
-52712890
-14867534
-89075153
51333563
20922803
3715972
-69623503
-57394197
-36559166
-71037220
-70849296
82378112
-41897912
2261393
-19265379
-62328958
353913
68970348
-21326188
13323697
-28742095
-81840905
-17886447
-63472775
-3870822
-97614973
43356962
54962106
-27162914
-63313275
33873908
4140030
-53232219
-59294967
-31106204
70156476
-18201876
-55057969
38680751
71261403
-24616143
53988324
97660753
27205514
80719011
-67751478
74291320
-24337288
-83408806
-91947143
-56315925
1486452
-8701405
42820667
22522581
65744781
11698820
-97952013
26126030
-29649297
-47249422
-61118380
98843544
-73846130
4310130
37855863
-8515799
-11844131
-37760669
8529955
23330707
-71672616
-22607518
99899269
70476735
-38291181
24209492
-9520947
-37370323
70469039
-22200060
73726076
-533442
-52589429
64137753
32441329
-70276255
-54852865
-86843300
-15762623
75631389
40815516
-77251247
-74486501
-69884651
-8520815
-62755601
-60088626
64173219
-18978246
-51913451
1717465
94252977
-61350139
-18321085
94049207
51915776
85165433
-57349555
46408753
-8367588
-4210241
45330314
96691712
-25051268
-36052925
-78364943
71205969
-59709510
-52563000
89113476
31704245
22845809
-56875279
68613905
-82764517
72210950
78321563
99257982
-78390214
-1713302
-5425265
-82610440
-17928081
-81588061
39291873
-58295534
28996222
-61504490
-35249749
-31562603
30026897
-25574054
-96221700
-43316008
-73694355
77075629
40392367
46286814
-59865145
52876310
-68602750
-4854282
72784759
-99846628
93563969
26438660
46189341
-2630623
47417656
-9596292
22544965
-69392264
52390604
11119141
24628033
-99173497
-8606284
48281420
45610512
-99119657
26316183
-48394956
-69123412
-32326324
64124144
62416064
-51137320
97380767
57785200
-29796668
94223348
27581582
77760393
-56757010
-96579665
79649570
-58267891
-55224038
40919296
22012357
81940906
80184372
7656686
87359686
62669239
-52862214
66034161
-25490592
-16345307
98085900
-24186705
49606587
97094803
-80421390
94440916
-32846041
-97999835
93950586
-10383627
54888256
-57493553
-31367499
39898006
12447501
65802035
-41882124
-35686048
87090571
67202048
29179166
42264317
-97297342
97343680
-51295016
79877963
60592592
33809577
60195152
92480690
-55822644
8828217
-29386385
-82037218
26745013
-38161734
65703761
-58052190
35808450
2025801
89046845
-31139528
-76557278
19653196
25123789
18598339
-40727960
-79374334
-16681153
29869352
88002091
33567339
-80315976
-87699765
-5865993
-85386968
62552745
-56466731
-30753404
52324264
-44186298
-79151687
62871688
8964063
-67670974
-57456549
-66715199
71670335
98386249
35731988
-74248292
85879022
80754548
-62752741
34701960
73872147
-7195495
-44026372
64717965
-92172610
11575923
52388196
66224880
-6841163
-93736596
-26179362
-31388792
26970573
32267957
9780103
-80968149
25880622
10136694
61434402
46710230
-11629933
23706488
77246438
-47125572
61107985
-19204206
-36438501
-93302400
34823800
-1871821
93107317
-46580687
-73222922
-9162566
-45631468
-9456994
30108249
-53536714
-59738727
-92449134
-41221974
68004642
26221741
-53744421
66777385
20783546
-80337084
-87898948
-78374169
-35531133
18288386
61594187
28475704
2085052
99024822
-66586058
-95547513
-11944236
-46546867
-74284595
-62619802
-40922510
-80755051
-2883120
68473134
506750
3717728
-47955308
47077765
-27203951
-34245243
81243071
82224269
71311587
-48836914
-55901065
52681915
89598707
-81634001
-47703737
64694160
64108664
-87425015
32887455
25084234
4939666
32715719
33541378
-78999797
-69857578
57212665
-42106458
-66527801
48441033
-88891769
6224673
-99135471
-60187664
22099968
-95947159
-77636760
-56392001
4312009
80994165
-52610024
-25695229
92442662
45629223
15075653
32964403
-94013737
18023936
79631008
-56018347
41746492
-31570742
89640311
11850769
-76980746
51635791
-14081529
-47312841
-75043560
80748641
-78889816
76152722
-77155328
-36270300
-28920504
83009918
-25974305
-59390054
76134765
49800170
-76814782
-38922366
-80041159
-56253658
7923594
54798317
-84203352
-5136299
-38934116
53940578
-5409354
-943771
96463374
41898204
-67278097
-30736977
-32420353
72680404
-86382102
96148049
16485825
-59948603
67191796
-90610082
38567427
-94016744
-946507
63815882
-62155967
-62802634
1469300
20775590
69301082
-26570132
-80946363
-26544353
49600073
-68344642
48026849
-76650946
40541082
-60567832
19474015
13847156
86678421
-76619401
-59770717
-78999309
-97666315
-74650927
-60141161
55210624
-95180189
78078374
-20909805
40416537
10455605
-94569970
44352770
77557934
-9101439
-78538554
54416373
58945146
-94338242
35215949
-2099528
-66484487
-95885642
-50990803
72724702
-97526576
-41113151
-14224838
-54415792
-71829843
-58007805
25204163
-6096926
53127778
34316086
-10060908
59289615
-44948449
20587942
49281398
22939017
-71122695
96235422
-11242920
14879299
-13639943
-53143703
-94798826
-18914727
-88515783
-85582389
-72410122
-84267194
5667636
-44647121
-25510529
-65630433
-51818005
8362391
-81154974
-23728155
94139882
3234483
-46223077
-40816336
40077373
56337325
-83218069
-60123127
-93245143
43900268
88721497
34769860
11081338
-56918285
-3601868
-31487895
-68761861
3734802
-33798670
-32265674
48168188
-57314884
11669912
-17174471
-63122812
17484826
-28243401
-50095524
6289203
-40618381
-59410269
-87418337
60527436
42317036
67644367
16653209
34649486
-96802534
68450021
41774450
73802989
42645429
-18102125
-54012852
-38186235
-55525543
97269753
-31667172
83981592
7203161
-28309682
12655835
43489552
-98280452
48482314
35552924
-8367395
-29623270
85294097
-4514072
19149778
16370379
7329893
-14407204
79479747
-11018100
-41177666
-33217555
49204874
46828165
-48931174
96974281
-15817575
96676370
-35827688
11078576
-36580784
46998881
-95868588
10120834
-29809652
13928438
95772420
-74544625
-1864054
59650773
-92354351
84697488
72090382
-48298152
-50752746
6994454
-95697722
51268506
79617370
57095171
-8970034
-96477342
-15641003
50171302
83911335
31772887
43929205
32804183
-86448903
-6690000
-82447798
-18634798
89964208
10040960
45509363
20949372
-50701220
1282213
-21192370
88565641
-1020080
1990525
-22625918
-99436700
86547053
-49197585
-71506125
-51574727
-12068778
-32920002
90429096
52918922
66476940
57590176
-53721600
9217535
-72552800
15276085
-15144118
-92879788
-38118660
-37792686
-93888487
-68208492
24101973
36757306
-98437925
-13244857
48382136
11737335
-11717794
97623349
22833377
-46857406
14296071
-81845058
-23862144
68249080
34393742
-20411407
38205065
-4481111
-40713386
33494130
-72805449
38139751
-64825277
73992608
-46809277
-27170754
21505163
-41089877
-32428825
-42451865
91577081
27121239
85132312
-6959827
-29915469
24311922
-75428891
-72579881
-79895473
-40792349
82249517
-66301589
62050908
38350817
21687732
70469540
5608154
27432402
-66471722
1374395
-16858682
49496505
83640958
-59477901
7938102
-51165491
76271174
-64753265
86375015
94729640
78385304
-73608611
-63222858
-11106105
-15247812
92935334
-32922933
-75575826
-42718905
-81577468
-51702582
-95918086
-48742819
12957072
60943177
-71659925
69670928
-56746991
-67698698
-90482048
41439292
-33599589
-98828446
43857302
-56775113
12941639
71961296
17197404
28001148
-87170270
-55157085
-89158781
-95790706
-70312520
-62733932
67164769
58496346
-85687691
50338953
87195012
-67767950
72412303
-37018658
-57139329
26793355
-88902520
-63471768
-21766239
-19506945
-1201601
26371639
-55461625
72432255
-40796684
-25036139
-79675481
9321728
3667334
-83047864
-93834075
-70719088
-54052729
-30117218
-32276866
88821362
-5823771
11964176
-43388728
-73059513
-83961278
86877580
57747833
-54683522
1470390
44775743
-54982681
-51463780
-50703195
42798393
38352245
-25575688
-16160375
-43516057
-67724893
-37786546
-20682235
16138120
29078569
7169171
-39379641
8575545
-5692895
382704
79939288
-36460688
-87655194
-1486188
13151424
18020662
-32552269
82498740
51968109
77192460
39981243
-22186527
-63426600
592800
63545595
63320981
37769496
3813035
72689335
75425637
-23824830
18420617
71745208
-29018904
-27553746
1442391
88467131
22531039
-81776392
75746839
-11474851
11562367
-40798497
92156636
-59930363
-10125206
-75756950
27820295
67995691
-18012949
64639178
41794442
59956596
-15418530
-5823416
12762679
-2949336
-34566005
-98256501
-32614626
-33571833
86882037
60223471
57902150
40282941
-29618851
-22447766
56619694
12017678
95246198
46727542
33532192
-33347704
-9477351
-88091710
38812365
-35380117
-30949765
-87872275
-61208081
12062585
65127324
23139736
-94585701
20624909
77232116
-22466691
-8906105
-79051508
-49217428
87982686
43858428
-65359280
-95082887
-40644239
-81339237
-12955603
-3379043
41086722
-83290544
76380872
13881845
59039309
77312199
-12598005
-89737405
-21937134
37122077
-25725425
-87073795
-21200315
-97376318
-727792
27209420
46505481
15184326
-98304962
20935130
42874398
71450236
-58523117
53995156
-73969476
90631924
57938977
9391941
-65521500
-63464852
-80300291
81581017
-64351518
-87423552
26461368
533128
132290
-56912874
76387040
31943332
-57521074
13531102
89434875
25169048
-74861045
-72565715
53770404
-79349459
96390646
-92186097
49015276
-44182932
43252529
13946464
-36462181
49501013
-28120959
17274983
-61680372
-13097477
59804637
-92212450
-90926876
-29976600
-14355395
20330280
-79227761
42632915
-73121717
7109836
-14884899
86751260
59242481
-26877161
-1583836
32474218
-78577036
-88477731
40370150
57272352
91315233
-72854069
-40548151
-12729413
54549725
-92373010
-88586528
-21928217
-80665832
-36003667
-67138873
-48081903
1026028
73493903
22449167
43799631
-45343390
58676953
26335575
83815226
52009814
50773207
38153225
-91028582
55129846
-82365841
-67666281
74083202
34686650
-30560235
40867974
24559771
48219594
98689599
-68889175
-85809043
38709611
93086437
82136037
98020516
-71344445
41778164
-92513752
50469744
-14465916
39992580
-41638049
-279540
8622178
-35815671
-10858839
-36262043
9510856
25167522
-6578753
-24910626
30250179
-25382505
-94725109
21941030
53857715
91376293
-83908287
36132083
11366016
63583354
-74001500
-31043902
7511076
-9778273
36449153
-14810632
48213417
37933775
-76619731
-78791940
9120686
-96908159
-98567601
20590036
58238129
67559109
86612422
-69093320
95783899
-79047439
-91364998
62552439
43724291
1095288
74473153
-19274114
27739559
69889559
-94634968
-83456559
-25275120
93256916
-90496180
15176605
-59331140
-56040853
36214627
-65668601
11966395
34570406
7573110
-25695648
-73697450
-54456875
99707298
-49142140
-86446749
83041634
33662091
-2170981
-64668157
93002550
28833858
25800869
65383070
39636718
-96515130
59000379
-66149996
74352502
-85897237
-22927764
-10653743
44983417
-42295222
17266478
88530724
-81672731
93128967
22276310
-7278223
-93629934
-47618052
-8149135
-95768011
-1694198
-74791835
56943274
-41312899
-38705430
11651554
-40577087
49522728
-75351182
19997413
-14254386
72470420
-3535254
44959480
46632812
35536130
49293276
-49621671
22200195
-48868779
6144765
-51099774
-8933439
-78140299
70674035
-88289727
33950793
-45508171
-78959205
9994177
-99068768
34959186
33306399
84537681
-86379500
7125864
37108229
-74821057
-91370812
25871565
42982861
-40957551
44116092
-27108158
-84401465
-84379615
32427504
53800031
-81973335
13787171
-28596973
-86107911
-78560749
-69945201
6834889
83841711
27954313
83687012
-2566986
49671313
-85229949
52205100
95042880
74732659
58038014
20886451
19910815
-43213375
-96846161
-67074078
-63064639
-57907002
52128594
36086012
2461535
-79307277
16176773
62146394
28472174
98011150
55255750
-52772934
53666019
-80740507
-15002730
58325958
94316131
-89939964
75014951
45912793
-59049782
15400879
-24195566
74775008
-32716002
-15668576
-61252456
-30770804
-81696842
-42009636
-64416917
-79917103
21605894
4028974
5360517
-12165221
18771650
27966791
56453555
66907875
-37567115
-79516660
-20598567
-96611340
96997299
45392342
74939395
-31994928
11497457
-49815825
59764669
89585873
99276788
20466187
-54446191
-16499773
95040712
-51127292
-5377881
-59096927
93213201
-81709942
32368277
31923244
86739021
52687609
86536421
-95185179
-97149037
46164445
7651158
-54298964
-22888340
-19336066
-11389623
44832656
53887
-23788935
34962503
42633894
98731161
35437614
46089380
-14117071
-90047438
5155300
-5747358
-15122057
-36971274
-96809064
95733436
30516903
-37971882
73293616
-38814331
27922655
56278930
94650963
-48852531
-92499663
-59727256
23719019
38881402
7341476
-313939
99583230
96566364
-53128612
-86346026
-73059
-69109425
4097073
-47756186
19323425
-71842916
-60114531
74946639
-9811593
-48609975
91892877
34780563
-26853858
4402010
-40545486
31322667
27373927
-4194217
75617472
-77366491
65529934
83624078
21799608
-8729261
61823562
95634433
-1007244
64789560
-29736212
11988952
-12466803
-61265905
77328769
-52938040
-60178533
46250655
-43826845
9065222
-87472508
60077793
1319144
-1564029
46581340
24258783
54612971
10807647
94690871
33423284
-26838661
-71189163
5684748
-5210794
66453868
62908238
49019906
-90166956
66006601
47477558
74123101
54645515
72822565
-4289569
-73147005
59730238
50062361
27417296
41811228
-36590920
44663171
-11616488
44149485
-95544348
-61110009
-92961624
-46925075
-10011813
-52391981
77249173
-39362667
-75682964
14491636
17276113
-65330528
43943020
39249198
30129897
36458569
29667098
90115333
21315158
54826401
-89758465
-59153423
-4770313
-44337344
86666152
78845801
23274947
59253546
-5379745
-98051224
-50513097
15261816
53370140
55013065
10283544
89564739
90335983
-54017467
-18063477
-42677411
26672263
70196969
58608614
-48897171
55690345
-11258976
11289837
96644540
-82651544
48934088
-86362038
15651854
-30426127
-72287379
84015463
-20806003
-22491746
219341
93004863
-70858323
1025166
-48380353
-64731760
69930866
38464194
-33885130
62618663
69552428
10270126
-65758345
30638461
67052128
94569796
-41899076
-31849710
70628232
-80013171
81260988
-49329371
-3473890
63774912
42627363
-30572360
-70788843
47124090
10908684
35995216
-93265526
-96007957
33365029
57029133
34658023
-44895416
-7756992
-68126982
34828980
-15145951
34894816
43641159
-22957584
56224594
-8792307
-58240090
22739528
-58058904
-86565877
-3669914
-40446506
94964600
7330179
66853546
-2850619
-92280771
-90841532
71700669
95412552
13320195
-28987753
3707226
12208535
-24363729
-93533872
-11749576
-34396807
97174226
51524150
79910430
-56327504
-32108072
-98367168
97282291
45330875
-38529516
17787675
-2452935
-92859240
-60996896
94445373
41337203
59156281
-75119154
-47353879
-92753475
97407725
-5166078
-88440810
-66645373
17006833
42966022
57763974
28515908
57712116
-80913732
19798199
9195246
-93626971
16153190
83008794
39487022
48439222
-68235451
88603183
11389250
65885818
27943861
-93550600
-51464924
-56764729
-99552555
-81907132
61173534
-67162017
-28550335
-19565935
-69944632
70292525
98651676
-24250152
38767878
-5707501
50251446
-87497970
89047025
-1653626
4251564
25421278
-40716055
52255762
-22192221
-39911326
53129768
10731446
-44143583
-17024018
-50965744
-69085276
-75479298
93811730
48431050
-54407514
54637495
-83360782
-93179793
71718199
13065374
7165828
-29532964
-75907823
53706316
-53578693
-66807258
-59233909
1281795
31285102
-54320982
-77160830
-84178841
-48426938
63157702
29815254
-4059317
27290425
-26353109
31711158
12103030
93418399
-41299650
11887534
-58287601
-61277703
-55240865
73359088
-93275700
16186266
-29753276
-97672952
-28240912
-86944813
54823780
29664793
41635818
-22369279
16531580
-62356389
-87815804
87505777
88531716
77748097
-87939178
45497582
60343207
-59156846
76511152
-26899821
86455604
-2066622
-77896948
56271550
6418802
-9932193
74973357
-27175363
54287409
-74899467
-31624348
60590376
28639552
93643519
-36834938
90251194
42816428
-18847830
42628635
-5504844
63107071
95856208
-47727421
99200823
18446287
22250847
85721223
22349662
-95137305
24066857
-79387789
-43776480
4645497
76873135
68341263
15593388
-22351489
-27365526
-30699927
65626791
23988201
65175102
-94059011
-89055133
-41764475
38524829
90830913
-12213332
-18741574
45721767
-35176565
15671195
51002743
-52411513
45351970
35149703
38263078
-59156669
-65669269
83865916
-77434960
-56609217
31458378
-83756723
13101164
-34553876
47754639
-88338011
-37459490
-36182315
-4944131
-50882143
-99961908
76114525
-52293632
-97411926
23022367
60804894
63168283
26592067
-45794359
-17598989
-38738597
-36364538
-96341758
-50674736
-4414873
93694933
93444839
-82360495
44065011
-54284648
53518
9311675
88690689
-77207601
57748193
8412533
-78668962
32996651
-16756458
3764511
89617247
-36053085
69076929
47346893
87881829
-46025495
-35031989
-52457494
-59747194
4674459
78846620
-84559462
-26557660
74312163
-32100871
94708
55990879
-51707294
-22904117
29813684
67225971
44995025
98672376
68225449
26542460
-26218379
27256202
-34443624
93314235
-42760460
-58838714
90815886
10518826
14601022
-20971377
2660650
57823394
86487676
37035974
-89867439
21719463
52665074
96508602
-67480164
-13511598
-21992125
-213199
14540352
81800040
96459553
52072351
52692627
-18489016
65561733
-33716266
-72400221
79834675
73615525
-16755800
-90572246
-93985699
-93336073
79082128
-65343951
-50697919
16826184
-66794350
79306052
-81268651
68961159
-97310978
-30194343
14685598
91591921
7291377
33583031
49940773
-25072453
-46559426
-59765213
-19241776
76361865
78920248
-11920980
60404595
-60193025
65038716
40010710
25372618
-5367887
-82145383
48636038
50919792
76441039
23364619
47387505
-54223761
-38157034
34859872
29651154
87328117
-22855494
-23168022
6346164
71721766
-60603607
74208639
-71075167
32177546
-15307575
35685478
91117844
-24438682
8034662
-54952616
33790813
-71909516
97915554
-42691691
72876123
-29376068
-62351914
-56210277
87687193
-14268761
-47020063
57555000
-35066681
49891404
39148253
560105
29181459
54212666
74100560
50376282
53081686
-22466007
-31215202
48356367
44215266
-6819174
-98872833
-13043085
6573
-60725724
-95367283
93330719
55433365
-56943212
87604172
96727988
34781949
-24745636
-30860860
7993455
-14728124
84639935
-31977443
-44191301
-29574515
-66036308
87301211
-55325527
-30557254
-42018280
95145515
78261229
18392401
-3699453
-53285981
3045520
51382208
49595829
-66741318
92042188
8051115
56939312
-62974910
17105054
577083
-8465093
-72534408
97127030
30599379
-56169799
84904335
91289669
86351450
56698184
91513326
25337603
52321131
52505426
-28878405
-89598355
-86500575
-27726784
6643056
81429339
11437403
55959071
-33174888
-79729464
-30216691
69501351
-913384
-35821580
56281691
59788678
-99563994
-12311055
-87761161
47127178
-58945030
16384467
38316715
53107927
-16362960
-7606855
-24901880
-41833050
-92281262
-67693258
-35137372
-24868567
-69193868
74625155
-93765359
-268550
-7483854
81311233
6973566
-31331564
6646659
3165812
96155766
-49084282
-33070715
-92017748
64937866
-78016805
44347956
95417957
53783576
-67955257
-47536928
-10836782
61584601
64917894
-64599404
69149893
-2634045
-21454320
-28322908
-52710373
88898927
20083755
79787572
-64615833
-35729209
-9324501
-98309654
72507916
-11544581
-94320863
30284576
-74343584
-80343555
-18542028
-80856283
-1258373
22556678
31643819
-9056980
-37309791
20269432
21602735
-26785329
-23396332
-27052671
-64314367
48588401
95893610
-41762205
-13884234
38417594
-88447889
-32013881
-27703045
21699408
-1619874
372123
27762315
-52636008
35036224
-32875781
95429200
-87966583
12846155
-71866148
73460102
-31388803
-30860138
73071214
-8592784
-65725921
15334522
22106509
-40718318
-67240593
-35344567
24707284
85323294
42481312
-62861253
90850778
92414425
30068799
8638882
-57359365
43046518
19226936
1698070
-40620726
31163334
-81202522
-24207700
94986420
-9336223
98678805
21729832
34938735
71083448
22635213
-90860502
71353535
-79015500
95868054
48529080
55524377
-39670312
-82687128
76371382
-28889909
-5042645
19412998
-411019
-26602911
95933374
-13043660
-94012459
95472316
-55227491
-89289544
-5972315
25630130
59126137
-28955639
-94619625
57072397
66123713
-38245640
-81709062
71746456
71914485
30045032
-28216205
-80582673
-42343619
65730101
-17639280
-20313663
35726756
-99976150
20442839
46465308
24213393
93365841
-89064155
-94355237
55051921
-28603371
-6950831
67319753
85900390
-65631734
18283239
81130680
-79592389
91581500
-32607142
-80752961
89778203
3067456
-67449098
-31262495
74869824
-59094626
-48558490
38757539
40295281
-84262718
38762981
12171460
-43730010
74548522
-38207527
66836259
84829292
-77926063
-45521493
-83017893
-4255982
7142863
-4373907
67280567
-7631305
-4438669
57434217
-71259866
3469678
-32355153
-56468309
11479939
-23344661
57948679
28347872
-72374664
-9441446
-6201969
17569102
57959795
-21518877
-67781710
76179617
54912906
-87947207
4963066
74329197
29132983
-90717470
-72926459
-73031373
-47007501
-54383732
-91964264
84043493
35409866
-38843003
-6929212
79008116
15495093
-91394499
17543512
-85889168
20911050
-86724289
44589612
-15140925
-44638829
72885695
55078860
33280473
-53111094
-20017697
-70464738
-67526058
-58285203
39047014
-98701240
2690186
-77056025
-50972020
-75168132
-89665426
90069832
-53464149
-92896470
19292510
-90819668
64928069
7354943
20430199
14686907
-61939387
-46895281
-56074676
-55776278
-69338626
-39518949
70077589
45602269
5679440
25172941
-85591631
25741012
-15166065
69164482
-37049123
-13985514
-89426987
16194658
48845868
91981305
3242053
-28105064
83489986
-93772630
66746862
97489077
59791105
-48259205
46244091
-37070936
-99645500
-77413188
-33974724
-37493770
-49208103
6877000
99109577
56177566
-57778254
9217180
-14231384
-44977637
64066418
55897113
-96395843
48665767
49507781
-67973193
68216066
-13932570
-32266963
-39070563
-9142948
-64347965
97781319
45322224
-14451172
98269437
59020600
41657467
82899876
-28898634
90991881
39983023
13972886
51410831
26775399
-39353278
-76492257
91227835
14818555
-62521940
-36744500
75464630
91119507
79241825
-11922160
81593058
-98988051
-49347991
24627018
-31274498
-2396449
18041647
67131600
-2693777
94925369
-50639356
9582073
-4382418
30969900
-59406279
29001924
-32657848
90742178
17247073
12446830
20816228
-65196969
32154324
62238764
-95418412
-18696875
54542133
98687516
-1192595
4641078
-7902457
-27253627
-66868246
-56423243
87743468
-23216632
-34320091
32480402
-85530343
-45212178
98610511
-12290214
-72261943
32603048
819561
-27841996
762335
22608385
7373180
-6351753
40260057
47319911
-52001335
1545566
-6644432
-84276715
-47921396
-40392311
31266557
24894709
85692702
34672832
-20520639
-95856285
68061527
-71521948
-24427503
-99286461
93792600
-25647570
9622686
84395195
14431607
-20511257
-26108354
-9110655
74377544
-41155851
46430391
29230215
-4702106
17784124
92590462
-28121276
-75120504
85300870
98808425
86432223
68109556
-43745432
21404976
80699835
29237665
38065208
-77624985
24559985
93449845
38043262
-6988825
76656420
49378197
-94223536
3326707
99880961
-37811515
-55796414
23388333
41180866
-38148911
-11078194
60320906
-90237293
-6972864
-51641116
49403391
64786852
-92982271
28803447
79437105
-23347370
1800017
98300460
48402286
8075473
-98014893
-31426638
48590160
74595780
77419156
41744877
-99709721
-46143884
-83992162
-19540430
-42975451
28387052
71131071
-54220305
92309670
-71135140
-91924192
-15591489
-20550338
-70955749
-61068865
93064546
25870293
1740958
-88186723
61549929
-57793132
-36499324
-48133247
29804546
-49205509
-82154877
80802539
74624496
23560748
36365716
-2304315
40915495
-8624621
-2413286
-26901838
-55045459
-76406757
95037905
-64870912
-50529744
47719114
-72221480
-39701265
-85752040
-15823733
-51254502
-44447775
92972423
-24907899
74433672
-24885724
-12709702
81152477
12253643
70746173
-49882883
88785562
-11062868
7200742
46137233
-71963378
-37960959
26908075
-81544481
57816927
-70206838
-45310450
-83778455
97505493
91183244
15093605
51324350
1797270
66550758
-44626724
-21523185
58091700
37314650
91828407
-9767607
96140989
-34066078
40834512
55289265
-7466635
-85906190
-61216924
31467610
16350061
81569413
-14116467
-88656274
35557310
-83974724
-90874721
78594959
-9605878
77825163
-61303789
-47184996
-19475394
9471253
-46063553
43877111
78003214
64753953
-5430954
59048895
-36746790
93836106
-67592359
16123202
-16696486
-70769231
-5049995
6690432
51522031
-89699273
-2776007
4916975
24705134
-70284138
-40169712
-58863577
-80895808
-77557736
-39052591
-71670818
-49635905
-74156924
26262378
-68814638
-74886291
82669872
8045774
49298472
-62679348
46295930
13356226
89525637
-25008539
-63973168
-20297727
-61938779
34444926
-31355293
-83144588
92176824
18894239
33331349
-23241598
18076956
-53070505
50096632
90846576
-39450048
-70928168
-77263418
45167369
99464562
85024218
-97680319
-39073220
80849635
65738165
61704825
1034004
22293760
97417162
79502691
-19273880
-42956731
27856624
-34703567
-97310019
58497613
26838213
59917199
-63870769
86757101
-99168599
-7232703
-44187762
-61629750
91437043
49666219
-44525329
77563354
39703750
-24857717
25408114
-77461938
-43727273
-93211502
30570252
-56741065
27311825
77923550
-80388731
677457
97254219
-98477625
40909156
44775074
-67257616
11486775
67441038
-29652169
905771
-4899059
11430269
-44737297
93990759
-12212273
82038221
-58632373
-59016721
-83813480
87285594
-56272724
46227581
-74979489
75891096
9565013
60096743
70313160
-44322701
-38932122
77112713
51559787
-66555091
35595637
16979807
62330668
-45993060
-30863218
99717926
-45168533
-37700151
-46678449
20192305
24140289
94907353
-27520517
21135939
-87195604
-71450960
-44794467
21612276
-21063160
-20936775
-9414243
70282558
25392414
51517807
-87408859
82379843
-45022588
88059866
-84376917
-39399598
99832466
-62607911
52330241
-29983270
15290191
-24349815
83230500
80571353
-22726600
75833967
-87871115
47942841
47462074
814761
33439020
3877920
-82134680
-83896215
-23026982
71995555
16331223
-64007268
-44006855
93304042
-98161793
94717698
-95634175
-59656316
42175160
-91859822
-51057343
-95977113
-45162101
58794818
60052503
-74434994
-41702658
97834943
-81885775
-21276874
34292733
-82897741
56704995
-13486019
-33615790
38880550
31778288
95221105
86359808
27202222
31457154
1161283
-33848640
26620705
80121775
41800841
69395897
-77035278
79575923
-85179830
76624712
-3435094
-74210578
81326317
-66181985
42418024
84205892
-83012355
-27846271
-89830333
-9483676
91871567
42346555
21285254
-27577699
-92901302
-79106674
4849567
49766627
3870452
66828230
-80178297
-85080280
-2105000
-95480252
-13494042
72910295
-69590338
48975382
58764320
5886845
56913288
-77043907
44156961
83154404
-73195153
87997018
-50159865
-8176516
57551061
63206390
2946761
-87819409
99483732
-15618560
77071481
55876735
-93138552
51699425
-40623920
63339216
-54018561
70786163
25608516
79159784
9015423
80987842
57135983
-31000566
34687266
-65377158
-47598317
-62044353
-95046223
-50174769
-54384383
-85748171
57209502
69052923
-88779653
-77816661
-9204419
25179977
-58051447
-11330959
-53302351
46659670
47209531
-28365197
-41962021
30173633
-40307307
45900923
-78128754
-63219959
-83186733
-81110717
-4060926
30994025
-46536949
91462648
-96384647
-12527788
-96609730
-40234036
58186454
8132175
-44390052
-87396479
-16367845
-34323289
-10625072
84170421
6251581
-89437916
-50577613
53197585
17973136
382223
-44545332
-74154419
-433166
47860383
-21121503
-48772861
-33139269
81756438
-19619746
-61402448
63784095
41760883
47206625
13448114
-16909197
-79762595
28129799
62494694
32131615
-7811369
66319671
31721356
-26358421
-9802507
34825690
78295322
-22589997
94366931
-19927302
61349737
97127834
26573326
-75620185
63294407
3157276
50096580
73444631
-1339088
-85832013
-60297054
-99422928
97190570
-23727188
-53200130
42328413
5271067
13912339
-35378435
-78593034
3721414
18246646
-83323721
-68994803
-44054492
13469534
-55744763
-8085376
85190431
98023172
-43819797
-54749634
36422972
-13512267
14792623
-21541907
-13176816
34254179
-42420290
74435104
55787378
-60456887
88176581
9241524
-67090798
61559477
31657197
-90899609
-5178300
20740515
-81262890
-26820464
-81309548
-69752394
68055163
45441303
-53941874
76977421
67475334
-63592195
63282824
70055248
-30394251
3965261
-27859244
96390315
22647231
45081116
29929657
95936167
18681729
79946047
87870814
25629214
99027236
12253878
13642183
-39558474
25221121
88770670
7228849
34734827
85213608
74077715
28670483
5384749
17074761
-95741742
34643860
22162142
42626036
85373646
23191903
-38026234
38991989
-38385264
-82703615
-83793249
25261074
20004925
-20065232
80794016
16572160
-2451931
84042815
-6780082
2535158
14011739
15924986
-72424502
-77294059
86820765
6389575
51108474
-6022207
-19523323
-13778055
-55206658
30043442
-28495116
79345315
-40536865
64484417
48586706
76160432
51869557
72413244
94501909
92938563
-14466675
99792996
-42274810
15286923
-74091784
58546
44621036
-88517331
-88318746
-6370945
80502946
-36986936
-38369984
52288094
-51077423
-2631891
-93213066
66122638
79282113
70696084
98147220
70253339
-47935902
-86075139
14260547
49041066
-54717292
-77269794
63637136
-56604436
30145573
86832323
-52021412
66944277
-89169771
-8028487
-8914945
74078400
6116805
95984464
2694300
-1661150
82862147
-36499958
-33072857
6031221
-4160323
-84427212
28951226
-56484010
14081972
-88325104
-24315890
-64190082
61066410
-9451793
36834713
15578236
-6520911
-70537781
-20257841
97388860
17010153
94278129
-22979240
87839394
99887106
-27798258
-94353193
63295999
-77913720
243048
40406985
81257188
-77049024
-89717441
52370986
-51633294
-14624794
69107284
19816371
87369140
56323211
98108604
-6288639
-40977765
11836363
-21643071
-9894139
-5234630
74376354
-8654871
-8599375
68656313
88386452
-15756006
91933015
-4782310
-68286244
-18013083
23577573
44177277
36436336
70292881
-63990546
-44896380
14494045
-12948160
16046252
-81255811
-19247266
21005859
78657433
-4977892
53563614
54070399
91582241
31962497
6589568
-66304408
75728638
75268557
21480462
70068595
39841601
59252189
71697866
-56497687
59232289
-88318035
-99636680
-98742184
-297118
55753192
96210536
-20116573
90900422
72288158
-52988278
69240569
-43277880
-85681404
-73813082
-78975018
-54426579
67219318
-98599098
-20632475
44230134
51558036
87048822
4903918
-44035516
-28175128
-38230221
86496674
34413261
-8534232
-67716359
-61285214
-59411589
-62293067
-87183830
-58942285
39683223
24374413
-74767255
-15152486
82499023
61703739
-55130147
-46596436
-36714665
91605832
12301115
-25460130
61162202
-2922132
-55236864
5829755
92013359
34800372
-77560368
-6631866
-18694475
89274687
20058549
52303388
85212093
29083507
69690635
81961697
-46086408
-52147877
-72194730
41030332
-44393033
43620913
-4039800
94205917
56894517
57005666
-93555076
61241387
-4733020
97707030
7431810
-56634510
-9310654
76266944
81614033
-88807522
78189304
-58629537
22499560
-48521911
70532279
6408398
-88797570
98601553
50207775
-35935732
11967166
-81845559
20750172
19878880
-33551512
72660495
-32034796
63300414
32223864
-77339104
11484354
30789660
-64254411
86385371
-82171589
-22455193
-18536470
30369507
-30097901
-82943213
-33090322
-51513243
43421346
-82263370
25739417
-34499698
29354187
-92832474
-69161664
65618993
-42614080
37050935
24804706
-71874646
41928131
-83535365
14993395
57592247
-9320919
92121583
-66119488
-57628693
-88768483
-18351627
-6042013
65120158
10996333
-45594258
-72682951
52329541
42243610
-15753332
-26823054
22246176
13364231
-5740722
-98243227
87548336
-90894296
-85471258
-66230404
-13599993
-80495957
56253391
56039327
64774845
-1138220
-36770432
27210165
37334191
69138321
84311689
-6134653
1360589
-66527524
82256222
-53762696
-89001891
34908873
74077710
82664189
-56522557
-58738589
10611394
-10781153
51192653
58743685
89525091
34317997
57869849
-94816878
-33960331
-88148682
91976574
99982411
-1233959
-13783204
-95403860
65568039
6179384
72211742
63659905
97335211
76248188
84458871
7488058
91998198
-52617046
88058579
-84258124
76900713
84113989
33362262
-12893426
-45878123
-39446012
97661215
7747122
-78775997
-33474118
-2356875
72978476
-77669897
81486861
-54258209
-16451619
-99805706
-73235156
83370817
67249837
-49793554
98366857
88675569
60979060
-74417572
-84026436
-58032016
56918874
90309243
86817942
89163928
-74895338
-89012039
-46889385
-3262605
-52617192
-56991267
-43959330
30033275
-28917554
94330757
-68894589
-93630998
9616325
75777746
-64619211
-17737166
-42858332
24600852
-65326474
-61790714
-1369660
2150081
62370814
-45358446
-22222057
-29517815
73115592
-73713749
-60548472
-49752374
88723422
53011645
-28888403
7636035
-89618744
-22945406
-86386466
89013209
-9684717
7749075
59876329
7468684
-92214415
83194317
-28443288
-75160376
-58967867
55304909
-43913390
42147763
22463694
-33687146
-37001579
-69105842
69271798
-92615837
-20129287
6422748
-12245044
-34439932
38496557
-3740521
-41814420
73764782
96140986
-86970342
-3875152
-6086086
34252387
70034505
-56609397
-77469927
-10866864
-75780848
66152524
-15392140
20743553
-76675842
-47061620
14152279
17679117
46448996
74702775
-94862609
-52504492
2222197
-26782211
-76025654
70477140
77395272
30562658
-75976192
90105537
-25021396
-18353650
10012173
68857544
-32139730
50612283
44888996
-13377104
-96579094
26658433
-41821710
46376160
79959858
-46362952
-14261003
-9713652
-10089349
-45689664
-22661649
-27559914
-44163326
-84451695
-17678098
-92828148
63095450
61226642
50499455
32264983
-61269936
72386708
86545571
74092078
-93873394
-88333741
-51986112
-14423059
-44567804
-94106689
46634300
-59421270
-13751331
-17368249
40823545
-73845744
-62861316
-55016126
87891194
26224111
84191775
99654501
26775123
-19517097
-48477630
30934559
19205384
-50563168
39910962
80987196
-77662330
-45158658
-77673434
-21421458
-17032403
76444287
87355862
-98354732
-56847812
76139128
12254461
-65281090
-19250826
-68302025
-79503273
-18317257
-6827241
-31793860
-72688268
90634905
-96187429
44161098
63670182
-7099031
-7460624
2801472
-21834496
-84507485
-24507695
-52854135
-47830955
43755293
84696268
-49579440
-51310795
30880967
47049470
6461228
57433427
-78456242
-9087490
-6191155
-25674524
92593128
-37057147
32628349
-64628880
-99135331
71419086
29918927
-21973756
-36049032
-21072645
-48054957
61616080
10520856
-11392404
44357476
27415816
-1953297
-73669059
2454250
27163560
-97397876
91241345
6939384
-68730177
-38430207
-40244513
76758293
76569620
62832166
28972229
92993447
14502782
-52003523
2655313
63838910
38940755
78189340
30135883
-38503759
9461763
-80425565
-55420839
-79283733
58819714
98519817
-32457053
-49741600
46014118
80992346
64368713
-98189145
71687686
29312856
-56131438
7233522
76734928
61211414
6940393
99244854
-15182150
-51444746
52239867
-63270074
15063959
-96935074
-29308988
5512856
-14057032
51819308
-14317242
-18177115
75308185
-49926688
-34604180
92901324
40117465
-11369782
-7605637
84935026
-18955422
-75634193
8433400
-8543804
-48405580
-39818584
-86966566
-56028978
-98315033
15883393
40763035
35242703
79351453
-15842984
86349567
13456309
-11134988
-14857599
45639949
-98198926
-7008326
-83405573
26739565
-39897894
71899247
23624478
-40465023
89235739
85091294
1947404
-44815902
-52668967
94194778
-82246044
66701555
-89934818
90053540
17788167
64338030
-55640721
68617538
52011823
99574628
72596509
-92427576
-77024681
-18885924
-43432016
11253099
81395617
-36745426
70470979
12790118
64734946
76400094
-92325811
10335490
19706179
49180201
-5382808
-24007381
-64348953
79387386
75793306
-73746588
-43504380
-21675917
-81653586
-46137423
-29312921
58164064
-84723
74389802
96068204
69754006
-50749821
25133338
-82570319
55285508
-59488775
70476894
78134903
13498555
61059394
-22549336
-48112594
82166176
82122074
-50620028
91350504
59751149
49435625
29102955
58330303
17186224
-31180250
4699254
13777583
-3015569
-57455031
-38945012
82000571
-11086824
40941552
96043827
7712747
-20843043
-11932632
-81382334
-11349467
72151175
15854677
-74968874
95770723
32197759
60827592
-99864196
-24592631
57572967
-88498414
-78450811
37944572
-42781218
-17969621
81139758
12138156
-43688827
-40913407
62344770
56069054
12597284
-49299935
-47920317
86749325
-20170466
22861856
-45526657
46303835
86071843
-73878718
32487392
82665930
-64573247
-54917894
-50011166
-95739779
3685776
-76755963
-56633571
-19569438
-86309945
-68100780
1525154
99988532
90274681
-2367851
97465160
32463987
-41311831
55172506
-87983763
-6573796
-35449950
73064682
-95099950
89497770
-61653178
-66727866
-1119799
-68413157
43285677
7019155
21549366
-88289162
-56730799
-48571533