62623498
-12865885
3117425
30095016
85749223
-38529976
-37428443
56160072
-65765744
48149199
-5061959
83901701
-2913927
93365283
-11249994
-44078007
-50367056
-22623578
-9782620
-24532667
11775159
83116062
-32127562
92505755
-6246785
72955892
39867874
5994635
32540809
-7136737
-17306856
-94760692
90518462
-67855196
9953273
-60169354
80276569
-19013075
98020962
1050276
-6696230
43410898
-10139956
-28936369
41382731
-75092232
40736789
17655413
22132982
-47219710
-79539660
-41138178
8417032
40045959
-57210792
-29645106
55476862
94834676
80922163
9763167
-95101750
23718333
32396923
79008258
54680089
89304908
-46802150
83373938
54604772
55028576
-37643912
80909387
-54235891
-76166136
-81611868
37760801
87654626
8314103
-23735134
25299317
79592283
83604541
-70700099
-69453652
-57688456
84251216
-51330171
-29508380
48606715
-98386921
-96485408
53100731
-10906886
89299105
-30883495
-67371295
3427170
68613994
91468056
-43087070
-15050393
-43039710
-41046904
30490631
10441962
-12349141
-17980316
14245446
4898260
-4933141
-69383443
-2461452
95429106
35391520
98238679
88942977
-53449019
94227827
-83291756
-3069350
8792730
-62791535
-55730486
-42928630
-15736662
96381007
-42146098
-17712145
25185602
31079902
-31808481
-66183864
-67769743
-41691370
78475656
-46144136
62158382
-65916539
-74049381
-46969214
-30123538
-95594345
-21957866
58560850
84827396
-65716530
43541152
-82442060
-63073520
52191283
69414284
61239489
18574938
-55678582
38525571
6086577
-87178642
79089287
-75279295
15447427
-61598979
18906887
-41668025
-53422445
29333934
37792714
-19572922
-13658276
-19509752
-19656311
59697557
85668757
-24876413
57551099
-204423
-47067659
-71363167
89357384
17535453
72707885
3054842
54615315
96084948
-90364043
54642591
71646485
-57132850
-36027206
58506302
52467191
-46065550
-84521791
-36806374
59544635
76372637
-95424323
-13303990
97659465
-85498608
-74561141
-39181779
-47584397
-11795094
86893734
-77374741
-78679496
-22294262
-36946138
-90511285
-74532435
29995220
50122749
1808035
-19593851
84269001
79571219
77813985
-55300657
-24039865
-25228816
94773361
26485567
51021047
33640783
-5827802
46079605
67044146
-9794899
-39841835
68512415
89177526
-1310759
-78529023
45192888
77253211
-15994967
-31758305
-22849490
82518434
-9315194
-11878821
-16368560
33371180
74726372
-8842457
-27136867
20701014
-55697374
24864422
-44991603
2468007
-53501362
13213920
64894546
65211831
77058027
79848784
49945468
-61727301
-54952984
-72683860
-73992933
-17399381
-59002841
-24974926
-56521756
46974954
82609070
94112201
-57501501
278000
57475513
-83452637
-46087608
49149286
31342953
45969135
-49701407
74285156
-74245438
62874817
40465951
-52663118
50049603
-54947004
85163954
74626188
83406887
19789469
-5692457
34966314
24775282
-43228202
-93842815
-9318987
41167207
-18441367
83751771
77874819
-61438866
10022055
-22558175
-76372966
22525844
-15915366
-13181359
-62456569
62387354
-43405980
-30994848
-39907626
16694596
9591454
-26982079
16373016
-32084322
-60431264
-57083115
-21923061
-34954355
29459543
45928968
33691692
-42549534
28226659
-10518061
26500674
6824901
19200317
-61962554
-10806
60734833
75056290
-55225443
90921710
59635071
94899490
67420440
-88122022
56480488
-89186771
-93913390
87849338
-63909239
-91791512
-25031114
9978520
-14082155
41632257
-80381058
-29697425
-27689565
82354036
-45220069
76888039
50378847
85006591
-37580504
-7334422
61787701
11716287
49360587
-98685636
-6283083
-7981213
35264838
-81573197
-93362940
8337549
-55769824
60577644
-89634924
-24850160
29871344
-42261284
-39025778
26087200
67304655
-68621770
67249857
-4573377
84287260
-98303509
-28603710
-32636609
-94668832
-24048050
-13579537
-81946646
-23622949
-66978857
-64196429
14591889
-40578200
-614412
-12120827
26414994
-21283973
-24159356
59404831
53505435
-13866570
-59009772
8423759
-21963472
67667536
8918878
731706
-73283671
-88743802
35483195
59305061
-74938443
-68348215
17703481
32093523
-12821927
-70694361
70127418
17178348
89317367
68822535
97525971
96074231
16942119
-50458056
-99378122
412713
-34826517
55249752
71014623
99937768
99723972
17683079
39876303
54086566
-4641294
85025515
-63354498
-88677676
-1718490
-79384972
54542441
-60016933
-40832758
20649450
-23087156
-92448734
70140469
-8434583
-91645561
92066639
75154978
25099862
-46560285
-43655049
-23987933
97913403
86429395
-60961443
10588439
78541503
56281869
-29279553
20898404
41931146
20855608
77978688
65381068
51566744
73528742
90954285
-36424989
72052970
-10066357
19405116
-79422058
82781696
12673939
-51914064
-64357217
26392281
-94888484
-61819775
-90869934
-72362014
-43283564
-24599680
-66862958
-12366355
-16502366
-98701375
47421583
82956397
61345505
72878914
48390695
-93999887
-24295867
33438693
84238659
4219416
-95938453
8225388
-5559976
46643631
-8420534
37524751
-23768648
-99920717
-31463041
-87059660
-87467671
33346748
56956930
-35559348
2769671
38435379
-90619083
-80711042
68588672
72040435
2740795
-45791335
-11394912
-86654607
-36611400
-58357974
-97338391
5203509
-49500678
13186155
-89493079
-96704499
-277954
4594097
49009267
-90223826
-2184058
42288392
42113556
-47495113
-9013640
33379353
-27789352
88270212
91297777
-92546047
-67550011
-42122
86777085
-33770883
-46367239
23410402
-16428136
65797133
-92217291
34581898
85414147
67438914
-43593304
-33280852
-78032168
83530576
43910246
-13914633
26751347
-39358090
-90228268
54643747
96467539
5831099
-50309603
-63694274
90403815
93776092
-13895451
-49087837
-91985659
-94417638
67703334
45642297
-72954854
-16988058
-19631118
-86777906
-40142990
-22432088
94307872
29986634
1400891
99562474
59475543
-93756323
-68092102
-13190397
10930966
90079790
-80135945
537918
-18511672
96784789
-7723697
80904442
-51073770
59996106
-68668519
-63445245
56423531
-17724248
98691936
63365630
88345794
-2132464
61529959
80493456
-26504794
-92519880
15942936
89468787
-98666021
65010266
-32300692
-3938028
20596255
-91853258
-75625647
-40949483
50381735
-40593350
-13839272
69139473
65569732
-918612
-16471848
-84697181
61863669
55451341
-28171429
9755302
-7069005
-71135718
93075584
84440965
16137791
24513620
22876173
-60516791
86657756
66913517
-27245108
-62325588
61050150
20841193
-24416729
16288256
-41623436
-24411807
48170625
57059067
60971241
23587859
-10581717
-66792439
92107966
-72700394
-3364998
-33721877
71904011
58064921
46045281
13702953
25448312
-14663049
-46455235
-55138243
-48922495
-61817586
83973344
30984973
-41097291
4800440
5060622
42994031
-79454453
-13667561
20544244
8350045
73418143
-93968078
53215526
69174641
-46909292
62166034
10604731
31673396
-12839569
-88618080
14964435
34500523
56230195
-12675545
-71632480
-31684972
72024593
-82463818
-61018310
83953807
88802229
52932464
-12313515
-42573468
63039652
-37491813
30567588
-44070039
6068758
-2726466
37278331
-34729828
15700295
-15081723
-94200356
-72134232
28204022
61685606
18973451
-60619666
28708090
-40982559
-47558411
58842877
-50992753
-90079523
86455211
88910874
-30867741
-68368490
-879550
39331307
-97713963
32546729
-27182390
38906754
-76348644
-31643549
-95268929
-98047961
-48568411
-91513082
21342919
56010078
-72476381
-24685320
10676083
6680574
-42639807
1879336
84154698
88064944
-35723013
-56366446
86731548
66633089
39926314
85280935
94241071
18329706
-46194908
36033363
12738263
-50298048
10747276
-39986541
79535856
15941787
8534303
60978607
10250117
-88434270
-76422217
-27146744
-46046521
-96569425
95739271
7479701
-68067096
68851735
42626330
64600868
-67092257
-33003956
-2085976
22929418
54308321
-45053377
12192940
-94680520
62888720
11817597
-33703606
-89409705
42829222
-70430842
-22062614
97486667
-51467277
19373769
-32871555
50105822
74383628
25235867
67752097
10751570
-72462171
67741866
30780849
-13851569
92336402
61017498
49653009
-72654428
-62015719
54328384
-51384695
53946676
-94559442
-25027038
53940549
-21147917
-59414820
16750121
-33252850
98337672
12320097
99242646
39124667
91395453
52752214
22377997
24418964
93168155
55107460
637125
-49158112
23985376
-42199890
-27313236
-19813663
-89185395
-88549867
36827004
57345997
37572361
18429189
-13069717
46980636
-38145625
-38118156
66319992
6413949
49671896
67215263
86594969
-46534737
-25065799
36353513
90847906
72418464
47050987
-47938595
-16820198
95454288
-13825460
21236455
88187816
-18103973
-68071960
-75838189
91836682
41491681
-17287393
-26838904
-17386079
6913918
-27666261
-6772750
19576817
33638196
29333336
-25289411
12560624
27866749
-27508811
95587129
8464143
72054309
-66946803
93420561
78615990
-34839228
-69870255
51643456
-26649064
12075445
-78929704
-98413234
-94617605
-45885528
-45040538
71995981
-10655452
19396007
-69577716
-95410035
-13022836
-82681846
-88769334
-60579323
70888000
49735444
85938264
37245629
-1187028
-86388937
-10282441
-92176630
55372852
-22854428
-28557726
-81498873
59958963
67821296
85993302
-19081886
60219618
30641001
-15260797
-48655988
-85945313
47385527
-63648052
-1983487
50598974
-33883249
70494781
-83833496
97482157
2181151
-24063503
-58198060
15801223
-24576451
-37964341
-901798
97520020
68599351
-58317053
65647482
-57231605
58736611
-1336162
94068312
-47331273
-21982014
46691418
-54591899
-3015132
97466425
81132104
-28740740
-62698068
11331568
-10907388
-84545739
-76188547
53487713
-29102928
-48589802
-77709560
-24402551
-56340964
37363227
56397617
-33887390
-26052784
-30747102
82161496
90369846
23470047
64397016
79772730
-38338005
-46461300
-22108587
30477641
-93434164
35180301
63630642
-48115724
-37951273
71825040
62431239
90648186
92716571
-73933020
-68271436
-19426693
39068151
92969446
-76326127
62993029
-49652974
99952450
-98202579
-92564893
-60895979
-95022509
17344503
26427407
-74208534
-50230110
-96062376
72595635
48561103
2334986
17067425
17145380
29695564
-60759931
70121782
-28754617
46942545
14123887
-62311074
20637847
-18008983
-21934050
69527723
-13535283
-94921847
-53942420
19912454
64928784
82689975
-47438974
-5108721
16317880
28602375
-58265935
-22525012
8977276
51654810
-81496678
44101473
99192724
-63183067
41534708
-79691401
-79959793
-56154677
-28006024
-35352535
63207885
98117891
-65416683
-12761010
-34218232
-19497521
83075417
5109450
50230580
27611484
39158863
38924417
-94038476
85187951
-49463930
23629131
-50674308
-84123833
-16457951
-65963400
-2777715
61389275
-26869645
35377347
32957903
52595056
-20417820
85353386
85777333
-78013497
-53244076
88414117
49045764
923133
91887584
27122841
65162736
46240576
-48179336
56734475
-48010341
-49917125
32295831
-61482484
76338887
-2723877
-84652255
63838861
-32981946
-22053160
77355699
-55502352
-1918606
-7128180
-89179889
45739099
34188981
89306126
83073034
-51270504
66530592
-71870844
72228699
-59496062
98344643
86701745
-22334726
25112643
-17769586
-13985878
-119533
28010909
-91864852
89947498
-52149858
-23586101
-68516932
75185891
31060875
-69003045
10538853
-83196459
20408774
-22861868
-80782591
-7108836
92966277
-53079451
76056450
-4472115
-75804545
-39260388
-27892640
3897992
-72022893
10565326
64675512
-10717926
57430206
80932298
-20098144
42935827
98895678
57326191
36457913
76308107
-94432447
-47007407
-72818988
-30012964
35314748
-13614097
11056676
36917385
29541652
-18895871
-75484694
89805370
-39178796
30538541
26972137
-73990241
-90558453
-10218358
68747000
8579478
-14411701
-5739643
14119517
-29625705
29547409
-18370763
-80538603
66118391
91603319
68024563
41874112
-37620844
94221140
-55421102
-98531697
67396837
79338447
-9596118
39711586
-75272928
43578834
41960710
-67402721
-56341644
-29467379
60744869
77075830
50822279
93062603
-50252600
-87677896
38319284
37988393
76533120
45964986
-60054567
58318353
-88641151
98021238
44353854
-98992241
66875242
-29684473
17303827
29416398
12918296
-5497229
-88169744
89576051
-29216177
-48732352
2615159
-46019007
48924896
-46402884
-786880
18556102
28022555
-76584534
1640844
-58929847
-30123815
16856068
-64386149
-72796898
-94222929
-34022416
-87533649
-44428751
-98309129
48613567
35598691
-44504401
-23332404
-82535198
-16868513
55141312
99826240
78133774
-90161661
85662646
-15361677
19965817
62886726
39303499
-35636129
74115235
21587896
42586305
-79207354
-38721453
8224922
37515722
-42065312
-10409050
95894399
-547044
83771588
67917862
73538655
45652361
41515544
-9610192
-55163043
-57039101
-51026216
40599084
-92815120
-15267934
66654560
-61447033
26169757
-84504644
88332936
36534198
36229406
-45438195
-78583565
-89992708
-23453767
61080353
-41994247
54521253
1544586
-87833787
58495875
-93400362
30529187
-12233343
-40912
-46329077
8016011
22156264
-62122924
-65986408
60241395
-97295128
-74070003
-50528167
62184955
-14579383
74334346
-78527628
13379780
5574386
94064918
-27314295
58230556
-14273222
-84215220
-10397202
10139223
-38599756
-1262784
43916827
77026039
92794616
-4701701
88973653
-21741130
88142167
46260547
-14568095
25764848
44380891
-65117242
-17604279
-64688090
-33922538
-2612163
-52412500
-88427479
7270019
-38017991
27137576
-6963758
40582636
-5652293
81684054
31017132
-96664059
53444497
-76115683
17969428
-109928
59235972
32662211
258467
85003363
-23701642
12653301
-93145473
78304899
64163619
81295055
-28636624
55785854
-8156014
-41750811
-39759591
76482331
81599891
50812051
-38184595
34760474
-92465289
-33016576
76456769
28884426
39007583
33392736
-54893493
2920700
53008600
35464767
86424037
-56723523
50821834
-56744126
94177149
-6604404
-28870979
-24351590
-20191680
-72329242
-95296545
23002053
42359665
86222691
-85849429
-60736076
-72803459
-47954715
-77825589
93278898
-86871145
85045014
72875745
-37325945
42788373
39189763
-66723823
-3545266
55129091
61710970
29187167
18136851
37036245
-23644514
82924421
31017725
-17851849
82398929
-94296253
-74326222
55553184
20572567
20634270
61236655
16830734
-9615159
-84743642
-93816217
7913339
34767854
48594130
60511215
83291429
-52319771
-36945856
-83535167
20224279
-55605729
74590735
-5889738
-49509180
12675522
67309110
-46850581
74015459
99007520
76900532
-59603159
67598375
-37624042
11227204
-54631315
-994202
90860749
-14675444
-79680783
72836498
40604465
-96725323
-39531326
-51774142
97942814
-94177694
-39256507
69179651
84015614
-13008219
-70412353
-51554980
-90802847
-54211393
-2418702
70685822
-49231098
74970239
-6410028
25639533
78180932
-31780552
17695346
-88700455
4219745
33118303
54120078
82473253
-20879860
20904087
-25688898
48029084
11443072
67964949
-24248488
98004438
-49886507
38892297
-56011894
-82731156
76607812
31361606
1522491
31290647
-78343517
-5795277
59912853
72636946
96374447
-84250227
-10296680
-7686719
48454745
-33831861
-15526538
-96239015
25612681
-81525115
-56284117
71781033
-23136414
-42281552
50409034
25537829
-95042662
98302953
-63901003
-12462149
76519371
73718056
36298954
41701739
42259464
-40461562
27428433
28242466
17434656
16038854
-50166618
4714099
-88997907
14614454
-55541070
40541640
-80859961
-42550220
1583359
-18550706
42458544
-35580028
-56310801
84739577
29931158
12219033
11314180
-77902187
-24450730
61975192
-47733396
-56433588
-12952542
-3493724
-5180314
-59876243
63715648
27014716
69253214
56403954
20277760
26387398
-39909156
4750043
-65054580
-85409112
58424079
36314741
3964676
-80277207
-56124568
90770612
40650200
-38589330
11346648
-90228587
12964647
-41027653
-16309769
8626498
12733153
-71049246
22768260
84849884
80403430
-68388389
8490133
-800650
18835295
93981587
-70991643
-95623836
-43144044
-32791242
-57154783
19632362
45871171
22463561
51589257
21491776
-6307192
12095271
-91158201
69427299
-41335187
-62174466
86470188
-44428894
46613509
68000407
-29547227
23527782
64128012
-54826418
-19749887
55979475
82042039
15241952
92423100
-32888410
-68059632
34984649
-79425049
-90018934
-63039051
-36177000
92198585
-32471966
13533421
-59742152
-49550613
-7348316
1156521
-43264476
-18700625
94695128
-94753619
5343382
-93415065
45589480
-75980757
-77820684
93799895
80449958
-17187903
29501027
-42801558
54438856
-20700027
80928095
1472466
84618554
76958988
-35717556
4454946
95703905
14617409
-38290226
27449125
-13214837
-44476452
74509432
-66025339
22226314
18300390
-29875824
455616
25654697
21241429
-1167006
-61612867
-95410261
-73919204
28649027
-27328334
37558675
-83704711
-88896142
-90082091
-80966531
32799091
40651228
-55907006
-57730590
-5247706
-90031863
5955805
7075985
-5145466
92440594
66032509
34688050
-457031
78360763
-10617014
56812647
29417511
-36615971
-26188876
55398444
-70200954
-83026344
-97349438
14780768
78240950
-48048293
30382638
-45225368
-45155600
70200649
-75286861
88667581
28223714
87605418
85663553
26814345
-90844815
34493304
26487327
-26499427
-91863659
-10401376
61108618
-72349705
51073692
92712918
-49754168
-93955462
-35937189
-37828258
-39453111
48106363
-70451709
-19489868
-9113108
-44836829
-51731119
92809033
-21930921
-27843679
-31388335
93303117
-81590329
64741549
-14962056
-90504320
28483506
-56915575
-88054777
51296537
3981629
49799927
98831338
40153538
92589261
-28890780
-21053690
90117970
3327559
-83542791
-29200415
-33202961
-45633773
-19371068
-13322871
89986055
-7193728
-64252909
3359149
68601744
68721488
-76552871
54749950
37773232
-88302895
-59692695
94072440
-90672051
-46306886
-55379062
-59834091
77652731
-67353740
17191970
-3226327
70829477
-87924888
19976384
16358373
60142474
-54778520
5305586
-76369687
86669569
25663862
53937838
-26055685
98376416
39578686
-75098182
-58896990
84634895
-51776697
-95938593
-24175727
85835080
-32007100
-58010097
-26969379
-12955578
13871701
47185288
-1205485
23627489
-56389800
-11470934
-40039397
52677551
-97225090
-93037189
-96111578
-46191029
15148724
-15253097
-97717516
95440652
-50911081
82354685
11525890
-30873904
59077652
-42144159
-66023920
-81288477
-9203707
95055268
33448162
19908391
14501492
-58760051
-71371537
40114238
16100614
96416928
-18090415
-2617539
-54897063
-75608675
-63416941
-1531757
-3154546
-20323437
-60134717
-37752383
-74305588
13758197
-38214471
-3527909
-82532806
-1047873
-37745376
-3730953
80407013
-99188524
-64870598
-72669108
-77089872
98086308
17860392
-25769616
-60574703
-62025896
38382538
-22314266
-9856109
4665661
27578758
-20366493
51277147
-61515105
60502982
-23429464
57537401
-87034355
94609903
89462377
-54843863
-10861576
85450066
28422025
-54210406
87656778
-41796845
45735754
90840072
11789543
83159916
-93937241
1597015
-33560732
15098521
-8095949
37180999
27768647
51710330
26412622
74548580
-27339476
14770590
-29981264
-85889717
-45255050
-455989
68639879
-45974505
-90871406
31749724
12975341
81625298
-55925490
-21150939
93154855
83327161
-96023570
-98741426
50886685
66577909
-71252863
53237707
71403112
36043965
51677559
51947905
99251989
75029319
-99260416
45170191
-77197236
20087064
29620030
-28424557
-60793955
55063010
82274528
16525369
-61235872
-43310586
66551389
-56214216
89290458
33572256
-82933208
-24175370
-56846707
63955459
-34710312
66795568
-63283399
-78204883
88463172
92782130
36810082
-41331151
-59841417
76525991
-26419691
65481362
9099977
-70927887
8794791
60740907
79611615
89168633
58288008
1734489
1306444
-85085659
27061515
26810254
-74752295
-12288789
-42156638
52626455
-19597258
-30898700
-26012480
60216928
27085894
-75131135
-20291572
32764367
32354449
-67716644
-90748142
96252414
32705625
-83920413
-51405618
86143414
5765681
94655556
33118237
23730583
15419459
-904180
65843244
-34047506
-10345575
60221547
69853466
49310611
77150997
-78173501
56352079
74845715
-36938195
43571431
-67260312
96445645
-74029845
61893333
-84973567
-15245014
-55900325
30986313
-57118981
25219215
-80351363
74169485
-31769393
30075396
-19924394
86351268
-33422893
29628466
-54043237
-62186990
-57894695
91821227
67273552
5274671
8540612
63249064
88998793
-72806001
83575934
-94166900
-68381652
-89891973
-24680133
3991648
-78878610
-62855436
-81892653
81434518
-11007801
-3645292
48307101
67189901
31856917
20659049
-24314295
-84162182
-14368219
-92758935
-14107683
-64050802
96283273
85490381
-87628060
-92086601
-63829525
94870495
-5161897
21831671
-24066113
67850689
11528958
71792955
-21035045
25583406
-89688736
5408193
-70914913
28890355
-66920299
61154405
30684804
59870130
-13704318
53668927
-82987637
-4315773
-53922652
61260594
28551761
-51421998
-26501467
-78544780
79427330
-45328316
52091002
50181885
57255721
89909840
-2241015
-97868757
-76225567
89600498
84177722
-97485628
41383706
22607054
-70533672
1949574
-8419402
-76406057
96924901
33918855
-24640864
-5143911
85164240
-21064894
73048599
-92278224
52092623
50272890
-63903949
91089636
-44292883
-52967945
-23047758
60950997
-13399699
38877931
-48744169
54810223
-16561925
-31423725
-66075695
35211532
31724345
1378714
-48118626
92467006
-26425929
-665651
19901736
-24231115
8703013
-49013151
-73005000
70659964
291245
41977693
-30216516
78791576
-16578686
-18495829
-64378327
47071970
-11718617
73664818
-57494133
-77552462
26730082
47382202
20949775
79398437
-98296176
-67748978
17621455
-17210184
-7988753
-44629038
75594617
47675812
48838994
75175647
42339583
-75592116
29807439
33498076
-25872093
3298776
85814357
89901449
-62020239
68266895
-28294856
-12180194
-39638026
95331284
-3151847
-68004915
38442190
-30551348
3847480
31206154
75780392
-61994205
-37526085
65470811
-72120943
-80159586
-54624362
74379723
-97340424
9186760
-81134191
-22936776
86377148
-62780892
-80415385
-53271992
-24035270
-96954688
-47119702
60931577
-97804187
-76484823
18866079
98273257
-18792562
-68191863
-24308678
7986188
-5706543
-87821485
31012969
-57875582
-96340024
64314839
42692073
25071214
44172513
20161554
10657754
-73780659
-28694146
98904449
87876878
-80574973
-67209916
24997575
10787446
-12761600
-95356293
-84179386
63945245
60209379
-35756216
24751489
23299384
67055383
10563537
32833689
-70868377
-88500963
-97265626
-69548134
37898397
-61914973
-11271440
45656282
-87242423
-66086044
-83255438
37958349
-60168040
-86477235
-6611695
-13889918
63525022
-80982196
6648410
9644522
-20970556
-64142381
41886408
-14976399
-20447184
-80801645
-40531683
56617871
84776088
-23816711
97228347
-3660914
14404252
-71536014
72528550
-359400
68135490
62692764
45373504
-94787159
8769011
-83486348
-6227205
-57580667
27431587
79619363
39725419
-55902159
25769160
-927791
-89460930
-89285680
-77066048
16023161
-4822776
71622194
-18174536
79748363
-65669322
-32741219
34062598
82705789
80907323
81597539
-12611431
-44337955
19861688
-68115984
-23122856
-7480164
-77571461
95100029
58254330
28711221
77182624
-53258038
9867929
48675146
56447307
-97990099
57913081
-91410554
57223777
-12074924
1050117
-93049973
4245719
22455354
88012733
-22980747
24796173
20420164
-38194428
-10317063
84144712
-71066762
-72711740
-277193
-21858826
-51163680
-22198324
-8705732
-5333737
-143977
-90524693
-55707558
51864925
-52414032
-22544992
-18262351
-11768284
-68909187
-34632674
-90910271
90075
42675088
-79318057
37872542
-69134093
52745954
-13359448
-59070149
56700228
-80212719
97761204
-68963257
59243264
-52313750
10750273
-84490696
-12819864
75493756
-38740108
46939948
-87823024
-71420121
-11513143
26309096
-59168564
-68757146
-15172604
-64644668
52951496
30776130
-23833675
13999491
57700329
18137968
-69909677
36209510
-82880720
76213602
-29097980
88327289
-95871362
-3797780
38132430
66238002
-48988718
56414382
19841715
14826484
23891900
31110721
12385785
31776411
77385174
45110490
32778444
13887830
-93802248
-46450830
25196324
18646191
734659
-15705299
88515158
-67070250
-24878890
-77351090
14874714
8799308
55035212
-71795949
-14067989
91871515
-61244155
56855043
-11652552
-63068206
-16790038
-87580178
81600912
44097350
11563882
12497192
14510466
-37187958
68592706
82285587
53216652
-78059805
-15295458
18592664
63704705
-71186203
6998815
-83556799
29026730
-90322191
-5619142
92933705
-57277802
-50252949
-27873158
-34426353
28459533
-24210686
56452404
98536403
43124737
-97771833
-47475928
-85982899
46725881
37118979
-84016050
76931888
58022000
2605904
-58456603
69745275
-28040308
-44081870
-63139068
84300868
34696803
2339735
9548108
84932593
42155376
-62759602
-94453688
-69128515
-70494161
3354444
-58822343
42157987
-14068993
-83022561
-21246036
-47344873
82117044
37917935
88236765
-3593070
-69210540
-81570098
-14828329
14965549
47024981
70662130
67825113
66707343
-32410167
63599259
99864749
55066992
-1770120
-12293434
-76101648
-43661391
40208658
-11010160
66454023
51439049
10130552
87030067
92705896
-1262217
24628418
-23631174
86937817
-20469149
44414436
-74047368
46128693
-72074321
83675599
39893713
-97998757
95301906
-99117094
-37693766
22634587
68506146
-19899003
12945096
25810955
96465549
-36387343
73367504
-78367469
-11666521
-92255787
61135190
3846435
50604241
15894028
-42398331
30191506
-75835768
-86421022
-75619508
-2385785
74685682
-89118111
78537652
-76599217
22554972
-6152119
-99963152
-23057055
-72243622
-64590272
18805411
-53733227
82553256
-88313971
-89385664
7744950
-50767402
29229987
-88245798
86359068
15820593
-97555495
33462485
99038614
90999132
81690943
26751364
66542115
96795938
-50723719
-95404908
76192202
-73756593
-43218256
-78688279
-74646594
25945509
-81952095
-74041544
30597496
9849134
-27651833
29362744
81147131
-52021196
-48100186
-74298492
-59904150
73830385
-27300325
-89536796
-7733686
-10480706
73273644
-75556710
-77044363
70790168
76980156
74375632
-25006190
41895676
-69624713
-41815513
74329963
34761490
31311084
-67627387
-38499443
9993365
45440418
-65750864
-74245452
-25642889
-30000327
62155398
-79183622
-8320057
18073930
68389426
-27358265
-62642300
-51565598
-68529228
-2532276
7423754
-21761325
32845010
30069170
8575696
-49831851
20978270
-45651264
-10982951
36466391
-16992195
-88485491
33282777
2333023
-3782442
-8863791
72450504
58262393
-90948701
87606934
14842751
-14959934
44370944
82376841
49351820
71272974
90125570
-65608422
-23590336
73231964
6924405
93122009
27110408
61722441
-65215007
52706793
-98960959
38241457
-8005715
-42812871
-34081811
-94594737
49811846
-21299984
46986332
-56424378
-82545422
-64361869
-23668152
4707285
-19010037
-73920341
214256
-88551547
56518328
22577585
-13839783
38472743
-31811246
-2112373
71681293
-72743357
62722839
-31347413
-42889738
-60776752
-80797741
71050227
78324519
-16895902
-81985404
57516154
-65453710
83222199
38988906
-65537562
-3615387
77047031
5565405
-68375611
7068539
-79584078
-35667759
69240920
82222947
84671347
41329068
-40041969
16960420
-23355665
-69791169
-84361115
-27882531
40759297
88992671
67512817
63812592
-914280
-86628909
72571133
85084520
25567490
-91664833
-69216324
26694367
93200759
-50251934
-73419807
14882076
-64797344
-68675330
34257592
92290947
25254695
-1267979
-18718757
57443482
33986697
34067141
41656258
-13931089
77260099
84999141
99508363
23011227
83310549
-51478859
-91485179
-75458254
70190287
-29853654
-39747098
-78475614
-75645325
17015679
10934251
-82012885
-43239734
21728126
-8569543
-48825932
45016257
86416351
-89037799
-62801541
82306927
81714815
-93443911
64750693
82114393
-59709511
-71759310
-74204315
8817743
-86872670
-88238087
-81552953
29556733
-93292116
-46026481
-91733922
-9389228
21766274
-19910132
-92970315
-32635149
87769974
-55443552
-47873061
-97106023
69479959
-64318286
-6521674
-98507514
68962783
-12872560
34305953
-45323318
-95205264
88647892
-8824759
-56771465
64698046
-73598912
93325211
52187170
-67384559
97453600
18921097
-5020374
97615115
-26154895
66198421
-4566130
-82211601
194295
8268062
42766718
45385809
84237281
-89814360
20932288
32493338
92259873
-33598823
56029170
68684566
54649753
-62869705
580408
48234031
56539379
77501487
59695860
55560656
26596587
-45075927
62459412
-44513068
-7730705
25355349
41148248
46370967
12333036
-70301766
51355687
81643042
-50936725
-24424298
47993771
52507350
-74835236
-1937794
36872738
40322557
-1083902
9921663
-30641519
23110937
-15993868
10511089
-92590904
98872195
63396093
38212425
81423723
38429829
76034973
-24366841
36224002
43859757
-22268349
42334782
-886273
-22356356
-7429211
65147842
79021012
-8782776
-65046609
-6798137
56352944
-2845261
41661313
-42845966
-21016669
91536009
49635646
-96741060
9508446
65437584
33984870
43675500
6748989
37712845
-9263438
-23065155
39598384
-78406284
-51411995
51957018
4314817
-36939828
-18831024
15369835
-9795829
44651490
-99881805
87993511
66190585
-92557462
42873179
9197621
-67845562
-49733938
94611492
36885192
-40889485
45432878
15972784
94518583
-54995473
22659840
-4462034
-72115357
29238150
-47204504
64938614
96149407
-90491991
-84766799
34720604
40204286
53043511
-13443673
27684691
89206950
66235710
-29167604
95025245
41578969
74224237
56212021
-54884628
-9145826
2293962
-16345294
72639209
94499553
13356580
9546670
62011487
20612107
-77488589
9731656
-4973329
-15202945
-78800068
-55018328
-59419921
63897197
89700968
88348457
-3625266
-54714675
98105631
-35670902
-79341878
-38483013
30655913
-97287305
-88391088
-38090892
-1322552
-97852639
-5026318
-56646476
-51912734
-3707410
32081476
60577610
82795716
5961091
-94608946
-79082717
-96087072
-83499304
47881818
-5020701
82619253
94599230
62361617
-68969999
73102038
-32942090
42430367
44181858
39335462
-75841815
-16680916
10956869
3057118
-23471691
63581696
-52951078
27755981
-77281583
92564385
-27973898
16898625
37207893
35233474
-31221259
-78731393
22499117
98819954
893447
68747264
-80428153
-39585123
6577334
71903278
44324708
-59517375
48795104
1940925
-86772927
-68887489
21822813
-57434695
-45831800
-35309192
78455304
-57524793
52595180
11205284
1854766
-15316028
83892154
6164536
-20443400
18942614
63581787
-48630660
8678401
26459220
-94286344
79861016
88486192
7181756
63868264
-30221333
63191768
-53837616
-79976507
-47879093
35137702
83763060
2679117
87229790
64940579
-34564528
-69775380
-61322249
42112972
-27924573
-26898027
-91589915
-49581303
-10154457
16405514
17896227
61197932
-45789096
53785157
59445878
15668443
-86612042
-37117498
-95050275
11036434
32740878
-13694186
-73699753
-80095203
35005199
-70892481
50107270
12534804
-91440170
-44013378
-92429031
75605985
-51525353
48288528
-43709031
-35820509
-80630751
-90209024
-49793838
-2244142
-26764930
-210940
48111742
-17791563
73108411
80205075
-66874013
87618809
95845528
346969
-36266648
-34889470
-88057406
23433222
99084086
30747935
-9929256
64334835
51822749
53636085
-41814396
-39301330
-67051320
64321784
97044510
8845198
82897587
-55572650
36373352
-19205990
-34483847
15943805
63822542
91796801
-58455587
-63859136
-11853874
-20135791
-61882575
32626619
39530569
-87632606
-58037534
72823495
-95053110
-9315841
29514371
-71980251
47408718
-16679769
-32066763
55410042
-47932884
-23943966
-84938964
-99431268
77831956
31688357
-50560459
-17298764
-25344951
33741404
4956786
-84211459
25354715
-30923483
8634435
57450723
-74915045
87828746
-63596997
91729485
-15306312
-81441601
-90055821
82333962
-64726407
-16898041
6917866
67252159
64340053
-4257381
42238577
87905901
-83915694
-14872213
62037018
-24811389
-29198351
88742508
-53213845
-52052126
80204170
-46886520
74570665
-98904987
-82310175
45240473
-74752377
32062736
81080775
-31706017
63347520
-17553342
-18135804
-21541899
8078578
-51668071
54799324
-98750936
32571118
55480598
96360630
83641046
-548291
-34515198
29441604
-19601527
-5180412
52156287
93850454
73263917
-89420697
88118478
-62575443
-85316036
-15983684
-98118011
-1484001
-34419975
-36979482
-84581229
62775821
-44424270
64854787
-93591974
-9015360
73914327
35329224
82134042
33346423
22341194
41510701
74441604
-113947
6305355
1195839
-51924876
-3654659
71288282
-76758363
-71399980
80988825
-98991074
-8210444
32433399
-91197172
82419451
-65454761
63687292
42962449
-26668913
68915468
-30079884
23432003
-17792326
-51534526
-73242177
88835205
-36020510
-86959065
50697303
-73112926
-8264137
-43025631
7179363
10290906
92864611
-50964090
9277739
59660427
-8026478
98895892
-18286106
88668123
42414490
-852468
-16558493
-84586939
-75358349
-77617845
88505957
-4827354
29884138
-68503121
91600757
86164518
-54114216
48234340
-64936054
-7208395
-69675939
89453251
73713742
-27039215
26104499
-65135154
-81806719
-27231531
-31977309
-34275563
-4252205
59021680
-4480600
1188294
12367672
-85163634
79703237
-44194526
-24879445
91967223
77356078
49738712
-41643217
99911755
48354771
-76940170
-3899003
-83544065
-41597240
43322791
16840397
-29704544
-63622820
-57108626
-69203099
74801892
-16506995
-84108441
33580882
-92269301
439572
21796669
-16967130
98701525
-42854468
89692906
41772635
-74893903
64761925
90366874
-11243717
-21696490
33489014
-23977453
60348537
41748886
14451429
82360555
-98853092
15235878
11365836
-39405130
92965103
31523493
-15106832
27446323
-14282397
48731047
62824360
11012166
17055800
59291040
-79988608
-74410916
-35026007
-24407347
55584209
-32242333
-40239081
37356966
72771239
-36280665
-46217924
8869708
48237915
91530929
-57651202
37072239
28278987
-35354418
65478689
21309203
-30674107
-91117520
33677823
-99966168
14517796
71074160
45688635
91936667
36239528
42766870
-23741998
8636098
10441013
-14602378
41072357
79349649
84259350
-62389230
-82339850
49679030
28845066
65922799
42283515
-35363927
16124862
68659696
87728247
-60838141
-83522299
-30349715
67568049
9403458
3640281
11905470
-45539541
98894098
23220635
82941744
-22684705
75480162
-36353379
61670703
-47011761
68032767
-74240176
-34633258
68190867
-47846661
-55884055
96111185
44312793
-50202407
-54296581
-6878452
-13770221
10735476
-56384441
-69553870
-14472266
43859887
-74368958
-4018385
95816139
55031863
38449794
59391628
78014391
-69862992
27858550
-1440142
-12489817
-83398480
-59585300
86394525
98485296
2314262
61641997
-37764837
-79602248
82144886
-75856265
15092239
14432514
-95117949
-45668185
-77023794
10859062
-48108315
95289347
-17326932
-26361092
-55754033
-1555122
-80088764
-64680381
59048104
-98747059
28956007
1604016
48083829
-81593980
26410779
52004066
-11956898
43147200
12388322
-10281762
74670874
61588274
-13064942
-40579944
-76174742
-1124847
22922078
-73993323
43693266
87895666
87616653
-2675885
81593666
41236466
3983506
95901585
97660847
-46803634
-13125283
34055106
96638973
94389680
-4227580
-10971868
-48392696
7850168
15177985
-82924239
-64133514
-5891296
15718550
9558297
37934913
71066131
-92097181
-87113908
-52084472
6315737
-51612094
39985217
70789207
-39098998
-20461478
-16044735
-91062106
-11824752
68859693
43769147
-83047076
-14099881
39216464
-67837360
-60866879
53708725
-35161495
-85810583
59745182
80682754
92932861
66180302
81590630
-34106115
-92782021
45035948
94964106
30751304
46099679
-53246454
7429579
-75555698
89698742
50666331
82385507
-34563627
65595567
-45927820
90168746
-39586384
57624670
-92070820
22822194
41606441
-34340116
-1614566
-93921532
-72310073
7305211
-9868867
17798191
-89278065
-66335113
-5936841
-71748850
47615072
-8523820
44211839
-37871097
34983611
-31324492
-52743062
92921758
-77432772
-34815013
28097333
67331457
66386645
-28604929
-68288419
18839078
-54316948
54676559
322337
-35873822
-64785459
80869550
67370955
74331523
-39984543
-32869705
-77048548
89835073
-26965955
-38445581
-11509598
-27259641
74507320
33894983
18212275
-85879612
15025065
-94257822
87756489
62857202
85696444
82740439
-33171544
-64500496
-69852753
-30132918
-29277870
-60780151
-99830051
-31118474
-11381393
-41747014
-60801906
-99057242
88014220
77716526
-3152001
-75569099
10193646
-44328209
50863780
29273722
-23944114
-8700486
15733384
-27253301
-55701449
-34068186
-6009091
78179407
18635640
80230183
18540263
24687104
31795456
90222851
76288662
-86225961
66267453
-60365058
-68081412
-887505
28362286
-97955052
58057263
2484064
-69454741
-90619794
-13561516
-55790610
-23575614
-32956935
-4969218
25565377
14510682
48214909
3180632
30381838
-54973383
-47161873
-53779229
83766503
50567191
92480539
-64129509
69466653
-992888
35866873
-47023119
-83304108
91311438
70758378
-57181754
-19993790
47058834
-49618795
43110538
-91551242
14441360
-57802728
-25199289
2938751
77813611
-2659708
59170658
-19014734
39491431
-12206681
26378549
-43458898
23183092
-48362383
95212513
-43438853
16384528
-96431196
24220812
9214855
6092869
19209663
-76466952
-21778098
30894473
-41584781
55369584
-75782861
99601554
3907157
-49347828
62757028
-72852916
-69284820
-36708040
8369474
-50689901
-92885559
-16025581
77468744
-48667687
-97198779
98300891
34601907
-15291790
41748738
96515082
64588361
1141953
28660306
-6017688
71102635
64302174
27729857
-4280331
44387195
-29572382
-6311030
9556336
-78823536
-28130046
516076
-33593196
-73395623
79710388
-3586503
-22481756
-10078616
79543124
12683651
-53744823
62887008
10547101
-72867274
78730932
7996425
81225476
20088148
17538311
80700857
94186245
-20275634
-21812791
96367504
-21251695
-85535147
59446832
18244540
-78019943
-47525357
33152741
17540469
34056671
-24647807
37850140
-73589951
-36937511
70071009
84527787
61531483
1754650
61181355
92677921
-404805
-48562528
-82098699
-77666100
-37790872
63781379
25563726
73720314
-4328294
50433909
60247207
51073135
63049341
-27449896
97829219
-88943652
-9685625
91895122
5345404
-3750536
-5027244
86790616
-78067742
-34184536
17284718
44332471
91113583
50415050
-51313276
-46243080
-72366899
-8048928
76002024
-94726664
69619855
-31602892
69365876
-56587371
18274372
77783603
85483881
-39147938
-22360276
88866553
76632602
42110667
18641561
20025819
79952653
93185245
-26778230
70592256
44828289
12428064
9267334
-31895902
-33243909
40967265
48095548
-69082314
35669865
-46930383
-25630302
2590528
-35970396
-53459196
27248648
72751943
27319453
-23655276
66632849
-57976578
85822062
16614971
-21446624
-55331443
42942056
-25337555
35899773
-43926070
94262130
67320063
3935192
-76122670
81596499
-78151008
86009136
-23445081
-67970225
-67041970
2647071
27331537
6130272
52786067
38700441
-77370865
-13583616
67252770
60902947
-16629133
-88801766
-47326920
80303782
-12454883
-93422808
-65493594
33753474
-64922332
-37032100
-47196246
30394400
39427132
-87267561
-14192438
13886343
-51857583
-59447252
-52213083
-41841020
-86089494
80403163
72326630
-33840285
80683564
-63625470
47552521
-9980937
84271855
20837704
-62694074
49190594
92513213
63987027
-36477368
-80303431
-81835613
-73266831
-52473969
-27317024
46378288
-27234851
-35805183
-6900665
-31660484
-39474385
6845503
-34151275
-35025878
-1021238
42816150
7990761
5867311
-67822359
83030995
-96424375
-74191068
15482536
-30398151
92422391
28376173
-4043958
44422276
-43741725
50532436
-43349418
76547443
-75437339
-77687966
-378092
12865039
44742809
72822340
-80041927
3562053
7289763
-96630023
-51842547
88057482
55165605
98212493
22352262
-2152069
-81925805
-50941220
-87236855
-3229649
-14639028
95521698
-88790217
86854264
-47438117
-75693698
11271090
-57184257
-95967080
-46029242
-94303128
32272946
-7742814
63016682
-58742007
-55924255
-8654716
65576959
-23115295
41075604
33034319
-8317094
-93046714
-76643169
96729661
-71441507
-88222297
-38689948
68494679
-14224613
86622955
-12127501
-22905141
-92493176
22151181
63833692
-65735253
-98970432
-72729656
-81698070
45732211
-27682756
-99722417
-19645045
-59716617
-50712181
29207182
-35209608
-82313716
-25727534
-13742615
2917376
-39321240
-39923091
-14253431
-44996516
-23314146
-58019215
-98453760
93253596
-74990675
-28144489
-63217174
75162228
-91441429
20507386
97562893
-41938750
57049883
-17414809
-50228067
-29956340
97453842
60948598
84424063
-38573615
-75321815
14103117
47613171
21638594
52863640
-93010936
-68274124
98602108
13019333
-62454423
29658920
81730920
-6354128
-97858402
-76464953
-4142375
-63960347
84077537
68033867
36768548
71199250
-96037538
75305129
68375910
-35977515
70844818
-36066633
-34065473
30824726
80733978
-77517496
53253165
-37050724
-47400079
-75608726
-12218352
63007747
-43267918
-69884350
99353746
17111631
-90596302
-92005044
-45066438
41367640
-33349240
83949107
-58730857
20452827
68511990
35244517
-14153854
8404147
84767181
-55928747
73203187
17570421
21248441
92013362
46686474
34728748
-81287582
-7071481
41574643
96452910
-60162582
14814805
-29026184
-6800908
29393940
79919832
80492016
-16752571
59869115
68128483
-2460644
-48468132
96679719
92766952
56057990
47020863
-1800435
94312273
54257191
-17155526
-43770606
32926989
-80776404
4878835
9171883
48949706
-63961124
-54388834
72758514
-99419679
-83263032
-47233495
-45227337
84630420
86362737
-49351273
26923554
57131552
78237849
-79906161
-90157787
34696044
-58052529
-61378972
-64539572
82421300
66950311
58021965
-51745796
-70483324
-98319061
-29671106
-5365090
-88720591
46007636
66881723
-31260615
-33215709
87139890
-37716279
24586484
-71884730
-66705907
-59387375
-37095050
-33230650
72367542
34625308
-53934593
240814
-35104507
67980309
-49943418
31126620
21682478
-22431234
85387085
90600034
-30109440
-7282804
-79765126
84440615
-86924556
94933510
-77716402
-12444734
-32163341
-80715475
63004723
45065377
7666039
-95882518
-85175875
60169886
25593913
-72732203
68096016
39077292
-39853947
7723561
-88111264
-53489733
58935342
-56527739
-20780283
-21791468
64201134
-90092223
47075083
-21277310
86544270
-80162560
47079067
60220772
-97810497
21999426
-79437155
20965711
-3015422
99289726
81218581
11286065
68216499
81143511
18868986
42416393
-32893934
-18407019
-98465137
-40151344
-32933627
61860345
-19583004
87081337
8142509
98194935
36399284
38047417
51262791
-20926202
95221159
-24603375
53176603
-59917250
-86983947
-9674236
77051017
-23247630
-19877083
-65888066
-76538330
-2519375
3019539
39242810
-85957862
48248419
69919784
84687659
-94961848
20850520
-12657292
-91932294
-1188600
35891523
-94888680
-92405288
7845727
-7674443
89371514
50384045
-60573457
27600254
85693965
-81906987
69960401
15008418
-35310682
68114884
62309857
-35323472
-52893757
-1474492
65094787
81040677
42088383
-75177085
2144759
52358127
60226207
-27194314
-89702874
-75330127
2268054
47622889
80661876
-60893331
-91072777
-15179791
5323801
-33160618
-96122392
-25830143
-65923455
91588226
31353127
-26677020
-67213303
-78858023
-56689908
15394738
50862872
23112468
-71376189
32174934
-3826242
69216126
-17703863
38066895
-29241339
87132221
-38942643
-86020445
17734245
-18811795
26316751
94051984
55888132
-22964447
-30707710
-99968779
51094985
95885333
-47413997
59088263
-28778606
22037641
2851671
-1634589
98598017
-38845261
39589564
36617726
99037147
-80882589
-4655516
-48345550
-87701956
19410434
-46621402
-50167294
81465953
-51893346
36888928
-95619381
68970304
-19106527
-19482556
32718093
49700999
79458911
-85135120
-44000677
28398913
70204707
70314539
55625525
-38667483
-62872751
24566173
-54906609
-95664524
62089035
-32892754
-63792704
-59849341
-74031009
78077877
-89915155
-7338872
-67909607
-29228782
44609460
29887104
-31983114
-12893225
61277246
-29273178
46831238
27252050
47590479
-63857016
-42524828
21681896
-12299762
22344687
-3643150
38197407
-74045656
-21175739
2318732
51254843
54526521
20237000
88598364
-72715084
49224717
96941094
66183591
-69286743
-77358801
18427124
-16138982
61876007
-79947883
-17871043
31106912
-45555165
58992076
60427014
-11685714
-35355394
27910680
7096702
6383742
87447529
-849787
53103867
-28039964
-24691470
-64644340
66200549
51184471
-1321102
-95314083
33611703
42666683
25976606
42086659
36318218
-75381431
65192386
29098091
-72428586
-43102793
-90129465
80144389
-8401440
75311499
30157302
-23541825
78321523
70318091
45232305
34836760
-66112364
57814598
-39344655
57929744
34832495
28419426
-58964728
-10280099
-94298646
47551869
7362749
36466984
-44251313
11726831
68618790
-40139006
-38481187
-22678774
30613224
38008723
-39795537
34111255
-34214389
-92119283
56812666
89372333
-4901549
32393692
16886319
86303354
40903802
32348840
-18658510
-63835295
-33015147
-75358228
-76930430
4410008
18219961
43877585
-18586752
-27374677
-52112293
26098128
-33158008
26263538
61704897
-16790496
66499798
-5954321
-98698861
7287211
87469165
-71857988
66197994
-65053420
38252403
-56315356
75804785
-30960611
63939057
-56206172
-10689393
-91732789
20759896
-50104304
67776076
-90686096
-16527096
55375613
52235451
-51125210
-80019187
-1669948
-66875210
90909449
55084843
-62338078
-88107437
-86928016
10193556
-79971960
-83282091
-76911567
-29068877
-2195798
-59243834
-29753766
-53458371
58370856
-76929022
55400623
-28620470
46716418
40295530
-94083163
-24031335
90321303
55221427
-29248001
67253240
-81837739
-15465780
47486526
-45242954
43588899
-21895274
72555040
-33614099
63467707
-56550040
67532191
40050058
48853660
-36675818
66426627
-30606977
-63058814
-41185391
-50846683
-50111896
3584726
12325654
64349463
86757598
12098184
-14182874
32021124
90231449
9184067
-1679207
10156545
-93579265
-39240829
-19204761
-64759989
-48195264
-73684308
84139601
39390964
-16042024
34661072
-16973807
-72340151
-92549887
-60335541
56544626
70761488
39849112
-83467054
41674247
23099591
-51415342
-11725963
38085143
-95515386
19241269
33926452
55499562
-5213498
-55019404
-30941093
-74073094
-59574916
-45132630
97289012
31137075
54020214
83376928
-94900185
-74162029
63379911
-83933683
-64239170
63330776
-54077671
56358454
40071007
72805225
47401298
-36106343
68057223
-49906719
50103260
18343505
5713955
-92878566
-1943455
45144645
-55757895
95440624
62745137
36743462
-68254300
-2374534
80808161
-76202472
-97216027
37897763
31973335
-16514151
-46948650
-74785416
-64531140
18160897
68216698
-7224661
1110912
49887330
-98149375
85689137
-57478023
15821932
37625144
736468
-66987477
-8651652
-53020315
89293702
-85619960
-7458103
66273156
-31789672
13735119
31454846
-15482730
70088389
-90525281
-59264441
72091412
-90170790
8540608
13915917
59775489
-7181263
-34705236
-23891999
-45832254
-30344428
70875142
-46439011
-25134858
72192193
-99850440
57311311
-38807769
-35040695
-70848631
4806313
49087899
-27937132
76138048
-58902584
83455772
64894737
-74712652
52995169
-75336319
66263637
-87182306
-24304545
-93875751
-76822946
-17600923
95112277
78930731
72917733
17128987
-55400059
77506872
-82523066
39397348
11535241
-91852228
-6219764
81001376
-64353346
37542834
-56506109
-15128553
-87065808
34160540
-59839993
-31007132
53747215
-93907842
40817264
-90271003
59314176
41846222
58270954
-40977989
-58160153
-79535029
93219146
-28375466
-95857641
-79776601
-74679344
10997142
57753231
-28344721
-47733634
-68630060
-77139049
71100118
-29413744
-66147264
28117278
23000337
-90167031
87453065
24456314
54657161
-86180487
-77449807
-17413824
-67732493
-47413022
-78486930
-66814756
-48877293
-1898854
-81504378
-92001133
-26950631
58237368
39202157
-99966846
-57516525
-70376762
-9598451
-85166210
23089692
39174770
13187515
33305619
40380427
-66318801
-41400853
-92131633
38534631
91008977
42013007
-90874056
-69181184
-94809760
-1999688
-74915764
8484697
-16542426
-83622611
6069251
-42692584
60249711
-75306200
-66725307
-1279086
32231529
-39760421
-19536656
40174999
62154966
-20730768
89732777
59902750
8812638
-7099564
91663036
29173684
-95124065
58531513
-35067760
-41154063
-40797973
-34618600
-43365969
11473467
48043961
15009663
64581761
-79766883
-94743781
37768608
-61734880
81480445
7448259
62325175
-14892803
-83881684
79302493
-62513099
99663547
42240622
-7943016
-47903653
-28436291
-40785571
29376815
43486983
43183181
7344156
-31032893
-65328811
-30325327
17004195
26001550
58325766
93397679
85917894
-90733112
-6898217
-68998096
97890302
230649
82742982
-39689886
-94985916
40171995
3904556
-43959540
-22712677
-99606554
16947667
95875182
-40668465
-86318726
74322503
-76854315
91663957
59097131
-77601197
-17596347
-52458132
-34515967
-31281025
-56719208
70830190
-55174745
-48820306
-72148901
28843854
75644085
59369702
59715987
-91893936
-88011585
-70457089
-12184454
34337677
-10415250
46753591
38874286
-40099712
23778784
-67906983
97789108
-13663672
85396806
25081306
-97489586
55484071
-70411703
-57809600
41800406
-85781222
-3646143
98298264
61418119
19939561
39906072
-14752541
-40540937
99530465
44704312
65750598
-54054580
43907478
91265971
863935
-62455645
-45526810
94498972
-80667352
-63014156
-96257105
66135706
-60385801
60564931
-71323677
19499121
90767451
-86588693
8622453
-73064881
72840153
-3083233
-29737888
85445525
-92382578
79787574
925955
84546201
-98827091
-28845842
13743976
-51331047
-99353931
34109259
-72381761
23260233
25453421
-77207574
10910774
-56750083
-67356897
79920468
12858485
45594694
-46231027
43902725
44337524
-56363889
-64215996
11837363
-18312203
-32868029
22719222
54923961
-82095565
-76640513
-53783453
-64585716
-2412051
91627534
61851326
31107242
76904296
-10646649
23954648
10535747
63318130
-16854641
77479043
69649868
-8703290
61906548
33516350
13209496
76381165
-97930316
-34228495
24128019
34557639
92994181
86198505
-99718120
11330129
-95210020
-84097722
-41540024
3716117
33384660
-63185444
10682021
54665912
83311062
-84155238
-14728881
63485737
-74661801
-88564902
-61821402
38636592
68391286
77436039
38217945
-37063700
33669031
79263707
444818
-29034084
61917896
-35470309
-4590319
-70947610
67366519
-30944428
40403210
22422321
77268589
-41191515
75228175
-30359193
-8663015
-58355387
87317922
-89227887
-82731540
7841296
56701785
92434724
-43689087
66639393
12101403
-58466869
-58515078
60852574
-50064185
-88463342
-14680
98708065
60476562
-67758368
79888202
-2478181
-64480067
-77015528
85165767
-90312103
70576765
-4275401
67253075
-46971775
73238881
39674427
-91147934
66745068
96427601
40306886
-77915596
96783608
74314318
-67689870
9802905
-60598681
-9604296
5704662
93497162
61857371
82698465
11645581
60784471
-530388
-99700685
95469867
-77075482
-95970319
56981587
66248163
-85663714
74141595
-65770671
86461125
89989042
78356685
93454617
-36377718
84115634
10241378
15696080
-61537513
-7480207
-56724426
29489116
-80203621
-97217603
55101179
54542175
82596934
98703866
-99989872
92688826
30789538
-92870303
51635129
-51921353
-97982809
-26036498
42149038
95479206
75472198
-21375444
-19405951
46116883
-50637954
-38705643
66111900
26638248
-10772245
-22045393
-23415677
63991526
-41221651
37700024
71935436
2214751
-30018064
6584191
33762003
94549132
-32717903
95290421
-9263673
-38432707
-75499513
4715899
4030239
48897536
-7711456
-79131300
-67225234
45035769
-32397911
-3412571
-37565146
89223000
19599283
85763343
37424894
-14860622
56760510
-31985196
63958846
41861062
-11544816
70765267
99190447
30498246
1811235
38597341
15625605
-75170725
-4385228
-29881112
89704594
55041027
28695352
16301922
64413129
79035535
74232006
77033349
43151847
-34350101
71947538
-17141720
47201565
15365021
-28044269
23451719
55131449
-7960915
15481308
-61492592
78364270
71937756
-26703990
56165304
99474028
-94822344
44501397
-57568561
94303604
60392883
14995526
8617476
-1942141
33087685
-30869985
-65869234
10599432
17331551
29594320
6926245
-52611294
-33664097
-96653517
31170429
-93723038
53192097
81108469
32545626
-93753257
44670335
86280575
-77806340
-96888223
-26042925
58764276
21392577
-61568241
-22127021
-78518173
-88976489
-68500615
95876003
-15001379
71090329
16717820
-62552255
-87213539
97586249
-35103795
-16315779
-11712587
-89940113
-61869628
-19537462
-28794848
48008070
51859571
-27252514
-49398054
-58871572
50910485
28885809
-80569561
23208586
44623306
28306823
-27781601
82016040
-8578839
-12582507
-82005592
7355516
72443259
97015489
-38088953
36668338
64280771
-17006278
-52595223
-40453702
44605691
24678826
-77646537
-68770541
-33895661
18503117
98362981
-41924817
-50775634
21434723
-42645361
-64971312
-13216445
-14515775
-96993307
77021559
-10138830
64456264
72801105
55680496
-21090274
-44211235
2304031
-27184255
-67068060
43167405
87450591
70999036
62094815
-69222146
-19689129
95745895
85293752
57019425
-39125757
-75127968
-55902277
84123479
59763294
-52397030
19931350
79137816
62771565
-32496303
41171950
37188387
25994093
-68166251
-3360789
-83968597
21294030
-60664283
-10281547
57121388
-14873900
-6830733
49017500
-36202941
-60653252
89668720
26333565
-9169306
-65561949
29168673
-11621996
96190511
-33876567
-13348303
-91290184
29037242
-31720959
72854961
-12731436
-65718247
26124834
17695066
-37688096
-1357515
48221404
40878171
-83027724
11047653
90388702
71072718
50954023
81820867
-35352846
57112528
-12012556
-6738925
-32965747
99494469
63788186
-14216629
58715442
55334105
-81156879
-65999881
-60461040
-6556093
-71281405
95029767
89945327
-48669409
29173692
11108975
-42208180
-33620491
-77776034
-76383349
-67145988
-41610648
95125106
-86686174
26770117
-39061453
-66802040
-88066627
7486227
-63377950
-59939923
86150658
68495861
-66773269
-16449770
35630173
-15671890
20674815
-69723460
80597388
98566949
74607223
-64998896
54168811
-23965095
93321461
-1442871
-54060908
97399070
99420724
-93967738
68449133
15376205
-78846636
92109155
-36674078
63872354
-16712384
48532977
-38006922
-26489887
30359230
-23658039
20903988
80434243
-10407498
67680058
52869698
70422771
7833743
-34294201
30416444
10665137
-77317596
19624987
-99951766
33403302
-85435466
67577087
5142129
22005233
55066861
45948717
-28894725
42044002
-93323620
19543955
-17985244
-84919742
47326616
-89961363
-53822983
47893000
-38638996
62196780
18837296
-33689062
29947749
-31961652
90033254
48327701
-76567275
-24369170
59222507
63422424
12239212
-51561809
65475588
-70716617
5422049
62691926
-55222923
-28714191
24698242
-8484901
-55609208
63451288
66157089
-41670739
11325120
-58060541
-44740363
20357253
-8082692
-78775437
70073025
-59902616
24168975
17855775
-38073881
-59123368
-61240632
11393639
-34603826
-83843948
59016537
34323187
91361630
86361826
-14726041
-5010536
-26446003
-13476454
-40768721
-78265688
-29918958
-62242096
-50023925
-31324120
99051765
-52212554
-23034565
-74520000
-7041935
26242027
-92283242
-53106890
-29568164
14267800
19781509
-89636551
-89145201
-91870929
-84543810
-19269664
-42788554
-95330602
-1203791
64741990
-38437504
45305714
47958383
99412280
-7330182
63617122
-10665348
-93720426
-31213999
54719329
27374015
-81694661
-9928941
-94258031
-84214379
18176566
-68461525
-78485339
2198579
99604519
-74850553
26228153
85530553
-56073276
-60072363
-26016243
-78391781
-69583622
-82251553
6835203
93638645
-23358235
-99677888
-93260150
34453658
-25726878
-36480248
24427290
-71940033
53925202
76360173
96590366
96850589
-16337385
39995493
-19045742
-89705264
-13334962
-26540763
87267262
87049291
36565435
-62418398
62623755
-26642716
17944542
-42993649
9185290
2799110
-3959724
61201373
-3498358
44868369
29082052
29151333
39211694
93201582
76239194
5025811
-17659487
-27487352
65812743
-26166572
-36193902
47244753
-54979030
46280228
78653129
31494711
29826326
-30327526
56090108
-29975083
36600590
54625478
-56965500
78039854
25063679
29802604
-32906740
-1515405
73637559
55631914
-38398006
23983807
11608781
-29632109
4577217
69514427
71167817
-58018023
-31030283
-6720856
-18161359
86786669
31281562
18095548
2742204
31724655
-46194663
-26797530
-79993397
86072757
90055450
-92050220
-56921280
-64478443
-72896144
-51105891
-43839142
15500299
35074459
94510638
-57110939
-38419443
92758209
-74711715
-15267952
-79764986
-7860702
84458159
-41205606
-370426
-28463770
-71232464
63719695
88110015
77021522
-48508730
43594010
-96733823
-86827230
34224103
-55989240
-79372748
-11420472
-25699785
-16975791
86660914
-97776815
71820217
-59912358
5592485
95578233
18184785
79546600
57076720
-96935349
46761598
-28928025
-23146030
47241705
-47152624
87786299
48671297
32809091
16083705
-86774330
-4816043
-85422473
-6948759
92226935
-75966501
-53299704
6930811
-91235435
30113549
13623515
85446086
-44370448
31619819
61004531
19839834
-71717874
-24359240
30494454
-7490073
78870379
25772572
-77928556
60352677
-41071268
-15452042
63416665
60445189
-38915792
-74009819
47994544
-23919058
42138162
28156730
35667527
20267001
-43843539
17597175
4668949
68746470
97555080
76154289
10125290
-80520606
73611616
25823726
-82416161
84253298
-4315654
-25514089
55749879
26534708
-84483609
-20904486
92141936
-90594270
-72594615
66802814
27608169
-65234251
-91957765
61997170
69546909
-86797317
-95225554
69989887
-1841315
-84016121
35700552
-57726145
-92834763
6684053
42884594
-10011340
-43352033
331595
-75566268
18868652
80213373
11473421
-27926884
-84154168
-59880458
41681211
16803982
50819622
-85464117
65964376
97073566
34380913
-83915822
24019913
66687647
-81107695
-49260180
-38308440
67768098
96491732
-92155045
12774266
55101385
-926068
-34984298
-51879071
-18508157
12471223
-73809005
73514962
-94664598
-24862008
-81268353
5421877
52362647
-32479941
-98392011
37419681
-12418065
47407018
-90389316
-16740449
7908525
-28202967
-14204489
-21643500
-73524718
57458989
11908958
43875638
25710908
-13362658
-53819882
-40191609
4870612
-97245588
-24937226
41217110
33998325
52146289
-31996417
-90730474
-68500359
-84478419
34279797
34288341
-93019631
42873689
-91782664
-31415026
-46181970
-45654923
21133673
2852519
12937331
-68769374
-99794422
-55356683
-62700284
23185980
-4594716
-43769337
29580575
-7838641
2039728
16510999
46383116
47439981
2854091
-69296571
58697814
-46314453
-23558193
-3783104
16555936
75010755
68069419
34748244
-45421386
-25805813
21942059
73331656
67362218
-60519034
34444825
75092251
-9643409
-89868229
1469229
-49103630
47749583
34745194
-76468809
-86535404
-81004286
-42319988
5265690
-22063289
40851722
81056603
3687073
-80796550
-50125918
55413371
74489557
-9637092
32302956
-37569788
28365417
-18955316
-48464771
-34550843
-35923066
55165107
-16211834
56435547
67288855
-91836044
85611054
50645042
10263521
-68473878
62908840
3045398
52645320
64723119
10976822
-87861227
-52000745
34230556
30069920
13164600
-91889396
27749965
-15458866
75467766
-56054607
-15149112
-1135050
-39155345
-66340399
19562913
47195802
-52524730
8546528
18098272
-52581908
-80871189
-3935427
-49934721
96365094
-85408346
51704381
-57695892
2409582
17800818
32331977
39990899
31111731
-14892560
-62972728
20811466
49726891
-45669447
-11757914
65007096
-59236601
79039876
53981518
-78776075
4788014
98009504
-44145195
-57830958
-38321800
39232406
54050212
-51948486
78621783
-14960767
13119617
-63448516
-84289687
-72360369
-39137065
-97937899
31493764
94448714
-56287196
24280098
-44865570
89933384
-9258630
60050484
56031602
-87584819
-47606278
38187126
59758945
16120193
36563421
38052874
-33634945
-17977299
59018510
59022689
-17594345
-40667953
-447527
-98337349
-24952620
82190477
-93559438
26508338
59304736
-87179381
-74275868
1749609
-75082799
4365312
16936218
-23235595
-31647092
-22521892
-27111159
-94232155
-22232674
-57282603
-87778783
-51829079
-3818424
-79044457
85556375
-15171000
-4950658
31103088
-37552968
29319223
-77863791
-72121598
-99111165
-5506364
1437951
-66981303
35651832
69160107
-99792056
26370177
35945650
-466376
-87521167
-65790362
61175135
-37922123
-28380081
11074896
28478110
-16510850
-37115313
-61901257
63919145
40091945
-24004210
47988701
-6928953
-47346687
68759352
-91369854
-50396229
-382358
61683072
-72839233
-47433367
92174573
-37148953
-71527586
-48334896
-98491162
87282627
97418806
13606501
97132729
96187783
35628630
-75681398
-18580242
11147412
51671369
98874378
-84318867
-42834955
-46113407
-90577009
-63554043
50362147
-3071117
-35537309
57096413
50070056
-56410432
25860683
23140383
-20719689
83419771
-77828647
-1666733
57823547
38342228
12297931
93299701
-6761221
-77776818
18566027
-44286393
-6328696
71917192
-95989987
-98272911
-59819608
-92545889
-2224399
-46041997
-18818631
97881037
-49541507
9970851
15496467
-66340874
-99779232
-69861567
98150916
-1255425
32102587
82811767
13978773
-71018816
-49656005
-16798420
-26997169
20498868
25000473
-84736310
52938960
80324951
641178
-71781486
85247175
54144496
82267302
-21620297
-31301637
-5158287
-14971221
-52384003
-10041384
-76720286
-40577537
-4807949
68653017
73055538
-69659021
-44973947
-47381724
-33126528
57662358
-9498015
-60413028
-70837867
28879182
90434503
81688197
89431819
-60427028
20092824
-47884409
21007009
-68505239
-35559572
-10749931
-8757018
-13859940
-94970809
54713319
67047344
-81246187
34335376
39991611
40577758
4238346
87426095
19477058
68593168
-754856
83333475
-18578400
60370510
28200317
-91809127
36665110
44835008
26490139
-32598910
-73313546
-34367899
-83169445
73079600
38614598
-36682277
30362834
-99887347
80826868
-76832373
-78152366
59221586
-32646193
-30830338
-42357084
90759357
-48352157
17409674
-77164369
59305265
-48709024
25526495
39583322
54994859
86535436
84066683
3539651
-34967515
69222824
-13656945
64427617
-5684321
31118825
46910453
-46392289
32883015
-64604705
91379585
-46883271
35064749
25126326
53458838
-7575832
84208545
28011737
-13291390
-61940819
85966408
-61015671
34360152
-73327884
12004431
-13546661
89665746
-74344381
-30445441
-217769
14982697
-74878892
19227433
-54885865
-11455526
65284370
-3333460
65943915
74141226
6163553
-95646465
-57143246
-10961807
-56246020
-15391694
94388171
11230043
-48771452
21824847
58790495
40022070
46720616
-27236970
-15430628
-85331187
-48570263
18975908
78760401
9131483
40286713
-64964903
-87239253
-19660518
-25990011
-99853558
-60635602
29494468
62335457
-48602627
-22181060
51245075
28945266
83766377
-15893905
-15516463
-43198363
-25921725
-48134159
24501811
-25540415
11343663
-26029080
-88109134
-66025553
-23083373
-60266036
-28884686
17478711
-94708121
24435058
41342240
49871771
80979358
-9510916
-88765934
-93169098
-58307065
-75765817
-22627397
-5247168
-9406246
53188386
77447697
-84832959
71927854
-49923171
-92850667
-48510319
-74195431
68023299
23933779
-81231400
53494040
41840441
49486586
33597277
-42653704
68670364
-87697429
-77391975
42315863
98867814
-18299723
-94813284
91598959
28222672
-11758208
-19865206
70884319
-22807559
-79871928
62351866
11949806
64361503
50615923
-67829327
-58794320
-84526532
7348208
31807004
-9615949
-68115490
-2568168
-87417499
80244241
-99709494
-59662925
-98492063
43180403
-85861035
4160375
27168236
85052293
19119309
-4772701
42876413
37395688
22768820
-24272895
5586456
-54848867
-50623495
47599952
-24621297
-29498420
-96573170
-64170260
29559865
8864051
15800861
-51133185
78010837
27791184
-38214363
76328736
14585964
-11666905
54036378
34210889
12690003
72120408
-48596491
-33055375
61974584
-97040980
-97735938
23487287
8270553
-13275266
20451172
-54703335
57490072
36792129
47891609
51013864
-62748747
-33416534
6486291
20045002
62183528
-99276983
-56015400
-45456623
1207117
48743478
-17710015
-7549469
3082785
79183311
89395422
-14443362
45297471
98569229
75908034
-49499658
30009093
84439614
-48298685
-70973486
-61565956
96645995
-87707229
36970955
23178993
34336845
-86413648
-58588503
28144881
-18252837
-20292750
-33721959
-22213857
36680294
-25846711
94190568
-6816361
-79268682
-29056324
-21617398
-83674860
80170331
-36528208
87534000
-29510378
-814856
22644106
74271122
-50943222
-14492084
-2929193
-10908688
59924777
36211643
-49312146
-21674879
42542611
46657063
-67844250
20585280
-76418086
43678171
-38121397
-63420788
-98927151
-21922053
54949482
-16282066
57044960
-56722635
86872670
-44064028
22786715
-54676055
49207926
29332077
-52970799
39896019
15458459
-28005759
25668052
-22845752
-87073034
80662559
96887138
-67138750
51890169
-25242755
-52353520
-16379883
-72131741
18109685
-36351062
-13459522
-18134893
-30335458
-71351420
73915826
-38686829
-83570322
53939577
-47561755
-63684537
-4489708
33709891
-16728100
79508784
-3821507
68004860
54140738
17285273
-92600934
92944734
-51076756
81420716
98198327
25582041
-33196093
51451555
-65903991
30787604
30218879
-4894522
51013377
39160270
37625526
-30100724
34689226
12853051
66173141
-72859824
96626340
31017781
-26526
8658243
-94040234
97350446
49296826
47507257
-8687681
32929193
-2770135
80141905
-20968867
14235747
15147084
3629139
43542646
-40641574
-5634742
-53782854
74613372
-19619758
-7334281
-9714418
-53624393
-69403219
-51267306
28935022
-11645760
60611724
97237470
-61938797
68509817
30030004
-47703946
63984538
-6913848
65597806
10877524
-71694354
-98880592
31233347
-8266696
-30030395
28975204
-31960668
9353109
-58176496
-82262891
-4118069
-58120660
50913579
65827277
-46136910
-76988001
-66484409
3209445
-99828693
6502256
21590279
-18724396
-78411512
38004432
21982051
-64316640
1866416
-76455231
-92738659
80395301
11991387
52563009
3656209
29685448
-4025926
-21477208
52880817
71784871
-70612538
21440494
35080332
-35762529
-63910463
-70773856
-31632757
-42486207
84298051
-12126730
-13629254
-93892351
72806126
86955189
1591475
-39306608
41207479
12990109
-1291429
85080655
-95240778
99595896
-88857137
91654108
81968849
64512806
54883434
-18442074
43302007
-40710196
43108299
-84290141
54842818
8128240
10069044
14535241
-8939289
-18842067
-67506033
26506125
47292125
54318893
-16740347
-44992262
-92922130
38584819
74097314
-55436578
72315741
99338053
10206654
56685471
-75139583
99490197
21984156
-63599664
-97789838
50648883
-24901636
-20743808
64564987
21621992
6745901
2897148
31725093
-23475428
60335239
-67689907
-90176189
-70335195
2026596
-76130781
-43948371
28214006
-71141916
-98883916
-86642245
2968959
-56987007
-12626458
-32712484
-36377103
-3477269
66599974
-26755022
-10886297
-94316224
90661855
-76719985
38935576
-80171454
87264951
-77890158
-96035648
72356081
-88550875
-21590322
97708357
-6171205
-45387810
69335077
86187861
31834757
-54573776
-40835577
-42386439
4323233
23756232
-13247473
6689743
-12066277
-83141146
77153422
-83919720
86743008
-48453599
-32634793
-52625448
-747545
-74607604
62597153
93777007
-65761380
-13130512
-6726371
78800102
68825252
-66254310
83504213
34284520
17203770
-82019734
-20851461
-56822309
8998346
41560140
32062757
66178171
44546198
-81680827
40200183
-45274142
85195354
-72530338
77347216
-71663556
-66776103
35236591
-85490167
69802261
-11442210
98602939
-48905839
-61595019
89805564
35417014
-10922726
-20884829
79548864
84103796
-11823338
-28215696
22556190
-74189910
7174576
-41056693
15647835
-43251293
-42295465
12848146
21563022
96657608
-63107984
-15711328
77654325
-17379232
65226969
-20126478
3735515
20268214
36676589
88720672
-48361494
73140073
-6567841
61516897
12922117
-21432762
51065661
-30856732
50333208
30691721
-49470366
-378325
66252333
-94451117
60750455
54116458
-84348561
-36513241
-16325472
-76099129
-57459209
16141485
-89098264
-2470025
59257429
-3316192
66427880
-37660532
1855737
49514046
68296775
-14657297
36138906
19833637
9746826
91618833
28624630
-37073786
-47605622
-13273662
-45074404
-51195027
-64398188
21459142
-52802866
-47530713
-15564153
38790895
-51821507
-70185421
-70888850
25385226
45190879
62233243
25908026
-92067580
-29018082
-96723970
37515398
-42340952
-9829897
-70128624
7396922
-68557303
37957666
86690408
-25595958
-63204030
59032158
-34081790
2659413
-45767040
-55089971
-65711749
-53444208
-56332368
95426593
7730123
-76035495
-26908791
-99576908
61074947
-35613434
23579669
80648091
-64407754
37562402
75119071
32938682
-89954331
2631111
49832641
33235097
76432488
-90574619
-90984268
-34616949
-15436311
-73963231
7011248
-74804762
55848408
92220530
87626613
-58766677
11687942
-13496046
-97790818
-93863510
-17986677
83849596
71539832
-24069940
-81814853
54366659
69699858
-88704431
-2938562
1342656
-10776060
91062610
46979479
79431758
-92257422
94621163
-21822673
40841014
-5300132
-82810521
66652745
-50261809
88053896
65775027
59898719
-50792917
78294773
-65159364
32111349
-56189638
-91604043
-96429899
60619823
91455849
-54885379
30720913
40548432
86898893
83966657
10579211
-57793812
10619695
45396628
96320256
-33246567
45008964
-82150877
21839418
-90987560
-39694448
-82939779
-78618342
-12191727
-3067203
34736146
-33399939
16946489
-38661578
-67098441
-1825352
-60427133
27626702
32850885
88903401
-46567814
12324266
31086185
-60554977
35854316
12139723
-80077854
71596080
-17221458
19120169
68566495
-32296308
-39681052
-50135411
32651533
-76073867
-47354444
66675806
-78600652
-3050165
18653022
91601394
14615179
89378052
-1487397
-40427146
-9857761
83381733
-52186599
78083153
-70293487
-49824375
-10040756
10520597
66513672
87933805
14830145
-76868169
83833323
-5523064
-40953492
-69008212
93437135
-88995651
-20788972
72563395
-13283707
-28799338
-57845923
33920239
-11097876
-40004482
55085803
50316401
-43375035
59843293
-36929665
-53761845
60457218
16129970
10323314
-15631761
-98394600
61138016
-15411198
71313117
-57883627
-55560693
-68671771
38744882
-54478653
49172475
-33650075
6018
46687844
-54985969
39530328
-1725896
92797029
40241255
-98213049
70049823
83049860
42543380
75264001
50259009
-73768349
58074954
95782737
-87457902
25190060
-83300753
-56289019
13961792
97711862
-68703386
-74695862
-89644687
51875700
23242698
30340371
-58893164
-31589280
97971287
-59857685
-45231853
-24876571
-55627242
96865921
-81920469
-50180195
-39465139
-70703373
-93520722
8160792
-86383380
16445803
24746258
-85788822
93445992
-79651157
44226451
-68855353
-40127797
33140480
23692924
59060126
55993776
-95968522
95457411
-89817268
66658171
-74837331
-32755396
14808685
-85829226
11111340
-93473830
53311741
96327198
1047919
32722381
-47630913
-39697625
-61414728
99067336
-38828638
-15447380
-6030300
-88069854
359805
-35385162
-59642169
-99460262
4095669
86995567
-56383129
-72478184
-91402387
33780951
-62127246
-18925790
18113215
36743485
-89047439
-61323957
90814017
93239462
-53423596
-50212404
26974138
74506893
38304017
36937975
-5574319
20312704
-69451230
76685938
-1461386
87422621
-68419648
66996401
87128325
66866889
585590
31159571
35048150
-96176560
79126911
95884828
-28275502
-83916616
-95090725
-92630454
80742397
40405514
-34789512
16127226
24387329
-62213146
-89911078
34867609
14023487
55333400
-9491430
98276020
11976369
27202020
27609852
-15323584
43938536
89482309
5117110
24295160
77480591
11164376
-50489538
95788909
-915632
-31284090
61701182
2782793
76165720
67951549
-43865350
-18580792
5205115
-13818290
89563533
-89418717
75450377
16158542
66576282
-40120329
40936096
-52941933
24731719
-35966900
19221530
-58458718
-42834110
-37276104
41008947
70268445
-18940408
-86999914
54327893
-22103539
-73124712
-32719053
-11558326
-92353839
55973521
-97799646
38031393
-4383969
-77569545
-69533563
-33540165
97846372
72611321
68562059
46313517
-62938370
-71729027
13823603
-42884868
-99682412
74964584
50695481
98367816
71014498
-14471834
67188989
-31346482
-45077263
-77635870
-11764150
-68466917
-8470593
-74008798
-53827615
-19854808
58664630
-56065734
70959416
3405288
-76154486
38629628
36049696
91810489
69100282
79966064
90637834
-45664825
-49208452
-93795204
-15315860
92355787
19889306
-64312352
5604823
-19546784
17475483
54498185
-99533771
46429308
33524049
-39699464
61624701
38729505
91482623
-17932650
82228152
79914297
29676182
29763402
17541545
90132599
769267
-19868083
-37835723
30849835
-45314635
-73717479
8602632
94972698
80423559
78258213
67613193
-77100307
96109361
46291929
79973475
-35117813
-46368000
93283887
86559079
83607872
-40984509
-89206341
-23189829
62072281
94063569
66172297
-95660995
72853267
-77164161
85194670
34711396
99873102
-12391682
84150830
26457555
-55077347
99767647
34797979
36895558
54240086
56734099
-32918880
-23751729
67353935
98572974
-29084181
86506479
-37502704
69902072
-15331549
11926579
47004523
36531016
-63017902
48434178
-17749894
47711317
-46019477
17621114
-65342199
-78496774
-48190671
-59485919
95315940
-33442775
62013597
-21448449
39645810
-37029700
44615754
5469428
-66545920
-83469501
-61391506
57436136
-83490832
-89297774
10392530
58666377
-57747394
-72155745
26629193
-2235134
-61711443
-64920888
-2372437
-28393666
-63013248
-60593456
-63626346
-13948136
34688116
-38143163
28597406
-22051153
29842605
69916372
-96198788
30429101
-87698761
-87229961
-75195114
35980768
-38984215
-24533282
56744883
24085597
76823541
1675166
66182798
-23266961
-64002815
-10701451
42061402
89249691
-95978787
-35976332
-31336102
31979301
-99646697
-52056154
-25394307
-95665881
-95844281
11077983
30478653
-28577522
-23155981
93150208
-21171105
45539739
-37866366
-34064267
-9474874
75274410
1573985
-72393584
-52125521
53098658
-89775146
-61733245
-85182751
42911722
34829197
68571014
77317745
-62375261
18014360
61643754
74660081
56824430
86830450
-67677901
-17444257
62437776
-17609704
87479441
-65144531
-68725866
-96954665
-80528210
59139564
-87613889
-30359691
-4861635
-96386547
-35725261
-46034737
2482462
8887557
-89069540
22359014
-87238580
-24243463
-65237934
89083702
15012280
-8651251
-26863538
-27338555
-58526920
47513349
75323530
-86322244
-33842515
13841797
-521459
-41196607
-74924823
18932678
-43644122
4091582
-97135031
93095561
-98630544
97703038
18661590
49288014
7227113
-33185013
33011998
67224357
81983466
-32462934
13050169
46267292
84331868
63218013
-58293360
34522041
63018917
47189726
-46855032
-18013624
40493558
-10434986
49956244
-98588719
40512248
-68429950
60360758
-45714118
71145013
43065272
-43968919
-12157988
-51281341
12868805
54515333
-73344745
-49200466
-20551120
-48896107
-39560710
-95703206
89343800
56985734
28342451
-22243833
-81946373
31022618
-66399105
-49256776
23819768
-69162458
-10099932
-42608006
54662665
-33406428
61507253
-12089762
-18313108
-91972820
41292298
-58422591
64458011
-62780778
87579048
27501684
-45465603
51270757
69617549
-20430307
-49197662
17803852
36774797
-64796223
48031218
50957859
92886192
47782217
-42391105
21463666
-16942678
-66424209
94027325
18066752
-45293600
-98542729
-54341912
-71876101
-46705423
8967379
18755974
-56714453
-97562398
3215803
27758848
76525698
-41550992
67778689
-45162625
2836673
14662139
-46292462
22828869
-96190011
-84441852
38330068
-94675770
-17174027
55881409
74696970
-82059694
17434823
10929042
53047484
-3923843
25928329
61271185
17567318
-65311309
-20943501
649490
-11763859
75033017
85905016
72892453
-21974495
-37928197
-16501547
-31084806
-94953089
65777857
-35346723
40389270
-21845776
-46231134
-58203028
51139248
50167513
33628595
39940669
663350
62841154
18226801
-85535822
81377923
-69645928
-87393775
21260863
77722828
-51295381
69971383
17225365
34113501
-96106736
-88067421
59808943
12555073
-4890785
55955401
-29592271
-39978941
65406488
3882493
-78569917
54693005
-32653128
8412782
-1008403
-31279796
595751
-32543555
-14496075
-43237674
82233361
-45835171
80854400
30655553
65987744
-20199927
-70660564
-39797895
-40907923
-55571742
-87074647
7444536
87414979
-39506611
59152542
60941800
-25395619
70438928
-78204975
-98724586
-3250532
-26912074
90851000
-32224038
67142744
-56341869
-57973512
12990569
-77928899
8252332
-65957568
21373309
84000459
-67753969
-21006337
35563966
84878201
-74873986
-68384993
-55085223
40682078
18914499
27818039
48780899
56340923
-48407283
-38436020
-29817387
93118328
80948269
95641884
19793142
26327406
41594918
87578790
64432045
-68624592
-56526417
18072593
-39581861
27653825
-92026503
67671038
11401579
2175650
-33952302
-59025384
-84503173
38758040
-9271368
-4328941
41064924
-81872612
33252368
97187929
23772934
51634625
50271237
-11806771
91500932
-49393058
-39239613
-24587031
-62782776
54850973
-49275952
-34279709
-42432349
-94183961
-99330993
75104073
24364429
95721336
17155273
79306232
52106476
87703438
-42800476
19616435
-68541277
42941818
-38532187
-31811047
1792635
-906182
29613249
9137439
99211130
-96175125
-50805217
-11241978
-8217491
51601993
36599315
-36036097
74979328
-88088994
8650572
-94755556
25871961
-54313821
4206806
87278586
92552844
-69943935
-45932134
-45898081
-9828384
37194886
-60648022
-7998089
80909021
-14196698
-89305204
69350154
-76552774
-59669705
-72791273
90087742
67279851
-37705346
84856434
38499067
82198876
14042492
18566999
81973957
77588835
19866474
-69830537
-14545488
-99964426
16436086
-73130604
72213925
35793635
32141072
-4322558
-1556968
46401226
59834707
66605574
7447901
-38213810
983150
-10016405
-95035947
-96559532
-79821908
16697405
40032733
-39153949
-22723590
-31148468
74559123
66806710
96138474
66537295
93123131
-4307113
64017454
58230772
11090983
-53611531
65282279
64975036
-29824475
-62356602
59632429
29318285
28599498
-19345986
-57412850
-18624548
-45862196
63392150
83253578
-21109490
-95403257
16553039
-45779877
-63093661
8245680
94862876
-92990669
48261342
-40152243
-4869523
-82125847
-20362230
61804850
58314971
-40837759
-26822687
49885061
73872193
97293396
-35684475
35699502
-38195051
74421229
-39346551
3248561
-13498905
24738987
93284616
-59234015
41003884
7385992
62222782
14456887
-15280840
-96269110
-21857230
-75411644
-32719708
22738627
60117079
-30728950
-11482517
74343843
-67709283
97273089
-48722317
-80477003
91024827
66469705
60852710
-85858708
28507631
-72046617
-90677326
76155553
25997775
33134519
97256960
-98703030
21361555
89586981
87135317
25380852
38509501
32559283
-9420186
-40346292
27527918
21481636
17852650
91308608
-85136143
67822428
-95412645
-34080312
-70456323
40119002
15581093
-27130646
73505912
95382893
-43166332
-12742508
52154826
-14279278
-32169933
-35214629
-76001450
54656070
-39508140
-53045972
41764964
13774139
-44260871
28659911
18601031
31627109
-87851056
84778845
-67377005
91789546
90172567
62094578
3737969
67132729
-70255839
1576373
45221327
-87008726
96001118
-61624097
73496070
63455084
12116377
29967564
71263511
-40442491
-49350573
-84045907
66130384
25988718
46594015
-40761745
204424
-56061550
11226528
68375798
5497626
99120847
71054217
9886291
-47479610
8779415
45894512
-95036038
33930579
49285478
-54393070
-44237381
42186835
-99203037
62354547
-49287763
2081654
-23354972
56248620
71822810
-77876489
90571137
-96244195
-26884611
41260377
-12367931
95998952
4793858
-19965202
-52564486
85981166
-25814732
47688436
10345766
42147841
32937938
54966842
32103695
10600106
-17148296
50767258
-60605336
-98665441
82760624
63079370
-20351342
-41027148
89720786
-95254231
38941633
22985936
44213967
-3719907
-65019358
-25487801
83431293
71521593
35031594
-1214071
-17378313
87233091
-87471589
-41155579
-69457578
-71030035
-79577548
77170564
-28294506
-46643012
-1728992
28967128
-22215165
-60004018
40237313
84806714
57308350
3188760
1219139
51789136
-93934690
77863632
-93131243
73977047
-42002995
-90161202
-6859061
96179294
34844841
31151739
45735599
-84918483
99918440
-9142106
-78221936
-42517707
10059380
12059954
-40515852
33233164
56925818
-11870232
60610312
-65815573
57074571
83683800
-29772848
-96947767
23777002
-98450700
-66313751
58153021
-88590672
-58448364
-34792979
-69190020
983091
-11701486
24927049
-51065992
67638280
53778150
75760181
42134724
14821523
1731611
16132459
-96171275
-1713308
29303085
57405349
-1583446
-3430619
77704046
61656685
-87684083
-34769027
-49173284
-35801417
3642159
54617696
72961982
60004674
-60737943
46955876
-82916275
-23206552
34988640
9415484
-96863506
95572912
89153737
-90714421
-87958561
47127852
-7788228
-13108607
-36444420
74202671
-63740941
81301499
3246905
78810055
36178795
17723933
69786725
67986317
-84787187
50141828
87131041
80087982
-36820927
57153254
70195963
-70192236
-53441073
13334609
89758118
98880052
82158365
-2321585
64086215
83445831
54696053
-16938925
-62247128
-23645232
-84359865
10417403
-15870551
-27207471
-42455641
7165209
-51528062
-18754068
-53581251
-32257534
2949749
21174238
84476930
-41128059
-49614413
85768120
-75568359
83806603
21778661
45604536
-78870920
50496683
-65409481
38473679
-7352088
65067795
93017807
25363139
-11137268
-90952653
64612342
-52752208
-12450635
-10788037
93280420
15383737
-66579192
77922230
-16812196
27202486
-23198178
34953053
-45488745
4561917
82174314
-83594243
-19188247
-75871620
71801206
-68954504
29055438
33080251
49434835
30974504
-81417199
-9565154
72590825
51076273
4335808
-42994627
-30791137
-76163323
52950471
327283
-54211089
-45067666
-57240231
82623038
22793828
-70118290
-80431977
92132672
-45266596
-42817144
88166995
-54554652
-12099250
-73254851
3705333
-28548665
-94858032
80435816
-22639515
61073255
-56002113
85342564
-21838621
42780331
59988208
-74098552
40552160
-7011783
-92666671
23158378
54940616
72655355
-70167509
99611632
-53754199
43265506
-38668059
89814636
-63775090
-86603883
-63136571
41864507
-49620105
-33338627
-32628930
84613077
-53058825
61644296
14384721
-92612049
-35894981
-88065821
-18599567
-23300438
31801527
-56755231
-86790054
99300656
32024049
56016633
-95901858
-86520971
97035513
99604183
-14015277
-62908157
-49074956
4614713
-96971876
83438261
-24146701
-85951505
-52019865
-31494285
-42986990
-51911922
-27645130
28365394
34412264
54106368
71712371
55821033
75534086
28267994
4860812
66887995
85936901
18127440
55813718
-65748974
-99500138
39491154
86127679
-4177936
48629525
82580424
-51082562
1043234
-65707643
37573440
-69596215
60698287
-1291301
64761914
47150763
-21748245
-90526667
84777597
-21424990
8237174
-20677615
77880315
-73801062
94387074
-2031533
-5194283
18763233
-46976400
2025190
45649554
484614
20203554
-4977790
56719852
58665548
-24019511
51112719
-80430114
-13675203
-27937905
32155226
88730440
62103448
-48102041
2251286
31142690
3986173
32968016
71105517
32272892
-81932730
-60788573
-14751893
35285050
82516263
-64817031
-80903271
34804482
-68900738
-44227050
76297849
97215957
16753016
-99075304
-20733530
-3881473
-2773607
-78363808
-32278307
82621841
-26899314
73286159
24049384
44485311
-72040636
-6259547
43939322
-43136036
9567037
66989114
91255715
29549072
41541775
-44935257
-50358752
-78365526
-97541646
-8886062
-67511730
-82040012
55365097
-57830359
-19923130
54857760
69418050
-96385571
36229759
1568876
49975400
46626115
-50309463
-53612051
41632129
17720910
-41538610
62532601
-49724353
-67889731
63149318
53854805
69443524
44215512
-48785753
-40882749
-55380710
-56893348
41771692
41844415
66387708
75051034
-56938994
35546480
17739751
27447994
-96146571
-9138839
-86459306
-5113786
15396609
-84347009
-34703284
-43988641
84174932
46726762
73658039
-30666443
14252046
8027826
-96117196
13662559
-32112414
-94618087
20250880
-5030431
27150226
63339294
-14232484
-42308333
-90669413
20303222
26690315
-9461393
18103821
24085281
-9742629
-10237202
-66599594
198217
-39120096
-97305053
-88920792
33761589
32820973
3780422
-34551257
-53461330
71759320
-75379085
-10312240
71571893
-51716974
-73388907
-12039656
-43855759
62440122
97378952
-53693024
34514804
64540431
65883062
-12515380
14709875
-23662133
88072612
-34824212
-30014868
97646241
74437924
30769118
-52622763
40705183
53121421
-34698707
-85311760
-37771225
66193425
-34873282
66560520
89803924
83646690
-95800365
25130191
42541038
-94185438
-77909937
-11699854
58138816
1475575
32322019
26296398
12265322
-19594223
-60628913
-63860770
-62170395
68316612
-19062601
-70038355
93088254
-67429431
47331210
-20394572
52493539
40687492
-12320626
-49327268
53898300
-59510545
81730220
54694701
96673282
34841544
42743313
62422822
31139263
95856160
-97372881
52053312
-7392898
-76909482
88647852
-54792283
-56828486
28024752
-25410838
-57891770
-68551075
-89665245
-31092944
-91906133
-87493807
55656788
-38887123
-71585077
-50538996
-40215615
-32688021
65283664
-69186889
52120200
-67013939
30523820
-77992770
4189664
1646091
-12811403
-76880602
-88095235
61347208
39838994
-7450853
-57646407
87673848
-73688724
-53714668
74047279
16638455
20349946
-37428489
50715117
-96266311
-15476191
98816759
37030787
-90482003
69205665
96019171
-72321459
-82461508
68581912
17199000
-68164318
53299482
36160304
-41508574
-88728852
53846475
-80583927
57555298
93701139
56268751
88945828
29443197
51823747
78555423
25882617
22048909
-79914349
74100860
-44359444
40341656
-4742543
68233132
30772812
-67252740
-52056266
18025907
-98125323
-70699092
-40226068
-24837469
-56559568
-54140342
60276
-74676149
15048505
-83072347
-35538245
29817409
-9651958
7074223
89193434
33230888
52810405
-15610961
39791902
13177281
93849495
-63023007
-971897
64868756
27673541
-43547878
28173396
37817368
93216151
-28107453
-14335039
-28098688
10486477
-13166018
75929532
-996591
76210055
-15128432
39007344
86771284
9462838
-89791529
73456613
7171744
-32113766
-48134192
79364686
86480305
82882361
-59573797
-30734960
46073754
12690757
-30427023
27507989
-27875153
-59552767
-45097831
-28727718
28950449
69415797
-86781046
-53259688
-53487699
37964886
-82294791
-11646953
25283137
-57062794
-41347351
-53848815
51664777
-64327130
-67463081
-51331150
-59582672
9507676
-76262486
96174289
-54417400
-9696077
-87544565
-29671506
-17476688
-13262159
-49151725
7235232
-31687176
-83998184
38385706
47421792
-682674
19762900
-59684284
-81535182
52501504
-7185042
-44664706
-76387238
-46181625
-71651553
53565293
-22223486
-91249251
-23549008
56408098
18853805
-86174135
89839824
-16309812
87389369
69284487
-50842933
-95210646
21735947
38359369
-10899010
-98501787
33260339
-72398239
50716237
-32701684
-57857190
90364625
1377296
-50638898
57058545
-79655804
-31407781
-82911303
-1411643
-99982338
-6581455
56936613
41989556
-72799052
-30745445
-44122094
41251064
79291423
-16263690
88257061
59960923
95845285
-40275268
-27339092
35160098
-54396337
-75678519
40118589
74850701
59336028
-25445200
-1654718
44904562
-32125938
-84098306
-16769953
93343059
8252677
37528760
1005045
-47486701
75579307
80267721
5243625
-22796271
6205526
88984509
55576230
-87857169
76148331
-84345436
45368949
57159222
45071630
54129758
-24688471
8330130
43301902
56816719
-48577830
-61480887
-30111279
-32949238
-46950185
-7142477
-14736109
-15223709
-96449154
-27593326
-86026554
-92703476
43140329
88777519
31356242
-44739505
-22694904
20522191
87789766
15178280
-55184141
72569429
-72987500
-70123518
-63114995
-72268631
87055011
-79632435
-79236545
8251993
-99135748
91802136
33307932
-47993302
-99502725
-44818359
70226071
-75582225
60217187
9590763
92606547
78447489
-8459404
-93696471
26667634
-91271280
77514675
-57666925
70994563
84366655
-72460351
34050943
15815486
-12962093
-926462
-70607797
16398784
-67597903
-91254534
43643658
10499994
-12360828
12574196
-54763081
-72442809
96188943
-32142489
-26250378
18349963
35808252
-77145880
8273662
-13121286
35015598
-13806832
13814999
-63558963
-40742048
66432308
57795913
59537483
-90681984
73236263
1975013
22170836
-43962510
33298640
90694239
29216680
9734574
97767019
64457481
89606037
-14232515
-70108998
21414449
-35578764
-30509442
56985842
-71006073
-10148166
-85534458
-7477415
52113612
-43407532
15525828
14293755
28312213
-19244088
77611822
71539372
99101184
-36887298
44851424
-89492620
-46674441
-56823427
-40228679
-54781226
-20548941
89138460
91666286
25243730
33826389
52606022
67345796
55429444
-14789840
-87915511
38158625
-20752898
11082662
89757633
81763844
67817231
10589400
57743326
12252648
-51046040
55577884
-84415859
-33918767
-6194512
-1955984
14262336
-52527092
8119636
-91608999
-80753505
46052712
-80750880
-14087036
-2398611
74877858
65452023
93738101
91268437
30447646
-46896250
87650721
49119321
-60191400
-86515234
-91661545
83225391
9490540
-331889
88271659
45777966
56602179
-73974380
54292934
45318880
68723164
-37498969
-43586227
-27017207
64251564
-31469176
-82557661
-52891098
59019412
-29332181
-85009382
57078021
-98701105
4657270
8183645
-6134560
-28143507
76853398
-34169561
-55269390
83211059
-35615815
-48672964
-99861736
-14470366
-14644331
-34423843
-24119626
-21722709
37954464
-98609668
-38568962
36576555
62574389
3724134
-69568109
-15149859
-5401291
-13874699
57580820
-22226258
29365102
-239538
79742918
-74648713
70331213
-27511624
85182323
-55039913
-95589728
57252016
-59151931
-67313317
-97981018
-38467685
73661346
26053241
-57521744
25799467
91795586
32147869
-5900548
-64780292
-6831887
-10066195
25986211
-98753078
32549134
41040428
-64973073
6450931
97525504
65517304
-6799936
-70545090
-65977209
44925172
-33670715
-41454397
-16997126
74159859
40402477
-78644469
-12243604
54477903
70504752
76150263
53807681
-30963451
-83182821
-28650914
-83991120
14062996
-95651814
-20135816
673978
-32716351
-45031098
-38430770
-23378124
-60095445
-22242911
-96533447
-50899421
-73288536
-49582312
-11886207
69733131
-49529750
-67878341
-9415600
64091890
-68579933
-96723876
53967183
75020709
-82250097
-67053417
-58087509
-29053547
26943810
35481544
3951602
-65262379
-81283241
-47741656
29400691
-19215903
75519144
54410507
-60332451
-14571625
30399513
-20199589
19248889
5382451
28775200
-31398899
71088864
-34423478
46643431
26173307
78806445
-16901438
70289749
-49557311
-14299515
-67164849
86815435
-55926201
-59000249
-89242074
93532092
35133126
32080884
62258771
27015996
3989849
-80689681
11443748
-5260338
34241069
99424109
59250124
93360793
-81793845
-44177443
-51743500
-31651038
-44151807
6232525
78704709
-8479595
-27067805
29908509
3420070
4225022
-55354754
65340972
20212303
19700364
55729110
-4562816
8040241
88181557
7524617
20531706
3207105
59836746
29429194
-31837154
99288971
65805969
-3592689
-26909097
-96805763
34018163
45089507
85760735
-3339516
1970071
-46269907
41970131
59955675
97896389
8947190
74960429
17154730
53395995
52742688
-77792660
-1581338
-15741314
-66727331
-15860629
-39908641
-1234503
-84966739
64818913
-61339119
-72518141
-77645852
-81560102
81269907
11701609
95221833
81946481
-85931788
-30335780
-13589269
6255082
8761469
27989986
58010144
-87800497
-71188961
92135422
-23793662
16396375
13987161
-81824957
-73972716
74917047
-96103284
81760402
18963965
86637402
48580384
82931003
-29342883
-50216023
-62999601
88840358
80832098
96607867
-19679416
28091520
71017798
58919621
-49508606
-27957075
20719290
-22479104
-97365443
-33605289
45385650
77471824
-4554063
44746635
89342216
88824136
93718505
-23847493
80195748
34622325
-18280539
-97559661
-68913901
-48510327
-4339771
51715645
15757023
-29698264
22940802
-21565336
-53609170
44723981
-33535841
97302311
-12805663
99621966
-45739382
-18697109
-12416161
56951003
9227478
-37760174
-77562070
46808182
-25124406
23685340
29833690
49619392
2797876
-66396803
-11080418
16761957
-26866685
-55150841
53543182
49496069
-60247072
-88986836
-23531312
-46611748
-93382249
-36392230
-48106076
35413941
-11516666
-77725012
-78213892
-80780732
38398021
-81835154
98107556
19299129
70798857
-35429919
-36595117
51271806
81955306
-91982342
-98776860
36927702
-6051181
68078562
43168214
6449781
-30778733
-47853494
75363847
-72930306
-17167937
462932
-73279962
59591718
-15866556
-54872071
-8814886
28246315
-82606002
28214879
-39475581
84047017
-66571943
-71011786
35071085
6140205
-39047168
84141236
27985430
-17223548
-14620241
-1043481
-84037769
27277150
40340129
-70248469
-66955925
55329273
-6393371
4453346
47945082
39297012
-70461575
14402267
-27228317
-67954263
12008281
25457187
60996656
81979512
-21229937
-16520016
-82728771
-79858680
17281641
-44102484
58446713
7799003
98166000
-965830
63864949
-30952920
86254570
2958211
71064941
13609564
-57833459
-56135086
58928711
-4502182
27051546
8003772
-52109358
49749204
-88938151
50184300
60920280
-72881086
-1357934
-19249567
-94244426
34244473
-42666782
-27761343
12791749
94317830
9696030
-3329854
55753495
82079498
25696442
-62642193
88757815
-84991574
-14363817
-91339565
36182049
5066809
80259618
35508538
-31298505
-51944419
23323025
-83488165
-53525904
-59806236
-78382366
80705196
33343125
8864567
-94921166
-11151819
27795755
-89048978
58436872
39787003
-1231400
-57444564
-80826266
-62105184
-37426715
-73038028
-30164006
-51578643
-81602229
465102
3010245
71524341
97788446
32957321
31506268
69953749
-13311224
-15296596
-83809998
57267772
58867007
-95619029
-93910478
-31288888
91888801
-55220029
-28938705
-50123591
-58355418
61876398
-62662720
8843265
-93885366
-48679866
-68529032
43722228
-62229668
-78782228
25716779
-71477799
-86558228
60372082
37733119
-50583776
33023534
-23631527
-22073903
-19068938
6330646
-91945390
21049122
19794344
16605398
-10218533
-8510071
-57716530
26410823
91139014
-97283040
80321430
-82716521
-49037280
71264791
46994869
-50963856
-62473086
78917665
38132413
-61781536
72255018
60688699
65517987
9701352
-42272156
93361765
-67851512
96739321
6341413
51196740
-950020
49675038
-26521972
8557739
-51451550
19442299
-42186158
-31631025
46990904
63368802
74542872
68342046
-22243955
38174056
15308200
-16544750
-25151517
17459762
53787071
36130890
-85766266
-22784196
-81074128
74336824
52276645
-42685235
34382205
19552719
31784902
51774266
-76827948
-61209549
-32503786
-915967
72634428
80923401
24421586
-86464384
50193315
-5902599
-89126919
27013697
-81358514
-31760218
7953568
-58092755
-94441469
-45871375
47835799
89416578
-75518805
38976508
67668821
-19020138
87191695
-41695837
77483999
81216381
4280171
80182492
88653330
23350496
-72428054
-39420387
-44955638
-140562
33458346
-69667165
-39962362
49689990
47796017
-33152088
-24946135
29855268
23019100
-82520914
4995131
-38531415
-7990636
69516396
-63435914
-38433236
11163331
-40968484
50719788
-52398304
-13452486
-63275210
-43900300
8563588
83228899
88964438
3191627
83669494
11211500
-85576045
-17829034
68946477
13276693
69590072
54265156
-61307783
-4097584
81719468
1639625
69601429
59308065
-44658196
19104681
58220731
96127793
-80971251
-65777923
-27194344
-7677261
33739891
85268431
79386212
96810067
-38559785
20243325
31235341
-5891412
-86206362
-35294758
98802831
-67928994
-86197640
55861625
20535340
73603587
-2174535
77170740
40688487
-25913367
39554868
-45472271
81822921
45255701
98804686
23137571
-62594907
70668334
27140463
-33609758
6675804
-78667041
-88523565
-97712908
57195302
-66036211
99914828
3873518
38193805
-72205014
-88129616
72963335
-15042585
92411508
-49997
51674679
-99835093
39295050
20731087
-71757086
6616794
29260062
-8572691
-82093204
-63980743
-60921365
86928794
-40637827
45771526
58616232
89515240
-80409705
29901965
60687609
73361375
65344763
-53132329
90283312
66593082
-39267206
-72090177
-28924526
90498558
-18391660
-66941843
-51788691
74332833
-49710351
-31841654
37451847
94373036
48478790
-73691293
-27991255
-19697483
94017934
-37805568
-42554957
-96316927
-53615776
46486945
-74562814
33514890
1799352
63259581
-72835836
28976927
-43384683
44337357
80937350
91155108
-18444049
-66463643
66532861
-83473538
46324105
72481430
97140115
-63297523
-58704356
70985715
-99871656
-93980849
-84117849
-85306560
89318029
56720538
64205492
83021791
-37614852
36689807
-13988667
-40132190
-48302685
73031699
-76245756
62145418
51184942
-58646423
-46719479
85661098
-30675197
-23436411
35723404
-6162331
71130094
-34892958
36841321
87727197
13785406
-47076983
24686325
69958172
97490188
55280044
-33957928
36599360
44333147
-68625302
-746048
88101653
29408417
-10416059
-71693953
-20377746
-17275084
-56526194
93694741
31290977
-24915950
-72822669
47685363
-49539045
-60437848
66789503
79627600
-20435921
-8113780
-29470786
49977497
70797461
83822295
99564381
-86782954
-34590700
-96816881
24790974
28297642
-37998964
-20893941
92603331
53425950
33707468
79764309
54354415
76265663
-53562828
62427238
-38873489
50052658
94232935
-92284688
36836927
61445717
-32285860
-56915072
27001173
-81193898
-34279741
69665890
24433655
-78608888
89758736
16025299
-1076733
-27053022
167104
8645894
-86406304
4535249
93941632
51956674
-40420911
56341605
50568550
24781585
-17897739
-65961297
-48596703
14133463
37992817
31373483
53476004
48310817
-32460700