61661626
-19121734
76102872
41847993
-33179784
-72893431
-27695079
-20623006
14373261
35477306
-22317209
9730684
-33600652
-80632417
-94177659
79910482
-26624880
-54525844
21024387
-23377321
94142339
-32187279
-224836
29559679
-41698322
-13774091
38141950
75575660
81295262
57814207
1781190
26372183
-23134796
76042801
-10146531
-22598541
-11461442
-694398
-79840158
-14891152
-89628146
50727351
21046032
-63268219
59455030
14586434
85203351
83278681
-74969340
96573906
69906589
-20566666
86702974
-96522594
37314371
-68761946
1222542
28274396
-26455733
2916372
60531239
-15514854
56541764
15090615
-2939104
-32630552
-2856512
1159574
-72432248
-51281243
-48712947
-39019443
-98208918
44913027
-79742313
-32428825
95536101
-62278806
59080476
5816611
82444469
49314549
-43327246
-62083032
-37341370
67144743
-97145583
-57032694
-54770068
41305149
54161487
93836090
-76722271
60262772
73584159
59992276
-17113586
43241583
50227430
-32927877
22311166
-75629512
55078148
88666620
35291007
72110641
-90297733
51959905
-54251184
42193856
-84812408
-85814650
-88583515
23569642
-56072544
64547171
-98308946
47473220
44768608
3661843
-43637604
20784592
93443892
-17961529
-79844723
-75956956
-60051671
-33156848
-28248840
-8219202
65855491
-89547924
-77650877
-47236961
46573107
-71185117
16961982
32432313
-36571513
45705657
58799732
-74415342
-12467941
-82441151
-52759222
-70665591
67461572
-59289486
63982563
-12971302
-9030961
68682176
-34036824
-12351316
-21675796
97893110
15625346
-96518478
-15353998
72441733
50903040
27470629
-39569071
13364535
45306777
40658385
3485256
-81995100
-46582629
79363676
44327281
14943882
528292
-59746625
-71568373
-93816269
97799362
-71117097
3565338
-87486828
-76022953
-72231313
69741508
-64109020
-64514680
52118480
88680318
80006032
-94638451
-16472079
-94185720
69447509
-99939656
-78094418
35210004
-41074495
21398873
-8811709
58017951
31725953
-47271914
71683170
13416621
-11496789
-52901050
41102115
45182677
-43115441
-45077312
-78508811
-38438168
-6039819
-66698105
-50374580
83032967
69678410
-60553555
-15683226
-18456939
7401592
-110560
-87242094
4739610
76476379
6957948
71086395
92931985
-56562260
-80658524
93435367
1239823
-2787774
-69222921
40613512
97348370
77067507
95682438
-81546578
-67089722
-24267682
49915740
-69318280
-76201020
38498786
10106993
78635902
58808500
15370496
80425504
-26423719
22362771
39248931
-95590357
85524830
91634459
-95513829
-12421886
37732495
73267368
91386231
73056175
-35044859
38907573
-23124677
25617213
-42393124
-13138980
-43915279
-50433558
-6307231
-94039931
-6310942
5904811
58248283
-419787
-56113094
77917877
-71414244
-69599570
-73744215
-54489443
48403221
63799788
19305288
8791249
54660980
71421571
-89517432
-20966017
-70089794
-79503826
8975097
30309539
59111854
-46871203
57592752
28646007
-47057874
15637812
36107350
-83970163
43190325
-29843029
91985537
71801730
47778691
16889842
82787581
98974425
7633315
-30075257
57436206
-34884066
27358741
20660585
-94603101
16322217
-91275686
79039715
-93064385
-97494343
64653637
-97669153
38271891
12701234
-47211089
-50672164
79073631
30319380
70999694
30831342
14369809
-3461189
58751767
-21122748
-86448978
-67831974
-74160134
98891796
30401192
31759272
-79130422
49672701
15927958
-64498474
-26194927
77425799
95794569
-54513151
73051602
54220197
91304901
-96564077
-14286970
-62376950
-55184124
-86574008
89194593
-42129030
32607030
62251485
42697170
-26502061
32272586
-74657198
19474431
49432848
6434847
-88218395
-82697660
41111845
82224090
65410436
-38231517
-31818116
12774919
14958588
-6892181
-9817855
96016889
56780335
-47203031
-1720601
-9934078
25455662
15912613
7861476
-74510870
36333000
81977646
-33835454
-23179135
-43601419
24967793
-57202999
-29668070
-24236733
39432297
-13705169
-15562364
-75102469
-65566039
55153940
-9990816
-1318607
-15448530
90720639
3207083
-19327859
25980742
48285604
-54024658
-98990577
-92415927
80356751
67122753
56878107
40469380
-28496387
-55268465
-70064641
-1677032
-50914340
99173844
65157259
32465613
13593207
-47302016
59901914
-6071441
77570828
61819744
60246275
97557642
-10693031
-42877866
-70281591
69322682
99699093
95281247
-25685590
-27128769
-24219819
-7084522
-48249531
-38734417
63013102
-89785113
37108248
14093520
-57554106
-25195073
58948448
-53752396
33323277
58150772
65823555
-73543286
-94287987
58725425
72808072
-89721513
34852254
59610685
-38135848
-21464708
98008319
33995174
33289103
83935460
86914225
-35332574
-76179724
-75851325
86357658
-62235042
47123973
90793341
61544513
-90642784
-4522047
-15826732
-88152633
33444213
78299191
-88752077
-8109216
70998584
-40930074
-79689532
-66888906
-7609744
-74503217
34151566
-79735563
63936953
68179299
-2923095
23880389
-94323673
45933595
33799739
84288845
-48572818
-22217743
76003400
52576417
-36156906
-6391004
-70560303
64184940
-19644941
58797606
-81594564
52314590
-93722978
87865870
357083
38415970
11147509
-40372560
-81538225
-27061451
-63050081
-51911103
-16081771
44074697
36558446
44747203
-71505983
-34066223
-81734880
-83563243
-7027052
-98406414
-94484694
-58415571
-74493054
-29061981
28955604
-49717344
-1366752
115431
14499688
44794134
-69861447
-17306294
25775165
23300036
88185595
-74903072
9081608
62761687
-61605250
-52041383
-64456831
-18961300
-55410313
68252699
-68374662
-33912572
-23343341
-33523695
19034406
-74625074
-29143613
-34234446
-460395
34425286
-99015207
-69277829
87627231
14097833
10116491
-87985613
66644752
61683934
28139250
23168996
88325035
-32540043
-87982533
-74737627
39604574
58096486
-88092992
80196163
-99553013
88143435
-93789533
34317761
-60875493
15567010
-42498174
-29151013
37688089
39291625
41230118
-26188748
24590994
-61049568
94007007
-44995097
-26494911
9926980
54295025
-44095958
-47987823
-91350912
67633800
-68681728
-72898174
32055418
54236877
-615055
40422797
-82304396
-59298626
45223488
7130866
38442268
76311070
-97029589
62644736
-95558702
6179660
59589009
-81026673
62238075
-71957764
32952357
-41595478
-14699466
16895972
98718477
-51518575
-80596364
-88045874
-84110884
1069903
-83053626
-41912910
-98738924
-74689451
73586099
38042319
-86363109
29525945
34932959
-37626100
-23889373
38851101
-69967932
-74829875
31270859
-2813328
-23340094
-61573216
72684217
-23976585
15653767
-60008392
67741660
21133433
-14186742
8325443
-54782505
-97823984
44846191
-51783293
-61702832
-13786291
83582341
-49254864
-57739803
28769246
89064675
-52370081
69805429
-65660850
-6224095
97671308
-33339905
-75263023
-91498062
76328096
-19471260
-58380321
-2412302
-96689481
96608764
94513258
76014104
87140255
82293333
49824107
-57013742
-39298589
-53445821
85730339
82455795
-43100997
30885377
22988005
-91673733
-92750731
-99695891
28103179
-63796885
-18324076
81854381
-67084887
-21771612
-57821816
51683668
75260496
-81420985
81762642
-1138455
-60713700
-15735439
45696530
26468358
-34728389
48587680
-15557172
-57874824
23022110
-80080997
-37082408
41371626
-67042170
-59498429
-69505725
-79837101
80285117
51367955
-23260819
-10714130
-93010106
16965202
-77063613
-17427889
54421627
19587519
57748242
-69947580
-58188506
9855822
-9723828
14531158
96933501
96635118
-23183999
-56195486
22377781
3797822
41703402
-64198205
52886339
48354510
-18704661
-95474945
-67492250
-85989519
41841700
-80753310
-29668386
-56802191
-51134893
15463276
-66383429
94518548
-41001888
-36567373
59280370
-47157853
3328380
8424979
25171417
44775655
85889326
-81473592
-20835851
39710929
-72642577
72754186
70146894
44811874
-87906962
13778629
42025089
-10889068
-57627531
-71727231
-38966493
-94206469
-90377191
60877368
859390
48462269
92619179
2185500
-74045594
92329604
-28333565
96450775
45443718
28048820
95806312
-80249649
89007053
20326863
10762950
8952850
45406740
90211062
-89976856
-92861572
-95985622
-16934950
-55851057
-14504131
-1288571
-17681825
55957470
53709796
23703235
28342
-45875314
-36132185
-14142044
-14280321
45322689
-97461919
-54351944
80896122
47361528
19544322
-48831484
-54615697
79683784
88160361
749711
75429572
-21404732
-98667728
61442378
-31624271
57692699
-4259413
23957290
78319142
-20482508
-66342043
63691057
86171705
44524270
84773854
50471866
-97755836
67173765
50606225
16995804
62730407
-56635717
-23097093
-69153039
-51371497
-39695550
42537881
14576144
-33399384
96193340
-54285945
58428451
19209539
-28728195
-16387718
-21135849
18345231
-90147384
83404251
76158265
3988110
-8996969
25307857
94132805
-82403942
4918560
46999487
85162365
40576034
80826136
-87906232
11181906
20344739
27036975
25193472
-10087768
-39644193
38933421
-94067641
35293482
42661661
-89768321
-18982856
99594783
66897719
-81740119
-29534878
-61457385
73950950
-81946798
92974734
32348986
52224926
-68676341
91290475
96014366
75287178
85107882
34115958
89030627
-25767851
83834113
-95655718
-20639940
78966106
21657141
24385721
-40268512
60852873
-52215009
32952277
61465373
-33066886
-1531206
-52421178
85017232
59409390
96356339
-46437118
14150013
11937016
-750642
-87248318
62189849
-75091592
-24490898
13032647
-14742753
69415018
-43103421
-30850228
94663210
57713284
21997148
19994874
-50302194
52938459
15553980
-529335
85961713
-78967286
85983358
-36532349
10873082
-178217
-45235438
89768898
85870729
98008088
-43159162
-86744060
19133990
-82842500
-59332181
-65007154
6607809
-30696395
35364295
68861392
23216347
-27023111
-74255132
1290752
84922351
20275125
69020608
-65374329
10310385
58233197
-83518508
52644843
-83622694
-76712341
-9534405
-73388828
-29998934
44277648
-83642378
71054204
83085852
62615419
-70813968
43454020
88379951
53838704
64082781
-95026797
94924679
-46946447
43757976
-57590285
93486247
37215019
83939535
-21923736
-76324945
-44263891
42623083
18441005
-5949528
74235206
-77566496
-27035649
44049762
-99923739
20673344
21395222
-60782526
266338
72179214
38389356
-17686390
-111952
-33688904
-50866563
-10817127
-74795127
-70404471
-53211346
-997889
-41252006
-1572481
75746925
-29181650
61944782
-66510379
98092129
17998121
38733107
-13328520
-22727104
-26977500
-3909436
-4468886
-11183838
-24865654
-85778822
88050102
44448820
-61928373
99317055
16340799
58870922
-44015170
-93410582
-93706503
55272487
-24555512
5448772
57313820
37318596
-83641832
24310640
5981771
39978464
-94724765
-73098706
-89080969
-76607200
79941406
65698920
73264904
-9874582
59648582
-13394204
-96834846
-39228303
10907125
22603791
95949141
-8976685
-78623147
-8261384
-90244294
-90146677
-6615754
24316718
-27558779
57257732
-13643529
46421186
-7759446
56972636
45993871
42656180
-43547670
76781879
-62676519
-49147614
78042843
122819
-95502329
-17409272
26110336
-50829287
4962705
71163508
-82195003
55457073
-95558058
87027695
57461634
-77132278
-24855855
-22867815
86741173
79788243
53025751
97173067
82268885
-4751378
-2960252
36599930
-17727654
-62470470
26588570
-48823019
-90690608
16896296
45417295
-15406267
35315376
88341993
-30915859
70938265
-70499716
37638770
16023491
19222311
-9438276
69376851
-59732352
-51625910
39340710
-61075376
74440377
97478567
76229242
3666702
49245356
48206527
-64950143
-321952
-26106052
-25208595
-67933242
-81597939
17424425
74750942
56770478
-92874398
6084357
-43617342
90789768
18554975
22591554
-89860120
13589714
-52632807
-79043603
-54796609
32476245
-38982436
-15735551
49527291
36614224
30577615
68959169
14484191
62947034
46516314
42100747
-30964586
-18141356
-84039936
-87432494
-45159251
7142400
34416643
921071
-36779055
46485734
21520278
10088142
-52340625
-42052505
-85752935
53808999
1892781
-33942167
86284341
66390067
55435879
-42796185
17040818
44688011
-49570232
31924653
86085915
1723542
59181038
69456447
-67696090
-92934075
42540552
52820727
-16290922
-42591528
30583615
37112097
10789465
-51409248
85690674
32488579
-28525144
39197069
35374128
5529385
-33095938
25181323
72659165
84991107
33271335
-70892506
-58451692
25595041
54018871
-1390281
73536976
48128562
-8162539
-30823171
-5739943
-6909053
29892771
47031343
-30638326
27875037
-32650054
67679862
-26244071
17546923
-239247
74680355
-48217001
-91232219
7583114
-8940334
84954880
75348103
-50215745
-21440179
92748629
47709214
-57166094
-79874328
17438147
55416641
20959338
22470818
-70764531
66881040
60749262
-10366223
-9070004
50671775
-38836571
-80176770
50960031
-68512849
66751392
46523727
-3155146
-36852408
19787648
-60737102
97628086
-51807487
-41149729
-20363938
-74154732
-28935283
56896037
83002365
36437812
33055164
-95183389
17371566
-61430151
-6585582
91665160
41676050
-8174351
88630988
-25269102
-6924722
92337604
-91222747
56261364
-67463439
-80133768
31014870
-8160033
-28465027
49864088
34468965
79839098
-49804276
93346734
56838148
58195530
99502828
-18465731
78586671
51584901
-43653070
76218503
59029410
-24050933
36378184
15037378
-89259712
-2470440
82595397
80684506
-31340822
-31504333
-28638983
87250738
47679173
62670352
-89604165
16495381
-10735656
19801326
-24228744
81098987
33588172
-40274196
-68123754
-64830681
90176465
-71978475
-82392547
-11446860
61305442
82195032
-95685637
47946275
65257084
45916233
60238458
68913465
98612138
61869168
-27698523
-2361235
13832980
23620591
-138004
-88141243
-25586977
41633534
-45945853
-84000855
-56932859
-44383593
-2821215
98311293
-36620771
34524806
-92946482
72283635
77208652
-96483123
13298322
-75606878
-73135962
61120245
54869180
94311609
49174416
-37565758
-34332395
-89113020
-1313154
84665614
-84384348
43447179
-12150753
-17608508
-52909737
-8919008
-83156541
-60897807
62667526
69586200
-17421614
-95422133
-98040839
80027109
-57871466
-35838809
-48335047
-18472448
-88337777
-16629424
91631866
-10672540
80771287
-95457003
41640643
-57110091
9614550
6266934
24837217
-68880894
15966811
-62931013
-23619939
33147785
-60726402
-45885428
44793188
-25639911
80979223
-98544867
-51935009
16957431
44509446
10394639
-29299728
93024080
-73505143
-44689811
18898270
-70865412
52363122
-59538175
-44480747
-81533598
-48580639
54986283
31227120
43644356
60039738
-16239663
-58226627
-95038012
-96105677
56339359
-92015634
-16452675
-76141203
-92218426
-24545780
47077451
17221059
25459042
-62693163
49980902
-24600026
14637388
68335753
54931391
90827222
-54847164
-84303630
-52211817
-74983836
77408043
6760144
-37736995
50256058
-55410871
-51963930
83383253
10372668
14031579
-77087029
25359985
-34175045
-44803957
9847882
30877504
-36345793
-67071301
-46935030
75479697
-11283888
23635826
-89475463
8499585
-60571949
-35817547
-29749810
-59864468
82604711
60134901
-45320450
-92679983
-41043372
-65591360
-89370821
20630624
42741266
76293613
-8197205
-16608192
-9803290
-55461071
-41166009
-56312778
-84229803
-12774456
43632554
16422202
9179369
-3407897
29003138
64377275
83706481
-37383082
42559121
-41984376
-51855562
34356643
-83268250
-89555228
-47336082
70868098
-14962115
45291396
-45276895
86668651
15265733
78361450
15742242
77349037
52252744
-32438199
75551062
-77149402
84348431
-78193575
-39037898
-68245720
36105692
-60491067
-49574011
-37364086
-40561753
-49850206
52799108
-68102988
8155883
-48583116
-95976598
-65294427
97580636
49828629
-8750696
86175280
27319519
-94593783
-39854014
90175765
88452295
-63421386
3146224
86087875
64566084
-91762447
75683394
-31911633
27454173
29418422
76802016
81596752
-51981312
-78175095
47861302
-94963133
70693830
32738049
-47235847
71544127
-88216237
-82400362
-65469589
-64203569
-34868682
-18246085
-11848821
71926924
-23787436
-51781511
-69997035
-47814783
-90341408
11803000
-22606167
-94370209
-78987905
66571516
84592868
-65738675
-42087507
-21277689
96886165
43610509
-37234817
-44946901
-82022957
-418419
-44962606
55313104
-50170623
-20204407
-7104615
-13554861
-38128000
80180469
-789866
88654008
-74322498
72471649
-3637252
-21115369
-30213209
-90678908
-35654034
36148942
-57633389
-24656409
-44522611
58846653
72494700
67670427
-39385157
-3493497
-30111966
66859241
-62307893
-15663433
-13433361
56408785
50031525
73012914
20121009
-96525310
83749633
-91410947
19203513
93447062
96549160
-26537068
83660514
-13186416
-74012979
-99889970
-58438044
51673295
-64460650
33417228
-53217674
99590757
-97641993
-88208680
-81385293
87805112
-29014781
-84419717
-96306477
-38483100
-88533929
-28822320
-99263191
18543941
-78762169
18140565
3288383
-14502151
-19969763
-16995261
-43569733
-29786067
43883084
-44365138
42401745
-71257547
70419136
61043882
94768597
27611307
33787394
-95692224
52479470
85381623
-37522163
-22221383
-55100015
-71884753
36842551
41224590
88746761
-94759609
75331842
-36607667
59993589
-64771891
91470175
-84428037
49341640
-85394426
-66869145
-73612832
-28402429
-35118552
12579126
91921249
71746294
93786559
-17589313
51842318
-69371811
67396224
10423215
20421767
58905147
51562352
47911868
-93781257
-14284879
6961722
32604378
44753977
18379332
5882539
-97203335
-54553215
-43047725
-90078966
-79785151
23477164
86168831
22049140
3497476
32293658
24311386
-48431444
-43733424
-47541478
62367684
96132062
-89776074
10378356
69209205
85791448
-7604399
36370457
1113251
-14301359
89080163
-74929117
-45575954
43367316
-68269492
-75576571
81988761
-13283994
-31970882
11933702
-12211218
-86235458
-45014133
-90353595
-55468943
51713326
7814899
24843974
18084288
87495664
60238078
-888975
-45336291
29809936
78282677
93798093
35036972
94716833
-65797301
-86412395
57609440
26127057
-10139332
-89269832
-44738680
-63051346
-5981371
-67882991
-68462755
-91215066
-52223359
-44968101
85618680
-26998303
39404073
-62953074
-84981193
-65475898
87063246
-93271677
-78938998
94097952
83824833
-6786336
88606722
38321634
5614006
-57181842
-48469875
-83530631
-38509757
95766731
61144242
9107610
87332787
-21098049
-7018121
-98234872
79141473
30467033
43049926
-34961070
71505249
-29659589
56697081
-99690328
3226636
-67104838
11801354
94500612
-69943400
-53616850
-10817036
72822081
30520825
-36758675
39458340
-89777494
56361762
4383332
22730848
-34643516
-26315801
33837399
-23633160
-45563246
-53834996
-10935505
-89138206
-28390838
37236822
-59142934
24539571
90128696
69740668
-40855236
86996567
-24065862
-11035675
-74334304
94229831
845339
-70012959
45190942
-90298788
-17439664
71178182
-21037431
-2246508
79267859
75910381
-45736658
-96181398
16595000
2841694
95860554
76815447
-28084905
-47317290
43025689
-53859944
23553920
-37343602
25592271
-1902826
82602916
-32434991
48723690
37443223
5557435
-19253749
-43713354
-55877440
-773478
-80795381
-72126826
-19740442
72352326
48477789
59427988
-9160795
-21617316
-19958844
-91703255
85930304
21609539
12080187
-76893722
-68473390
95992033
-97001531
81606082
7524624
8668778
96834510
-61017890
25411876
27847956
91885335
77866600
-48924822
21750073
87389703
-73575321
3337508
-16596461
70066998
-94099847
-59443476
25464382
-3822967
-38647173
-75117302
12595636
-39093266
-72704044
-69273128
71999313
54702325
-87647094
-45802051
-67229373
57245924
-93438278
57968531
27078728
96892803
83754360
30924232
24571670
50394485
-23778992
4012075
-48842591
58580268
45566366
84786915
81822982
12321484
-32020226
-99214620
-4197667
55990080
63566195
-1057789
76275593
-41294483
70783963
6846591
48176790
-92659551
-53151687
511347
95250714
80776082
91986102
24572175
97659116
-88104430
16546308
-43520916
82709615
17149066
-72309258
-74761293
79099800
-73058453
-97959879
23967217
-84029151
58052724
48068380
32959843
51980903
-78009629
-56770564
89606421
4520898
41879305
73772332
-19031985
-77589299
-54144789
-56400925
78901406
-70315062
31018023
37499733
-70577745
39974088
-26895067
-33415474
88616077
76601068
54247637
-15696674
29905633
-40066005
87444358
-88639274
2247020
-28261971
-12193809
79074466
20082654
89006181
3883632
94245481
16747646
53707045
-11836271
11518591
-28603217
-74767367
39288663
30862982
69845492
-74415604
65019810
-86302224
1612463
-88717062
714502
22078982
44179088
60867147
96670281
-52175424
-94798398
37813861
66605887
28926487
-67791844
-89324864
-51933870
69390746
57776275
74072185
-3700300
-11610331
53257950
-10923722
34523041
-3840654
23496701
50798673
-44104341
42275392
-78143202
22076453
4107252
72320078
55806327
43641692
-49724137
3418772
64020591
875147
-90176433
84939422
44360309
-31275597
8862831
-97899567
66372815
-38003864
32089676
-39458943
-52566683
52634183
-8388558
29549500
18396964
93665179
63733543
48970078
55755075
-78920835
99014426
-96039191
73233676
-94902948
-92479016
55411835
61993283
70349267
-16675833
90605286
-64695762
55795812
33638248
-4837673
-7589330
56586756
35969443
-25665721
17710910
312939
-29838608
68865992
12210090
15710615
-89122194
-89934374
65916039
63051630
-22403803
-12321458
-81637365
72460391
43836649
38507676
-94419314
-83399044
30537933
87719503
-77811429
2739356
19256707
98524731
99185722
22026810
-61824911
59791287
13643314
-33033231
74416649
67379823
-32313956
38099257
40365843
-38405253
83278706
57472841
-52135534
-62876449
52480926
17476248
4634063
-2125337
65475590
31394180
-52084410
-57650300
31092232
8115522
-25322436
71128570
-5508203
-87062857
48432818
-48767372
-18483244
20942800
8520872
-59195776
-79485400
-91179808
39271302
-3682822
-50200506
15814744
32436623
86414813
-31183289
69866792
-91238631
99452308
-51246741
-81867333
-550507
-35348396
48903598
602894
-40632933
-49065059
71464477
73849277
92291496
-30983313
68357249
72285579
33607006
-660565
-54013376
5130739
-48350706
-42011371
-10639663
-46062155
-10271116
26747134
-72975201
80142605
74905535
-48515059
7342657
52590006
-55078939
49923083
-91608901
-22276301
77311979
7637829
31676935
-2046160
37215599
-34156947
75647587
-92230646
-47433688
-33454569
-53580204
-76285090
25684173
32120622
-90911988
-96960276
31237546
22002787
70486421
6680412
-94314251
71586060
-95926081
-69313713
-95407488
86496984
4888174
53392220
-82724671
81409989
-10820924
-69787439
-96940238
33003636
-60951515
-46548180
-1139923
-52699774
-31371382
-59267565
38206100
-1224983
26485463
-89619327
-7859802
57796631
-78910327
-80290206
-27493996
-34199481
-40036966
-67324981
89498163
-73144519
-4549721
-40498241
50386108
99205258
-90555706
83546834
-80879160
37185992
-76577760
-55111903
16966790
-90735817
90847237
89749032
-26128220
-75177226
28274331
-69019133
-63246889
78027494
20595298
-25440690
35180890
-21775016
84391975
57082408
76862877
-54715573
-12351958
-23957897
68108682
41255688
53643687
88950562
-98823548
48890138
-85112982
40949701
-62749920
-46398725
13498814
17030274
-67044631
46594496
-70145131
-55368669
8864162
47157497
-31832829
-2788057
94180937
-9614216
42346696
-38782192
-2093671
47374242
-35724697
-15624584
87879625
-4931396
85644016
-45860776
-57067542
-97848397
15821050
-4429009
81871620
50257904
86757040
36627897
-51504030
82249355
39589188
99736769
92135553
69868303
78895
7055089
73136124
-22342826
-25708049
49773406
55344228
16638914
-1006550
-55714428
40948289
80884580
40801700
68930483
19485465
21169006
-54756862
75278046
39762360
-74049410
22702442
17198991
42274164
-87292469
-74558091
99628524
-40870527
22571645
20171269
70059244
-91527282
27612468
-57347170
-6361907
-52661629
64484784
38914374
-27759537
72005792
-53541318
49157983
96329950
6179694
-72271585
-66169799
-91231515
-87679700
92469029
-98340842
96546588
62674065
1014021
93372725
-6531007
-16651801
67564434
9758061
36955992
89321650
88892245
-89529969
-5649086
-38229281
25444368
-52777856
-36362813
-8758130
-36948788
-6338393
90302327
73170080
35529173
26736661
88513559
-16774504
63396593
21298056
-79557907
-335038
668246
-31044638
21343957
11897305
-17158908
-41623051
6401170
7422313
69669221
-95909047
80930294
-31903190
17643257
-45296760
99547684
-30974151
-7648403
-3097489
36485367
15906026
2449729
42506639
86030950
-25087359
-5656018
29585013
69685572
-42407113
-67797820
67271823
-96371274
-95698465
1407071
-96717400
-72583330
84622927
-21276679
-53748153
-23394560
-63639248
43107624
85431816
-11153903
99810239
-80632746
51047497
-60801713
84702157
87480087
-58361051
34122188
72567717
-83481234
-54499337
98338005
-95834466
-85747306
20311205
90560499
47888628
6257239
52541623
-32459702
87941808
82790934
91542144
13830613
-92011081
-4534616
-75947386
63013889
42104080
-58079398
93670674
11894320
78429494
-43811828
51950548
-9649283
82591905
43220368
34115178
-71652766
-58484942
5800973
35067971
-49348108
-54977803
-50845261
-20574884
-73631812
-35763849
-54703120
48133746
-11619777
-68251563
23834785
66234703
61764293
-37841686
27517897
39445884
-10076977
70214389
45915043
58284241
58214070
32758886
-17413794
-85082620
-43144048
79147489
66301601
95694797
19433735
-33505547
-97271227
98179252
-51462599
22149154
74374674
943497
74713389
-27953637
77506031
47477851
-64665911
38425335
90347928
-61732322
18642744
84788481
-28441060
93095674
-82939997
-6853385
49033227
-62227109
-63896147
42592238
-94618383
-50330829
-88924900
-58399430
70473709
-87905188
-27283463
79378763
76062536
-18193584
33054308
27356365
64379253
-76879204
-20368700
38740204
18086098
73595390
-44898866
-37861612
25082176
-29862915
44717993
12114634
57136984
-19922436
50544313
-42343057
-87178153
40947015
-44867093
-77583517
-46281184
65809420
26412438
79604767
-30646246
-46999149
38976212
33788227
28656637
23604048
44039226
-74165741
-25636095
-42244313
28447424
-58990124
94420207
-94260322
-89027851
63331644
84348456
-37837153
-63869968
59006508
-89110825
-16231293
-37152210
62482429
-17695030
-98352577
12720125
21962145
-99454897
-32437640
-93449684
-22208355
-84700947
71815779
-3387591
-86019074
-98280925
56182976
47702247
-6958367
-55167718
49375273
31121006
-48369728
-86088339
-55547122
-28993569
-77071788
-24258992
58301597
17239019
81269552
-37656430
45289231
-15180292
94966043
-63676259
95773579
56545563
-88860126
-43609768
-58666377
53372630
82247422
82287642
31563554
-4324862
52031611
76308890
-42114960
63943393
-96475439
-10262951
66583028
-41709865
82475034
26598366
-16261188
-20086661
-88553062
383795
-61891956
60503200
52250126
50047916
-8857411
20396049
-86483100
-33718476
-66441339
52019086
12450703
69718748
-42421285
11415046
37919986
20838337
80600266
-64817475
73671541
-38495451
-46727119
36671120
-59509229
35660769
-77759698
-85773557
86749971
-46448320
-18596686
-70674124
40862865
-38653576
-96825230
-58610339
-37427505
58886474
31475992
25967715
-85435621
-35237562
-63907209
37142410
44728301
5699162
57313493
95306699
56637612
-26811545
-41522268
72709495
-58804081
12255831
-40073355
-39671155
38701303
4192208
44386381
-99111163
3747734
28396981
-97842201
70655523
-17107659
-60292162
74657236
89867209
80070234
57723391
-14132122
-43419559
-94944136
48931886
-68093323
-67006353
-65981956
-98324482
60550013
-16876304
20553547
81106239
-92073589
-61087699
-47371550
45967658
93857669
38889704
92600128
-21327548
-15485420
41772463
-13063976
-56783086
33033900
96597695
-34143380
-62365794
-15930030
79602938
25193141
59079498
66113135
-74814
-25161509
-28985596
-58648078
41176558
94577726
60205128
27859166
2170937
24483078
-40070014
-88836198
21950416
69268348
50546985
-96320651
-94005948
-38297600
-67388340
41133146
-33469146
-79113389
-59742025
58514919
8994277
54114660
-99924524
-86868884
-3870614
17396361
19906517
64806738
41012792
-10038313
-97339585
46801476
-96258173
70118308
-92431503
-2971057
-1871755
12269466
-36481655
44495670
-99979076
-63664018
6142324
-70534165
77924877
54310670
93543331
45400827
-53880813
-9696538
30049360
18847618
-65340404
63191589
-18558966
-65483790
63962240
-69589655
93899212
-53095688
43374321
-73902626
-55979643
43402750
38159746
-21326421
-86920992
3661182
-90672138
17722106
36540216
-20337449
6985427
-69837615
45589067
89598077
62272040
-2113552
-5193666
-48927238
-79651077
56197916
-2201724
96383669
10951826
83890951
-43552046
-94952948
82240021
2594472
65463218
-54024061
-13842259
-83050172
-69546051
-55800765
1431014
75725512
-16874811
70579580
79140049
-19293413
56558122
-79654359
-32544751
4603846
-52458030
-18696097
37285360
17648039
84539628
29626186
17103975
7359181
85878397
-35903172
70196250
-34920381
-20788322
-59650805
-49754817
43204538
-96110277
81593997
-5515985
86087121
-83113716
74443984
24805172
-1876645
27237176
-80088159
84217787
97356879
-54086312
-40060286
31933718
-85219168
40624301
78000224
-83374465
83475571
-75259526
94107689
38333609
-12263817
-73801800
-12615049
-36798687
7421347
-8667766
5800106
96572974
31114481
58094962
38733809
-14341233
35833336
-98549432
-19465752
-60937488
-51854082
-20611772
91933832
99919355
10623945
38807778
9202222
-75471235
-9267061
68267987
28665869
-2132820
68874636
19320218
-39014201
28066594
21623963
-37260875
-70008110
-87017745
-84373395
-10775311
-76550404
63427814
74749652
-43568076
-5680983
-80289151
54537649
-18542745
-1633478
1241546
74658288
-2501150
-20655585
12900664
-95753609
-23050916
94416554
-28108993
77700119
-46497389
-66570443
-25589797
-3489012
-22180646
-12863855
45982296
-55349991
-29934862
73803259
-16799346
-64917772
-61849512
-48229519
6391085
56705686
40459686
-20372686
85954257
89436560
-98899576
77312069
-76309478
-24113115
-76008732
-72609470
54369778
1601508
-57985879
-84601114
-72136171
47108948
-96797205
-86567370
-52493242
35851903
-87812538
53022568
-17030231
92095703
-148127
25149757
24176804
-75388686
82691919
-88219811
-81206593
-53705316
-45635433
-13982434
92307630
-53836092
-62436199
72104651
53113455
41653250
64859603
47967185
-83833184
37743848
-39845075
23137600
65814693
-87151751
-4291220
-15584906
-27202690
-58878362
-81590816
74374114
7828724
72546250
41286659
-13578233
99161162
-27924026
-63118781
-94345837
97319480
-30975722
-66396899
-23694057
87155385
-78767043
74305092
78463258
-82158643
6370015
28272746
-13577339
-7254279
-27910069
-64080201
-45570495
-27214146
2880506
-98630941
5320180
-94519248
40732534
-18836785
81288076
30574295
-89335314
-72033015
21142617
70309469
42194815
14247541
63628555
28056283
39685639
12838187
63275689
-59718754
43523710
-68887025
20565740
58526904
-14094393
98091454
-71366750
-67008052
-454920
77401096
59445901
28997822
-88640625
-59121257
62203759
-56952348
39344995
59341331
5032217
33393795
-10480683
-30863843
47724824
78126823
-96342528
11835887
7105339
-70644032
-14442491
46381028
-37221115
-60932934
-25846361
-62323043
57026627
56302965
59679280
-98444983
-86251249
99441176
55616582
50785600
-76302779
-51340150
-41540859
94690167
-56860457
-79699071
93783225
-26109300
58619399
-86967609
-94811981
-16141603
-96770192
-58148130
-23602975
-63384520
-30122532
3768319
9599496
51056448
27009863
-56983325
-55673130
-87350894
5507074
-37569788
38298135
-70262429
-78255890
97230430
-42644160
-52350689
62305481
-38634753
64915740
-41797623
-40954742
-48987715
88287876
-17641188
-58424565
78247235
35397437
-68810294
-35465193
35673354
-88477543
45960867
-92475719
65614118
-5612448
60064927
4571506
-39589705
-32835095
66187899
9275445
80728123
30322643
14033648
6300499
-75415499
74898294
-83658329
-61579082
39107953
48181077
-38919047
48521283
-5856027
-18984380
-97691724
-23764450
-24824362
-84332047
15363260
-39606888
58119575
48282499
71842383
-60538399
52217441
-46806590
-96048202
74902211
-58299997
-32943934
83267771
7955984
76505266
82495798
34782521
72936791
-89937072
15542663
-35716227
71302256
35682387
-2838968
-2458391
79735491
-83863308
34183541
-24505173
-99110438
-22225271
-90892143
22128718
40146230
63605088
80454546
24907990
26741221
79516184
-92407127
27173990
16554794
-90748777
-39644429
-36586086
80917363
-98833641
37984042
-54885365
-46628021
-2525987
79857684
52711678
-99377041
-52434319
-46236676
-4369305
-72054146
-54491682
74778446
86111876
82808596
-41445948
93275823
8472225
34336767
75458812
-93253986
-12177045
-38398346
52942439
59894988
-13559799
35366304
-81570046
-90281420
39611668
75397865
-45298595
77847522
76587424
-65266027
-77841903
-55520764
1909697
-70121975
15070358
-34304581
87842291
-2284146
-51976981
10044792
-9530416
68605890
-6391480
10198908
-12242277
-46568964
-46909882
57913626
-98818003
88994909
-27091483
-40617733
77427044
-11641415
59007981
23517687
16092548
35673553
97279518
-66091489
89621742
-65018062
-84988975
-61473678
-56959075
-1264857
67537547
-14205749
81226724
-88638844
-30874689
71731945
-3858758
87424209
-88491019
75187768
24650384
46169893
97889308
-74026458
24994898
-25683712
-48125366
-97598137
-50909791
81311961
38270284
-50088021
73389457
-86031693
1913895
-95689653
71529842
67412001
77700285
8422034
-29573641
-68951963
-80445994
76900087
34155105
12842950
-38882835
-40220303
51745456
38420202
27543977
50579775
17542756
-11421146
58157617
-63814054
-49708678
-98260469
-40797
57589646
-76018785
56519609
33028180
-37436992
2190679
28219295
13713243
60689819
-2983625
40181053
36229903
17881027
-54255451
3696074
36839337
2656478
-17122694
-83607454
55850547
-56076330
48269032
43129548
9564964
43634228
87090025
28072447
14123467
12365507
-39304209
21511474
91072030
-47222253
23592955
63628910
88844659
-75007685
52613420
-48431084
15937868
34095841
40735096
51530659
-71121518
352236
-1696524
-97638044
-70100831
-84335854
-29737093
-95984235
22474909
2330040
23527324
68591669
87312598
7286158
28140914
77541457
-72533508
47893742
-96610620
62960259
-21464614
37094355
5924527
29655784
-7547651
39920965
-9799417
50337627
-64564647
-30573784
43526594
69052031
-24250669
-24039236
79615383
64075925
-53388909
47745469
44058158
-15160059
-13905190
59353857
56002414
1070058
82750503
-51064501
-85690770
-29362416
-7877686
-42379674
63444353
-50201366
-15744559
-64722749
-20162092
76278961
83195396
66131636
-97449809
-91343023
78583390
89085672
41654236
11571127
-47696123
49201055
47172392
27796423
13115808
73453247
14442373
-32422438
-3913721
60991502
-97935352
-74151902
44541561
51691342
-94858597
-60065870
-24854241
39243025
56962790
-47938902
76229266
78960772
-62273402
71869570
43857997
-50029533
-50171502
-6714754
-6701143
-11920268
89608220
-92823940
-94173688
-54767501
19389292
-52971690
-83339137
21035373
-1152701
16381119
10314318
-75072907
899857
-5503415
-35169861
-43554546
17125963
-72873561
-99127468
-44398491
34110952
-77731315
37900818
57741186
-70204319
2211827
41220747
-5579255
46183880
-99565839
33195815
62005614
34887907
31230641
13405972
-93136302
-33180498
25672964
-52126147
-7031862
-90891054
-34312937
-32940742
-53694755
63805448
61889470
-36361584
-76032969
-53212107
97363690
-58139662
-81352722
-66956336
93460012
37559430
74192205
-48541883
43279501
23001558
14212316
24666571
39726377
-93814547
-75037028
95903577
61135012
-47003600
9299688
-27339363
-47522758
-13950146
28291609
-6093710
23735812
48998006
-32789826
-95018562
-86861865
71605939
-74400755
-98285385
-16496608
-38595754
-68894110
78449945
-68411652
-83388093
-70514778
79254475
11769452
22398788
25168679
-25531086
30893395
36705756
35891277
51328030
97017580
-7739375
-43227965
78318503
-99110918
15179361
63188423
-67156657
-90553782
60881650
65006651
-45272063
23142545
73550942
77848988
60107236
55832992
-27550985
75755970
-32019797
73651984
15475447
-7185395
16373714
-95845135
69303202
52273974
47043083
-32203319
-94285717
70328943
-94490052
47590665
-46298938
98482710
91797761
97259426
-34052781
-87938518
-34563590
17987914
-24739308
-88766197
79267528
-95736548
-88717165
-93221343
-48266827
-50955506
-78706855
39387324
47014034
97282998
54838580
98257670
-38237053
-44938769
52952550
-83300568
85791262
-31682934
-51443046
-93936767
82878910
10164152
36162899
-22078931
51965946
-9174035
42363956
70028009
48963735
-10980898
-55204338
-90817134
-79830135
22011825
12816559
72824972
62880635
6319882
85799716
51307992
-5335405
81536822
-88152979
-86558744
-38179568
31167485
77122431
3731300
-43448501
4089326
-69810952
-82184501
-32899840
68163238
-81904596
60013732
-93564917
97516586
-9958324
-63076424
31590703
53179647
30165633
83632506
-21792354
-52828103
-72047998
-57699367
-20846371
14911986
73177478
65359257
92037921
-13251316
71340097
44892517
-72330683
86660076
71781
75932583
-17946721
-95455207
48241696
-45167537
-30107034
94251213
64711297
-37044779
-26881562
75347766
-35297773
50212196
-11068315
68462994
-41654395
-4011087
-34022837
60217676
-95696632
-21489080
97332782
-76953547
99893044
-20035783
79883834
-69103967
36321055
-54615073
-99726171
-65714318
70654437
-52176594
-96277594
-20132447
43031026
-93722933
15310776
-81421514
-7380974
92863111
76407244
29280167
47278593
88844327
96439172
-33692452
-11376537
-91116529
-45919616
49746357
-58321634
-43119079
-18270330
-50976445
44402394
-25502728
5420929
46531853
40314098
49952872
-33650100
-81882119
25074851
98897783
-93604291
-37777819
-84621000
-35905656
-76881469
47478357
64999345
29308091
-97235663
19023606
16436011
31205679
-53980507
55217100
83280051
-5859852
-37638208
-91782671
28278615
-37675307
35363673
-35029699
80974162
-85897910
-23661829
76863144
-24388675
83712434
2933414
56193063
-56684835
-49030764
-65755344
-80293673
88714501
-85084649
84407649
92501412
-14355161
1706198
-18576256
-7219569
86207474
32096466
59787388
96329631
-87793225
13876022
-68164634
-49897819
-99409224
-90054447
-66461360
15978506
50300982
-22967539
19572336
-32506604
50751544
20563313
-82646293
-73519887
-75432558
37802276
-47943522
-5306584
7188789
67379358
19701622
31636190
-54715087
-12743324
-14646362
5360551
86672171
-36491461
-86847230
45231233
-76635718
19405241
-50680347
92364567
-16490614
-84257896
-89638228
13797773
94730227
12017077
-1713099
-24723507
-47095538
8764786
62296378
-37781225
26919623
53268481
-31737229
-85668189
-54313193
-11450184
93929980
73761661
37468379
21223515
-7731567
82545807
88669917
38445776
72167884
-52707193
-15983295
13134893
-97757710
17003613
-13794276
83029084
-94336996
-30390624
39795587
-96040760
27315396
83349936
88861108
-8900495
-51459355
23943711
-89740219
93608592
72665983
89251734
-40229627
-50511191
81765643
-21455306
-85947887
7876677
92297218
85565119
49552972
-711577
6781189
-7400767
-52412015
27927940
20946227
37448957
-13692994
44216861
82935377
24700167
21459648
66761772
-77299827
11419265
-85771764
56377840
90053707
-29195018
84622243
-57031364
38493440
24996964
-91657628
-20756269
16241443
-34973651
36793994
-48430316
31851191
-38398157
95618053
68076681
-27423062
-59781636
17489280
-3253716
74791660
-65290508
-24214738
5686880
-79843674
89012270
73526856
20565780
40062710
-96998467
-86115626
-52561400
-65422265
-60615359
-2137066
13937532
72706521
-99852971
-1626771
-25763328
-87146841
32865747
33521008
56886052
60556957
-59518512
-40231349
-6560377
64680637
-85212183
96280047
-29993504
87890095
53511453
-46185027
20730627
-54164583
90034657
-88488663
93963666
7908533
-74242973
-90001821
16173030
13370954
39934917
2942821
75148271
-3053002
50774361
11561306
-2305660
58540624
30768168
-21166349
-69993892
51076286
66765655
-43341198
-85536418
-84089574
38741916
55776709
-95796292
-54992670
-9134975
73071972
37567567
90647116
-36023727
-20650930
-83086344
96418704
30758795
-15958235
-84657957
-30873800
-43704976
-97672984
-1166015
73534049
89413225
60634605
-21768550
-93547706
-169604
-42121495
48030206
-18746623
-52707021
-71298350
-95454752
86053576
22370567
-57451654
-17701603
1969833
47024408
-17520564
49412335
-10791930
-75012356
-52109389
31712468
74792160
77388239
-1456974
91811909
1137256
52164664
57708118
-71734392
-32405810
22753305
-95447774
-39229376
41502667
-90096688
-56785960
1647432
-80306259
-68098024
73343415
-20850424
80248041
-3796348
-40783446
33268013
-61873878
-22598821
-53555298
7728294
-44953585
-56028841
74661841
-91475738
-73523974
88963279
-79886761
82194120
-29584790
53241971
-80919486
-77500009
90916265
-66686830
-67525421
97435103
50326188
-48659181
-62279936
68209807
-44280584
-79977325
22194106
69243541
-88183739
-93707520
19637998
70633214
-91323128
-10519489
25416245
-89628256
-72091327
-64179970
22816264
-82914075
-65005992
73595722
90836772
29924491
-48919781
74553886
-85830074
-40921544
88795582
-6251226
1114695
9529057
32099937
-83351361
-58716548
66169186
-21893828
87795742
-49425167
86228994
62699204
17571331
58226805
34792431
-53014409
-21709608
61000257
-56378775
15311952
51151785
-55908831
-57733175
-86747172
92746568
-2276218
97859062
2363022
-96522567
83232773
62141434
-60343052
-41232543
35620091
-25497619
12143066
-89552889
-8986698
98981421
-12718524
79749065
-46566864
-8883411
-11892518
-83889543
27093059
294919
83821449
-27240742
-76928239
46499304
53270601
60550823
-56774083
-93891844
-73536918
-57394185
-69661723
-50219948
73479461
7005769
-58107244
51755694
97932777
73861553
51639380
7893064
-7241971
15217614
-3628214
-97038466
-68598972
-64276598
-46894275
-92100590
-49616278
-37847645
38861469
-1665792
13664430
246167
-54111893
-77194428
-6883767
57666032
4408519
93622970
89072969
74722207
93428023
-75831367
79502680
-7389715
69307718
23729964
-49751627
-49987301
98912432
-18511305
-33545960
-93348099
34128255
-88232322
62422428
12951200
-68266561
-83587466
-97692596
-60104173
-69296496
47866629
-32100207
97594040
-93064160
34450395
28825923
-52227726
70551507
-38083898
-16946119
6395993
65351593
37884443
-26507665
55170923
28715435
-49785392
92471360
53979876
-59493422
-41330638
31447225
38268831
-96805089
-29221976
-61192191
75863453
-24725738
959534
-71787212
-41045383
65354303
77144535
63620377
-6693107
-87899693
48353167
43800077
-26480273
79019107
-2363096
71738231
-90969126
91025040
30223474
3604543
-28558255
-68459957
-78224336
26660847
-73524088
30044988
42901058
-4490069
5091381
-92165956
-2647620
95464753
13334844
-48685360
-41301628
29226495
85937226
65758780
-18833510
38153039
1550903
79964553
25142319
51175721
-30333926
30607633
-79035672
96186849
80281613
28237216
35019136
96273159
5300458
-38955085
-34839361
85417806
-74635817
-28519634
34825566
-44291211
97788430
-66401881
64860429
95110299
-78721219
-21856343
-36940417
-23484098
71686483
-36998148
80648868
90946070
-44168675
37929075
-44055314
41487418
23029097
37227502
40670471
33641380
-71007880
-36310077
85915286
2077178
-88943030
1100908
26030974
25690155
-13454429
-59170353
71134688
81539508
-65347652
96693799
88061328
44838654
-10834019
72745860
52083787
12683166
5925638
77315536
-32777813
46538420
-65778464
-94074394
-29259505
46293326
23938936
17338768
66425344
34123727
-10554087
-66454056
51373197
15735748
-29480747
84785181
87641794
-33008208
58957478
-13001038
62866859
-41441907
98255525
-29001619
66685835
87834455
89019521
53973988
-42196731
10780592
44656702
37018755
45802921
66578863
-92662224
-94901550
-87107823
24706217
-64343452
8261391
-49599642
-87517143
-16383692
-4103380
86036608
18575926
84081148
-45979774
-44518237
-63536723
1899836
6187646
-83313816
49057535
-97094450
-51599487
66402261
79498394
85942314
27512980
-68262348
-38118158
66434236
-99461884
-9732644
-99646101
-93312889
-42371151
34621052
96151005
-75242506
13441104
52654402
-19448743
49302076
-95864495
10962230
-95809294
19831326
61252200
-6001480
-911325
-49391980
-56771524
-28194927
55024533
-75382196
-71117646
76009718
-46243205
18371331
97547002
40236158
58280396
51725791
-32667367
-74784508
53926976
-91215931
9635574
86821961
37731086
-33108197
-20814611
-82444326
97144198
91771553
84750609
-6104877
-17784778
13256832
-11702226
89133531
72888037
-62861143
-3232028
-84088209
-5226664
72014352
21081319
-17079792
-31723488
-93473674
95585963
-4256984
3836332
87604449
82845649
-58114242
-56745888
-4112931
-92012811
84661172
1737150
53501245
-95279140
-75319974
56771586
-79793261
-4395176
-12141195
22316411
12833370
77976724
72856112
-82444054
54546641
66842719
-91590397
-47777139
45622179
-31354484
13537257
-66578824
-50424955
-8609112
7099753
32732562
25040074
88399690
-95132951
29127107
-64179516
29132483
96288945
-41077807
-24981820
27295230
41975658
90131959
-69650925
-6071218
-8811263
-63582127
-55077960
18879809
83041278
33351980
-54640970
69232402
71513707
-17869766
-89555477
-95596183
-40276217
44349689
-28703743
-92618373
28729532
40889153
-60632375
-49718312
-2529907
15266757
1787869
-48425230
79981441
42859825
55170340
-38238959
52547007
12102506
-48118184
-66604108
35014612
92446898
21232778
-77471943
50526038
-12000647
64823476
60387622
96398707
41030608
64622911
-7412080
-20502941
79773868
-57137752
-60663558
-46310275
23893544
55518004
-26099485
-93749605
80067684
-62545915
-48988471
75007614
37603065
18195193
89592356
44421262
-44021536
-14231540
51462754
-78260386
92546919
38129488
86123126
77443799
17221198
-73555791
21587943
1060558
62896690
-60125051
39348087
-9441186
454870
-54775289
40750950
-22187196
-80509408
-11316284
41560853
-35931102
-43253656
-17915777
-65313262
-98438901
60554602
-88839018
94803989
-94515558
-15990260
-17911516
-99287112
-5876041
96826377
59630290
30412104
-72084780
-63851602
-72051786
-26685615
50653902
-97977819
7040428
41138850
-76543810
43499992
58754438
-34108068
-26383871
13867645
-88386514
67385652
-80997738
48694074
95945431
98396120
-50201121
-78036306
87513457
49714243
-51113985
64483296
60181930
-60093974
95561457
-30623623
76368030
-97480174
-78122140
78942005
53294851
60686079
-1476379
52265038
82508072
-57381025
25464478
-25775504
84379406
55603356
24225283
91226206
-80979636
-54643252
-36745416
-74109037
-80791278
-71823746
-49122124
51579061
-42496474
26697491
30718446
42963379
90435012
69453039
59869627
99230536
-93739777
36937776
32351480
-85379435
-850441
16359231
-33179910
90307046
49551264
-75660702
-49842296
-614084
32186591
-66877412
65818036
-17767177
1374883
-5746638
21616603
90485959
-53445882
96820779
-68135219
39064210
9888935
91155550
87152753
70204420
-67621205
-59545475
-70481394
-82413924
75626023
-94771177
-6494880
21017590
-37968528
86288649
47524904
-32178617
62060190
-80152015
88978068
-87414545
74087948
-1975326
84733967
77249756
22814979
-12755474
49436383
-25153230
19134998
-59800276
26941434
-13662974
88470891
72165710
80957187
-789283
-53704946
17695304
-26527073
9927243
6118992
-76325379
-71170296
64519840
44205089
-18726653
-8101624
-11737650
-33764163
19941815
-51074392
-14183825
-48435652
-78183940
-87843254
87307166
-78655849
-16648277
-89817131
-51902314
43758162
23828928
29368272
-55455822
-70286640
-64897076
24243939
53762355
26050645
-6337181
57023888
61450157
-42566197
11609806
-14338715
-48068351
89862170
44799919
-16588999
-72542961
-98685274
-14817440
47089787
-51591325
50646871
51577916
-60803448
-85641079
31172545
-74498154
90797353
12498356
-64158381
-97684991
23198353
-53633046
-94468595
91385807
24233738
-30003809
10088282
-53958510
-96249542
24049029
-78855182
16696059
93747558
-41723803
-62503027
-39932649
40208963
59744753
-14292120
91901759
79205489
82607445
29847360
-79097102
53427664
48195535
-11100534
92501631
94566811
-82057915
-36696619
67824256
16465327
6536934
21113312
-27294726
-62271521
23999776
-20519106
-25264438
70636575
17445341
44285884
-95920763
-72228458
89516995
-54352156
37579598
-99379260
-22454898
-73364659
33724175
64958249
-2277638
-32037022
-88744767
-4311250
1352307
-55126324
11522530
58638425
-85209076
21987049
72064892
-63571737
73705794
-47407336
67878485
-84297294
-34135737
-60252556
-55422918
80400174
-60360698
7989184
-65935267
32794693
59591950
-40014145
88537603
80965246
-22107754
80898903
-32747336
52352198
75173269
-17630224
-71555412
-85943882
79039536
28127153
-32635124
44035879
-66177071
36206574
-12673533
42882266
48724166
-23411466
55818771
81255641
75832457
-29816116
-11845344
27176883
9151691
84350734
90555743
32775741
61398103
28180566
59646594
89368562
-91786480
-21515195
92693942
45590720
96387233
96214711
-3794088
44802919
30976387
67541243
-94807959
6172337
9913221
-21373957
63224238
-56203032
-85765850
-72119967
-11201855
-17846411
-37537136
-39689404
96734991
27141161
-13728342
57244052
-75467518
48124672
98909082
14905707
87359311
16947799
-72613161
-77189149
78315036
-31338904
75442594
67387652
12206919
-52504445
-59586348
81022738
-20252555
391738
78548735
12079751
6790678
67545620
-42806160
47257038
49817544
59585188
-25242492
-90336147
-27126974
-15623239
-35842413
-40439741
-66468501
53903922
95692681
75179925
53749533
-60272407
63764790
-86458556
-31349351
-5995057
-15168378
75507813
-11191464
-81138015
-67044163
-64196156
27544622
71905588
64951563
53363927
-23483125
-9102942
40240604
17822898
-23462545
-52885742
-36304655
-5073059
77799177
-85939153
57156297
46407283
59988584
82993318
-65011622
-33850868
32496617
-52533276
97332872
-1533285
-53102123
-66050401
-13291426
77247620
87470215
42822062
3317560
46713049
85886487
-22280996
89381742
89086211
72093404
-8432881
39562505
39551087
-47145024
-93251372
-33129752
-24243657
12257349
-96531110
89796660
-35405303
8869367
-86418893
70035705
-44864649
94902427
21836542
4842002
-14198033
-43296622
-39537821
30948972
76224665
12059804
20572904
64211375
-55210703
60742356
93090733
50382741
72570104
43719220
61458228
-92128932
94789812
18287727
-12393339
23151028
-81766324
-95310823
22490231
38108740
19667630
-92459213
-55781831
-84467959
-64918554
-90906730
-3218398
-35880047
-92661739
-57329208
-82685908
13706261
-73271857
62251845
-43445733
14298010
-48265325
43794391
-35052862
-13832227
-68116681
82247653
-25598616
-67806786
24891207
19613904
-15334844
-87452618
-8903358
62485637
82829654
-63727321
32809121
-90940626
-68448632
12355159
-97194936
11472742
9137682
35885029
17362256
-39674555
55101536
35132832
-49495710
-26841519
-54860702
6313119
19050746
93562738
-64942198
35747478
4793482
77992396
-60584605
80646621
13652636
95413182
19964714
-18505333
56838281
16362066
74766050
18905227
64398524
27513724
8460891
-69184148
45021815
-82678825
64470404
-25185179
-17992547
45060535
67251686
9169286
20961301
-11640106
-50318204
49871556
14251545
85434775
-13656401
26421904
-87524941
-11950317
-10061497
49035861
-51682461
10887819
-58180868
46817209
21679030
80219349
91993524
-66361721
8394108
-53339921
79811511
-66939993
29652200
-25900721
-35953777
-98144664
98588887
-79864623
-30662716
-30328910
-40653985
34169862
-20598818
-56021490
-57847909
-92856614
70455636
-79289581
-12853919
38919852
-34974466
-41977317
31384595
-41930086
-65568673
19809410
-98264316
-2470108
28553243
-49535718
66332152
-41810066
32958147
-98815042
94841842
11124714
33665597
-67803785
97166484
-41236443
47880411
-28971660
52715866
-18440902
94367640
12034028
-62044943
67612269
28113203
70607156
79910790
3514722
28126577
75468123
-68412287
-64217132
-86128352
50522626
-92569605
-35523309
96932903
34815444
-73286
97739496
-12134305
-58848171
50093149
14902536
13548797
22931766
-26216360
-62818095
78397492
72944373
16405416
65630416
-32952984
-26556125
5113302
-84960779
15908737
35396617
-29941249
-71293260
-61755797
-26648729
-7133170
16866736
-76832577
-2165036
77233751
-67072931
-48097436
9115619
-17815324
-92737351
86879668
25952379
53451497
-99692236
65489237
60187231
-14619891
17497848
85035748
-52730723
18717845
35957623
-66755161
60386814
91565106
77557005
82575875
-22802976
-5379500
4642533
24632079
80897417
53515003
74445157
-62826278
-48582191
29137320
-73562834
48785941
-85590847
54603969
33432962
-96027517
87510035
-31041914
56367892
36785153
52537
44599637
74187593
-63984063
21081959
23932586
10217324
32331316
76144094
68176767
73744203
-25549863
-9898837
-54924414
13035938
-29602321
63449006
42695135
91893406
7689906
83577026
14383993
37197557
-8537899
-55597852
-69828535
-60246233
96556743
9207879
-98790214
53089299
13561906
93568376
-80209022
-40766615
49974997
77084694
20117035
-87037773
96947019
46454306
-18815389
27250148
-98138891
72630992
-25381499
-43392358
-48097223
92807266
94851911
7882516
28870049
-13030668
26031240
-28003923
-13931734
66347198
61597482
-44827651
35433738
89007923
59096692
36848580
-59944657
-93055748
-4424669
30407272
-79528897
21222958
2639381
-22136549
-60716347
-59547137
-19859146
65146164
-38646819
12876044
671186
-95996158
-10259896
-69063258
-31826019
87135386
-43917512
60084909
10948061
60898464
63482705
-25761285
79202830
-27587110
-21561703
49539926
-42098195
15413136
50680714
83595660
-28099225
-77390314
-25983013
1698490
-48397601
-95823972
-15361775
-90220421
16451981
15686646
-29884205
-4028805
-40033901
71798050
-17735765
-13977693
-58377969
-20381408
-39810910
87316286
90980602
7716194
88253363
-55213406
-12824753
31123200
77628038
34471595
-57730260
64353313
14723089
-64592967
66125387
49067683
-5487919
52488520
-32150433
-15515706
-80101510
56507955
-46694455
86189799
20069986
-81196876
33162310
-36027496
39461284
-58110806
-2029371
37638315
7418788
50149880
99452761
42166333
57446537
39525161
-90685823
-57221835
-79835134
-98804269
-81118711
-52993632
-28900414
85074825
2900438
-73765819
2099955
-93537603
68539885
-1185930
17791900
-2135134
-19913084
28923030
-14049424
-47636114
374076
-52099747
-42636669
17150854
-37672343
-26888765
76200228
49214194
21350847
34458931
48865820
-76236325
-92262229
7505125
-60943095
91308616
45120831
-91537263
14559729
-79214827
98008192
-88625319
-8680384
56671222
37758579
12878885
97259854
-13902064
89494958
-17943987
-3163831
-48574288
14125377
-59260374
-31140339
48170756
30786892
-98187177
34648872
-35139131
-85499627
-8215444
-35360476
-99943457
-18998013
-55492141
-20363182
2984048
-65595449
-13187807
-6555432
-25590458
94644987
58577604
86081153
17015002
-8202964
89469365
14219861
91889926
78461238
71163862
86221503
39480437
-66720310
-69895471
-46304182
69426227
73471464
5493950
4213523
-65147072
38650984
-67756815
-85905491
-67544998
-73208728
-58730148
-19988485
-99677934
-58309934
53864431
-34649440
-10773666
-99925790
24941083
-47614115
13644905
-96149387
59929386
54316520
-65055985
-91242999
84993094
-24336457
-29744175
-3211674
1759425
3928152
17605476
24081083
95207708
-42835631
22652343
7371247
58689495
72501556
20055908
29454843
-24590866
-25913725
-55376736
-768524
55116394
-45151679
-20714554
-42486958
66337379
71150644
-18345308
-75804163
-37750905
65310181
-52107153
-88014397
-3599836
8142872
-99156446
-73281472
281069
21717282
-51171509
70220218
-44789211
34762959
1105148
-93443349
43924907
56329784
-95288871
-36381438
40605863
-77012199
73885838
-1168104
-6643096
-99981226
53908695
-77834033
73768859
56355418
10991405
28139156
-81712527
1104011
-26416785
-52330744
34395454
48351510
-24465958
-97989363
-64103185
58140738
-25489490
94308746
-43756806
14849943
-88159682
49895115
-40621919
86972890
92015616
-34630324
-18030662
-31705576
-42267478
33526455
75202016
-65153580
8910826
-44504766
69730985
-29882082
-19914786
-61616903
41085318
-26956481
19345682
-51553402
-35389940
34314191
20351041
39885343
45489023
-13433806
-1575419
24829248
75366713
-75910192
-49536848
-39600203
88343159
19624620
-27328935
29532558
84813118
-63216859
-90584838
-73257960
23311772
25127121
55298723
-31037621
-16211576
-15444865
63935164
31476503
-84185523
-44487227
-45245693
-97503006
-81855974
-38845049
73565054
87366987
89898697
-25485814
-63641573
-34071904
11373048
-89423870
48660185
93826433
94830838
-39693407
-54175926
8490235
5571965
-88144968
72095215
65468592
67245210
-26218580
33408002
-99517825
-95357153
63464700
96762282
-12601817
-13827239
-79235319
85207332
27363059
95085131
-94205553
-1007028
33822374
32738708
80985684
-98457671
33923410
12716779
-87003954
24358143
-33799436
-86747081
-99225535
-93253122
82644734
2061751
-1878145
-27132626
-38572997
62460105
-46884346
20575108
-53418012
-81059118
35386221
-37756030
94633093
-73737498
82594829
75377734
46823500
-16491565
-55099909
-27679912
-81000010
-21219028
34839058
-37050611
20807423
69532137
31599411
-79577679
-59048339
-42032363
-53887934
-68358683
90841866
64553087
21252495
-3293680
80548147
-98010322
2493096
-97066187
-91868896
-10398238
-7316109
68246865
95770540
50661596
62319565
6319472
-58980835
8846365
76014065
72278908
-30727588
-83916451
70225201
23990140
-84519506
-86196928
25778690
-75258840
-20400770
-94379528
81804349
43182923
84426043
70521568
-97057627
85103104
-42457124
-63818142
-46237785
-38541757
-26096851
83570083
32913073
-11723862
-58191094
-40593430
-87860647
-75694319
87341187
-2012429
-28658128
62505500
14151580
6861657
86425097
8277389
19087492
-57913118
-21576948
-18418741
-7681363
-85616282
13140042
41802428
89197076
-12148238
96902220
-40207933
84838084
-39026632
8598755
57671486
51853105
93565619
-90264847
14432242
-40395210
-2020962
-42892382
-94314470
-78027842
78025285
-25250165
34692924
9122680
57080616
-19414311
66633733
-16279207
41881471
33090091
47033998
83263509
17036410
30902540
-46884144
90302402
62891325
81698733
64936713
16505009
35264796
93538179
71455929
312300
-13984092
-7016103
89308992
385012
-75966485
-19802930
-15736716
-58155365
30955551
-15858377
-58474100
-83966669
67634674
-17236378
-84809242
6725580
-64434461
10740448
-49461524
-68071771
14775485
28453243
-92199752
23633357
-67800235
-50991573
30303044
-83534455
-15269929
77920275
-81903927
54692898
-20648752
-84103316
42761953
-61992318
-90528101
61973124
60397411
-91807509
67507390
-62203982
90384006
70873140
-91475389
-97058625
29875264
-39638546
1575012
83441119
48472759
-4789584
-79284423
71906358
25384893
-78732466
68606656
19752993
-22576232
-85112134
47211462
-20654823
97813225
13294186
-83485437
78341914
30815064
66944325
-67396994
5752772
20644347
-77036181
-66914615
-35320546
-70730684
-94554004
-73285494
59648989
-84076924
-98497970
7619641
19231616
-72283864
-4727562
16519618
-42650225
-73158031
-61140015
-22073987
-93436589
15388932
31293806
-74941945
37186322
54539180
-72384746
-78776924
-81668332
42263657
-30821302
98677998
-69495860
-17942664
-63718116
-94928069
75015178
-55748707
77214674
55101842
-85693764
72755985
-5806700
-60807344
-37915758
-25499643
25779008
13834183
-45978076
-1306716
-14094469
72511147
-50238513
23621375
30282404
-43355585
23882210
41938525
-19055109
-19176722
31823932
72796703
96340159
-68206506
28952813
-49137635
83904128
58014697
-84197582
60181092
83297244
95390092
28033035
-9002388
77721200
-88258337
93289974
35771346
19733485
-51900055
-11696249
62010098
19992219
36068129
-17068969
-72565625
-66982715
72721062
-64492077
76470749
86866790
-97080844
-24404176
-92732596
32597572
-64799815
83785019
-53429828
-34415977
-75513320
-58018707
-91027385
-14006110
82222528
2571149
-85977804
26850525
26404683
-91448605
75587812
-40117701
68237840
-23934938
-66952506
94923282
10994137
70547637
-95028615
-14670869
38307486
-21566686
10988593
77175059
-62056814
83469499
65161231
-2391860
-98714175
77146507
67672721
-3963496
-90594014
39343085
-9718481
47080587
11594962
-29925623
84167231
65381703
-74083852
27620807
86388984
-18094760
-76359830
-82692792
-69527014
18879285
-51339510
7498252
34990171
-72264190
64610962
-24049006
2480294
5653853
6206485
37546352
3797937
25536432
59475956
62534319
55090975
-5846637
79562262
-62508492
72537584
-12502121
-69597064
19006246
-6029905
485115
-71242776
-30874764
43046389
29556698
29973619
-14582647
4941083
71741273
-40433683
-40559022
37003921
8189361
8067407
60296375
96151152
28303511
80632459
76580407
-59503680
-47710085
-39972970
-45186136
69345203
25176588
-8643684
49959218
-42382629
51543876
40224180
-3835708
-32782007
40546690
79499294
77795975
16682490
22848601
41519108
-4401576
55399658
45458900
-92169020
-31568832
-4996983
-13330871
-80134486
-79027269
99328343
-72892646
-57685841
40513297
73497214
-14469309
-87777979
48500769
-32370345
65278082
72370976
97881184
91525701
-74655928
4212327
91155197
-57951658
-19999020
-77778543
13037065
49499220
-5539717
6691565
81141218
-9856828
-17885350
42435032
-74637391
-88386262
-46420392
72381504
-51122230
39352415
55198559
-41069991
5919199
65454041
-47834430
-18802080
3779137
52566141
43432293
-53493728
-52490103
-67312494
42380375
15639094
-8398695
37557384
96662678
-30024870
62383363
-96544492
-24787364
9496749
59455064
11942691
46377316
45679036
-98207912
84797520
-73981409
-50487872
16351499
-19016130
-99680163
-31540467
77271069
-79722328
-10591655
-59141366
-7542429
-49282749
-61958018
64311221
8529281
31028577
-94345522
90483411
-87658236
84021742
-55349737
-15847735
20220518
-24623827
4840298
13668750
70645029
57514740
-13225080
-87842574
-78959567
67692444
49606316
79515809
33501521
12495770
42095112
-22365800
33312702
-91814018
41937399
75357599
-33014825
31398133
21570489
-84077077
81387480
73213942
86781394
20381105
52786159
-64127720
50214935
-83985862
-8938698
-45686811
95223856
-14441816
54885376
-59016093
-27484660
25380144
8881923
-2456325
-44571499
-93845439
2275818
73666255
49517651
20432105
-38563541
-58204046
73469324
-59794619
-28874999
-5221989
-69932846
95400289
29513666
61074251
59675655
10561416
53773783
-21573168
-90363887
-22606145
-48028378
-13338386
16824122
-10210396
-38432309
39714331
18415240
72978554
39243811
-18989099
-16891869
42941522
92848912
2971341
-42263828
-19140327
-92680336
32278014
69503367
-54370833
-23636434
76311138
-81197341
-75136859
-92458455
41567519
-61651351
-23295074
66454902
-75427839
14219891
5088714
85036872
-20035863
47190202
52386260
84314518
36582832
-19838680
55884589
63258938
82981531
-37196719
9155017
-3241045
54321295
51124368
30154786
32010304
37679838
29009124
-18951637
-74304106
62336054
4001368
22589964
-88465437
-64115584
31211951
-14394396
48491461
60551723
-95213439
94805313
-99950378
-85818955
-85656728
97567059
-28113810
-51747053
-38876652
-74150288
-74551019
83468744
-180484
66759831
16531687
17891445
-33078181
-61171441
19543106
-31732980
81225027
97688948
-31793904
30342888
-69485713
14627599
-81501932
31857187
-96966177
93843022
-22139765
-4381586
-12857577
23415949
34162929
-47981071
439836
78717191
-43774208
41329440
17108244
-1073346
-99902607
30876799
-65109264
12647882
64112586
-34053961
-55036921
82411645
-47630991
82431636
-41898498
88257670
51877545
34316377
95840407
9445291
-5059069
-10526973
22699510
76228560
-91595864
97669848
-80663642
-84280984
-44728329
-59790104
-469951
75183475
27825175
10752608
-53690627
29082150
90889276
2341470
80361340
33235893
5874189
-95041840
-97112736
-62104726
-57435526
-36817457
-99161693
-90870519
-12827561
57729499
-96570737
-27377862
-96890782
-90745687
54661243
-38293598
89424113
-586315
19048477
-20456259
41700028
21276462
-71569210
52301215
-74999722
2891597
-96355216
-36367059
4358480
-28427610
-15253211
-41551517
64924250
-40796539
45201648
-1693664
65289156
22488249
59648869
-36999990
9935505
-65726883
-36371333
98799747
72259756
-51148125
-94598207
14403730
-12106225
54447854
89905831
52706092
-10322234
-23222517
9422128
-68051374
-4548421
38029850
-88789291
52290767
19911925
38093242
-13405636
-23996484
18363492
-40597928
-47101564
-19182781
36630005
24439564
-7311381
29689892
-70702890
74723480
28445919
45778875
13904447
52844288
-92527715
-51583406
79386336
39642347
-94534269
61984145
43920796
-9293200
46454133
-90199497
-12716305
-48572527
41095824
-62946493
-99641827
87722659
94130691
29792895
1913583
80736581
51736957
50206594
40114258
82162282
70098409
-23359833
-95831321
-54577491
73252564
79756329
51769765
85352852
-84611769
-93413012
55502090
83211120
29057133
-65985592
-49059542
-1340244
-93263079
-36666060
7969857
-24066826
26596376
-7272808
-89431404
37149385
58505840
-39503699
86116798
2875717
38158700
68125957
-66467194
6165421
53152052
-93845800
53715834
-97440458
52498330
53438257
89484900
-29803818
34457622
-87879917
-36467654
26710943
54097982
-86588495
17947637
-79141495
82914489
-92519419
99687015
-59078423
42658829
-99688519
-76581555
77701067
88110384
42300516
50390996
-22255903
22621604
8536849
48466351
-27692933
-55156446
-41368868
-88997192
11123317
-90052332
-89076511
78296223
-36218916
47025390
84495878
48705250
78236701
99303438
41921050
35243701
-84002664
83261170
69444926
49949636
86079283
-42303310
-69277246
39477228
-42026928
79994968
-29011432
-68145093
37494003
24399634
-32159913
-51972969
67851205
-20819635
96515595
-53169023
-62844251
-71370307
99395928
-61945228
28343579
54708918
29729496
-12980133
-89496358
62572526
7931857
83566980
59715127
-12920829
-46367177
-51176781
-33922124
-42999522
37811616
46278355
47843896
84687015
-4594264
62313381
97268317
-56602583
95159523
-56551529
-78289367
-58953551
37073320
53465015
98891065
37064858
-44301771
81697232
13162903
-31458080
23264681
-87117191
-9622179
-94273792
-58006405
62388076
-47988047
74625803
-44733583
44564917
-55292382
-77111202
-37716080
-36402015
41073831
87974806
-74999787
-55247647
-494870
-48150463
-90898783
-53285127
47322582
95455076
17579016
-99398990
-44852287
-39672230
58185726
-61886421
34616986
95707394
-79068527
-20230095
-28614859
70389240
72362775
83677597
64234411
-53995789
-4049298
16593064
-56821170
69694441
25456981
-16517763
-52829922
75640785
80631428
-14672406
-87834284
16382098
4233006
-64571459
17507151
-99657104
85440441
9215699
84693280
-95818795
-18462037
-19686638
-58472116
-13693927
30556608
-52118409
-58955436
-26100881
-4993957
-90830470
53925326
91810320
-23345682
92458305
65041457
-93428148
12972860
-34279334
-8145915
2998261
-60424910
62440975
70426302
99937178
30312685
-94362440
33400312
28039108
15327295
-99199378
-48323348
17744580
84712554
59200381
7504663
87212658
39972187
-2527034
59890683
-77094830
87336456
39045983
-14569784
-32681403
-51439488
79167106
77261751
28768913
-25356212
36323685
-68812602
-11871075
-41844530
24169760
33185251
-22896317
24996543
30648076
-77306390
-55801186
10361086
15529737
64265235
32611117
80535946
-71335472
88108270
41998680
-69941418
-58571747
29702066
18747781
2479943
-33646626
-95138143
88286796
-3870081
38144969
71798237
-55077369
49350467
68013289
-15663108
-84840033
-70893700
6312975
43115093
-25517364
23744761
-2835958
53617614
4018637
-35911838
-19527190
61601653
-76572236
17028384
-88948013
83116905
-40864398
65616055
-14363427
-8119570
66272657
28939829
-62845981
40001433
-48334204
-50563634
45333421
98325277
-78219089
5096843
-41215210
-20183907
-40321997
45937203
-75838929
27063963
33181470
93696410
75872592
7929574
-99002081
41382165
79891443
-6098623
-80859119
-72284756
-29566426
-41040412
44119386
98088337
-40112136
-8483960
44430108
-73665019
72075450
-52020400
18365898
-63264066
-3184272
-99299792
98553520
32867307
8106097
31539673
-77491269
-4719933
-13871901
86269603
83105014
65466337
-56969642
41497859
42401064
-90680394
-39585268
97714733
71472570
-91158425
67100044
13993733
-73013954
7188757
-89057134
69104893
-42579438
-91680944
34202294
-79301610
-81183527
-26639178
91247367
-96329555
85142782
-32031545
-18993677
60179128
99349614
-40981487
97604433
-4402581
-60246437
-25298091
-71088522
-12133030
-33778582
-8492205
30143704
39662486
44989496
76315265
-45924517
-13843123
-57092932
51025372
-32065201
-86752934
5263660
-9599805
75454492
2030398
4998885
-24021923
45108227
-10252752
-94151711
-9711717
-49345216
-46297788
-18721686
-88014968
-50612944
2785932
-17353190
-16517040
41836
-38232436
-48424454
63125723
-45379727
85043357
59151276
-53159090
29312976
7490953
83685292
-20924921
-41255560
-5359382
64098711
70560843
-32186525
69581623
-58551705
28135716
84703366
19162351
-20190212
-93967602
23810561
76446232
-84784726
-39370082
-29410165
-48214108
-90036885
-74997926
-15577529
79793884
20011598
-6348722
14594035
96648544
-11528314
-34941378
8568170
90212133
-34270613
-86507958
-4329629
75142178
-55653748
-49292274
-30587564
-47389785
-82389397
3180387
-90137801
78645967
-64684537
40105054
65765093
-55863305
-6338925
-97599049
71525539
11209463
43570996
87041770
81651379
-44737199
-6195682
81103502
66927028
-47221649
76215167
-14893219
16802684
49344767
-67273539
-69780206
74832650
-8760210
82463706
-93448707
57971956
6957310
35537820
10191463
-53210411
6729901
1798320
39995195
78540354
-58864780
32925253
46072892
-76025552
14427552
96281733
-11716773
93696261
-87617641
-28898238
-4353976
-4912514
-96120451
92627101
89647590
3734331
-96319337
32537606
-33863064
-7011144
-74986924
-1854949
46509079
-18405603
88248517
-32431886
-99755744
-16718521
-94790825
81140598
-42878176
44167923
56721990
69506899
72692960
-57837280
-70888710
-35659074
-47570995
-45288017
-9205831
85903868
-65740958
-13436016
5209830
-76341176
92571853
-69962187
-45932685
76959339
78640027
7810670
-19370900
-78468699
67613373
-77182456
-48610451
53789046
-28274443
-67235735
-37679986
67683395
91745345
18915071
3926504
-67162979
25898914
-26589201
-74124701
-27528248
79410099
20234426
-15537538
78450646
-31447734
-31263648
-14050382
-27274219
23635145
-98498534
-29279908
79981930
69781662
32300299
65862202
86235724
-48932223
-43019874
10310665
35371626
-50000991
89021386
-64214570
-10513220
53260690
16429273
81524436
98641964
-39735756
12497180
17318841
-4583431
-262409
12312244
-94940948
7134813
33630327
62404973
-52829279
80155503
34253261
15560589
-80212564
50550692
-675476
57433111
58999815
-21499120
14920506
-39275897
53138680
81972158
41047107
-35211360
-13328283
-98869007
77035059
28393752
-93383944
46759146
30394641
74925313
-97812548
90278431
-32342815
-49034311
-62758332
10574959
-44545405
-47185306
8243658
-8954098
-60357788
19162589
19421427
29236609
-64631048
-42579351
62303996
12731443
-44322754
-73540968
48817449
-24673419
36689691
-64889236
-33245192
-32331542
24770747
-48524774
18437378
-41143825
98788125
-22065994
-64696533
-75533740
27376182
53559632
8183134
54822212
-84674897
-89159142
1868118
99284512
54142685
-84039508
-71528918
6776266
17918381
-50495723
-22666279
39853380
48295649
25487896
11795471
16003161
-51691834
8713873
33071381
-41611329
64297684
64487211
43169989
27324293
-74756901
-22200923
-77676527
3730246
-61376057
89879101
-48031714
88750850
65164397
-84372769
91206876
-6709513
-81895142
-25849968
87405523
-65733870
-29774286
16256704
-3224564
-87890387
72568865
-30601168
-7954956
-47630694
-405301
88011450
-84958899
52650410
6430817
71852224
-94227808
16512458
21943101
94553681
70161827
51521883
36073656
39963232
85910503
-99157068
20550233
35557819
-76768088
40551655
75922836
-34790546
48193035
16193023
-68592570
-57382603
78394225
-95859040
-33460709
25022433
-40917056
-31110645
-2251414
64545759
-41937532
91868416
-64545775
21839042
-55694826
-35924810
-5747331
48670654
94934407
35800896
-84418131
-18580942
-71505241
98948330
255775
-89964299
24618910
-77944666
-63781409
-43329541
-32158392
24862112
-50397787
-26098754
73089008
2553763
-86853109
60027175
-70609318
-57566910
46004047
-55619487
20697882
73902492
-46669026
-30527427
-7290985
-69087944
43452699
22411038
-1838811
-41580334
-89340164
48182825
-33235268
36589123
-60293158
3781551
23733588
-92699792
-17597747
-579918
91633988
58647292
25392934
8567228
-14167568
55399767
-62410172
-53714816
59451440
-22508296
58792807
-2396513
98395454
-38850742
88227612
-2213774
-77147752
28503342
43840349
11933667
-14402841
72858120
87223702
71687
-51719298
-53354337
98437132
-40622986
-37719289
2354014
-80262082
-52592830
-27714106
80455758
-21870743
-49689920
-30099639
-25182291
-58521540
-37637651
-97408256
51160093
-49914745
2704994
85260382
20920080
-66206600
-45176538
-54569795
-90123416
-31683718
47003699
-70439560
-28445346
7049220
-27792173
1651186
-4200178
-90507484
68435888
98577341
-84714259
-60960121
96800172
-10523485
-14699491
-95380832
-31233587
85395986
-39224455
-69486443
34292539
85309277
75474744
7012603
41010649
58067727
47850263
-4757633
-89048762
50280788
-46042296
74906904
-10234460
-82680636
-87377406
-45206643
24875745
31414676
-62475102
-34387619
-31340117
-44779150
-6148922
34035605
-70000183
-11782560
64529690
23558438
-6623293
6315001
99455268
78733437
83030793
98691719
-5202431
-38900047
-60142614
39649925
25023763
8663956
8715828
-7596760
74189100
-71423382
-8109100
-434461
18123801
49188100
39988620
-30350488
2007392
-6087808
-99242387
77687313
-25628582
17254149
89657716
53927294
-46582140
45874985
22128282
56946611
-28256286
-66719067
1858145
-28506018
-69013461
-1963131
66677317
62928181
89347521
-62363467
-47989572
-26623117
-31488733
79579652
95457992
27788876
46577978
80618460
5483322
-36257070
-71541742
5176130
-56942732
-70452600
-80792583
-36723716
50300292
-44224883
19881695
-45245798
-62188688
41665474
35336759
28597737
-91983937
37190309
73255993
-44942094
91335935
65004677
19181448
52364768
-98389184
-14307393
12028480
3560152
46516658
12376779
-72121189
-81670662
-3674277
-34704346
-25531898
-25718938
-78499117
14605965
-48740272
85141686
44383584
58281521
11214546
-19722247
62317779
-58427310
24907749
-66021265
75137758
99417467
21061733
33250586
34121059
-24563572
62178635
37666926
-16117304
-30557137
-44506280
95281683
9609663
-63949077
48871223
59548359
96534056
-98286784
5984739
-72459505
-20018323
88547751
37855364
-62661783
2579049
7695575
26964692
-20507024
24720840
6127051
-4309684
-90548596
-80573897
-60717444
90202456
-33749655
89058975
-54868320
-17808344
81921115
26003043
30493256
-23246450
-33315835
-69312832
-23739666
-69980157
-35158313
63014009
-1838518
35569280
89516840
-65956776
13125018
-55641122
-45327321
96295129
-27477697
-98178375
-83770804
-93201397
-2026039
-51547778
80153158
75437278
-69889485
44531220
-79499939
30997037
11669056
317019
7267297
41667695
60477441
-43336314
4467919
32453622
-58812582
-4548710
-59599723
-67257140
46342948
-15830248
-25162783
-14580082
-95477511
-82278320
60639432
94695247
-30755775
-79147488
63258323
-28730552
2881147
-85398764
65590241
-67238837
-14956392
-6191954
22007297
21251853
46708144
9242936
88085103
64641541
-56727989
-85260282
-96210438
-47577743
48300627
42444051
-165551
77052438
-97214347
55521550
-16426519
42623605
91389206
8319367
5354859
-38892474
26088213
-10259383
88030748
20845567
-42039761
-57795730
81600461
-35496328
-75051266
-83896591
-15486646
-68020547
-63721176
78436021
-85313617
90791771
-68714834
-63139834
-97600420
81545908
83553482
-3782689
-33982269
-73106871
66585578
-70382639
91547820
5586704
-67928973
58076793
-4882305
-17562183
24748246
-94974072
-49491847
50837209
-21079411
-48820255
-96367546
53454390
-85752893
88449504
-1988254
-25968773
-84087048
48865140
-55044343
-71458241
-87584607
7447434
49359046
-21215525
30027322
-71671027
-81359053
38161596
-16958951
96225118
9520983
-17107037
-62832413
-51799893
46814639
34059157
-13896845
-7908513
26039074
5866494
-69525335
27940610
-74560785
54181222
36749839
-2604791
16303862
84030735
-7032905
-95111084
97068695
-10770908
61900472
-81260102
-16166013
14196943
-86807789
-6111362
4329723
-48239013
-13919779
71667089
98382428
80760595
55831180
34574962
-81307449
-15713730
-80129631
-23490401
-32390293
50207928
-63420752
41918865
91846395
-41307613
55166468
-79773969
95459580
-20116305
-77940371
-81051385
37011976
-23935999
-18701405
-51081532
-72086800
49755047
29346125
90102231
-54734562
4308870
-95979697
-20637528
-19444748
-30433804
-91623418
60948356
80469001
-39496736
-72545206
-72494897
-51937476
-73180168
-20889758
86286875
-53775276
-83177009
17234487
-11593689
-91908414
43950468
6150671
36511938
7658141
64940
1212031
3983892
-1033351
41999899
55553297
79879815
12885878
-76253175
4745954
-49654699
17106248
-49962246
29845327
-20210204
-82997445
-26420015
-35871933
-27670753
36145401
61426946
-64649814
4833184
-87939971
-34750983
45880265
-6792261
-11098477
-69224938
-29621051
-17617474
48156728
-64611170
49036295
38275691
-88442219
76452189
-6245286
72080570
51662773
-32442681
-46420141
60338252
49064360
68869900
-7903636
45615941
10114446
-90661
90816830
59009140
-42578064
-67156036
-97585909
16669642
52188731
28384613
-56928145
4768812
47967491
-51575100
23178807
18111109
-62967948
-30697380
-63377481
84579425
-4491879
68472108
31493738
64693002
-44807765
93408174
68053697
-73286622
-42848106
21574231
98044623
-89288399
-71939281
91600519
-84113791
-17572842
5418399
-65712263
80195505
17019860
-35685859
27204220
-26494635
33669708
-27275079
62017680
-7086003
-69468670
-16536567
60577726
23773271
29612214
-58943022
844674
-62004204
-89812968
-92097373
-53189494
73909396
-97790629
-73189421
-41731969
57547185
35325831
-24470261
18980647
80972822
1982988
-39275354
65122145
62151594
-10021306
-96853124
52172664
70818770
36128152
-2861706
-56212653
-90552718
-28437019
-21050964
84129297
-14932990
96415518
-70554358
-47565405
-53818633
-62649104
-64452377
77613431
65130337
-38118456
-97649827
41918111
-82257913
28104573
-66576442
79749573
-48685529
-52811687
-31026765
-39030980
-22392755
-20926998
-19445526
70054550
2692478
35413333
39538010
87605747
-86574044
2143309
-76460738
57802064
31509677
-82182929
41532685
66884961
7766614
23585420
14174495
2696560
74141153
74315640
43478987
2744081
-37915209
56895387
-92973586
64153041
9294958
-64531722
87431135
-28773902
-76127004
87186535
-94071311
358004
35219265
-36965687
-50263671
52873645
3595462
83203888
4583107
-74884675
57425443
83975219
9412833
42297534
72706825
-17143382
12224092
19384430
43383229
17649765
-42731595
-16142957
-13799865
9778364
-27441670
-53169316
-69256984
94091866
-15225980
-93960321
-22137385
-51434768
86982329
90514958
-18010169
-26301148
31160731
-51574912
-23914735
81555017
-74969215
-96902652
-19382057
23658648
-21356554
-12832324
32277386
-72809432
-47525430
-47996099
4927585
76032736
-16046595
85379005
82545197
50555936
63654694
-14887754
-56819665
9493110
-91984613
-15430434
-50105472
-44863061
-10992901
-66409783
-20138154
63448771
5126744
38046347
84046448
99751374
-73189490
-39231487
9922119
-67532920
22012967
-80497924
37446746
-48674213
80211348
73638229
18876728
25467949
57998065
76217411
-69062267
-73438723
-67099952
10322830
-61313677
-39092867
3689521
76325977
53152639
-35594379
-31136019
68283438
-70945768
85459872
-69531639
11109172
55844775
-96458851
24020395
57678062
-49588148
-98974205
-99142752
20362673
-74822552
8364721
-9781333
-94509415
82669675
-51306729
-90827720
27606612
3220888
63346620
47430864
975950
-64180135
-113732
77447513
59667606
-85600057
99525563
-98834830
-53738348
44173236
-50625433
29210399
55228420
-58402998
-42535202
89710976
-4933926
-74747863
-68150694
9771133
-26275416
-16353635
21341655
-15155470
-38602608
-59383899
-22937306
18607378
-48708628
-96508293
-57216883
-5559019
97040743
-41585110
-25276968
-83680784
-63611385
4629972
-65695736
-90865679
61669679
-64311959
-50786391
38681622
-79432268
84665933
-68864824
-95728244
-95927283
5767841
2858127
98728360
9424934
58097351
15603698
-86401214
67669744
-60125018
-72582846
-37358377
93069723
68166250
13360646
16634220
-48432695
-27539136
8544744
74337013
59777525
7695856
-6194354
64840649
-90729839
-94510695
46882188
16094711
73301002
-86116124
-13708597
-24000869
11577880
28169157
-17132517
-46069674
32196537
27481087
41082383
-15385637
49539039
-27476563
19606620
-73220326
-92671897
-99017423
-38375311
-1087942
71741309
-20609926
67137259
-51449760
62991770
-90540957
-30282556
14516001
77562806
24073790
-58632125
-22485756
3139767
-32766920
61833355
-84925349
80378181
-33802662
23043609
62484074
11158938
68695874
14438001
-29203739
9051425
4964
13166098
75890644
-60879223
-48956442
-94524776
85718064
57721820
39282838
26770736
-91271548
-57271092
-68204415
-1821062
-4942318
-54842769
20172791
-11539197
91788300
19138752
70970682
86039604
21583000
93074905
-24247107
-49344018
-93013395
41374832
39059530
50273555
-29628359
-34552722
-72344742
-33160672
-59538865
73994959
-71410577
84276989
97598540
-74646727
84859335
-15574791
-11662032
-128204
95650059
18849192
-87003357
-50932986
60772341
17676358
16748991
29873731
-25325962
35195338
-72760754
95040958
37339574
-18781824
-17139188
-68689548
89189479
79130328
-34221137
-14056625
-83028215
83164591
65127473
43940708
-77190642
34208661
51967675
-41439849
87114085
1195595
89391406
16806034
77504523
-96867483
-17361002
198699
7809672
-16420484
67175289
-60516239
45407067
-12668652
-7643207
67978507
65515877
40501242
-27677224
56461301
61384469
-49199021
59559296
56005808
-94026112
51048448
-52753483
-39640340
-90995846
45820653
-62527202
-62880536
83096606
-84407741
45061556
-10664272
51336554
21338855
29049680
65939324
46872351
57421230
31653369
-94307996
2973376
-2823515
19221343
-48420897
-45239725
-88342179
37082186
-35358235
24330130
50946955
42184187
-63866565
-46215560
-48284417
94033626
90146896
-47320757
-56261678
97237069
12121886
45191928
82017154
-58155842
79709598
-68305779
-87329829
56213186
56445036
-46984928
-26351400
-76089873
69668088
-85939430
47322476
-21265888
11807961
64302959
25395207
-67993600
63483694
-44027056
84989116
50851679
26895585
-15666268
-28061110
5331849
-96029164
-6563568
22830934
-50100502
44847939
73538560
-30821418
97531819
88962487
-21129589
52469639
-64560770
24850263
-99720695
-27896253
49071166
30850990
56065449
13734817
-33501320
-65178721
-91259600
-23034237
7183870
4410432
-89221189
47861480
92146485
-98719816
51046859
80880225
65296591
-43844016
74857771
36784665
-97104065
42670462
66434189
-16558179
-24337731
92525354
-28820883
-28602105
-87610079
56990705
55881266
-26808551
-16098698
-30308535
-1839900
13056325
84544869
-39578758
27321459
33634217
89590977
90208806
76104887
-2638830
-53951807
-70397036
29839886
88301434
56297814
83360231
89554407
-96680458
-54847751
48271749
15518461
-93838478
80400930
-75054022
46928717
-73239724
-19988467
-51747943
38174556
-49350944
-83024302
63243329
66277936
6371325
-62863419
34929767
-61293643
69219783
-89769108
-22092277
49545643
2681673
-88186268
-83382469
5899323
84164624
38135747
18098254
26742314
78515026
66972787
70084547
7251868
-62355231
36808727
-77557860
-21904576
3524244
47665472
-3357867
52472511
30581472
84987898
-34207750
-39100512
47841301
-40662476
-80676891
88028772
-99517520
-73360963
58528407
-48045359
75630051
-52850303
67486368
54536827
10100259
-14382372
-89902395
6570687
4367370
95240538
-33743916
97743780
87187977
5608949
87690275
-98785781
89664744
-29904549
-90896366
-13938162
-28323346
-53702307
88484542
2184430
-86190745
2067117
-89982719
-24070847
-86562196
-48948235
44665146
87193058
-99238216
-85287019
24102865
49825566
-16465935
91138722
64592425
10606621
9393916
30183671
17613924
-92796922
90486423
44601733
-81937002
-33728085
42884899
-26461061
-70612254
92697952
60644585
-98468948
50227424
82113728
-63584289
58731786
41539968
-39926866
30134330
3729137
-96892524
-54623206
90356458
26942183
-79671744
-48770649
-84425067
-40735586
-42642739
55864822
43827900
26164586
-51237218
49667953
-40367062
2839636
20848670
81827083
7212742
-77333752
44029502
-84159623
34511051
-70061861
-34634498
-58099497
-58400328
-21344359
-3392041
-35839686
74855524
81862763
62554950
-13446983
85850900
-85482725
14385822
67812893
36631774
35275611
-72533811
87929140
8947982
83082744
12230001
19814863
79005575
92830880
43707615
-89746387
95130027
-12795087
4061768
49462373
-37094389
36743645
52937032
-98673406
56382535
-52196690
-78491345
-37636952
-5164541
65448385
22972355
63000816
69501558
-95507609
29032395
-65720756
77707279
72248098
-65194186
-97878639
-29779497
-50829716
9832001
-21245681
-70739749
53143167
-75717763
24676325
-85945852
-76590247
-89087765
-67951958
39108261
-66885638
51836376
-71253038
77049885
9653326
79879250
87717117
31568277
-24715472
-31986335
-13796170
-3420553
-43812584
-31577648
58976894
-2001283
-56662752
-18006821
-16721521
-95453132
13623153
59321755
-70233590
75745317
54516249
-88099257
-78562093
-50893242
58776627
-80146123
-59893336
68379201
-96698653
-48492049
54064056
-47839871
-37986533
46405824
-87292139
-9189862
28466899
74060508
45333749
85689743
90648071
66088953
-68475376
52670586
61132916
-72146247
98520764
16586445
84100370
-76197863
-41098272
4946369
46117942
30660341
3029042
51887349
-77549291
-52718111
80340304
-79549773
-16046317
-59082654
96432584
96158999
-27425051
-18311239
-78695836
15299236
-68002577
-25281952
-94732142
-34411160
62582082
-87803603
-53312908
-5648693
51711857
-33586009
-88502527
-93919579
41666462
34052933
32064009
-70092151
28216542
-84793490
-7937986
61113768
80462334
-52488523
15529600
-35349492
75986896
49640296
-48505184
52256999
29868826
-47374920
98107131
-11793353
57211449
-67849212
-65738468
-86590109
85572882
-94835222
-65324431
68719742
-1492761
18099827
33653898
21307835
-57218393
18023551
-2132526
-23487898
1665301
-37519687
-59567724
-32711385
-84924307
-60080822
72759241
-36481508
-93774727
-49991195
84724900
-41829529
-4331572
-48566633
83068989
35917056
-9950694
55087261
-31343300
81504783
37660064
-36073463
89901039
-6851713
11658554
83180933
5693270
7033188
3240869
35383661
-50020787
-7425960
-43222076
-46505361
22401429
-25414110
-10575122
-293083
-53948007
-92086272
-3868613
80659447
-74260107
-35478623
71275857
-91217630
45893927
-14933996
3757506
-20956613
-2938620
11083947
44246531
-17413483
10178727
14418217
79638137
-84002381
-98229463
33561122
18792280
-95712234
-84689728
24984869
-12315646
38737329
-44741399
-1610200
-44798927
99709891
-10871855
28756685
21226121
-90128866
96689866
52590580
83506968
78354840
41544996
20566886
34527541
-44425898
-10564154
11137914
76858666
-61399210
-51436220
-37644529
-59525785
75089494
-43396948
96884627
-64329895
22160489
-13935851
54594828
90995702
54791446
40676980
-98815569
-46263713
54651706
-55449587
34152037
-83325742
66362374
-27781150
37068440
91600149
-41718493
-4667297
-32356320
29819960
60515652
55024655
23784699
35870344
27950721
-67861377
-34121206
-21382935
14950729
-12049294
-86852664
52568730
-56289962
43499514
5514292
-93122460
20863966
39268446
33280642
-36285304
9775137
-92527647
66687172
14725576
-86010636
-57809432
39669341
-12838161
53235460
-87231576
-50673226
40627232
-77667568
-72631058
-69768798
-66624370
93282563
-69077093
-27887495
-68683347
-75803002
-58053693
-84351411
69392971
55215718
-59309131
-14893584
78594683
-63050664
-53257460
8303294
-66338751
-75874091
80369
80240170
-17141926
-29320391
-72039175
-28683805
-3268416
51168404
7384914
22169285
-41529445
83890950
22291168
93220623
48094298
90057467
-39688972
-39410336
33114241
-74461527
77070948
-40348736
60511188
13345753
97284378
-91348484
25623508
-1378925
-76866617
-62016932
58281957
-12176519
-17198715
78158707
85106098
-45541795
29783647
45739126
-65890253
-6155279
32269865
-59506819
-91087186
43725206
60769729
48493933
-91120855
58662497
-28032663
-62540694
-34729358
66809334
28602647
-37228522
85313023
-69189870
28365837
77259294
-52813544
1718908
-46339444
-52349739
-48821779
84790219
39528464
90751022
5299891
-9498016
-34039304
-38954680
14501359
62251418
15997937
-34620372
26653430
90511436
33043948
-72551694
83277545
-14262096
94375308
50235325
90754234
31643309
10083724
62274457
-14075824
23564828
99283651
-43776815
-51642938
-80929720
34172598
2116129
-49830872
-98955835
36917123
-95846646
-1574807
24962848
82075538
-7053209
87675680
54980860
-14628550
-21262617
-9321423
-64689834
-99582870
-57524360
-71340224
-46825505
-36020128
24387239
91732433
-61933730
51094412
70813215
-29355702
-60296668
-27797044
-59601753
-49533801
-48438902
90841163
-25364578
65586417
97531189
-46429384
-17784170
81940019
27757855
64969132
-30217294
-39651926
-62965557
-3425131
93757147
19469211
-53989239
-88459079
27799316
94870119
90503227
78772013
42276245
-4874823
-34092453
-57314146
-57863163
-27639277
-57958942
9608249
83958921
62208668
75398985
-78442832
5081788
52770828
-15998208
90610882
-95448146
65781013
93267462
55870001
32889458
-9937864
-17682017
-63659950
90430521
24191223
-22930338
21271056
86443004
-74568719
23596322
75681480
37614567
-4594092
74047276
-27323703
54056492
-71019992
-92332936
20117994
36625895
91262273
78893773
95479564
69255003
-33341096
-48891527
-14268317
6884650
7578868
-89648458
20406538
58784790
-37571196
72690052
-81539909
-51649709
39205740
33887864
45242116
616960
63011046
97201258
-2582734
-2328449
-73429384
-13958310
-76692897
-34997586
14428102
-60687178
80640112
-18763142
-53126428
61812235
84606904
-39473959
-56260610
-42932668
93302481
-66601101
-15640976
79515492
43590281
40666251
3296386
-57605094
-4474728
-19535119
6942506
65507870
12275513
-28766470
97012023
-32987039
69832360
28993257
-53460092
-50794670
35683241
-47295783
33823919
-84420257
73482341
7137159
-70901019
-12641112
82726796
-22795861
-55328226
-51503511
78517126
2903110
15202253
-73723557
-48851212
9935290
42077394
71067014
-16025575
41637806
-27644063
-95172346
-98585627
4509457
12807842
72962592
-48976932
90742980
-88129335
-2376422
6122225
-39140161
50496439
-97297332
84085346
-9933992
-23120419
83986646
-48163242
65222356
74852261
-75549424
73990651
-51076533
-74040816
-13416204
74351975
86746750
-16670140
-52515590
-70243843
8077728
8939002
68669244
-89391060
-83596233
5281120
40186329
23451206
-64596580
-68501472
-7726150
42355926
-13753716
86200001
71064461
-41595147
-31584393
-48552678
22866195
-58141998
95491128
-3579243
-37877935
-91866723
39070321
-16392704
-7004257
61167907
-72244634
98711481
64104473
-67793538
-56409305
59080322
-82958329
71299970
48691575
-24846143
95524761
29850817
19872272
37204650
41060201
75745732
59423441
17270087
60063234
-63143617
25676297
75956824
-99925213
-4500692
87699563
80487383
40036434
-79109646
-35404249
-5851028
-18938145
74623580
17404668
-77820812
26595170
-72068551
-33039199
44414849
55396348
77479579
-76249341
-53609973
-74467883
55842473
72457388
-2596192
-62881925
-2739013
52475623
-52359984
67881648
35898850
-37446625
-38887182
-10789701
-9629042
-46902930
41445578
-17295013
33690696
7557767
16957798
41984208
-57654607
79111702
-44765340
-16664876
-26373027
-67697769
-97935583
84362722
74060544
66752340
-75096907
-80516875
53061431
-40146204
-9954998
-1975892
-58528827
-7032575
-29350636
-41451053
-96614604
-34110549
89614961
10216348
91918959
19425101
58291193
76303146
-99916062
-90455293
-66557405
-73984821
-8596929
-45524277
-30457854
-21521488
51029930
31924352
-52203816
13930309
63266708
13032263
35333829
46130207
-82482877
84591323
44936008
-68269097
44870531
66939021
45769140
31740197
-12672872
599950
-94502423
79771046
-51283607
98036280
13328852
-34939744
-86943549
42999709
40409893
-2943117
-40860473
73951336
80247279
88497522
71685299
30652115
83624047
-81533359
93787670
12371360
10846390
95241766
-31904436
-99188178
-87074441
-32442236
-68171321
-19296630
-42078023
-57286233
38682960
-56572261
-75192712
-51877755
-19913545
66002507
-19428494
68788013
-15158711
-93535261
34794720
68354115
27241615
-21759758
40918155
52148737
94212717
53340555
-47213458
-94399180
-39513247
62608665
74754102
-56632028
22165896
37097993
-43861904
-99606929
-57205565
5501509
-76834239
-30249681
6788567
-20072754
-11288272
18957974
73739420
-43981006
-74715301
-25280315
37414978
58261255
80114061
-33938918
-45035361
64733376
-74217643
-66028497
14073046
65774396
-44845644
58447196
58655097
15473168
85450137
-61482398
-43909506
-99795802
-4398151
-13980631
-90638228
78674475
-86061661
-2214071
74221950
62365125
42317247
39271641
80288378
74865639
-59034183
-55345536
12886066
-15649639
87313296
-23071089
35075362
-35049493
-59690300
-49895583
-9534847
-94499625
369538
5102180
24140883
-85826794
-89247720
-12471040
-39592321
-13149860
35051120
22970561
-76392632
-84616654
-42973773
60015986
83568305
36108197
-99609936
40043752
56638775
-44977058
85372683
-97265085
-7232286
-4572490
7235344
-24688017
-82253295
-33108068
81560947
46310257
15506060
56664780
-44045835
418856
-14617711
-68901487
-33831711
13971858
-64509736
62955171
-52889699
30216570
-30258831
-62145482
74907851
-9016332
-15868014
-11158185
-24824574
17318282
50235249
18724223
72231389
28028790
-67558528
24697923
-56259488
79993465
93360227
-97206781
75113809
98446291
-89947275
-98545039
71086474
61435230
-15903955
45702158
-29222346
-57737715
36357940
29689597
97541989
14864819
-94218757
-15223694
-64190521
-29260629
6490562
-98597205
-12944563
-71715210
67182773
98837775
-97885057
-12287637
54430941
1899743
-12175555
-66304389
-61198501
9351502
43412477
54755314
20969443
-61576636
-8033229
-63706633
81948053
45277592
-36863890
9281198
-60024004
63770383
-78776405
-73243951
81930450
-39243170
48017586
-35288823
39957877
-91772291
-55720994
18760202
51421906
76438775
-75073128
75738595
-67475785
28922950
-43770180
64564343
-70499639
70586472
37080589
-79272154
50894236
28159857
-22282004
2144010
2091442
-24519781
-15236191
-18216930
63374307
-35395166
24681594
53416985
60566272
-12038293
-18555512
98206219
-86183255
19086561
-14812342
-47768216
-92989429
71562053
-24219560
-11442121
-68724672
-673865
-78071175
50784527
74590364
23545
35241607
-15610705
-77745454
-41080493
17582715
-58181201
-57449256
-67997479
26849011
40342353
-36070593
27796933
-16438003
-45528947
51375391
46285195
97938618
-22087879
54965084
44357275
-90613294
41388023
-47850342
-81168463
-96582169
-81780571
81204113
-1295466
-27350608
-70464202
-39806958
13089668
77224842
16670118
-73587485
-51642175
-92284564
44438307
-82133232
61987611
-80153186
-30230972
6629080
-60277243
8886227
22980273
-44932811
29466425
-52260023
-2419977
11328838
-76331891
38786551
-41581314
-16911098
83349813
95599185
59400579
-71099609
72185868
65151303
3638156
69364110
-20725307
-90136599
-4065457
-39528005
-62425609
34266696
-91460838
-91823631
41896532
-63867520
-532056
-17157393
-17851748
50116425
57316044
-57075851
-78918882
-72270203
88977052
-84917519
29927614
-6203369
-81848428
54730786
-76883219
77944723
-16874325
-27504212
-2600547
16684892
-41443837
-78040791
57702899
-84099061
62236412
-77591775
93621776
-87528465
-53318753
85480526
-15669965
84637552
43130277
87778467
-95070054
29698458
-7724099
94979793
-80084989
-68312144
-71814345
-1102979
91106050
-59190507
28486347
54890083
-25373829
86754328
84111646
55415515
19174177
54079164
26680289
28156935
-48851386
18330844
-34913601
33290959
41317792
59051600
-22326992
430387
56479267
9907635
-40157322
-16844210
-74127822
-16903762
15234804
-28025079
91867510
12644924
85024856
-39917501
93372621
87600191
-41388154
8308530
-45001019
-8939203
-21519341
-82252900
2590003
-12090037
71063987
-34269703
-97628513
77500660
-41759665
-80394105
-86926834
-28219523
-96268840
30281626
31926191
-643224
-12926685
26479762
88630363
-94278969
6701449
87581404
-20441814
65105485
-9495562
-92620801
28053717
-86547163
-71321164
-43460396
22502492
-63222159
18433442
-39138759
80544050
27656182
-75138547
43556645
63805442
36925510
33258618
-4717467
25655590
-45227151
80654955
-22496622
-3016574
67367519
87480315
56705889
81487727
-10780008
63628853
12568381
-29136210
43515934
-21231461
-64615725
5546191
24457854
21205934
-10163698
85985308
-8996656
-90915582
-17004447
36806872
10985793
-83793102
-70085873
81485364
39465480
43854413
91329211
22311616
2409387
13259845