57621762
-23951933
79622113
61713769
-84191430
-38664308
91171957
45946974
77434173
-9692284
58733650
86005288
-2932572
25009789
52108867
-42447381
-33675261
81459248
37058640
-19190045
36927194
30276892
-95612889
-94276017
-23693853
-37962220
-98888559
-78049016
-96379563
-50937610
57076271
67432962
-73667457
-53267491
-99762910
66459288
-11322911
18653689
-5571834
6556634
-24442349
-21775307
-13931833
-73502845
34908808
-47754579
-10679323
-86403001
77213230
-3489523
13915669
-54170129
-68588672
78387122
-10840957
-73766854
-79765768
32710837
65799387
71370560
86198668
3956996
24986492
-53077008
51979665
72780153
74744176
-53551588
-25433888
-72280312
-48492704
20900659
29263926
-32310913
-73005763
26316752
80866764
10466341
-18520191
-10368297
83543985
-33393988
-60623155
-94903244
-41080129
94848823
-2475462
-89975071
86878443
99253655
94100413
-12676291
-17592726
72891077
99979298
-26439636
684615
-14677981
19349103
-12975291
75862243
-98360823
-17160252
-66608227
21562827
-37942101
-5861096
25428647
-33809574
40674770
84111098
22445224
-18609580
21143438
-80482734
67951400
-68761339
38229716
81514371
92304957
-11619617
-22048489
21932955
16801586
-8608152
44317535
42315475
90267800
40622917
-34245495
11042803
-28087037
-12289423
28497452
-9761911
-61773452
-92959600
-94430265
59631779
-51323184
94539123
-49937646
-44343588
-71438219
98689932
-94369692
-13302447
-90163511
-75154847
-87084942
68447195
44991435
-24452332
-85258330
85913848
-83006514
-982617
46309504
-81955088
1990106
-86660475
-58428386
49080110
-86379422
71333867
31901173
75902631
44631818
-2348293
-75888821
-74757329
92866683
69678966
-26357790
-16916745
-38495840
47247389
-51090148
-36128475
85330784
39270952
97586344
-73006153
-78990713
64183273
-38940956
-97163232
-42849685
-85173447
-30589834
-96904542
7601984
-96137440
-79655913
75412829
35653434
-40876457
-91960037
42183876
-88785685
52146384
-28569969
-59095386
66051000
41617005
54073125
84446516
31920515
94042844
81124724
47807051
3082345
-43972812
13354314
-71331550
-88590794
93984940
-66874985
-85519607
-75044522
9953078
-2994895
84089639
-64185855
44469382
-8321786
73159365
55263653
-87376220
60546441
55956575
-24573310
84932492
41387745
-73014091
37452833
-79265120
11828479
8377114
-89826151
-79807131
97147100
96862137
-49504187
95512803
55860043
-2585313
-27815905
22187786
68804673
26812771
72251347
-39235481
3189452
81891842
-99701460
98986825
-98547353
35647907
-59289494
67995398
-46422223
25533764
64976137
13521677
91560759
-77492105
-90910574
33110461
4460712
-50249325
-81926208
7064361
-43563907
-95582253
-69775984
-46340898
26369225
-33962231
-6289647
-60852990
52656736
-71472188
-36429869
-46406343
62517897
15435661
-80441577
-65876407
31668268
-87721798
-57715689
-28088864
-56256208
-87228771
91687881
-87376210
33097106
13255963
-4608565
19884950
-35492008
42556540
-21982752
87019540
-2272360
60908962
16859832
96532244
-15431638
36893422
-12449187
86564765
13409894
-66378255
-34676238
98936387
37317738
59289592
-58780105
46096494
38277034
-93143128
12712304
63093183
80994112
-4053307
28806660
92138206
-75492953
-46800299
63134183
-25209185
84941395
-21864516
-65236505
-37550633
-26442980
69416345
77379450
83958187
88364011
86162751
47436714
44843295
97374760
-32596014
-99863215
47682554
88176387
-70998533
-963669
-62984393
-60030196
-36988676
-60717980
-29127685
27325638
-72045607
-22233968
-66695755
-2703218
21784501
18486483
29625602
-84847713
-24896494
-90757667
-86687050
-3349992
-82242895
25857844
66296141
-95514330
51231874
58353184
-88872649
87772511
41500202
7774246
41047691
50971148
-9691879
97152919
-12002363
-62129951
-20426136
-62510231
-48094089
-50082816
48283426
-88482039
-49158850
86697462
37012849
57790315
33570613
-36226114
12433228
98299824
-51366330
40401372
96371237
-70495853
-53422852
42918256
-94077038
62471930
-79477158
88182757
18383029
-11379091
45275579
66862357
73183154
-71074089
87418301
-95845273
-12447152
-12777558
-25225262
-6967061
14530073
-1509996
95438056
-86122069
-53069916
-23552813
59715651
-41746134
52123340
84331367
-34149050
-27247318
-69094918
43249751
27254896
15301704
-21205994
23396260
20173864
82691659
-34888016
-56324182
26417201
-39583729
-57346079
2498552
27120835
98101278
31599344
-19504975
77407544
-8070002
-55262590
65515927
-85228490
-67010405
-11388468
64336587
-62292264
-25493252
94609954
21479722
-76977412
57204941
52176004
42524239
80556746
-5205745
-17234546
62147592
-45075151
-10364188
73946410
-6737972
5477782
-18838966
90663079
89226068
-3512646
21859196
-72553232
-495291
-42433886
-79922401
93382815
-27050688
48506778
2783450
33923191
-79758460
-20844412
-48190851
-12008959
52188266
-56212967
-54176213
-54405125
93730117
46930603
-37956803
12488475
1838796
-58146415
26089082
992975
-27790149
18744345
81789001
17482109
25632644
-98477687
-28693858
-3569087
-9881321
37183178
87725994
60105324
35375278
29213363
33816398
-98550902
-64160366
57605005
90118848
-19136118
-17405175
55594833
82293011
-81403390
-8481381
-23022814
-82952946
376821
21858709
-4975025
31676881
79600985
-68964399
-68722103
58909549
91291366
49460190
57738294
82785042
-97238184
-44631616
-96462830
-46744336
-69276877
26958661
36252748
-60360896
55324128
93784955
-67305969
-69187032
-48125749
43116267
-64710261
396070
38979793
-76825941
-73339458
94133507
-55547884
-72643055
-98829298
-76303316
64773851
-2788766
-80345758
-59853840
-13420327
58391980
94923296
36057092
-97039187
36024164
33915089
64889165
36035584
-250526
-37331870
30604196
18120811
84920514
7170669
-81096704
91068195
22601205
39347452
24648047
-28431305
74831478
-43008942
-73916854
-85744920
-32296298
65324194
-30432150
-74007757
-46281194
-72024080
-43098293
-30727661
26107776
-16201110
56896069
-23010704
-84693539
34517216
-17292426
47617439
-74763092
67016287
-18575921
-64055304
-39246433
75285772
-75802731
1310938
44067610
-1300853
-56406479
92622295
-48263136
64654796
-78405304
99550951
36162428
-37922998
3782081
86960700
-48241388
-55961298
59027573
38590228
-14960465
-89787540
76407788
94675716
88680231
97065821
29990376
-63830043
-82042740
83799882
5006566
-27484707
-70665401
84360757
-28926488
78295474
44799108
-76772333
-74698547
-48720292
95628140
57024453
43917514
-58701615
2265159
91598386
51882884
-27739912
87433864
-123817
29075589
68834016
-82100559
-42176061
58838097
61349729
-43989792
-51864696
-85758258
29306739
-86387702
98739457
54928818
-2207478
59947423
3878635
73347615
-51578144
-85556211
-15689621
56349292
96302425
-75959856
-92929956
14539523
10836641
-32873196
-75476281
56047911
-70924834
-54604812
73727029
-35144858
-66608770
51740013
88591244
-99592847
-18315540
88732053
-38111266
56584142
98116732
-55512305
82832166
-6570912
15814524
45862035
-40949055
81128371
60800545
37959877
28993917
95843516
-12382342
-14112613
-96585825
-64677903
82260375
-95867255
-68544876
11870430
86551680
87114808
63780228
65395786
70859247
56596026
-17566149
-48359577
-97839368
14699021
4903716
-2510901
76053552
-31271487
-58631770
-54266530
26199191
44056938
32731696
-44749697
32444636
-6393125
50565333
-2897597
-52432806
-23873361
-93454418
88161038
-37120823
71234296
55237599
-9228595
61895583
20321693
-24930811
-23533167
-65654677
47326049
17454658
-54425977
18022649
-33005769
-80879731
17471447
-94889305
6356909
17253984
40333738
41092182
77232848
95243326
40344413
91410911
-40137679
-66728059
-91432877
26919929
-16763759
-2276207
-73598519
6255747
-89682648
-21788180
85979682
-80781347
15647571
-15767782
-28946077
15744377
69449034
-1938859
-85342006
-26910735
44842043
-10576453
94275358
16038118
-30231217
22078234
-55012805
82855617
-57856364
-68062772
23630884
-65021646
4521987
33665166
83624126
85370569
-30329078
-44572597
12034877
80879959
737369
83748416
-56176930
94066987
-56032135
66344318
39698686
-17168386
-43718511
39551534
-91254485
93857147
-48757315
-43099961
-3729030
-80722739
-17123004
14020570
47283733
-25127549
39952131
15913787
-23089226
-95123814
40875987
76102728
-60643873
78100184
-50059029
-66801221
2393815
-58544102
66962796
44172388
78118400
-534274
7448778
-71009888
-72616376
82893466
61599762
-68443048
9188404
15675256
9695199
-11812817
-49444557
2136702
-18739015
-9347128
24951149
-25753801
-72009097
76699974
-82846725
-13192730
-42183030
-84977134
-7324869
-64193546
-7357894
-55575440
41274779
-42423951
87381063
214808
-14079289
-17786109
92977811
-17891427
28807658
93908992
41141107
-88212745
-51722108
87471337
-86128609
12248653
61764518
-13476922
-75601663
49868537
-79083478
63138356
-24426018
38295922
-72645155
27054456
30077359
97456588
-36020482
55194376
23359568
-18314511
-90948827
72564002
-35956505
36994840
30645374
69628373
22085011
58624977
97726706
7994844
-51742724
-61006038
-92887737
-82866085
54574463
-62671161
70991617
-6994216
34306920
13260162
12330517
-48988043
76089369
-47781253
29441545
43162928
-41740835
61839541
51063755
-80236142
-23131568
-58587977
-48087771
-97966253
-22641379
-42553293
20060063
-32096966
71237214
-485927
-35437331
-41984048
38333206
5756447
79083307
-60792848
-93478747
-74765712
-50695393
1540405
-83572877
-6329630
-30181568
-99311970
68412
-7159328
-6332417
65250289
-41011840
92979921
-89702504
21383388
55532814
-44488297
70685320
-93522209
46780027
-6627263
-57460531
-1297227
-70105712
67277406
-95260625
-65495149
76875506
86566390
32063954
-92850012
50069641
-37710366
-21407977
42397473
13675676
-83813983
46091586
54671839
-27108803
-74173712
-62636679
71157852
-59727038
53707475
-37825600
50842297
66784967
-73221567
6125702
-22215148
77572768
39271013
90235600
55780962
29250641
99431767
-78908024
6465410
-70698355
-85110730
-64774361
38210100
-34005933
83514148
-60877426
66593331
90206707
-67866050
-59257851
85273281
34751986
-93505299
-58422387
-65040655
-13470765
33885348
-70265693
-47991158
12121154
-23195050
-3737134
90473074
40657937
-92366822
-27802221
8708771
7124743
-1045184
30545131
-44346421
61927724
5840306
-32231834
-30316012
-91240839
-40592706
-64998249
-89136076
24905041
-45475908
-24377680
92023086
15315651
24005834
-91492206
32049198
51098527
59913146
-81416833
69092071
20650275
76618199
-12402033
-47050433
4818703
46164297
77107905
-20692598
29502225
-12071811
-60178416
9099452
35817819
81719608
-51447781
31187100
45441928
-48966896
-2791535
-57589978
-26264744
-79429717
99008091
14958501
-68664151
40781922
49393770
-44946989
55582491
76388015
-97020690
1282326
64952339
63963128
85491870
-36018593
50484119
98228462
45210514
71250941
85267817
43454692
-79340393
-47796924
-52304204
-77546083
-53177457
70697042
-87658247
33079318
23383392
-28774149
94176539
63136276
86739214
-30901501
-79285857
-17027102
61313499
25864275
-81145105
-17977468
61386709
21946708
12651264
3659513
86854458
71636876
-26833732
-17249424
75208300
94330925
74706136
-16368207
-31880107
-9247030
26086563
87892445
-65565778
-8051108
77049867
-26851346
-46599482
89900584
83211677
-60663384
-96260150
34984157
79648240
-23639154
43605529
18608321
-95291179
-87344220
-74729746
-49472082
-58086741
86911312
44168968
-43897207
44905976
5216916
-29025458
-38878262
-78253097
31238918
-57520156
88561103
-3727675
-19326311
24494375
23410923
10382984
-18030127
-47665886
60439642
43797245
-15916803
-63895576
-16372011
25737080
-79906752
74613588
-80341310
8615700
-31994027
19463788
-86560721
45749036
58547077
44042602
20652781
8604632
58320554
7542902
-40810739
19461333
30147993
16862464
53243895
-54463956
-47200088
-2899821
59673175
34147726
59280711
44006033
68082451
-81130608
-84464847
96576772
-88502588
45151604
29490584
45805404
-657439
-42191030
38802171
73472836
-74228124
49696854
-86511893
-46601725
34668191
64397490
-79884557
-64587292
19581719
59965653
-34165007
-94403450
-65478601
-37200156
60497649
-53859976
65063568
-89562215
75497960
-6617181
-64991055
12284550
-63425615
-3212924
52993459
39990901
-31754208
-96899156
25148278
25784549
-42931428
-79939069
80341769
-80203380
-1381850
-41558566
58051461
43287364
20729486
69837399
89097910
38703772
-69021395
67594144
-67190818
54940208
20758795
-8156494
28095734
-89385902
-87894211
-51132976
-82829433
8621230
84170672
6621535
-92924871
71781715
-29113502
39082976
24095221
38224795
71135204
76495757
-76923982
-47113711
4737341
-96251078
-38862
1670780
41474137
-87655273
-23695847
6697261
58959998
-22587175
68587160
52387367
-20564730
-43887999
40609941
-35566274
-50721065
34330981
-62419064
58831923
83622952
-77394439
7333933
89284492
66845765
-40227533
-21992866
20127814
6135138
31261615
89692371
88454233
-39885491
14458373
-76649514
-28705378
33813107
39084108
-95772011
-43191501
3558262
89843587
-87407231
15354195
71776206
22173100
-19228823
-26479143
-90381537
-37326107
73762175
-43546878
80513627
-19792181
-83114404
62856887
-92829474
-8317022
-9514192
78720535
-61384870
-93652603
96539244
97856120
40033999
33686094
99246732
-7034815
-9369617
79999387
16787796
-4811796
-92763020
73568966
95698193
-70644027
82405315
-87362937
-51245457
-75703305
69670153
82549736
41329283
34970664
-10698017
78068730
-33854400
55382370
38288225
28865298
-50652878
-39133023
23211326
17465745
-817298
95959648
70899708
-61479857
80228953
-71159567
-8148394
35149212
-91194950
77519263
49922848
-13451345
89376922
-17270343
-65042985
-32696384
-63919766
92667693
18500086
-49535843
-58591223
-14461664
-304396
2680865
-50763398
-20527032
-68602926
36418342
89041190
36950170
34369390
-40395349
25952739
66476893
27356742
9957108
-91623448
-12711339
10720902
-49040523
-21443719
96705828
17843247
41453846
-60616879
77009155
92964330
50739059
-75389991
-15079386
-29808175
-30862340
94426135
96087778
40438043
-22802543
-68644278
-33340760
13701841
50980497
2991568
-1334004
-64617661
-98387987
93742842
-75385511
17922531
65510477
-23861701
-48121253
-51734902
-92672168
80079583
-51644861
19882774
88199948
-19195020
59289770
-82999893
48492961
54506099
-67416998
10115334
-28619216
-69048987
48777662
90206836
98531356
72747068
29954513
70432183
-10535002
-37753218
66955648
-23579995
-24051818
-16403902
11046008
96691549
48132481
36547971
63241174
29591870
4406450
34811237
-43374056
-82316594
12073549
-78340413
90202683
-67492269
85569001
-21558886
-93435526
68888134
50181256
-24060906
-37409389
-84786269
24875675
47306578
-99892093
57082377
1719366
17458379
94435366
10879083
88901724
-19924663
-17962199
14707550
67156025
31991959
10209256
-26849753
-51484183
28200631
25488568
70213377
-60681959
92833734
-31426610
75307702
-26153308
-24589420
-18518255
-89253108
-29186893
9144724
58268427
55722153
87046045
-55861021
-96471032
-30911582
-47695034
59037784
13384781
73312670
32932110
65111782
-58741142
-5674797
96239276
-82527787
-60906783
-50891712
53896019
-81634980
-31240321
30029583
-83972786
27277372
66369744
79543936
6203853
64595972
30809933
9343857
68678680
23403742
206608
77446988
43535294
-91476128
64507441
-32766065
38590705
-47060331
83847924
-97288619
-83746768
-10460411
-47094940
43446303
96584801
86767725
-20522048
27484664
-55799576
-91616240
-63626937
43567084
87974774
-52013264
-93732505
-55868816
-94079490
59486410
-51795625
-82763101
29964103
-71321297
8141120
-97542141
-55767082
35268267
70217708
-85217431
-12002561
-5105787
-22450309
7659243
43962186
89527965
-80632753
68616658
73835857
7049893
-63532861
-45845169
-68843153
-95128932
-38684070
40041992
58933120
-41376057
-35418930
90250003
-38195053
57153261
-6999544
82836153
-29848235
-91730164
-9828339
12227090
52217460
-7013690
17816668
5600297
-22921569
-1680449
-45096096
99916129
-48314742
-68482444
-99933263
-50539092
-18136940
-83469251
-88024980
-92084262
95176091
98549045
-88429771
76645268
-87379918
-26959101
42447367
39229895
98203496
-15895112
89623870
56154594
10439258
31903455
-89312566
85918476
69066175
39137696
53642381
-63104900
24571939
-58572965
-33110083
-48870890
46565563
-48323636
56437891
57493495
47503962
18892600
71795981
-14950222
97978444
95024441
73726970
48981452
-83322886
-65484795
35894286
-79774274
-24062097
35221840
-12712529
6458077
7213670
-46966859
-22365153
-68538043
-93049891
6756858
-84058108
36901463
26245734
7009966
86060536
-1717080
-51302631
11023283
18701923
3772877
92976943
53768219
47808192
-63525382
-345507
24291722
-19833379
-64629190
-60864950
-76330074
68881196
35719968
57841359
-41595791
-759285
53134055
56972123
92272123
35229578
-1713751
88665569
99684136
-38093430
-40694781
19586570
-66040589
-57537319
2889898
-90130731
-48440492
67680122
-53721461
41972500
-40448720
10842655
44271219
-25590528
-73311742
-97438586
-41323781
-64599940
93641976
39685112
-12345900
13250337
-45021708
-53559232
-15493862
-70550030
22328993
-45502272
45351766
81800525
-42646848
5155672
30625717
-10570357
46260719
-57482207
-75094432
62027973
92774662
61215160
-91195405
-34418124
11795196
3790868
-44768214
84868985
21876023
21904046
-44079326
50883250
-48922341
91920863
-63292291
-71012262
79265485
-28872680
-26349714
25683022
-85503997
85597280
53341839
76580386
-66258891
19191313
-90152797
52362212
-5092703
-21828676
-76228148
22191708
75149263
-8892635
-8219134
-90678224
84629019
-55851978
-52454634
-11662684
-81099135
-13516334
17439034
-58819557
-61565526
52105512
369356
-73970
80321154
-99140031
26965405
79437814
-58703578
-38924150
-28344614
90199043
55109450
7937730
-51341589
-10175958
25260546
32628224
99295113
-11396010
-15344994
-66572013
-30166588
-65902457
-84792746
88116321
94067703
83473006
97143982
36745539
-47125938
-8870262
-45052795
-90457286
-19385863
54000608
-39902974
59419735
-13623624
38797802
-77683953
-75211919
-38387616
48127835
87931204
-94845581
-55773727
-21805868
5164626
78969628
-47775906
-32812704
-28191290
-38200090
92618513
-29749060
20335476
83753350
885479
-93363200
-27153750
-59739615
21113824
-25337884
-91129230
75911996
37120443
-32850690
-41925838
54873692
-42123086
-7587567
88564978
-68024840
84661605
-93203347
-7818410
99889368
8391902
-90639277
-75537459
30500511
-70769698
4030986
-72596276
-74619132
96989963
-80186860
-8470389
99855238
86306703
76950377
-68554931
-17181268
-15682567
-35366704
-74885164
-20257541
-62813655
-23497835
-63040894
-99700621
3490177
9413921
-93121587
70675454
-17110587
72894932
57552393
-89668444
-63981845
69678897
98126249
44069401
-11812115
78057162
40382436
-30426582
90402638
-13811879
8590256
-62126303
-83272925
47653723
2467524
-36480771
-65723145
-47624583
18683479
3117907
34184976
95780526
62538690
60817654
-5297257
-40986581
-49935887
-13865672
70929937
10344120
4134897
-38540077
-12918171
-21845959
29736059
87380012
-13666861
57813751
30760591
-10277557
-84284266
-74076207
29018843
98342202
2841493
72255803
-45308233
-35126166
-99643076
60647069
84616783
59252344
33757510
42824873
-95688183
-63054010
-46731752
-97125332
-60898045
45678286
44550944
67908577
-6640627
-28519091
24648128
26787507
-37430637
32461841
-83628381
56473074
-58535566
-11161159
-23831195
86305522
-86617549
-51740189
-87091038
68320922
-97011594
-91734799
-33420426
55908281
-32245768
79495882
49294578
-35881800
-73525623
-51882451
85740406
8062329
-30266591
-29201346
-12235000
88770258
25273647
96561893
71744221
-959934
-72484449
-6035223
68872208
-42077240
90705201
-62132390
-69564205
69339115
55186771
-82144607
-14291772
-86162924
-74475366
-6439705
-62062385
-66393632
27668462
-83466372
89865458
9895257
-13076049
-22843100
80663328
3075413
-45493225
-92308341
-95649355
77887440
37605358
-75733185
9430820
44957639
-7117143
-20125062
23801607
-22785353
48099663
-65138741
-93879965
-84215252
-35074429
52444728
56077819
-43678305
27163663
-3458293
57346703
-67426234
51535389
15685998
-63980146
-67068126
-60056009
95413034
99079077
-10327798
-32141450
79235260
70720939
59828480
77212403
-30527415
68933982
-8724821
-74327233
-85550103
-46208347
72578713
64184273
-87696163
-26267806
83489569
-98299874
61190194
-95286219
27587320
-76779023
-95083517
-35726988
-71493575
-77232129
68071050
53831998
-8365223
75376025
-41091900
-66265126
-22752966
-77839404
6959021
53140657
52851721
-12314993
74497335
-77632408
87935985
24520994
-98776051
-40688831
52554621
14553380
-72154472
-58169655
63408451
-63391758
13194622
96710073
64601397
-89767987
51380946
-20910485
94601871
-70515777
34524939
-4448598
9676914
39508018
-92196992
-79728583
-71007209
44277914
73541322
76541761
-17070963
95867613
28134192
-28557272
35872995
-4607805
-50804968
-97565472
62865294
99124141
74531789
48734145
33100483
-39722153
39093276
60589160
82568228
-45240123
-3347636
567221
-99834046
67079232
84997629
-48437833
-38080589
-98015833
28135825
-40052941
76895179
51027824
84277028
75926192
51885249
46530681
57835801
8891688
85926393
-70401490
-45595005
-45133016
-85434009
-97624873
57188732
-70736404
-84584923
-15612494
-46257887
-4556726
47687575
41459894
-78960575
-24319382
-50916104
24566132
-58294744
-94476953
-96589623
73994682
-47547114
-21826249
87469873
72990130
21069928
51946432
-71840685
52750415
94515277
-41491162
66442690
-25021990
-49330413
-91194117
56847464
-34407813
94180921
97843883
-64844024
77263145
18867942
92284737
-36457100
26033719
-42868138
-3402283
-27831733
11464395
-31767678
-90573937
-63747235
69198734
4347051
-61882732
36710597
25076292
78332037
-78012418
-97820532
67086581
-53604119
9495858
51384055
-61044339
56395032
6626304
840043
8247157
10301398
-65003447
50724350
-55592619
69481697
21911670
-87253246
-86333874
-70982354
79806650
4426603
17908049
-31072508
-92428093
869052
66562099
637208
-72332599
-2557159
-72598004
-87475875
-18907353
66947661
-58035496
70899525
-8739848
-68532956
14649664
-59351769
25438799
50754075
-50055682
-69457166
-87173330
-50689518
-81080966
59135029
46424692
57416270
-49033027
19939515
-56405185
-15698614
-78372989
35630324
-93577170
34210906
19497261
-77378266
-26858450
-94665625
-11977989
27587350
-24694312
72216291
81496083
-54692479
-11580468
-22080069
21172310
-67378757
-13513493
-23477474
-15033885
85833622
-90788409
48557930
-48724247
-3723992
-149774
-93409083
-25995233
-25717560
1604338
-56719739
-20838961
90851786
72610619
-21200912
-77475000
-92367388
-28401767
-61960990
60200650
-7203311
-54098710
88387213
14513575
-72193122
50261598
-44533233
82541785
56785245
98799742
24158448
-144515
8683093
28139699
87226077
50057535
-70363405
69102862
13715906
32073956
-46941588
-45886673
59987544
-14235907
37855764
59610997
-92901208
29904522
73867558
-90088154
87197060
-48842934
-72972157
-19335757
85452511
33143128
-36381045
-59810959
22996343
-74791970
51815529
-38044503
-85667449
98860915
-92272175
-32111453
-71130457
1292588
38606787
-85425941
27751022
30956885
17193524
38688624
-51968905
33737403
-55702888
67563617
-28358418
16616528
57210061
58771262
66696916
39449940
54025166
-66818903
24760170
-66835471
58881734
-75569969
49285062
12186641
46399408
82441148
-4822627
54371689
-32080233
-4381914
64247540
-42193485
-43869064
77909500
97675068
70273503
-34707246
96732526
99822378
79709083
-80969522
78569892
60071461
-53820984
-77868867
55944226
-80427910
-54751430
99617251
-97845811
93895866
23202880
-53177293
37213794
87110270
-55620873
-69906957
4047315
30036985
-3574278
-85594595
-46114528
49239236
-54492723
-56617924
60816027
-74875940
-63731484
-65149243
1744992
10610886
-91337644
2776936
-31516751
-59521257
-95199809
76416648
72682604
77994499
-61856832
-51668538
-51104705
-79378794
-22655064
54807069
-18738042
-33393628
99442866
-97485608
82818741
46167701
89172259
-17701129
-87681829
79301510
47792798
69840226
58723293
-96377275
68493578
-80299882
77763023
24662528
-36622940
-94612728
-67396175
28532847
-53297147
-60032296
-99948557
-29131558
-17777217
55980070
-3855884
39165790
98432749
59815297
-80845194
69344696
-45045958
-61247975
-38500137
80238576
-68279393
-19721287
-10389946
42666504
7898948
72204979
-45326339
16801912
49507374
83259622
-52702055
-61316569
13793632
8685370
-49459887
-8612239
46039876
-27484698
-66488403
96961040
-17607554
-96552771
-41500116
91474742
12545667
20179075
-42217041
71462704
-4717797
7383977
89478518
20788355
-88305875
-79043725
24776205
-56851610
57561905
-42143332
-41004840
58818632
-138447
73767559
-41856930
-86675193
-8142254
-2738392
51150285
-97676240
-71482728
-4771982
-92970164
358096
8276809
-31949180
-5922907
81007231
-54263272
40335840
60594601
-79950316
62928513
-1454061
-73540841
61896491
-47497641
54295397
-59841826
28536308
22748869
84529493
-53146519
-95222334
13232281
-13383261
-30228268
10644567
63639204
55812058
56333176
98634187
-62706282
-71978320
24901515
-93102015
8142365
9170195
30501262
-94126920
27581440
-12435863
98221306
-39233058
52443882
91463137
99236225
40228886
84261443
-34035274
80572611
-18181779
-25748823
65909396
17250462
78290419
-7233198
25573113
70336147
72273544
36100476
34482836
41249423
-31457922
-7806051
-2180305
-95932631
-34843747
-26912144
58459203
22811103
-93844015
-59231768
-38003950
-5285127
32134470
2692505
-22152751
-25421781
-20887096
9919027
97316747
65421539
32808394
17736139
-77946412
-15151510
-52218662
-96056327
83547542
6197681
-57940644
3814760
19236957
27973085
60276531
-18121847
51447380
97863787
69967105
16555494
-50212827
-49440764
34693419
-68900564
79659529
6707526
-78023359
-74488135
-86354967
-41930084
-2209826
59645951
33119865
-27076906
-29040642
-54811812
90734268
60798415
60446496
-95187031
-68062369
-25837444
93037197
37745562
72471211
5045300
-6511928
33978700
-43629281
-59639739
61171318
-66863906
5839229
32566130
8062021
-39605440
-29905954
-88827326
58561702
88765596
13317277
-70644856
-16093383
-69444716
-62876
-12481783
83174862
-92947033
64708831
85952045
71799528
-28971793
7570334
-85425422
-62342651
79611547
-65719282
9486597
32596843
17898726
75878875
10906782
-80268352
-34276873
-45518870
17011734
-35113214
-73480707
52303893
66902780
95255879
86547558
-3809410
-86745644
-44570833
91026980
-95251557
-51933250
-98674921
65933388
72751493
-20991969
99309764
97411429
-82704144
89234597
-5088284
-31910454
37401439
1671120
76316466
70726904
12804248
-15285044
-52005496
90484320
92610276
19972972
19168971
37899821
-81607294
-74988048
-36333040
-80530255
-28018914
-70144924
-51293911
53464596
-24789418
82749347
-37803295
55845632
55308995
63495631
62360742
-52137515
-43078261
-87588178
-54460638
-95053730
94862503
-40466035
50326079
763431
61421515
80150135
60227556
57322443
-52137563
-30326779
-87335426
86040156
-4095063
-9022527
-9078406
-76574277
-81416311
-37600960
72945895
67568840
37663497
-19393005
-5698509
-16518666
45578380
-52904921
-449497
-19687868
13408812
97279502
-88369888
-41349158
23502732
-38825156
-91722452
-33216337
-19554166
36724923
-72639333
-93763909
9868304
-59536914
15780903
5457668
-14508856
63794276
44861164
99690617
-8269648
-4607498
-29864321
60819698
-60721510
-44428876
41420109
-67850622
-58982723
9419692
-91271284
7116949
45431692
-68924293
-58391322
28500963
-86893716
33656765
-71836030
64187795
9473398
21647226
85936620
-29218608
-13256008
52666773
-60550315
-36526251
24121859
97505575
36434737
6563363
-69404478
-1074541
22652794
6489266
85786858
94452890
-931486
87917560
47748714
6913526
-54681822
-80748232
-82567342
-17776763
24116720
-74931560
-46905057
63731380
-36988520
81041081
-2488349
90102734
38856632
7784053
56305421
46469080
-63049464
1221918
4940136
51202170
-62870772
-73318686
72817351
36603728
-87022578
-93357181
40753577
70340832
17326388
34605589
-49959011
89653710
-75894365
-96724970
4463203
85930518
-20903455
-44930221
59307905
-85624708
99738728
70153530
82675341
-33250853
-71093235
50852648
15702072
60930319
47074822
64523205
-30525014
73535833
84278205
47765205
10410560
-45546408
70400321
-61958387
-90411606
-91295434
-58804981
24872116
-27428399
-5180241
-25928150
97327878
-94309339
-74847446
76017895
-5679310
40681514
-69639615
64704827
-46882525
11916901
-11569258
-42408885
74669027
-39889824
-68138258
-77964318
75828897
844218
-52822330
4989619
35071387
48132086
41429503
-47932198
-7437295
-29843219
-77546662
-19766115
-29188510
37342450
35455150
-55526239
41232813
96014883
-50492583
-12402593
33174136
6848080
-11654256
60997442
65115099
-61794763
-76673986
-63324903
83413840
9062894
27616853
-25996843
98682826
82137169
42101458
60810858
31170346
79110526
-99335327
-89451841
37504095
-65688661
98678108
61084511
29365648
97530960
28485675
90465934
63292579
-35076225
-32961061
28588204
76488119
-67661981
-67371094
92683412
-18867775
73792101
-54211289
55506587
-96990469
-45185241
89065513
57258568
-62764291
-53559183
4533489
40916132
-62916709
-71518470
-96699121
29090006
-77439843
3853208
-42969862
1471866
-60603332
28675888
-31604288
-20928553
5431939
-93462213
-14134607
-33192947
-76820967
72918279
-39491030
17405540
29965537
300007
13655398
-63647511
81508704
55425238
5840168
-52399379
41991345
16324137
71628247
62948504
24265260
50433565
-91278057
25411571
-71860568
-8671805
-4584310
94838132
-85911302
-50176464
49450746
-73940019
-49446219
46268229
36358885
-60696750
64445397
80278569
-20066422
3426887
23488487
-61527953
75968688
1199784
57834076
16411907
32333859
36974392
10423767
-63570537
11336428
14097256
48282997
38628352
-90441763
22939307
84082023
-43905005
-2946863
-6776369
-27284703
-48536368
97861668
-62988772
-57951446
-3027528
6172532
-29375699
-46900205
97114427
-6080072
-91025127
-8013101
3528377
-42103260
43898124
-97651874
-20449541
-8569789
15416285
37381338
26807194
-60251295
-74370915
98555519
-33388558
-91371221
71073738
-4719914
9549792
61240446
-19927494
-94777283
52970377
49466584
98154598
-69987277
-66688387
-28840860
37560594
-55071086
-66886709
97147276
64050806
-88750722
65107596
-21538901
-82080372
-46842609
76735034
12743793
75218095
-18346470
-19770958
553147
-62054311
-46379895
-18378391
-45530325
28146146
-92282872
32262911
-55311242
22275852
-65946296
67453260
54808885
67395848
-73479921
35274874
-31096233
-40449539
-72846703
38479586
-92616381
28444626
35631999
-62207542
74571269
8090245
83047828
-14838967
-76029600
54890067
-30499307
23975626
18874947
-49731344
-63701102
96049048
-45474094
-26107922
-37496391
53422290
12686449
51760621
-53948232
41350173
-62555731
-8011133
-87043390
-40004540
28818693
-72697469
91935158
30780999
4221086
17454787
7688542
45806018
-75234349
-42406896
-548348
-19353118
-33110610
82987049
-58455793
11170873
17594311
-85414634
-41175478
36983352
-83236026
-1379102
70224729
1035745
-29770401
21477076
13597571
-29720873
-49340674
26994201
6441583
-48616887
39287842
-19702449
-7078527
-94734521
82329387
32706283
51356156
-84664120
69741003
4010638
40938467
-4286432
-14570903
66130059
94686993
97914549
39115489
31226223
-66612842
6274220
-72702477
-33001645
90680383
55708314
17025049
-18175291
-88635408
48779938
89246248
-75371347
93996562
-48445198
-66812163
-55501923
39715789
-47342601
-54362590
37408754
82897283
99820566
96995454
-51940376
56454170
8774922
31874262
-98487918
-58529140
-95997324
-14693340
-13163726
21924876
-90450862
-54439373
43168743
-1854488
-30420258
-6655822
-47633796
-54804977
75582832
58405697
60060153
-23809697
-51169518
-46186406
-31771757
98009409
79747913
52037718
-96112258
-22536102
35537864
-58399521
-10684886
-63220732
-43035126
57532239
19324080
12914915
-34022200
39842229
-52288046
18389226
63578240
40439828
2332353
59125717
-89934810
-32041367
-41833708
-73040195
50979283
6571850
24346844
-41309441
-85171416
16950633
81275082
71727864
33442325
57248056
7623251
-76613857
-17244019
10114719
47630132
-23411529
-40265611
-4181272
-86182720
50097057
88183997
-67836206
-12645751
-97900307
59208844
-52043625
-58830558
45443328
59645781
-95242759
-52597111
23532962
54174677
-79219911
-71833387
52850215
-57865116
-96491808
17151968
-97032724
73043154
22740000
10604160
17892030
-65994456
18114510
-51168346
15094767
79015626
-52001615
-72268254
66296324
-54567237
-83158228
-14676
7542837
-83823468
17616871
49374258
59425086
20754825
64997674
49864079
76235415
-18852872
4408962
68619491
-52220774
-88907675
-90686902
80294815
89921563
91203955
-51840972
17197252
-99633458
-96800869
-39316683
15796442
58949833
32246320
89948709
21593786
-77663892
-98677197
-29679163
16884434
-10256548
61431261
-8236714
49887171
21251432
-43187931
32754442
-21460456
27423804
-29147492
-84494555
-84050348
-8189218
107598
65189689
20806059
-41038980
-58929387
35061031
91737343
55453771
-10444582
14546485
59109965
-39065255
62047302
-5085432
92076682
-87430680
11479812
62690953
-22120700
-50740920
-10782081
60397750
-82643634
-63531781
-83677194
51899366
15228152
76827236
38201958
63324035
-3512329
-47729175
20874819
-83524596
94495833
-80474146
-81707710
83347040
55006574
21966815
75004578
98880514
-8916051
-55494889
56115104
86388368
3472113
-95477726
-58316470
98748867
4051892
-16476676
-28713160
-34661020
-64906445
-69529328
11466732
33748085
56585420
98070356
91191161
-74330035
67436131
26157737
-12404703
82402556
14253569
35464740
34988931
22676427
-79467930
25909692
68388191
6962419
83113244
88485076
-43098926
13106945
-21177578
21431061
-69446784
32089126
76903682
-28338083
-48800491
-70372171
-33791387
97078476
-69014339
-7850053
95001549
-56754512
-39785302
62857943
-41274840
-95660711
98514842
-14484680
-17550600
-98783004
-75253371
54989248
51379668
-92996444
85778858
82640177
-70281145
-55597876
75997854
-60503843
-95489270
97274952
-42112063
60323300
-7496601
26747554
7785819
77566126
88693927
30858050
-37250580
-23561085
-23072567
-8706424
-8935285
-71633297
-37024970
80244805
-47945560
-53113274
-89897798
-87654923
-59301739
-48936880
90596182
-48161098
-4112036
7094253
22959516
51263669
-28761645
-25080730
9603546
35259955
-30273409
-75104567
87763285
95221352
-53053213
52022809
46126615
-89582664
-9848883
59092013
9404494
-84671565
74955467
41821527
37979705
14207168
98728619
76732033
-33085463
-7527603
-17354430
2979824
61432655
90977334
29558961
45185427
-49482002
-60111705
-99978805
24680969
82745776
36355889
-40567281
5758324
3262903
21736310
-50403930
-44698975
-97324672
-72213510
-26293768
21113050
11124781
17954828
-75002390
82442542
-77133530
-98939480
-76548783
-82367222
-62458067
66400837
74137400
-14200677
66866745
-87083961
13230734
-87846721
99875796
70290405
-44456614
40385190
-54462706
-52042089
-93841041
-35331285
10422687
-29772955
29415715
-38974880
29676852
-4311042
16068843
-47473766
-32232528
61056868
-90118360
76143180
-82049345
-28613093
93018491
-98672842
-48269444
83418488
29901834
-76448490
-65956197
32301490
33044880
-85744306
-26696573
-27376558
44886413
-46428617
-18469611
31891933
90124850
75785600
-54547065
-52238903
37218468
-42212245
98783103
-48393570
15367953
27874195
-31491058
77975564
46908900
50644568
5233709
57249931
98466111
-50983601
-91166810
-68572848
75284404
-66025431
-16209612
-66294358
95964418
-89514495
-77120
92620899
52465150
-76349993
-54954860
47662565
70757232
-82287531
-15548230
-41963049
-99135360
71923231
73580011
-79773220
-76118128
-97865843
-80388002
42891345
-56251602
50352650
-82853203
78496213
-80725622
-99257780
90046292
-2339223
-38397091
-67070584
-83315202
45980578
29687651
-13056688
84434048
-86569757
93186062
-93369464
96155905
-29624747
-7199834
90971999
-20160089
-22652532
-9954033
-73241887
75397233
-72313615
-12235393
41383226
-87968054
-66335233
3553441
91045954
-94267168
82893690
87216881
90968454
3083829
-15434539
-94827823
-82545772
42950514
-46859694
16484912
74601125
-85066265
43831521
69307329
-6172165
62407760
-60060377
38117514
-9927302
-32327448
-68853987
17872282
-36051819
-68351035
93425173
20055362
-78571253
46359700
56497428
55857595
-69237917
-96728274
-12442677
-30843416
87057381
49739383
-4074576
-65616521
-83628523
10236827
-67331547
-76924045
84507235
69976480
92786488
31258766
-48588192
-68025012
-42093740
9838431
-54173365
25317373
-63998306
26834867
9093126
32809757
7545480
47619048
-56013739
-80583498
35673157
-53843415
-3985255
28110933
-76989403
-81367123
-50984729
-79847075
-11877885
54343282
67768551
-63543212
-97283439
-59258636
-58404924
-73605238
-76489313
-38824923
-40177408
68810486
-92104499
-54739664
-72798313
40232110
-80404199
-17114636
59335254
-2097355
-97245447
49062935
-91530684
-18825651
60843525
-85405877
-82652371
51796746
-51192710
-97834654
-35091489
46982155
60665341
63012968
-66431157
25643396
67764528
6168186
-91678033
-76310620
86679027
55712296
56467507
2287120
-612870
-20057931
50045185
2198662
-33170658
-11627408
26765881
35536627
15301560
-65479957
-96987876
-23021002
98692619
1346230
-81963367
78335198
-43150407
-66935424
88197283
-49553175
-20634231
-12216070
33942201
92580137
-13757626
9734174
-58370047
36691959
40040716
-77677793
9334863
-1180294
-80000129
73191234
33771699
-16091400
-79974024
-82684876
-99185981
-38632184
11156660
20735545
-75044993
72007857
23274880
-57349832
-31027192
-29156284
-46632384
-14834250
31718982
-12688133
-77435300
29701152
-11362233
34247552
13394602
-76126794
-67262677
15643949
4739197
32373083
-97549648
72320323
-45891649
73006453
61040219
87623593
-36091921
19804195
3703563
-8799414
-54746973
-94182372
37586076
39723514
-63072510
1505877
75586504
-94989297
72218650
-30203890
61631933
-9732161
-96485675
84240791
42664397
-65327960
-9645584
-74731396
18400290
-51059846
-94086519
95366585
42559455
97571032
19114545
-73939673
-21457143
-34403300
53724197
-11634711
-87909382
50250164
34689051
-6831729
1422416
-53054247
40453388
21100414
-50127565
90127632
14599159
44342271
33850654
-6927227
-51117900
86329551
98065877
-86073640
73560175
-68788900
91532582
16639773
1070481
-1981723
-49030245
67502603
50124230
89540004
50152664
83657959
-27472652
-64844913
-41452474
-40210248
-91646278
58693529
-55850149
-50609558
-72791228
2630008
-43536950
-51762233
15368004
95725241
67177132
92269928
-82352117
27078097
-84555972
83327179
79800803
-66480347
50816616
80936883
68725904
-43337965
62235475
-97320180
-34025244
-35492571
-68678351
42171241
-2290304
-45593973
-72240682
-70235729
83596158
58975679
-67129635
-23580601
-80304452
-59386589
88390501
95439294
96895912
5233879
1109653
-62137272
-73973589
54165942
-87244131
-12670819
-84096148
-77940389
29591620
-22348869
-22429853
-65734814
-91419801
-25371619
20812872
13167005
-3432529
-99368052
12043776
-35627098
30116921
-86952744
-59046850
83366750
81818045
-52478789
10048332
-48068997
16672051
-93153183
84735951
-87992453
-22873651
-67912196
-91236399
29178402
84628562
-25825860
58054321
66489654
-79051325
-72633516
83593826
-96310981
-55225072
-67077607
-82621225
36431822
51357464
-48916249
-70951868
-71164971
3770029
62058501
-59328009
-885426
22049659
-59761836
27484176
53179642
11635031
-30403498
7795258
-70426029
29180938
-26589062
-5810528
64348655
-55441458
56908639
-60026923
-31882976
1264072
60015364
-78313563
-99455168
-61491583
-81859756
-35767657
67062173
81648132
-52609069
29073595
13774802
99140001
-56101849
20894653
-14702852
-8534494
-66542315
-79054453
99171431
-10910723
24131392
27776105
-43366531
-7770530
62201357
-3432288
69633303
-30762020
-4057835
66172937
93642075
34078410
-54801658
-97239465
21604439
94896745
-67122084
16602812
-13063928
-47197361
72384383
92482740
-48700195
24033972
-89826925
36927063
86110723
-32285823
93567426
-56845474
66899636
-98408494
84435618
-78228035
-59935928
-11391289
26496445
-24826637
-7280661
-23160111
-11327679
85466692
35873780
-71036610
28549933
-32459979
53024072
85980777
28680620
79053529
50948113
-14261336
-67066783
73940166
-68877081
-86119478
-5530056
51506031
-48814279
49715738
-43904420
-85005339
96768408
-42256490
-6282428
-97750672
88195815
-21488201
5244818
-65941078
-69880396
-23976799
78971550
-79791802
98385170
7534769
33113207
8659160
19660494
-82145333
-91086380
-61120679
75406623
-96385137
-74392598
-78896713
-91917038
38859882
48602557
62108710
760735
19572599
-10427928
54862662
-19287815
-85931296
49315982
-79971221
70429093
61142523
42711131
44398737
-66714434
-3232838
-22231572
-88209677
31194018
-80546416
-92457657
-50741467
93185928
-17032120
36304343
3598260
-74867701
43258847
-45089214
-29864141
3692775
41384647
8496662
29231775
30203915
85870836
-28484094
47585004
57978832
19689184
-84052458
37736585
35078227
78546360
-5715784
76345411
-33054773
-98130005
80675613
-81610796
5285176
-43414419
-19540918
17323013
-866068
-8350584
61880242
-63903771
-91066913
-72645288
82575026
91428775
-17483110
95578097
-77173381
50246269
-18948907
67640838
-69677368
26589181
-77168691
56095599
77870053
-38220152
-49066207
-92138578
81550569
-47250738
30748747
82268208
-50830292
63902439
78095976
-78764638
-21428595
-37687938
-50553573
-20699771
-34374336
-74237228
7123297
94008573
-8050509
-86793216
86246993
-6297572
56208843
66785060
20605242
-45643816
-84904800
36724248
-73723893
68362505
19885095
32964852
-75976223
-61693864
-37346941
-21874963
-18838934
-36876566
14794940
90718704
-67261191
-81790886
-28217358
-7879410
-21168484
-44473741
-1157105
-26817106
58843931
14939684
-13559609
52318313
-64905418
-18797087
-38178253
974531
-48530678
644254
-53198868
5197026
228781
-76178912
-57287864
55340375
-8480199
-16068395
66392622
-28619425
-60494258
99151727
15805645
-70786533
39207165
79246286
-98928751
78658614
89621405
-22440516
26286803
-91190190
49794310
-53609653
-93430752
92582455
54714873
-84279077
15807203
-13245717
-87426254
-62644122
79568541
96301596
-62337504
28941624
-4565037
64346526
77767866
26964035
-99803821
9898803
-18197414
31725903
-73434276
96410982
32294894
62831764
85268224
44734070
-61170916
-60402962
-38787663
31378569
93617281
-79896831
-49807644
59049938
-15746737
64368753
89631184
-83540484
88442282
-33459106
94055749
19235713
-8387967
-51556362
35873719
-47981446
93089890
18963440
-93171351
-22063844
-50470074
-73056095
-54634329
70999515
-56569393
-10162031
34193949
-68088043
-91924646
96013784
-74420375
85295720
-9704609
25986062
27279792
-4832834
-50538530
43035255
82818017
-35460342
-95986068
59177068
-14069066
-70208567
23179489
-97404826
-98162430
13128100
-25073908
-47568225
17261062
-4181036
-11970999
-70207506
68953731
29711637
-81741322
47583092
92380441
70272492
-26955169
61343879
-5036907
51001133
44976593
61956351
-87628414
57591763
79781311
-34386719
29151690
97459004
-3737577
-23498830
22712436
-55641786
34106067
34691219
69907793
22051995
-11461447
39380045
38157075
-19216809
82219784
32019472
-1118993
-7341284
10636451
35602176
4303212
89388845
-59323130
90223115
-82071079
34982876
-5331229
-22235985
-11708766
-10822496
-72191594
-55094047
30172142
-31032836
-78007522
-78514764
-79734505
-88372620
-95346443
-58516761
-41468798
10795504
24307335
40545287
35023855
43530524
79266502
-42058202
-50708572
43013571
52247087
18263123
24064217
16112560
-29387831
-87588862
46870950
-45958686
49931034
42553449
-75170655
-52348291
735061
20624166
-82466666
19259727
-16206309
-27707561
16111319
-87119887
-19719435
85875306
11291680
63191219
80800477
-25785226
-84140458
34663683
5118375
63868091
-24312821
-98039140
56989129
39244069
87207933
6148870
-14152533
82225614
44547609
-52643453
24702735
51598452
70366433
19234189
55114995
-5675084
53397299
-90397177
89177963
61157861
-87037010
9676689
41888885
-10777052
64410333
-99110390
30700079
-41517832
-72701217
-25050989
49639131
80824172
-48186335
-19609373
3743245
26328522
11193787
-27409010
66372663
4789462
17185777
-15678200
-98099151
17480833
28789866
10455241
21402087
-13054254
48503321
50132570
97255769
20445154
-65819979
-18241276
-3816534
-42977666
71899653
67669296
-34003823
-97297490
63882967
-50689030
-27266696
44601920
-90037138
84536012
59346312
-61185537
86087063
62682064
-67688400
-61730102
-55701348
-40182344
-77443793
-96833975
-72686069
55556986
32400179
37150781
47050311
64931622
53428384
-39525399
-39609418
-65733142
16562033
32354491
-21347309
-21162468
-27116967
-26634108
-98999167
-7853029
-89386354
21271942
-32863441
60328482
-24421503
82593317
55326240
99006691
-89149432
-1178253
-84013918
-7325583
-20677407
13739280
-46515111
-43564505
73753383
76902826
24988681
65422489
-504876
-24689804
22581516
96373057
-10119546
48413139
96143606
6992126
-48701840
1405634
-50955979
81903307
21445056
78466386
85492668
-96162206
-94349360
90595621
-85072978
-67479218
-45508268
28459414
-32921131
-92073528
-44493736
80459097
17249704
-10285355
-70058791
2822557
-4437884
84017338
-20361734
57229478
-33352404
-70117883
58154821
63894902
11852291
-99419937
6270142
-35203191
53642517
-6644215
-80614133
13570817
-13457890
-6219294
-49957809
89291284
73484463
40390725
23182613
-1039249
-85545321
47091200
22622367
-69010016
-2430449
-69228524
-80414039
-20323201
6919407
-4669816
98740684
-18973814
-65576009
-32493219
-99054002
-65206090
60322187
67629162
-76111892
-62776576
63035910
13329291
-46755408
28906761
-46191616
96794435
-419072
24586886
-35462577
2034956
42798788
47010165
-84878706
-87913076
64670455
36471645
-32171550
83308577
-42679343
-98088323
-28833446
-14285570
46882383
14485133
-11137116
-46157494
-82629492
41513613
45538912
18802608
-26400591
3767928
7122141
-52000618
-24326045
93294223
2862002
9055499
-32891529
-62391598
50856493
-82062832
88036116
-26742242
19527033
55551633
-26240319
47454422
-86471875
-73634636
-66097450
-72797348
91021907
26589330
-73770038
92743852
75208946
37584178
73315637
89096210
-40781961
99569647
-73424555
4043609
66407009
34377328
-24242948
-7211158
-94848454
82919509
37426465
4753017
57303206
-6494277
31916684
32942970
-14933640
-33499054
37033006
43186092
-59804479
-71654483
-34242091
47225357
-44832540
-53427510
14521847
45195610
83379775
-51958660
60038088
78526409
90468944
-78731451
-98122275
46095112
-55458140
-57884143
40340944
30922859
24998181
-90361286
-5733329
83380046
-16692114
-43460993
-43328753
6504750
484703
-6142631
27360650
-21192085
-82660215
-84377050
62384512
14173392
59624732
32133046
8684581
-72057783
75726719
48033773
29054454
-27742821
29789230
75180269
-55766797
-43139420
55655826
36803976
-4045664
-66062465
-82688881
-83491987
21663728
-18946092
-77876055
-11357796
31585942
70743143
-38035492
-39172945
4048689
66085638
55248180
48224483
-16412614
-30063517
76303820
15264504
-38837029
-27431469
-74064981
27144827
-16061938
-17166621
55007843
1691231
1928791
-72758233
-11972150
55925790
-85144179
-30058792
-80636867
-941637
85682125
-47038495
-10994535
87080337
-4513740
-36485006
54244404
78558015
-59184177
37068909
68765376
-97222177
35868463
-70545816
-83847144
-2846995
57414289
61915297
43238694
-58943649
66473348
4179151
-55491839
-72120920
-53152145
-34073384
-41485246
-84192496
28860055
91309444
12699005
74709238
36388352
-737422
126929
-11602903
1426758
-19174674
12228942
80288302
-9360938
8391237
-59205313
-50764496
-69911264
20062407
-30345717
-67662092
-93623847
-21225140
6086612
-98828944
22738787
40255640
18298999
-88153381
-2630665
-58790724
5550498
59264112
-4679272
-49568703
-80100426
-26239662
46788733
20372090
45040528
30415139
84937611
65739570
99453499
-87224793
-73802384
-57677913
76313296
-50997414
-90417660
91589749
13454780
-72610929
-51432822
82401076
79651329
-57698633
-9815525
26818442
72726057
75276834
-93592880
-34062039
70049005
93564860
40236265
58347560
71763622
-81139144
17721820
-78177151
46452737
66341214
-7603481
88644872
67335055
28557780
71031191
-93878434
-71113322
-98162291
42127876
98134242
-58552779
-14405022
40557333
36610096
-44339289
-66586991
39881404
-19284560
-4248469
80592085
-27348357
-24365072
13906634
-90868583
5556800
-13733654
-11617967
79497882
-89211378
-37197369
-82917852
78390478
8842540
63135717
-27458591
87290442
-52477292
62527258
4630054
-57862909
-58980448
44770691
46587022
-20512316
60310169
87802774
4666582
-81259353
883030
-5280864
-81458011
-35699629
15147968
-62052591
85951119
37545692
-91126268
-98919526
-74503887
-45017369
-44575849
52191893
-64601593
-62142072
-28589434
78622322
-74626582
82774039
91490154
-82894851
-61774943
-48320424
70768137
-65955666
37022980
90271617
84039741
15110602
58756639
28977884
22690264
42416360
-38609102
37133191
70356530
-39371073
53162001
4411010
-56293178
29575951
25283772
36810860
31808602
-88338419
-29216999
43684841
-30642533
-7516602
48336034
11586847
1184944
38255176
6361368
63397514
-86907971
-55137573
86614646
51883629
69612222
-44551591
2522350
75050772
59452594
49501173
-3462554
64764424
4515310
49312249
-81955813
-5528546
46342717
32771436
-71018097
3045715
80318393
89419534
-30852438
-86680383
-90418138
-46805388
8262571
82417606
11068480
-50219886
8484837
-5793546
46362183
-17615715
46777873
64845472
66044692
-39468733
-96101492
81849290
-574472
16863625
-78621912
54860968
71042210
13514438
66413653
-46993162
64758984
-66299455
2077926
-5401729
-20939943
-62760947
22999257
-71230439
-83619971
-36732950
50742653
63734624
2037503
24319515
-69137480
-18846500
-53260559
17148174
87406656
52483229
7512746
24165769
-54784383
-78478594
-93174814
-82368364
-50819253
-21356172
-63970130
-44769750
24264633
54018411
71458802
-16733559
-28413252
-97358218
17723996
-91935025
88084752
74327920
73095143
-58621935
-38951994
-97208074
-51455725
84923955
-17178738
-51463254
-88289204
-95717444
-34685557
25102643
55480315
-41668129
28820171
9121852
-70783339
91541926
-27028061
-75004539
-4307622
-41602448
-82490648
1774169
61941775
-37542131
93550489
81765024
21583164
86559931
68690510
-33953503
-18478692
71874208
98787656
-26718516
59565755
80143357
4716044
13020711
50099876
-65504548
72718220
-40536652
-12139952
-79804803
80539528
89725259
-53029238
55872032
3160899
-12156741
-79430188
-40948230
52646322
-79584280
-64479313
47265879
-80497455
-4868988
-7496198
35294965
96578953
84540171
-33871551
43251893
50377939
-45750828
-9106624
70434531
-77927094
61657330
-42348170
36704998
-9157918
20470679
19063277
52965980
24854689
25576646
-67779789
9924171
80013890
4456143
84626998
-64184211
11174704
-32542140
-13207909
28941151
-73864164
68479551
58899382
-74971036
-26210112
-43472733
34259051
-20731592
56508115
-17231365
-37960137
-58927059
22055741
-23063483
-24628102
-44009939
39967477
54402204
-33961728
28700611
46420939
30657997
26357493
-96997547
80863742
-33102452
-51447892
-36453879
21606103
-9320063
14365553
-36613433
13595927
-73209287
38565991
3311173
75661409
-64359544
32746118
-88604334
-32183401
81709205
24391474
52498889
-5739655
63924710
80322103
-35743161
87692136
51984309
59708736
57333091
-45037261
-1122208
-2718074
77053331
-32923205
59611295
26100791
54922630
-68092487
3719620
25693555
51265932
36838430
57191809
-49141404
-13387723
51785909
-74164060
6029034
5367432
96130097
-3062423
-5555871
96299341
90504631
78819372
76261791
33293065
75087299
-4338906
-62653851
-44984162
69760837
83666696
61539322
78652178
-19344015
47558169
-88141096
-53833598
-27669773
53243507
24091445
7847769
56239471
-24578758
61604421
15099055
-66495614
-17930580
-81655463
-62926350
29151893
28159140
38097939
88166530
43715706
29663313
48722749
84900311
90987748
89029554
20653618
57053421
-27524510
-15002319
9845204
8162460
21099074
-89204701
86002075
35945926
45015874
-42448139
-42929429
91813110
28593113
-99909420
33025688
-33318762
65361427
24506635
-67906492
92286735
-53950397
90205491
-98104808
-38902781
73581257
93011413
-69088039
-49724940
15126331
-79804547
17073973
81705363
80648561
-91522350
-76129716
-36286985
40970317
-64834393
40781764
57025934
33612178
-84042609
-53224298
-58181661
73337243
92800103
43068679
62688027
-58916037
-71426532
19784321
-98861898
46822831
-42167549
11840188
10928267
67745099
-93118121
-4494491
-20476508
-18144474
-69663875
3587411
-54716963
-88683839
75597862
3419708
37618774
78261016
-79031926
-47286062
17677152
16432928
33177112
-48837235
-40619477
-66692023
-57845318
17795595
-9901593
-65571532
29001676
66115289
-33848541
6963970
-48207134
-91679893
-33789081
-39281641
-15676918
-59503698
-16780103
27954339
-12917775
40139836
10472070
-17203352
58716997
-38857170
-41104769
-83725162
-21859033
74890916
-74923306
-10828586
33349955
-85180321
97195831
54489136
65236791
17247303
-63761899
12462329
32081754
98509790
41230477
-79821062
-62161885
77930940
78034587
-4471885
-34903151
16612481
87482037
-44806870
-56046184
-85399752
-79132390
-7137977
-29472035
55268549
-11888020
-26645277
90400476
93847466
69877039
66830409
91854936
-19823163
63898162
91281741
26447718
55457693
-760199
14628296
86482723
-70435026
-62423173
50013162
-82064621
84620159
-69660963
-89549091
-26189692
-28813651
98663157
-95742823
-38977069
-67077893
-48449368
-79105707
38984322
694907
20314142
-95690418
-20457674
-31764568
-25677848
-48484068
-11559903
-1851436
-81641149
-24253757
90910697
-3519078
-11696552
-70777401
-2893673
-22642562
28111154
-51925802
35609833
-49212675
22505399
-7395431
-79167465
23168868
58825234
-2947293
70753771
3712514
-51928283
-81078819
-39470332
-55313383
62012092
31628911
-16007476
44245156
-68072578
85671548
-24023954
61728585
6881848
-33896098
22589197
-31083281
-64451787
-53437510
-22627024
89765899
67159910
-97220539
-40230110
-91068119
-10318504
54447778
-60615665
91798985
-79792574
-44892056
21357625
56566878
15967570
13409197
-72697344
87272532
413878
-76560278
-85834819
-69366884
45892908
34488683
43200834
-49854708
-63609516
38590619
6078472
-4980950
73625985
85716717
89679828
92104551
17486840
13733175
58298850
4372832
-55257234
-8454576
-18370258
83573598
14174996
-4749057
36932838
54748691
14588755
12898899
-72706378
58088849
-67085673
-34830678
13400273
34421266
-31057982
12633037
74827318
5955815
20415344
86629577
-19518806
92570230
31903804
89477767
69561820
-46221856
-48525273
43334363
-56498248
-18801704
93379606
18288468
-32914867
-40866255
-65716065
-43919733
52754725
-77235473
18395825
8937279
97814638
-45757054
60654059
86621118
10419344
22390452
47473654
13099611
30077126
-86761655
65552296
35629398
-26199053
-5113526
72297921
-82379021
56422574
-10885186
-56124575
-38799868
19676951
35664777
99021841
-88524082
81915793
87554282
57621970
42483537
2005220
-60622489
-62693515
-6789203
4988170
47317373
28473153
84654626
96915355
-43947859
89892541
-14826816
10083419
27984623
34808816
95193692
-90859255
-26986402
-6846819
-1299817
-43228452
-10474730
-94659892
17929326
-38677102
26221158
-4078352
49074210
-71710098
-52543276
-18348927
82346905
22093831
-50549716
62583154
35426702
-90074395
83177151
40849542
-25517141
-21007724
73671355
-51895613
-16793352
58459922
49030643
88572193
-96746865
-82968274
7450042
64537540
49140985
51397428
-21895455
-58612541
-60766907
64190550
-99739665
88139976
-10628366
-34809175
-53247683
-46804737
32077021
-82938361
53179770
17692391
-61037664
-3633378
-19886034
73990575
81748151
-39639202
54459453
-60176601
11386135
90281907
-6421834
14933090
22527667
-69914764
-45991478
27475422
19195173
-35468709
-62443581
-81238681
89555870
17104603
-24871923
44696474
-25039072
-30697838
43702587
-87434935
-31727840
47356216
-68768155
11126491
124334
29166296
8352907
74326497
60234189
-14296603
-51651914
83455253
-13273306
-23274755
-84683692
31814145
8141616
-96381639
95701242
57659592
45716971
-42722083
-27282842
-11913593
-42975643
67563716
50251959
-92957358
12897111
51714720
-45511372
-60017747
-94018383
-55225091
37264673
-9151203
77113622
72786135
44502142
-45309769
-12842461
52247550
50987770
9838861
-48751233
10734621
68145383
3449226
76374882
-81523878
-67918316
45843097
-29320181
-80378985
69564540
69214614
-53231274
22882201
40908685
64935897
23906723
-26712266
14375309
24438624
37877376
90422897
-39470871
-27112398
-57005294
80472273
-65163802
-22257587
-55305818
-87575013
-64042805
21585248
-14171924
-77274629
-96012161
-92268304
65823964
-9916733
29301302
-13706463
99298665
63101253
-5870316
-51390132
-31624564
93027301
-38639802
-73371544
64984782
-11720574
-60761592
-41596301
6352366
-21504126
17001509
-26049692
49099255
12463337
-62893173
25321979
30377670
-37483826
-4173829
-92028867
76119629
74733256
-29417864
85991573
-92568338
-84071634
90570391
-71410147
-14082539
94260995
-12476594
-12940111
-25774126
-82301049
85669417
-55868103
-22705288
-2926696
-61198185
-1547968
25668308
32682811
58633683
-76336576
81130304
-59167221
47475247
-96606990
64033691
-90651285
68848986
31804518
-48194500
-33810736
62335467
44890833
46722378
-21001209
38847445
-26245790
-32048257
-54218095
24277381
93508305
-85485123
-46521331
-66294458
70569483
-39114133
45033822
67702511
43559138
98677872
-88560819
-55985472
4624532
-48345112
30487608
53982954
63795239
15299907
5559343
10262812
46509502
-1026323
-88028949
95933436
89071965
79527299
39103484
28574183
78214321
-98745535
-66933438
-52151571
-45942460
-10230731
-9033850
-46194334
-73507015
41165035
-58324254
-90949350
-6375071
-53617
58519275
19345957
78034395
48798179
50588563
18235698
-68988844
29088422
-89501549
-80631898
-33083116
-48634987
51226217
-49089515
-94573416
-28252601
6621341
76873965
-51991467
-47832688
73293719
18776271
-66485352
52998736
-85440996
90838054
30441032
-80407872
-46213865
-19189020
-71522519
-61518313
-54133023
-54712984
-24382865
22810137
-21782072
-81491731
29113561
-56669327
-56506763
-69343835
54483365
21439927
25572209
53116451
-86957796
53272778
2761076
62177481
-23169788
-24473349
-12627355
-29316716
63610521
93388471
18528487
-95565921
-26126287
41244896
-61739959
99434292
-67932075
-99263845
15410091
-72464432
-40558407
32982566
64813833
-81352151
60319905
-43535685
-82491996
-38468496
70025508
-97434202
-21239208
3886256
22995598
-21326056
83174400
76702341
-66741602
84815032
26351471
19805590
-26037489
-57729621
47195831
-11969701
36637892
-2905356
-45321235
50143665
33903833
19319291
48854762
-56076522
-96939360
37507869
76339294
2812359
-69990791
33663117
-2903789
72536376
83303914
-71901174
-5338287
45436009
66386618
55390013
-98870196
36365477
40571778
-26379144
35834854
-21983971
-64274735
-26494356
-1714599
-30068529
-68651530
-81195971
-46941143
42485145
-24041309
800847
-13657320
78810534
-63002702
-96294628
-7015164
-98600414
33800050
77285343
-43976453
76658375
-81606248
-65532522
92417039
44658716
7208429
11085481
-52718509
49450887
-17587976
48427835
-98910438
92988261
-46810199
88685575
-74121871
-82017006
55818840
-8306765
-37014242
15382692
16633938
-814803
9713284
-44873137
40070814
-54240419
-16188565
57602866
-59337374
-13990218
-75518077
-3936944
-95850250
-97411620
12408087
45711105
2971400
56587001
76386187
-11740767
57656525
54216456
39686759
98495397
51068867
-34566577
953292
-9139490
78334493
64699483
-47525567
90702682
-4654181
-86129279
76673841
39360237
31294286
-72731745
61714955
-57953189
-20055663
-12034243
9218417
-37965860
-75749268
-84386363
33863996
-44071675
-21963521
-41030384
37687285
-43211426
41019366
69219488
-93575124
-14892680
-30880314
-59259716
-97851407
17979341
62555854
-40645154
-32754791
-64483347
25838181
-455697
81893514
-3846707
-83418561
96414262
76004602
88495893
77265674
-90072426
-64853954
-33238374
84503242
96062412
-82737750
79390748
99107025
-74769665
-82949098
38596461
96699461
-30311392
99573051
10019604
39955517
-78984485
7502107
-36140788
99741006
68258229
55976119
-41933769
-67593626
49866242
93895720
-61278796
21512137
19048780
-95045594
21164770
-53397413
32697505
81628714
-59177201
-58208514
75902545
61710509
-86174739
-35690062
79240369
82716870
84962501
52947527
61864598
-46824431
60593679
-37131994
79945418
-84509175
55480401
-3958949
-51084353
36609889
-82931964
-62844772
44642457
81517541
90045338
-31898441
42846909
-2646621
-27567988
4790233
-43019757
8995909
-18921140
51808602
23239540
-27962048
-73143625
23057836
48352077
62490538
65442964
7069704
-71669255
28934710
96862778
93468455
7831918
68284195
-26342058
-76745869
-1010743
-7047949
5978474
-69871713
-69819318
-68590760
51865349
25938260
69145281
67562790
-25228320
-17858198
-84932455
-32953458
-94258632
-92091748
38970014
-46464388
-96355101
-51692395
-94863518
33201118
-34678503
-21093683
-33173507
-51398617
-91978896
13660836
-51466011
-93572937
-16426365
68784436
10444303
55060140
65221398
66438532
-48371754
9927634
-51666923
42715670
-55630088
-19097274
-14980142
94759572
90742014
-97673051
-19440295
67518834
27118788
-67767616
39964199
-68346530
-66398888
78266831
-99371892
-95836158
-49255494
48835965
-46072420
-98790032
37764864
36789735
-17554055
65290347
-14324520
-22608601
-828491
-54313376
95445990
-93223830
-40554470
-10763614
-31453419
85616628
-13296908
-98938533
73537954
-22260217
54882889
-83032574
-25251450
-95299887
32727098
30579876
6288612
79308783
-6025732
-38748831
-58027014
44066720
62910063
49769108
90891892
6935053
34372120
-71038703
81102424
87631365
-93064228
95450287
46242881
-36233587
18059407
-21355752
21336426
7111168
31281219
-65782868
53438506
31128536
7011863
99611717
58504712
12612419
78897382
62022868
-65469601
48795203
-71602364
75386733
-82782187
38707992
-77195755
45068311
73023395
-43033341
-69579527
-27091000
15329684
58035630
15748176
-91599572
-40288165
15886244
29905058
46277196
34759789
-55681700
-24036325
38758979
68257666
18977604
-58650531
-72706339
65110131
63520651
-64792710
23870511
83187161
74874753
20962877
14889372
-50756044
75326281
-66242647
49988027
41886583
-37189200
-5618735
80288318
-93180183
30506575
12960411
18911931
-83461828
36512207
-99840049
10377861
282405
-71284249
-97244824
-77522187
84477486
70162255
3608706
-3224390
90327867
-50919970
-61710278
48286810
2328487
30419666
-51339861
39934292
-57755148
-95867088
-61427751
-96640433
-1237243
23415367
-91790096
-29448600
-13976563
-5191585
14903082
63391673
95284074
28227466
-92296521
28450943
60280294
67124244
73934624
58601955
-88686624
35985824
64995250
-46569582
-50110918
-35025616
81458454
63184100
86533042
-67969191
-57880591
83088454
26759277
41259699
-48330178
-17165511
44615514
34195536
-90587812
-23531649
-99188745
95552968
7862730
-97233806
-16301044
51054770
70382958
-56394927
92983650
36784107
-80263285
24485876
16616958
20410998
3219520
40798265
-67322380
2869327
34853416
97293518
-48443718
-9342813
17838697
99855736
-99187817
-42418746
-10622110
96234243
-1776436
-24318239
87616952
76038235
-4714439
99877112
-17303467
41451564
-48694054
77651847
-17742036
-21863439
24010968
59749135
-45155681
-16445482
-7400695
60139889
-70058667
95693891
36166769
46170611
21062116
-17562660
58995358
-30709122
-69858352
88600188
-25145837
37884105
-83832946
56600821
-8926645
-54342469
-21324209
-11434317
91191255
-18783353
-24774528
42424397
-12321940
-68064199
-86162911
31488253
19397735
-6628435
-37743873
98777482
10920327
70074393
50374986
31620250
-68828394
-42359570
27581991
-67696865
30104984
8920766
-81505703
81853858
32440305
-98927987
47328047
-46844322
46456912
36827301
27266376
-95502951
66965713
38359396
-29424148
-23530785
89427014
-65355423
83864019
-56015147
-50182269
74804030
67520759
-14642802
-66655457
48606099
89463728
-52125149
74657251
843279
-50239471
61584630
-1915307
-47125017
-11260277
29322276
-90611232
-69438859
24179198
44490866
-2392165
70586623
-81049115
-55996991
-67264720
93578495
26276558
-78172975
-51848786
-10211112
-88699976
2981050
-77686549
87478597
16136546
-45537637
-22075161
-71905052
-7896574
-33798238
19304115
-16837112
-59637431
99447083
93693987
-85416536
66578984
39252812
-18712419
-6150391
-84267863
-28985520
95288162
45920254
44469280
85576533
-84865185
-22287139
-79364233
-84771751
-62148073
84724032
30276305
-38287485
-62107316
-27153140
27015255
-28170930
12291575
-97633632
-69388261
-39280896
94147857
-82665495
76535877
49098737
54852080
-82848067
17472498
-32984186
53775556
-91481941
18423720
94820283
53172534
46371785
-80955696
-86357055
-36526800
-34351391
70434443
13916567
63417711
87449995
33910800
-88614711
59536717
-28402893
-53926311
43334055
-72272914
90515475
-94361338
-50899636
-24453100
-31368078
2835549
3551196
11897286
84629981
-60163269
-7760159
56437913
-58912190
47948222
-68978250
-14929089
14586984
63729841
18829776
10153676
45991524
72319149
84582501
-91696421
39281656
30155436
13942954
85692030
-79670860
90396780
35284823
-52412715
7490545
-93588397
-93192287
36956853
-75107663
75148324
14721548
-91847201
27554284
89451048
-91590114
-73725848
-65889705
59031134
25428250
-91636318
76350767
8114024
-1827117
-67621049
-59264897
-22027480
16270226
-79471153
42293605
30262913
35312451
-44497209
17193066
-1616531
46363226
29557223
-12760545
41063286
97838369
52345571
-41059828
-55531327
40419747
-52503926
38078930
55797476
67169046
-51116261
92134724
-63436870
71074556
-88526926
-93461019
9203387
-89950439
-41413336
-93919681
20827988
63311036
46894979
-35061056
-65198541
28904555
36869301
75625278
-22306212
34896481
-69100314
-38612516
-34757887
-38294458
-98719803
-17246090
-90015414
-18225374
22548786
-42872327
95744566
-86188301
54387656
86680494
80518170
8215936
34310628
57770739
-62822110
77428190
-54266825
-20735899
-55087249
5085932
-3200365
6148413
70219458
-33353390
64224513
98388915
-32110676
88739583
15395730
-65968195
-59242808
-25656585
-85525581
-83557124
49745352
34619810
-93669870
50324091
-85686363
-62831996
-23455670
76438053
-96499969
-86955516
41936903
-93902664
48652910
-64870734
9713167
75645572
62792097
5220288
-5769166
38245662
55534676
-46335322
-13217598
-60114690
-77271636
30903628
-14461027
33836595
84189490
-8356079
17289809
-57493554
83074306
27797361
76629330
-52572877
52642745
75166959
59254428
-72673326
15225011
22034773
-37759325
32325990
92310722
-33347704
82916020
-20122588
11666671
-51396453
85688796
97193766
-46294670
-91179094
452923
-18062200
96086738
23535261
22370341
57055396
-41014450
-13536878
67865913
74442286
60167761
57055287
39983440
-59396083
-10930793
-54017256
-37011190
-30324923
84875647
-56722051
35098392
27188719
-74447357
-63986436
-60153384
83640128
9831869
-60749377
-11203646
26922172
-55181654
27905788
-62091285
-19773355
30357241
3510619
86673570
-14583851
-12727850
-72631476
26053618
52256952
-59685310
40477583
96809698
57062245
-73661775
-32632614
86013162
-94283148
38618078
-87420857
-8415806
54710730
-83712194
-64802295
-82869128
-41345741
53782372
6308845
71474356
4374129
84225551
68883428
2099833
-72226846
13711798
-24224756
-75939714
-52420711
50032886
-32178186
-56396040
52468811
38856445
98422263
46581567
9467328
-83047247
-36841475
89152935
-39962261
-22120306
-33295218
51327416
22185572
-46948769
-20688861
-93764176
2577143
-34919659
-3151928
40275081
-47220592
24513509
62990526
41368814
19880383
11146009
51792753
21421731
-36444590
-35199315
-68445398
-43390371
-56332882
-35361732
-55058588
90706085
-74030822
-34077476
69030354
-65594091
61819977
-48212886
14004677
-50013134
-56814584
82643590
29593770
25944048
22572264
36401468
-20966557
69193461
-43904984
-32902385
36141393
23082588
96423106
41422100
53457862
83971608
2922121
92792383
-92741798
20817392
14011740
-58052470
9516435
-37793954
-307031
-11499100
91491977
-54691944
13123273
17593701
43115711
36069008
66851522
27385277
-97692403
-46465885
51511257
-48166354
-17673003
-1768827
-35209277
39236419
-54353833
44624180
-88071389
58903694
87826393
2430075
-4585784
41496769
-38453938
58213358
-57894115
69779864
38282393
-89534885
-26735904
16071823
-37156521
-51515377
-98224514
43676564
64687909
18083259
51106460
-84156990
37700287
13574407
42020251
-31995779
-71156593
-61127463
89756211
56258345
-56664095
5116176
-20758140
92854206
-83981829
-43110337
-66523701
33110959
-49550211
41843328
-6315637
-85767925
78646360
87073196
50186621
45869628
11618053
-72636923
-39416857
15843814
-61964685
40898713
41352511
8369264
-4509471
-41686222
-44066824
91604506
-85661160
1888125
79521480
-78968257
-32922381
23765351
-41909112
84464215
-73561456
-49087560
90122091
-61120425
-21921226
-96660115
6244895
-203542
23681439
55331780
67275255
96394437
-82673580
11609668
-86145122
62006176
44254786
-32579827
10350545
11642562
-6695125
-54710208
-96903116
46496077
-1167960
-19153814
96081994
69801321
-32244444
-32677606
-68826222
-69965965
-78980659
-45446311
25053063
-15735602
22184803
48977910
-48638094
-14115964
39340271
36337883
79594491
40889457
-83670699
27888380
-97933536
-60429600
-91974368
51733968
6306245
-84891387
90618495
30231393
-61736202
25043870
-39652829
-30034900
-4962608
-66728719
-85000003
50694502
59298002
74749083
-17023780
-80266974
-4181470
83328197
33652144
64918713
-29707459
21954082
68045928
9684824
-54232263
18297193
30071776
46939807
58545360
-20305478
-39193239
75789135
56519937
-11982274
-28783648
-78770616
-99760827
61674687
-11937939
-69321862
1396573
60440457
-87748860
-44492067
5049451
-86491678
-68724080
-60728767
-46493532
9232007
-382332
71306653
44923962
19148698
46848970
-13059326
31275053
54223490
58402594
32551535
9796615
32160229
50962213
-61420156
-27622307
-23782998
87095824
62499463
-34124166
-38046739
-10041431
-51205235
62723392
91006009
-17201251
5051542
1873172
-14919730
57239954
98939376
78180591
25139731
-45851249
-88554866
75643394
54819995
50353656
-78842928
-55074810
87269174
93935079
75829534
-8433528
8238155
-72807840
-44597522
84954888
-58132517
-26579670
98682519
26887192
-69119447
7115502
95641104
62765447
26978008
62786263
-79253606
-75857399
12596046
73590817
-68733806
-99204631
94686573
-18548253
-19962608
-27260760
3130189
-71516397
92025207
-24411395
4551724
43979060
-88135282
-46459717
86672742
-95902922
40244428
-98345251
29338224
-92656036
-67723500
-7252481
32004480
-35969458
-93614539
-46849527
-68710864
-30822821
-79314744
-73978837
-36420676
-44561529
84886274
-4253624
-92804911
-74788946
-31852621
62664286
36273302
33254799
56602101
55121898
-24121963
69738334
-57493677
91771920
67374512
64754437
72992081
-15334488
-66699375
-58617063
-18732598
7077598
-51350898
5027050
-82059969
-96410336
87047481
-92948599
-83287379
19213568
4690189
-97756779
-41494016
-75170665
-87982810
41738604
29693800
-84013396
-25645017
34201609
-71793086
-89783607
93438534
79511777
-82696370
97065316
36578140
91844134
-99899240
45867113
44690341
89126814
52716831
-61821428
-41035658
-2984036
-65327504
69209287
91507621
-75629364
67615539
-36288781
-78970574
-26690949
91191755
89011305
-70253538
59645783
45602119
64931112
584108
6430304
-60508150
-81034367
10960935
-40289090
-21496566
-78983176
-81298875
-92821843
-25573698
-23412070
-27359141
-6435126
93700565
15773070
-64619374
-16110931
-24890624
-72472665
-21427622
-98471337
45683901
91435316
21817430
-97715732
48054761
-53030887
-20460026
52050705
3344298
39943954
57997744
64930466
-24098271
-57202713
997224
-98224687
-19222631
-3021385
-85447159
80783810
-36371330
87309209
57851937
61822984
-20533571
-8408516
18456714
90225966
96377032
-35941266
-3263888
25267722
-12604922
31624459
-35842036
-66510762
-6466682
-24158785
4925946
-75038774
-41593624
65151793
-68347888
-93681682
57219949
83552444
33341236
62172922
-20472279
-95202639
-67842192
-85799298
-42153023
-82990567
-1913848
-76140360
-31039573
5068416
-92916964
-91077922
44591712
-26868797
-58104180
-31808904
-1876632
28951521
-6156084
34163274
9626180
12969102
-34620675
3429035
-91553730
-56519647
57245810
68349772
-33903054
5117202
-66402399
-85079581
8851911
-1892216
29219295
83305755
-93886267
77585082
39894405
-30544216
-57651614
94332961
99084939
-15227439
82459659
51163232
-89162000
27773060
30930941
-85358479
-58297203
-42827190
-89335903
98763926
-39793741
91486500
74290509
-18250997
-30485216
-71259067
-29986837
40971226
43056851
-20612008
-62323168
41631889
92585816
3555643
13796390
21432606
54857267
-27736468
-86551365
-77803800
-26350817
-11501502
55735243
84981156
-49023473
-78443340
-96176067
-84854707
24298393
30014601
-68796927
33486
70926820
-78788026
82621607
-71665062
-33736268
10282017
98739258
-43505032
-10232161
2867697
61609473
47356475
-75900014
43811123
56062614
-4936429
-35150274
41510868
-52041552
-14691101
-28732882
-91216944
33556940
30214365
47260450
-74870815
44906313
75559766
33688854
-24823549
-77695812
-71837385
89359401
32314198
14929212
-38564675
40983128
-28743507
86507286
-98200221
-60427709
-48938479
53169292
24254733
-11137885
71347786
-68193700
23627559
26042776
-24790610
-16700225
77049191
55181450
-28995335
20354355
-78419421
-1294637
-77501178
54416504
-32146320
-34811978
47064629
46396763
-41027960
-54253001
15719995
-35548687
27003976
-66549162
63939013
-50980474
71632382
-13391344
-90131759
-39208181
62440668
84965387
-85091297
19156103
-4595677
-2146885
-87758835
-67903366
84663298
-48023707
56160859
37989035
-57165633
61655877
-55239404
89042148
-15790603
9926918
33192136
-3330855
70184004
82673504
75351104
58117449
-98588934
3693810
-76224389
59290979
1402044
-18067679
-40388736
-78263349
66981904
-47744535
-69779455
-42205769
92277184
23943423
36488460
-7347915
-73691315
68828409
-3754053
11706260
29204346
-82680569
-65815301
95717857
65778307
22174932
-16234108
2355235
-27207650
66608432
70229766
94474620
-75947990
86557483
78303911
35093988
53327614
66224035
-89704528
-58372141
-44628683
11092095
-68432617
40300500
49379094
-18372480
94890347
-72115393
-3248275
-33977104
-23344702
-67219115
23029944
88526440
-13701322
53054820
-98222296
-44987006
-59410565
-78628444
85185062
84990797
2171805
97999596
69486789
4031076
-17525473
6036688
80068899
-30577638
-38200607
98396082
-11886965
68071545
-4730794
63303869
84241764
12597718
-84594313
-76833217
72702289
56305241
46016396
-23645768
-81124665
35047865
-70080944
9774799
24878778
88469745
-25679852
54342546
-97330900
-50908555
-35782159
-43779728
-18007002
-89202735
19451226
74207753
31105963
-37503386
54091163
29464613
-64123975
60354358
37699159
84433657
61805517
-19103269
36554909
74756407
54250436
-87658362
7534724
39358115
-91512618
9874781
86868882
-45769360
-58804771
88558717
51028333
5740535
-53601502
-43003424
-60399711
-53464994
32585779
-38045336
46597542
-41800533
-83477740
69255949
-10895941
-14888301
11810548
-27097264
-90967492
25390268
59879801
-44896301
-11124264
8507705
-71458193
44468204
-65333571
358134
-27055061
23061377
-16282319
-99361714
83589488
28173762
-98766136
-6827366
-60566880
-32530247
9950505
69702115
37635517
18871256
-53683283
99629650
-69461054
20027325
-27663091
-30108922
33910795
9826290
-10074694
97663623
-76641824
13750739
-16610881
5182316
77538200
-5148847
-28403360
-2187249
95003992
21733540
-27059464
26603648
32832203
-45020406
-88128316
8473404
31447836
74982398
-15745390
6056932
-31204663
-83855937
50555332
90581124
-71844545
65671572
-32971590
661559
81071980
-40092836
46875482
-62710627
86561371
-29195960
83764582
45595471
-78081809
58763274
-99499696
45453863
-19023284
2158646
83594902
-50753185
29995136
-88039756
65887870
9295901
77052672
33000673
-52690075
-10002810
9100824
-36635047
79339855
56477481
33248493
-79099056
-82808785
85981762
-22622624
-48879466
24773550
-89711957
20370901
-32137270
-88971715
-67704607
86556851
-88522163
-74603157
18469566
-64836087
-29234689
-76523221
58628141
51261037
-87168797
4814607
-92837983
53104613
71107798
9396344
-5359468
-77614131
20969035
21661795
24857404
-74752691
35073549
-99656956
-8486639
-81426621
46516568
54162566
65434533
7020743
-28651799
4721176
-27802849
-72154012
-81777054
98227897
49121602
6635941
-22681348
-51242154
67676147
-57603353
-4238210
39099686
49214917
-80277923
-25642317
-98746970
87097367
84074258
91060720
-57601710
-34590813
-38162054
-5767180
-46855599
35644535
-35741650
88530359
15447868
-35263062
53045599
25481151
-80160596
48025877
-36468318
-56467508
-80008353
-77149682
-22280933
-79916018
32743641
72270783
-21008086
12272604
-18094388
-84862309
10469973
-95796555
19440553
-1562360
24000757
-90364869
-54022767
79635826
21853352
27998766
9887165
-48638782
70318063
-36566513
26715202
4822724
63250776
-81797945
-99135177
90393276
66643240
-67956843
-52246401
88155148
-98444063
-56648363
-31118661
47953084
-9628661
-58831444
64801995
-50441643
67677516
-90247687
-39509557
-66704013
-40669592
6769492
-1501654
-13878667
36287122
70257012
88430026
-16836825
-67419830
17030072
-48213649
-51270270
-13548239
91487954
2418026
52705662
-56140653
-89838530
-8174889
-84806460
21788922
-69203520
-73148918
86887076
16896898
88276910
-31035909
16300363
-17666453
94469049
29875898
-59141424
40651874
94102178
94617557
-2655873
45653876
-34887457
-54839771
-52531419
86012681
-73256953
23740496
-11468257
-60542936
-80530709
80289240
44436945
35010370
-51421322
92035839
-15532127
-54347596
-49243627
83440798
55063395
22724461
-49659203
-36813039
-52668341
23789763
34996000
92235420
-72041786
51060383
-93507045
-47240858
96802016
79609223
68000974
-65493636
48018482
4392020
68753131
24116135
-10980489
-42181747
27446459
31409048
-48542794
30798780
-13274581
64302542
89425071
99674825
-73828127
67866633
92251395
62921205
30831985
-12178951
-90005010
-14346978
60959427
63395015
-24717825
-10226714
-77607847
-84184609
-54573407
41725113
22224998
-6169291
-83743023
33497335
-88114404
-90731377
73927428
62335477
-69935838
30214503
-38891507
-79881392
-55870873
65865742
-70975067
-97058035
-46850961
-62809472
99620462
25870067
-60063876
-28789871
-69609409
-17337024
15382744
65199161
-11006045
34353654
-43914994
69560810
-16969795
67898805
-80603423
-82011787
69575073
-83162501
-55543780
-18583029
-35370145
28758528
-28586003
-51997904
-48954228
84050474
-64901647
51545186
-86998583
-68183306
89942081
40855898
-16963881
-40199884
-24554876
-72767376
-95877274
-75322427
-90195634
77515359
80516837
-20815383
-16707193
93007106
10182894
-60636462
-20303257
-39616116
57838215
-57801876
37661074
-24776909
66241898
10710614
-47273006
-50201084
70303575
-69674019
45905182
-96392251
92012827
42816843
-38024897
-45425963
-99117809
44696592
34453779
30573987
58765218
38520356
-88234184
53380064
-17195787
79184173
18656242
94429742
76434608
19689614
-26512377
22115968
6306615
65867887
-84419694
39505905
7149478
726507
25258184
-96068973
-49052280
-75279578
68315889
-83668972
-69069009
-80639154
97849996
-11262364
67842373
11011580
-37399581
-21636842
-2272505
13679399
11544182
-60252710
-19723974
49020527
47256516
80959405
43330428
18207301
21960999
2934331
-22673892
-22255292
-8908039
72949280
42331315
99268266
27143793
55414957
74682644
10416822
-32020397
-71521803
-93602184
29675765
-45071240
-65037145
-36443947
-92277837
-32042049
62437792
-12184276
3371588
-28471407
-43904726
80118142
66217389
-23968689
33957818
35427685
-79039961
-54597856
52537512
94078742
91402845
11986929
74197463
-63803952
83668968
9271891
-45367496
-80997191
-40809555
-33710511
88129908
33434974
-5883305
21953895
-71876013
24685795
53391474
87969237
-10425557
454837
-65038793
94388468
-89529693
-81020276
59170007
76858202
76155090
63465855
-59109460
-50493841
38657323
-32357508
-83182061
76443500
-50219321
4125050
4105316
-98877334
-75116848
-71948524
-35333096
-40715557
-89767609
-49504214
-6294036
4366051
22224019
-45660037
36477800
-999432
-71467583
-53642295
27596821
-74969294
-28803142
-4809484
38514662
32591914
-1484002
63621740
57019545
-15343617
-99087926
80996179
-89296344
-28488338
4108393
41843948
5107157
92863913
-30942391
16543886
-8786412
-63204172
-55495578
-49255549
20804892
90001724
7713782
11636503
60697120
27281735
-720389
-91154372
-26399856
29473278
-23472395
-45874052
63044582
23724683
72490905
-29910001
-7814386
65790878
27355901
6521599
-81106692
-47936619
-63452131
-14102804
14916661
94536770
9084843
-1413066
-55527623
-81036150
-38512461
46592208
-10721700
29852009
-32418132
-73825126
-67136733
-23257301
-28916474
-59156632
-81003815
28452562
99339382
48516677
-73705957
89018557
78913638
-11714505
-53836316
-57974279
-48295030
-25223782
84845218
13707211
-18782577
-1568900
71952916
-5615157
-20774497
47419823
-34259432
-52432928
54117414
49102997
73061141
-9194632
-29811243
6072362
-30779439
-5952336
-53907165
-15945917
33608518
-1918696
53088741
-56008402
-78565145
-37804838
-54619939
76192092
-30477341
7912080
-84928798
-21838519
-73082616
-36622911
50903937
80912145
-56844717
87728715
98697758
35663309
45782552
-23000443
-44695487
75076260
48408262
-2836666
95183211
93054161
-9830531
-67410902
-22465456
99105352
-76314574
77174055
-46923577
-28664056
17768006
-58341867
47894365
-2190581
73266993
28361594
-82785887
-97513808
53810476
-29035175
83749305
90443297
86858811
-67555030
-30882090
-98046207
24756716
84891746
38276654
-53785220
-87036872
62514304
60874957
25625546
-12083332
-50895737
57628017
-51885184
36169288
90439173
347153
-60700074
93382246
-53939134
-92775629
-46675190
18828379
88520474
-72559220
29938814
89187355
-10387734
-83259184
23107618
-76895932
-75140297
-68966853
40770185
45480734
-79268832
8750859
-2092259
90226451
-54781878
51637433
39971343
-45628973
60544906
31791158
19830083
36461212
-62716401
-56175838
17861148
-21453874
31344508
37110360
-21385685
-41847883
-72224925
-77231562
-73639541
36566930
82773029
49456188
-56449542
81335116
75812286
-11554299
78972968
-3810411
54809651
55705016
41090704
-39124219
-54802575
56967829
81928524
70365226
64249421
-31524403
-93189037
-39129368
37197929
98236460
-97625908
7100440
51941350
-73054228
82667971
68547484
86635831
49956272
22128461
-90718909
-15939630
39974737
42724425
-96830593
72732159
-57368338
-3344865
-11007948
44014967
-55768148
47294580
-45400568
41516104
-3225036
83360142
12257309
47948550
33286013
67232545
-24181835
18837525
49489024
-41947059
-90102450
60385677
46094609
-64361017
-15506860
-27031526
53987791
17942091
35230865
81736486
-97454564
-60293922
44725831
-45835248
77162944
43839496
38786605
58604290
75535131
43796479
-60721435
-88245565
36605344
-34195892
95753348
-80210557
19682344
-72349066
89216913
-56701055
24880939
-26752947
-60078638
10108740
-24957193
-66671212
-70024923
-11202174
6423504
-54729231
6039159
63903925
-71137595
92352314
-89688262
-94872793
-95237224
63890500
40111906
17992392
64527634
11200484
94749714
32080556
33264326
-94783537
-41820738
2672651
4837459
12772562
-93952928
42053362
-44204687
28549247
57221965
-53774263
-99591507
43436218
-92546174
22378320
60587624
-80248826
-19282016
-80033484
45500333
83239051
91462087
-18420091
-68994438
-13757815
97329890
62544555
-99587133
-11873361
-83488255
22395389
53747457
-58343992
-88956063
-32859766
-98164161
98630853
-38046641
-53923522
-89198590
-70979810
54652232
-73887930
39477034
86245307
45359238
30031600
6190895
-20025616
-56862988
-43971625
-17681156
-80341100
-9271393
80114788
45491195
-70187264
-57344056
59675998
-96379554
-21569417
22217086
20907729
26439830
-84952907
-37179371
57136076
-2140324
92083224
91666858
88843161
88802623
42091633
97249969
59084532
27424573
93655788
-75170541
-88475009
-72288082
-62215950
-48408258
38432157
-83895028
6478743
99323157
6737773
-15124062
-34718477
-89300297
-54259451
89967493
-30358632
-58362306
34724418
22221205
76021614
349257
-3295440
27378326
98025466
34328628
97921029
34415466
27486879
62733072
-57580584
-97612410
-88748971
-24375873
-53899794
72404843
61490435
-98894435
-48616125
52822629
74883369
12060886
-92821076
75788488
-16710974
33610570
-85175142
50278164
-35602855
45731407
-44359612
77603038
94563489
89443602
-74185613
86436272
87719724
7435757
-4603502
58107483
30928931
-97670187
63560749
59634029
-10090057
71975089
97428589
89312691
83299957
-96310191
-85168719
-27431866
-43802480
37268482
-6667671
-36494345
73368197
-27971965
-65683300
75193557
35298590
66501680
89258997
-53168407
92782281
64594590
-92627413
-44069169
69612959
42800062
67926636
-72208098
20821341
8473022
-19987401
-45751268
-31975003
34048020
-84927889
-25060604
-9111290
78648956
8577243
89247934
54825877
-15960194
-13826077
85639797
90791560
76713866
-26370772
98393271
43500635
24537884
32449529
-4644684
86376487
-90520224
-84835296
79138679
-27585830
-35213707
-54321698
70885674
70575575
-80359276
82760172
-63870760
-71559849
-24374697
-87849821
-49310771
17798777
-40547258
52657503
57677195
92324012
46158643
35818136
21381002
-87796950
-93153735
-51371790
95228740
-47828079
83354939
17119845
43240547
55078021
67380520
-29326255
63587058
-90546242
70512215
-38470716
-95573542
-16833281
25045340
2200321
79224691
39008854
69646767
-1843521
68594805
-68439777
-78811276
-94297165
-56883610
-32359112
-34906658
60475960
-36062498
68749462
80770781
52334895
32512306
-10456231
57979830
-74945211
18749968
39064166
-94855213
-89803265
-52743538
-62634542
-13627217
-55935146
42602193
-17596471
-64770593
44132618
-22809978
-57824499
-23230916
-3738507
45864651
1093920
18239519
-64060992
72357624
26323678
-58821512
-1787038
14631406
-43368242
-42177177
43692794
89916317
9959269
26090911
-35784576
97344329
79122988
-25044696
12983286
-65287671
-68979281
66351871
-93422259
55677717
37313913
84651261
8248738
-43193010
-13616060
-71165530
18628068
62747148
-65637162
-19302657
-6912335
2547094
40852725
55382229
-9081857
39265249
-24961225
89109001
-65592217
-23963562
61184083
65717220
16565194
-80838934
70592377
-84648917
-29653968
-25284662
-48167256
-56776536
-52656938
39602646
63761647
-54253847
-88424636
99364330
-36328100
-82368133
-44622406
24632850
-87895734
26471517
60198443
-51570284
86514730
-80276049
-80852515
-56268443
-18255128
-43860275
-10271957
-12958988
-66155332
12664799
59528399
-58132964
-73577168
76775829
-3783189
-29348160
72579638
5993163
41677547
-14865467
-54990681
99116062
-54144403
97550317
55491754
-77963618
29761822
60596922
-15627410
-29176428
40589345
-7764554
-84197186
75137922
15981109
29754770
-22030344
54132256
98055976
89205159
13854419
-18241091
-36133276
80223587
82320346
69164362
-14274164
77243904
-7569858
-17526760
-92055974
63084060
-69887124
23081003
42638970
2100353
-69208553
64274583
-79034752
-15374635
-37253710
-8385134
-21964487
-45993295
-5666785
-99462495
78075079
13056328
15734989
31342093
-11421186
-32785788
-17278018
22879836
-34302339
16017500
54262484
-52707792
-28107462
253895
43566617
16002323
-93718242
57851796
-70947251
45817879
97016674
20639196
-58554130
26927625
17286685
-186403
63787037
67331032
-9126195
-44614711
45430820
47931103
40619758
45159760
-25957867
90543122
-69134804
-71790131
-30877406
24611470
-46873828
71620771
-94899189
99748107
-83504706
-91226295
6592479
-42160638
-94307945
-58513994
74994325
12018856
82302679
58948627
27188093
99304225
69301731
59326672
54630299
58080186
-49217785
72632386
82175856
19151901
-7934964
-81288856
-8279737
-87762014
71058754
88766782
-62657183
-45540186
58897710
-53093312
-57837346
-82525569
-88963444
7577601
-83073364
46338428
30648171
-91729915
74175958
-853344
-65414047
-68385948
1243845
-59593530
-28984981
34150927
52702029
-82039390
31932432
63358540
74136619
-37849979
-83299183
-42837719
-53076360
-19274038
31066174
-14170793
16565054
76000171
-62422827
-96544594
-42223786
36176385
-11767007
-36025259
-50292934
57960283
-82907970
41102255
37088489
-92516086
-88188726
60630418
-17530787
-35486633
-17549718
-47366798
-50527546
-69659936
-84663687
-3887637
1918712
-5553860
-50185562
-96555919
-33423595
86600483
-87534891
-72526983
82210863
17335859
38115870
11870940
-69719237
-98689848
-91544170
64574316
695303
99997003
-47263839
1459016
23085475
-6628967
26779991
23597696
29633428
48387085
13735072
-92255120
-50722971
57705238
-45525109
-51869849
45067512
-44074857
-12709148
94816453
39754101
26144155
20447207
99477140
62812364
18360331
-47973849
-20959729
54701551
-85097351
38849146
-4960957
15218055
46837858
72738309
10909684
53633895
-74500082
-28610897
-29944455
31593119
-16462595
76505383
-56329715
-38487538
-6254545
93162178
35141270
60447693
-4467538
-51816801
72987226
69569801
-38138317
-79074088
54051650
-68526994
16662013
94632702
2438522
8999836
-69774982
-47375781
88332800
63827095
-33843825
96647616
94132413
-21929347
76771698
-74790107
81382179
57598052
-82694602
-95541628
97951388
5121288
41615331
-81479459
43264849
71054649
19608897
20891197
-66546468
49518224
77396998
-12082819
51360539
10214628
32132199
-50403122
4480379
22354674
-6293632
19725671
2030010
-96987603
60043378
-2259291
-94795936
97578383
-83863109
73078239
-80038523
19257037
94295716
14996119
-51984291
93019953
87233621
37538473
-95813433
75368023
16247611
503482
-43489422
71938910
-94894461
77778599
-61444702
30584199
32716199
-82980351
-25421733
-68700350
-56647851
21657009
74729882
-77121849
96308104
90220922
37160642
72594145
-11235327
60620450
2567896
-15633468
2797840
98531955
82786701
-75319904
-50182276
-84500330
83565129
18302816
-17432410
63227810
84875051
27973914
-69931679
-51290238
-1344573
15363359
21011790
-73591326
80067952
77311711
-49497379
-44864672
-12744812
81367232
-47509548
84595245
24108617
-10850518
39230479
82662962
-34180648
94658660
-31424161
-73241013
628189
45683170
21256633
-31361096
77920270
41155193
706091
55423250
-11011621
34596404
-52471456
-84243402
-61727912
-4170792
35387104
69890511
25766298
30840422
-22930751
13276381
60419125
-99585725
-83924561
-98259779
-90665356
84752844
49363157
-78145330
58212164
-28411873
-72342976
-10920691
92655716
49176862
5903002
95167930
-39262799
-41039299
-14454571
-87945727
32889844
29581591
98637643
-65498622
-79127208
28642243
58051902
77992468
-93258235
-60060599
94238762
-31288135
-9294500
74744537
35148704
1496841
-1055655
-79945202
93277206
-12549506
-14500858
72114048
23490733
-88471986
-29074898
32128432
9331871
-54083647
35438639
-92714752
-60918445
8254646
41103989
-69530109
93024229
-62145422
13863527
67236905
-7934216
-28776598
83607331
22097089
-13076762
-44636944
-80471581
41570860
25355670
28720140
-52002963
-72612902
7481878
42591004
87581164
-74161674
-48290525
91648497
-96612647
4833935
-65789725
85234342
-51613991
68851815
95026577
12921580
-54950378
20934545
-79681127
7790147
-30170568
-74156694
-72352075
-34217352
66392355
41389144
976347
60456192
-87558878
66430784
-33017652
88349413
33113011
-12610987
-45751150
92812643
84997725
-99495987
-51133770
-49202477
2588506
529947
92706928
-77079879
62979778
41862092
19708943
-4141022
-28333129
-58888476
97435679
-34721155
-21010576
-38900863
-48835213
-22745885
97017717
51896438
19479363
14317064
-50815277
76304148
38142813
89105306
-50806607
41801788
-79163687
23690453
68902497
-45396094
33747300
6882212
-29131063
29745790
-47233215
-52747587
51696900
-57001785
-35596800
-14270486
10814533
-52088854
94067870
54510728
-86395537
47544192
21704477
-83611397
73121158
-5203611
40493075
-77388
26126289
-1234499
-22618704
-33018809
50282039
76647340
-79143122
97976356
91565419
-86974540
-18300835
-52101186
-12191018
4390378
-56851396
-89324643
-15508844
51564510
95927315
92711014
87962166
79399316
-55105604
80547362
-51598249
-41582615
19532991
19297217
77832371
-62192505
-69567232
69298090
74848657
95924979
36719625
-66381546
36638398
-68772923
11282162
36341972
13102498
-77230688
38424401
8786574
-41475800
74078626
-11257592
43355895
-41539015
42820485
97145234
-23261117
-83177468
84405057
85860335
-58174557
-17214837
84360329
79778351
26189622
-19458142
58655169
94284315
20397968
-53560288
-88899821
-5402509
83062360
-26879215
52562509
-29495731
73835585
-20160324
-94147832
-19726671
66580294
79240260
89375073
-31658437
-60884522
46457021
-7137319
18790685
-96344532
-42238017
66438366
-81770190
-33672714
75788797
97309881
22128359
94128097
-79712522
52615481
-83398919
-72201409
-93982497
-63777213
58644073
-45513707
-46998627
73258371
-6681277
94567695
48173994
-48016615
63351714
68800202
63723983
96156849
-62717382
66378200
-87239998
-86636439
-92118198
13033522
-16700161
-30050085
66794837
-70019123
-70699176
31497819
-15520082
7872067
-79475141
-86281436
94720562
15517965
43023799
-79604650
-14883479
76383260
-6712948
80728848
-39838241
-38561781
37916316
80187197
5123932
33693879
-88514056
-63217667
-72858636
47248533
13711347
54916117
-96361459
47577011
87512337
69450351
54928443
93255083
21865321
-77600294
-3221256
90744620
15894787
49436796
8420283
-74559855
64772461
59108538
26342794
82468033
-51962990
34016466
-22162931
75313368
-83278560
79329696
-78962998
-56023958
74964952
-19357808
38820270
-37713829
47471991
6963486
-52484870
83132309
-92521163
63164586
-4196184
26938588
-97397481
-3582989
77260813
70817134
-68400637
-77959178
-69439400
-355437
-37776492
38598921
-55385994
-84765188
2528363
64202870
12366172
87775389
21364954
91946606
-62953824
69872302
19252520
-31607188
54838695
39676329
-3445249
-57304592
88589033
27915570
75495862
-46849064
-54491675
-24708919
57762539
-36987247
-76327144
-66041794
-25640716
-37413958
-70087221
-29720268
-59736159
29577254
15143522
-68817413
43569423
-51691530
72090044
-89153381
64235058
63823475
56901451
-8244428
-36319290
-90829559
59331065
-40808139
-29270996
30134775
21537567
-91504692
24964129
-32063732
-11647136
34356637
68798895
-89142131
68925067
-35520711
99288094
91639859
-34948148
93782338
4988473
92697663
-20646711
42503926
81560468
-89386276
13279509
33888924
32209919
-36698271
-70815045
-83542884
-63647785
-96617998
-83091829
58989979
-42949879
31091457
5225022
25231930
3263647
56271141
41759230
-9970801
-1607508
-43528447
85812100
-6560080
-79107722
-38562519
88004888
32516029
-46515576
-9466773
51749908
-17238110
-17403649
-75585557
-60391234
-13596319
33707941
72661571
-88363508
-27376111
42439894
-10738172
-22138319
2510004
40021097
56449606
70258981
30187302
70392753
-94423487
88028341
-42930797
-29303204
36672375
-52489200
37509981
45771436
-18541507
-61949872
-63257335
76147791
-81695178
99915018
70409404
-48324239
-54371749
74339151
1684291
94463582
10857485
-55895314
51661823
73462634
26735021
-94028441
-47599835
-45526583
-46177313
48466315
58737479
40023289
98262885
-43921319
89856003
-11641198
51175988
37170714
-78768617
-79698672
-33544822
32599175
-78758598
75972657
16243732
23287610
-22215356
-12656816
13769872
-38046952
41054282
59454180
-65781755
68119520
80802309
20251720
34803348
71686934
-7367125
-57370560
69050015
-79987698
-38257479
-62192740
93504755
-56647324
60666683
81949450
-7861015
43233276
-54700872
26014143
16830305
20576235
-10458886
55630904
-15119080
68768131
-99677954
-42473832
-93605280
10658069
44194160
-65337011
32422557
98084872
-89625262
72375949
39702778
3586337
-17486835
88392750
-21379302
-18571425
16251917
-42212785
-12224032
-15788038
9210207
1763942
62659299
50048667
87563371
-72706348
-40768933
78895523
-62870057
-57589668
57989207
-52129188
-4465647
69869533
83859373
19136051
65991378
32788750
-66928970
-6367268
-62937197
54820215
-62125189
27836697
-22307497
-69828665
-68371966
-89387389
-1172214
84706394
49301777
38248776
59157317