56659890
-30207783
-47392441
73466746
-3120437
-73027764
-99094680
-42426823
93994763
66492310
55318563
-29446634
89565762
78137148
-17613595
-44980742
-87190604
11881792
-41706212
92485525
88079365
72733658
-84377322
-1771216
-16999255
45887172
10792232
-33937615
-27763051
-37887863
70649436
-82544216
23457433
-45715857
54038094
-14431147
-19517832
-61868992
-80162203
37742622
-6257836
70669072
-40728130
86792738
77450700
70427765
79202709
-93553026
-27430006
-37242828
74796419
77347118
40355034
92294489
76649164
70082401
-98165353
48227357
-28997696
59781370
72525835
62742842
-96620998
92318187
-32550109
58777658
93278826
24117712
-88192348
40562399
70824590
-21139480
-27611008
-27434061
78204112
-92650824
25464387
-75455557
86031947
-88833991
-9016364
18626405
-40646031
13055976
-6021135
-53252535
-74556158
-24259831
-86895541
49716999
37525337
-38374892
27989103
-5514250
66898318
-12836396
46082970
47685442
-29200298
96450610
25562637
-32589221
-25972540
60605355
-85453923
-64732225
-24988217
-79176868
57801652
-80351064
-50038139
460724
44918569
7421514
69641789
-51327083
-51866787
80473203
-5944652
-61374768
-24481828
1805453
-93415884
9115229
19793975
11289209
-1999535
-39270056
54520176
97081030
-22362000
6688552
-92812665
-23756435
49030235
78502565
-29853482
23327304
68431854
308068
-94229450
38782817
68078497
-31804693
95146194
-6875404
-69722099
-5684089
-85558747
84938087
-58459672
-98043137
74490937
92001902
94093262
96412329
-81865853
-88602642
-56892213
-51204861
-47808325
-17529914
43537758
595380
-34585304
6052495
8631180
-90366100
11707465
96525135
-36425002
-90127605
22141808
42567308
-91139151
41736939
68722387
-7885591
-50844078
-79048126
-92098551
-64002354
-20800099
20206460
-73039292
-19442206
-11537756
-17458968
-75896844
43302130
48285349
22406902
79760059
99382519
-53349962
83556275
22606968
83654769
79437717
53754057
106110
-56388651
17260065
33158492
68337616
-55083129
64527711
100134
-21592701
85593680
82404507
42018917
28666865
-56384202
-99411868
31388310
54174634
-52896105
68801948
98393661
-10311896
-16686110
-87374456
-82723674
62739771
-23753582
22676027
21990937
-94061362
29575955
-72875927
-79658976
63024200
-73440689
-51334575
-55687482
-26792812
66288788
-91375139
-32959989
-17411427
-16565616
28366300
40341096
19811021
32169857
49044013
-93489813
-96325979
-33115862
-80295081
-99858532
79026317
-20004460
-92813553
10264156
74253732
94515223
-39041052
35612886
-49045551
76727382
-34770919
-71115418
-24313862
20422344
18741155
-72530553
61640188
-76610934
20808968
68007610
-3312791
65314665
-76765223
-73356926
25732055
-81082082
-96351787
1003394
-82204815
83450939
-90353324
-38363647
-48814597
29144775
77737736
-23980909
-39544207
73393393
95410432
-57702409
74625159
7243356
78092703
59673882
-83895383
50509135
82733866
-58577193
54257449
-50164886
89856817
80813929
39648940
-26575261
54616468
83463898
-88798867
97155159
-97559398
-92620562
45791206
-71329404
96393323
-38565456
18719116
41283727
-44904962
37040554
85931430
-50598929
74223752
55271004
-12478100
-71914260
-31404339
90135371
58910472
43604266
92560709
-86018847
15628256
-18043223
98714177
-29893363
-6360448
-74795497
-97947557
90155057
62933829
-90959904
27510625
52682345
59584256
19854488
-40536010
77752847
88705275
36314693
-2388824
-18742716
45356860
24814991
-47140255
-61807210
-52685285
-40973649
50995769
83878922
67580835
59664309
10804806
65600588
-14994623
-92219270
66929063
-48970489
-46275732
-71775655
-50556733
-84610803
-48555078
-86515395
80313923
-88275782
-6302523
-35115879
-88477968
-41234414
-7040969
68844793
38261557
54165122
-42024241
75480129
-96991462
-17080066
-64329689
12939041
-52469160
37881763
27768433
-6998585
-69806163
-20160143
-58958053
-253967
-40412049
73093555
-45480017
-75394545
-63043320
-65338092
-59193478
-59511792
-50590054
-51460818
-67576839
-27557715
-93290332
-2080893
-66088975
-19996036
-83156058
45756723
95885206
-58955848
763992
-84601192
31400116
-47171779
-19450887
78312264
43527507
-9788802
61413840
-4410871
19851003
18013554
90956975
-99718824
96650596
68885347
43781811
63423624
-27988875
90822570
-15047173
48858334
-39330741
-99692851
-40587871
82109887
87694331
69223507
-775448
49792055
-51422751
-82421479
59973350
94683876
81153612
-99445856
-45159282
-33100096
52346889
-10794147
8771704
39581997
-63332036
40775388
99884213
-636989
-40935952
-15042737
-55537264
-62417651
-5578416
77055692
29400081
-28790843
-5339509
-60325627
-9859021
33301074
-37762319
63740927
-86264198
47295930
30357995
92372886
77095979
66378776
62988863
-6471823
-90631158
-72585710
-46510456
18075333
-35323266
-42995811
-48932017
-70596064
66813456
91806707
8561119
18497627
-77389561
-29919851
-11376034
85923162
-23484196
-87856668
-62142651
-64529402
66659879
25822661
-80178989
-47951382
-10712349
-80020756
-55246966
30556303
-57328423
-93782208
-87009008
-89479186
95193792
-9641244
-51511204
-35905836
41758083
-96213114
-82807947
-64057399
-13042143
-79916556
54093248
-42108309
62409019
95028555
82946696
-13398539
94949048
-7337404
-5109380
-79176474
13743924
57207635
-55431737
38966886
81719611
91430524
-66098523
-84120989
-10921806
98631352
-23231008
-57862095
-15113435
-69323758
74116494
-28829790
49520560
57833083
-94366146
-75898887
-47754807
-91274171
51702047
73117345
-46690953
98969481
-16303951
-49812110
-66645809
94814342
-70042352
-99954821
-15054418
73691900
73995174
-41380427
-93823240
62895269
90703127
-65856277
44496068
-98164755
-62441734
10302663
68751621
82621962
9915502
-94077032
-46246738
52297977
-38296589
-55553823
-95973701
-25238338
-43706792
-15355846
52757899
82074812
-54553859
55466542
88557651
24470052
17639097
26720258
30109502
-23022825
-9131023
-26061781
25574262
16287661
-13566548
8683911
21490957
-15391753
72758713
-66901412
-26063089
-41147517
-16796843
-92961664
97606826
-33142592
-73889413
25287527
-74113765
75802894
-75543902
41240983
-25590398
35477279
72835517
-61347940
-55804281
78147009
-74928490
48425429
-92888350
23801013
77410236
5162209
7195389
56058020
-43760235
-42671089
-18867038
37852419
21565621
27406354
87102562
-15391535
7831488
74949670
63437490
35745320
55908197
19177473
-63349360
44594114
14317798
-48192935
-81809015
28679957
-75601381
-57607236
-71511500
-19011451
87099013
-29300203
42692037
5137753
-65957619
-10993901
-41310677
8067518
-22977057
13100152
-4390310
11588312
55805575
-19166314
3546265
24909035
93217760
-79992872
-26962412
-78645720
25580953
74822020
31679442
-84970626
67278699
74917310
-35337077
37250998
-39620730
-91626803
-34261546
-82850615
91541740
48056418
-72727436
-90293717
14932941
-303644
-45009974
52205007
-66928330
18473902
-93221718
99820839
-17108756
-17653591
92630252
35971260
-13523492
53243309
-85341756
-94491779
81031825
84417196
13309059
90159919
-51382944
-34953504
-12027202
-61585673
-73493655
-15551059
-97198372
30114203
43498100
-52096772
-98131098
96474654
-24399416
-37136644
-19982152
60004135
-85736588
-38057971
62060892
59906880
35431181
62451029
52874337
-29906307
61265463
-87271865
87492061
-42678305
44157876
2481745
-74963535
-11799474
-88906250
-86338170
72560660
61245116
-99521090
-23429490
-90404736
-49957469
93763678
57278723
-89604582
-97899829
20434641
-20720781
18503718
98996084
25601030
-91962975
-63985487
-39553826
52836677
29528742
15312138
-12856116
-75132626
85690262
46754046
-44403112
35520111
88276113
32683320
7720524
68255039
41540833
-29174277
-41172024
-90411252
-99524531
25085989
44990188
34751917
84162055
3463965
85848613
77792261
-12107994
-19339170
36724610
-30310040
29263931
98028375
41631367
34198550
78467063
-91495719
-5768436
44239301
-41517184
58822957
-24743370
95251854
-94996629
-25772272
-13143980
86988949
83669880
62503106
-11581685
-67041309
99921670
59887244
79979352
4950040
36147320
-667428
-45900899
-57601804
-75610880
-59486570
46905245
27619990
19184440
-71541508
95688849
-1045165
47319586
-74111405
62626187
-65422659
51617982
97635643
-47074794
-64001688
72978491
-91652629
-78932000
-97791467
5857710
-80492221
24859507
66958554
61946464
89725178
14716505
-40419522
-57767945
-40009235
79576054
-29592844
40247022
16362943
-26090525
40600345
87954701
56179291
57342265
89035778
57753090
87668891
6002399
80471569
57525294
44686158
-14018205
22837361
-44427909
-28637935
74164065
-19895972
-57083776
-29226911
50912635
-21641197
-12277392
-21088494
-68681893
-84147660
-66903674
-90154088
-33200048
-36425111
-1093365
39443772
-46971587
71910183
-45385447
-97195218
-10768953
92318999
3627375
-85982116
21985163
29535989
8221631
-81035245
-14080808
99466674
-91321184
31896579
-92955656
38037612
77748704
94012342
72088214
56240638
-76974324
39924527
-59839742
-40603562
-33102523
-4797987
53744081
30007923
-77223387
-31575039
4529969
-72113114
-63616432
-25394788
-79399062
5162195
-76811732
44056838
33234001
-76368770
-55929617
-52205246
-91110893
-55303776
-3204245
75085242
97266932
-48995441
-5430445
-18601896
1035641
-1946221
-8011078
-72054282
49211754
93677295
60556337
38090798
-22417552
-11133294
95635186
-78793742
79581681
-43765981
80800902
99072724
-44372220
43702760
39360353
63416586
7555797
-32394353
32620619
11489558
6349930
94196539
-10868386
53334493
-30659368
-33334872
37544077
-16386242
39595257
34244727
30200938
96713019
21625321
4020665
-62734294
7292399
-77573934
-43204955
-75865216
-44201622
-62388146
41176083
-15543164
-11596507
-69495168
87994268
-41177895
64208377
-63099242
-13034385
-17682650
41056699
90875653
-34567071
-77502594
65612849
37898301
36148509
-22623493
67845377
-87047627
-23858318
69261594
-30949076
35071113
76782860
47948205
37823373
4827513
13741515
-38710139
-75753372
-20860485
-13223844
-23059585
-78781064
-30477969
75213805
-60900021
41592265
-80772340
-42629381
-87508745
-17585673
14002187
90814782
60128738
-91629982
-73784136
11046611
34616423
-38659673
-60875747
67746387
-64692947
-79273750
-49236664
-76184519
-46361852
-91241286
57785941
1953610
91209079
-81589321
75359480
74926608
9209179
8149690
-38050864
-86111234
-18785995
80315094
-28889079
29086833
-50807355
58495925
-52151895
-98586661
-83263483
-14349311
88067819
-84408966
41756310
-71702168
45299370
18603414
23882583
-20109638
-50808693
-92050164
-98781941
-22173384
-99365840
-91956455
63504089
44802351
-44906971
-63086754
-5870112
1748553
85802625
41358908
-85521260
64877493
42191157
16267976
34542816
-46624285
78715984
-77763014
-69924267
83929577
92223360
85571386
15760330
27742933
-62559348
62155518
-37283541
-61563042
47797460
-14412127
-83063423
71465069
-17522909
-68533024
83561116
-68938982
25312073
58930653
-14392853
81352456
-12345264
-63135166
-78478282
22850303
-76437134
-43089604
-7599141
-14255706
19177657
-77222077
68135893
44698998
-68104788
-56563429
12598181
28479282
95181692
-86555458
58679746
45675726
-89258112
6755708
27659318
-67995892
33965061
76445901
13008579
-99048378
-16520514
97940377
-53440279
83194096
57046265
-22150007
-95613907
33360831
94136452
98359386
-64755599
-18949317
-48932346
28749173
23480487
-94571168
-86177746
-38828654
-14847183
-70822833
37488214
87594115
50536717
-58580013
65844012
-29072551
-60697670
37551830
91090302
-37720301
26858335
45225632
-46142124
32883087
-38881711
-88170443
-19472084
61122869
11917292
84096489
-16356461
79105991
-67066934
-61459016
-186736
47254551
41576714
70898796
26962067
30784187
72621522
-78811782
-20726730
-5054062
-99875547
54977836
93965702
-37598906
71013324
-59160952
-70388025
-85975486
-77824572
-54383224
-12633356
-42586487
61241391
-73033408
-33486367
-28608805
90458655
-14012843
-53535239
65009875
58940343
44398960
82932621
80585297
35548750
21470715
81847760
4262884
-73609547
74640053
-50034323
65983549
-49751397
-50487102
96372948
-62878940
-51094468
-84344686
71130111
30461182
-20957405
956404
-31951377
66189677
33531126
97072093
-5419529
-90232028
-16177694
55934405
98344940
-60226370
78580782
93088498
-68609024
97008634
-32950141
39014353
26763544
14962445
-95720609
92880319
-6273691
-61968701
48363848
47069171
10432040
57015087
14533787
75887275
-63128484
41962838
-56736836
89781109
-94897468
-26601136
-60003516
-71448306
92028216
46348977
-51461046
-64802351
32365634
-73434019
84052804
-59018733
69711572
-15639388
33251453
-18825833
54551268
47997535
33039415
-94410615
-96299318
74465262
-14231752
-20169695
59962667
-21548028
16637019
65330787
56909599
67842315
-52980168
-78255282
67363213
19160625
-82847718
45010597
-88473982
69091053
-53189412
70167886
80651718
-4163499
-5814475
68039578
-71746678
99040006
-22710382
-96828235
26247191
14860956
79189500
38231348
37333995
72540099
71518960
17795788
60052627
40856108
21357222
62707686
24858288
81738010
-8075324
-72814006
32254337
22492800
-13250759
-11037368
47349931
-11560748
52841749
93042351
-26111359
-39262411
-37943926
7408838
81024072
68154610
-77187170
-82223455
31448814
25295888
-73065259
63122780
50982394
2940287
9547242
-33236000
-82274179
-7552240
47475341
-46791858
86033478
-90226449
17527927
70273061
-93136101
-68077436
-62268078
-39632985
25208350
-35289726
-42284546
13753160
-46264844
8236796
-74069684
-73176292
24893553
-56891478
-94354307
66846786
-70134517
7758406
-61196883
69554984
3439429
-98680446
67050581
-5364924
-55932742
-96234211
-53924494
-4421494
-93455953
-50931200
-28203805
-75955132
87250804
2229227
-93466266
4591164
83501259
-10888034
93412623
92467198
-42762008
5899205
-22731759
-28323363
-46164460
29091226
-25190013
-12251258
48043840
-5705751
-41709505
5293228
-49663490
-12485430
-40861791
14215927
-19061275
-81241927
52324573
14012617
55338946
71958571
16137783
-63048040
20660302
-46631882
65308715
8907238
21343820
-88298765
-57730591
82467084
-75217379
-12872720
-47999614
-12767975
-47158513
52513657
96110888
32851403
7071674
-91270105
-15651024
39048794
-88083304
-43170400
40007843
51254052
-98094615
-25329967
78017008
-94282464
17211647
38300596
-15220468
-65999813
27006327
88405788
-44031531
16945430
-87699095
-98861255
94597956
-48358933
-76352707
-82380248
-55636355
66780970
28151825
70818735
26675461
23412281
-63001384
80466257
-15993243
84118641
-62899892
-20697129
64605580
-81410578
-7723012
-9739901
66005021
686988
-32157276
-56406921
80378929
-27422716
69969268
-8409287
3472741
-89189102
13191782
98990489
44584565
19738826
-80334630
-88685819
-27378449
-37075464
59258121
81633584
74698912
-13605916
77031879
-29604162
27060107
-87943298
45779984
-61803549
-22265980
-93183059
-57558394
40903074
60012401
17091203
38860154
5227199
97416628
-79697623
-19803152
-12088586
79105718
11834834
22450043
-79308029
-98998472
-24901727
-51405071
53451040
-35964912
93664835
-74813148
-76005115
-397006
75997899
-5787117
41765373
57348840
43027325
79042326
-71237572
73316771
-28414683
60223049
-15919108
70611960
44312574
-25568160
-32162504
-9581938
-91147224
52351168
61821288
-24215780
86297428
28620360
25801091
-94809237
44083648
-76650788
-38194668
-37337676
-73506317
75235128
-26830412
-25425215
79394309
-28832329
16259370
98373060
13205433
45770262
-20630202
-19455632
54346602
83869496
42885134
84449409
-72077272
14131835
-97774110
98995094
3656667
53084111
27965220
54286086
-35327995
54118757
22949090
-97332622
-72898333
-61582331
-41133066
99596249
-98541417
-4902180
-2237145
-95023400
2589920
-84314717
60281526
-76119817
-82789568
67748243
-67729522
-51580499
32601767
-93516304
43194301
39954810
-63963108
22210149
30238298
-7300967
-31213767
55430391
-48156699
-86976790
48020863
-63713677
51902636
-13069725
43449160
60857033
-11345951
-45347580
36374036
37792977
-97438683
-57267721
-64496302
-33997869
95052104
22058695
-87936777
-55737
57271837
-82229668
48434816
76206240
47253681
-84869890
33650411
46403470
20508460
22252414
79574506
-73736894
856728
-39773462
37450562
-33672130
43517803
93846510
45863768
33813905
74592025
19147792
-53612118
5045292
-4466569
31731073
-47540371
19417905
-98415462
24320598
-91730081
-61080231
20783727
16326326
48088934
-43430536
-26831161
-88119685
-44570654
-72282521
-28970169
33861930
-80775077
-49335418
-72221260
11264605
-74025949
-18936598
-32885249
43596205
31390317
-19747061
-46174896
87173590
-77414974
24637577
69713439
-80461755
-79081295
-60772077
-52250747
93194712
-47647847
-77961332
23836062
-70471683
-1906281
92402912
82790593
-99575367
-73630745
-54624088
-20946972
-85730443
-97560096
71177482
50358549
80694384
-9630206
53475594
-37930734
-1630736
72283305
-16105062
70842235
40152289
-74535315
-55834631
-94005774
-68849298
18229268
-54650080
99707745
94972594
51783206
94146129
-25002388
40791224
-78575528
-21362480
-85665789
-95446406
-63870433
-66222930
-44704537
68760020
-19351732
8992460
94733738
17671183
-30404026
-85885992
-70540442
-59752942
-6572165
97977481
61744366
-29508886
34782967
-64140065
95546579
60706932
36415822
-11661128
57972710
-49008100
2253349
-53255348
28939348
-91804724
-21185915
65958372
-74738307
16316626
-82554215
-7346774
-28716441
98338082
-84705458
-9212786
-37278082
-41654467
95531372
-73450531
-49811051
-86055619
-83150441
-7510792
61407309
85032811
11622617
9424881
-21589958
28817183
-7842541
-15810814
-51320159
74564249
-26439595
-62769562
44658172
-22205007
-93249481
19818739
-76850291
-93772774
44534529
-39527767
-90652036
64343305
13587343
59086593
-61761989
18025402
23726444
81510996
-24354665
96982771
59830658
-26043220
-24231762
-29622627
44914871
21624742
376036
39144511
-56001868
-102895
-14802833
24035196
-52684713
78787259
52193036
-95471106
89854643
51299442
96529851
58156315
-74479568
79149284
-39941704
55801135
-79837784
29139665
40744481
48292074
-3547391
11806012
26115689
65237213
17593266
-61006426
10259724
24854791
-78006139
24673667
-37524175
-11223360
11950962
86126814
-36908292
40809573
97097379
94706687
90023940
-42729083
98967403
-28528060
7363323
-703731
14212290
-77518328
-78393425
36202819
43819331
73652658
-64168026
17078400
13169413
-63928311
28025715
-55831180
-93269272
-49084930
10240011
-41792677
-52432914
46930420
4381055
24377899
-89192535
-43677434
41036356
93398720
81976603
61831559
82328695
78575400
78012971
-85761056
-79312974
21314535
93179749
94018679
-89089456
39607716
-69956168
-28772473
58548659
-30489284
-45957939
-71983084
-89858099
26034579
17843544
-62652657
-80993996
57291999
33050926
-24872954
78791597
34770700
-80461179
81683343
77716026
-83896080
6497051
-12883701
-61234110
-46990949
-96724671
-52650918
1224095
-30827928
28658386
-27071367
19978291
-36424950
63533592
-55680015
60807999
95269128
72662570
-21335186
25160811
-87749658
66828048
90520743
-35358609
-54904549
50323763
47624475
50553436
60436743
59641555
-54208150
97706442
66881386
-4927906
-50040103
-79691638
15666891
58834206
-10136436
-87448262
67814689
-19509756
90835150
69985440
-83292527
48237447
-92977409
-21309547
-65621655
42895856
67419617
-90989781
22425359
-86169450
4655148
-83713445
21190195
-13062340
-73862936
-25968264
50293736
17381287
91845152
64079904
-7152182
84119381
-48539288
30083045
27362493
-15246736
18117225
-74233222
90857404
-34684281
-65722367
45456036
-52280882
95066376
15775832
-21222403
-54299261
16163729
46164264
85635285
-11329122
66066219
-20487859
-71678615
-56693078
-82446637
-475310
-34422125
55556345
-29279243
-88854048
17924643
-71025638
17731727
48365129
71478396
38259425
53997175
82004693
72362821
-99427166
-85280979
-76638111
-18651334
51769577
31141462
96105495
57830973
-65033753
96130609
-47651097
-6751875
5853314
-71318845
-74563930
92774183
91339926
-71792729
23743342
-13694133
-35225155
67490061
-76581064
33233388
-32025793
-54895756
10946679
-62027733
35016276
-7841069
-97633339
-18116155
81077968
-31796009
-40460574
50810141
-18916929
53627288
-47026432
20266401
-19212566
40008389
7529377
7902026
-91816689
-87060053
9352670
85102150
-10073897
-8607982
-39985312
-71923917
37505460
3546948
35809150
8015533
46986043
56983838
-70720771
-24049438
76123401
62273688
7358852
-59416228
-60814552
-63227856
-74317658
-90070374
90469177
-92883231
23693726
-62402044
-97936002
-48668233
97535803
56473240
64213461
40061779
-78022122
-78105756
-74451533
-3591199
85710565
81644472
-29988909
-27368268
13712079
50745484
-47230685
-42176123
82036016
-58178272
85869869
27734222
76616099
51417655
-63414425
84032127
79897045
-68321474
-60761511
-72568411
-33180546
73746063
-30861950
-65711250
34671444
-7214308
-32373823
-71052659
67633252
-63565455
-46333366
-84766690
-50744989
-66280017
29955685
40057679
-23210449
-30987048
26421954
22931257
8872268
96909899
-88116843
63372602
-24777551
75886212
21552769
-32503500
-75896685
56323278
-48089438
83324874
55553388
85521751
65832144
31416203
-15951154
-8798918
3659966
-69312359
84048761
-49377577
-27363896
-30267876
10871134
15593510
50903279
42463531
54092693
-81137670
-74479696
7137438
66308860
-63785579
-1529854
-71158896
31979950
-71443303
75189969
-79509942
92028597
35525866
-95780883
34460764
-23827288
73752346
-15296463
65394134
-39284941
79910247
55862383
67702895
-95299100
-45294803
35072270
12347788
-32984349
-1919204
25620691
44230847
-92058869
-1110427
-86981711
72344688
97642323
22492296
19383931
29653753
56191032
7158066
-89245405
-35304003
-71309447
-9800234
58204280
-61701171
-56773724
38962672
-60811114
-88369644
-36078246
-57562323
87258221
89293755
-61721985
11366671
-99248769
-14875396
-28215924
-44580246
-84995066
-45158846
-42656381
88437021
-73903970
12414555
-82226188
-13096484
-71945205
21682872
12109363
-88227840
22331009
-33979093
-38787133
-20752970
-8521000
-82860739
29113800
67589390
32617327
-67612857
-8292284
-17378824
-15015922
-61423147
-61550931
-43364324
90165546
54700630
79576067
-99327651
18157801
-54987188
2481888
18715071
70624566
43637229
23027773
-65977487
78447490
74610118
-54585306
17905867
35876223
-6533277
71046549
28094827
-79280605
34265964
-43865334
-75829159
45514035
-69069771
32076885
-84091387
-1502789
-77071424
-48715018
-14482470
-41089295
33395910
503827
-67902143
-41712876
3524516
37129219
58720732
81828069
29008133
-56668876
46156056
-26248879
22846967
56746207
-53647217
-31618320
-752179
91378377
-80018231
-65345337
30289660
-59818503
87691343
62275056
86659329
-47852536
-34458972
-92245605
87477178
94792513
-95443328
-61967912
-71300065
96945926
23102754
80587850
79805055
40440468
88535553
70866608
50611295
-38623826
-27180282
83839534
86703141
-88003142
-74526837
6174386
30439991
32054163
79003383
-56212629
56052405
-1957218
35775114
-66981442
-50279779
-19144397
42867754
-47638071
-80044483
-164745
-85741248
-33195692
-93651797
-15493970
-89749253
-33148517
72879390
71043329
-74288122
-98737002
70317344
-94333975
18722406
-80874277
-62875818
12377482
-76125394
-71552322
-27930246
83238996
-14111797
58977657
-71799317
-10017172
35439900
-53260992
71061109
-15584500
-58350367
66694307
38397441
-53415806
47084069
-70203563
-96553791
-57987348
-75044979
46909926
20633230
31888531
62325412
-60736268
-35744767
3436895
95106859
8642134
77482279
7127194
-8586234
13797832
-51322263
-34649078
71481438
7506076
81597810
-80006124
75193972
88806346
73109617
-31023985
22216580
89754177
-73725794
-8858554
91963328
97172192
33748879
-57396749
-76870045
55941772
-63209734
-57741822
4283323
-75445618
-8121370
42184791
88505995
-9970594
-72789721
63772261
59320142
-34104625
-85122578
44883243
73954781
72057540
44875950
40921942
13265198
-72012205
83745203
19907992
-3951182
-60718808
72941937
88587080
-81856058
-45105341
96084909
-53015957
79118309
72682558
-1246129
566595
-33344040
25039405
-77309989
-23449170
47489209
54509002
7323186
-92916248
-71362676
-16347374
-53230672
44653977
-3614192
-96662289
-9440119
22611249
-92156515
-54745343
6279659
31453677
-68204283
-711178
73826069
61382931
-37555886
48524972
48442017
-54905528
71173100
-743985
-36426769
-70878426
-79013894
8453140
37114002
52889513
77218908
-59055127
-30536678
-31381135
-83908167
58230708
-94613641
68691052
6174361
35680465
-76521397
32927721
-99194720
-32241194
36856884
-89424992
-18988332
86828440
38996970
-27929094
-11474712
25108886
83079074
-60607750
42427073
-48164465
-53729007
-31324276
-41153252
69241575
-95744239
91383163
54463011
28536242
66355671
-44076069
90223145
32871233
57892994
81786445
-20659027
10850393
88100865
82714834
32441115
82325765
86224054
73957380
17473070
-43609547
-12707481
65766511
-44980460
-26597720
-20600979
5834207
-18736937
-8185395
-35629081
-49236474
-41604128
-50337802
-23941664
68531981
-46112385
95928460
-21434383
43478377
35142630
-95745185
-85516100
-85098035
-72687658
-78566878
-86317412
63981101
33475257
88933657
-87845746
-8238864
65873598
37867453
-81788936
67911950
-68813034
-19943275
54610410
62025416
-52514200
4850482
-90608838
85613299
18411317
32116600
43193287
14135476
-22717268
-40376054
-1352110
11987219
71224218
-19254744
-12777649
9154178
-42424871
32104065
29123826
73754021
1072063
-35371000
35565609
38594292
-8594448
9355467
-81481521
54814565
1164179
89501665
-20139636
44974358
337870
7576980
-47378447
96637389
96321835
29911109
-85061834
64643185
-78084450
-95369513
12563840
75771058
-21907833
98926024
-30489221
26214971
37450800
-17060777
73746187
70091297
-57438021
11847044
-15697772
22496806
-98525912
54326002
-49257363
-29372714
-84196761
3083767
-54313129
-12518919
67584756
-70753506
-62440711
-21749577
23017816
14540844
-68057139
47309745
96739192
57869346
65405851
91108932
63505347
-15742327
-30336424
62451289
90457498
-62912459
-47896090
16418573
-50199705
54981364
56780289
42247294
-44041366
-83432659
55123374
-98029105
14088951
-63508769
-7870946
-26433465
-57616058
56555869
-38596929
-66144507
-5509895
89365692
32978290
68324408
-20033361
10033756
-38763790
-53708391
-65242946
56968623
85934013
-57621627
-95466987
-61913271
-31060806
-87452632
94571299
-84963835
-49763125
-82202049
-39468049
67925770
-17349436
75833407
-40658283
40516876
69526715
-92044714
12035620
-98493141
-78192439
-78539534
-58280662
8232888
-8790997
-99490843
-47156060
62397521
7433306
30415919
-71744050
-29802353
96832618
-63182486
2785502
-35494439
-36409695
27274558
85229651
54946840
43669207
82535480
7665666
-95602885
98410202
-96441022
12824934
15331590
-64652308
-60318781
89622494
7582744
50592091
-59283540
25890603
-4436887
99568274
-22915460
-90366668
68986863
-98425127
-8866750
41927374
15882249
67981809
-80573001
95771501
-52048574
-51267653
-87994972
85533701
50160257
-39180708
25325423
-1678831
-56778416
65580873
-43910662
72160594
-85583764
8778628
47283281
47747180
-42892357
-89970718
-57755386
-50653294
-97656008
-87471292
90103652
50400658
-99286886
-50902906
-71315962
69286623
-71651089
-28022900
98705365
63839998
3336093
37086002
30454157
10826154
35225406
86082198
40254523
-42642269
-91748900
5912921
-33892877
67391236
-40643821
32824735
87979834
-38882570
-64167449
-46450475
-27723559
59229398
33726540
57141989
14254741
-70507399
82919347
-82110931
-35332522
-42673811
-75211109
69446146
-10403424
81391864
-83095669
-11452013
-36950050
38984655
30908268
63296795
37015787
52767601
-40768863
15732647
-61881958
-91839210
25275832
-63510546
-66513744
-62434707
21140662
-63578850
-84505717
77558181
3285246
-6995650
-55547552
24334946
70852637
87090624
-39006651
82968356
-61895953
59516186
-35648043
-33837257
2757481
-796470
-72576135
-77129818
55633282
71713614
39210656
-91771860
51958213
-56550968
-13124404
74005694
-26590929
-90278479
1433908
-49263140
10351378
42134715
-16899591
-24328596
79573758
-84555012
-3993972
-97563756
-29459755
-25545147
60514167
91306372
27880277
-2116017
-29667664
-93618358
-48494953
72428438
95808003
67284199
42333244
-77075715
8797443
-15175129
10161620
86602100
-1348770
61139227
80983758
9007584
-43096158
14771250
20011270
75708073
-39494347
-41845562
-8634818
-52347326
86007595
-8960442
3276765
-61481284
12192293
71885941
-71456644
97505628
-60305544
54330690
-55298880
34819094
10901029
-15491052
-52253174
89506066
59788900
65456595
31854880
-86536510
94200149
82987157
27277743
-92988637
-41418434
-29072282
58288614
-49455994
4456832
-93647257
85513001
-86637103
79947594
74805365
30439032
25190193
-90096732
76719736
-87565902
-30298087
24419029
32703174
51472451
-20289467
38259427
12982020
78156677
80673827
26537471
-13789553
58693998
77051968
-19330131
29126085
-2574607
26433343
-60843986
-16198865
90920166
-90152329
3666914
-46953052
96264590
17224200
98554633
60952357
60245635
41895655
24087364
-12720414
10278602
95547679
95017935
-83318919
6698438
-94763195
-33949144
13403565
-94352774
-26925216
-60906853
50130620
-17034685
-18148697
-44129327
27049423
10482509
24708056
72717588
51412687
29390613
-78957809
52972097
-33706776
98874098
-45135232
30690810
-91530734
-32473027
-59591476
68903602
33332018
86351297
-90099003
85005712
56196765
-74856855
-10090010
-21111161
28542290
42883095
53577470
-69773572
37212454
-13031035
49637261
-62442645
-66315841
-89435839
-1522353
-37359402
-62269550
86067783
-45645317
39366530
14341293
217479
45183270
90248707
-19533760
-86455882
-26733043
-81295859
-88541460
29984540
64623270
80620047
-52290227
54442446
5163652
10445318
49145772
42543466
-18607756
-7214202
-74194464
29642183
-28397741
-94555154
51022622
-67154433
31130156
62047591
36339831
-95220574
-88555724
4320101
28767375
-87987040
85038894
41892585
-40938407
-52023232
-29713976
-29423613
46528739
-25253011
-1438167
-86501899
88376541
1748265
-589441
88633823
-87682841
-36189257
50468600
-19779061
-47202495
30975817
64333699
-74177326
51695725
-32790260
-63835153
-59643006
33096003
22683699
41391671
-41714455
67134383
22745191
-11023877
-82540889
22505103
-14929073
60390769
-26356827
93312083
-40468872
60141555
63048815
3025679
69187110
5286852
60422488
48243243
21630313
-14869025
-31226750
-78194704
-30532054
99667459
-36844280
26206009
68552378
-46828106
39552860
58763212
97585252
47204856
65192589
40493464
-17771491
40141736
-91000333
-76204490
43051998
-95006144
-2652605
60881650
81548888
-38004569
57297930
15476733
72076288
62767110
8958434
19644652
43788240
14690385
52343374
39371184
73062958
38544473
-45084009
-67725139
-81586584
-56807120
21108962
-66318274
-64379427
-8380701
-66193992
45204567
-6564544
82281968
-252306
2342492
77515560
14778328
35395179
-27207536
86558279
49362272
89452708
-20560921
9402241
75080899
-92707597
-39150357
76298854
54270325
-83364793
-44904735
-84427852
96391540
-23705121
42716623
-9561075
63648814
93908417
-63040776
-1892745
-71595182
-15656890
-78048564
92029687
-77207934
75899509
13874879
-49901277
35337112
57744633
-92903944
98241525
41512574
31779956
11031615
24489693
-31077855
48301266
-31383283
-34644976
-47541994
21666706
-88536621
89012462
-23148383
-69119960
-24321005
28201820
-4111349
94271328
-34600559
-50197960
20652840
-70936781
-39514350
30855549
59912001
-58461295
93890489
1060923
102845
7206471
17509153
-3119382
91911153
-73111553
94644749
73226543
86899888
17786790
-3178586
22000083
-37202759
13351259
4359606
-2147745
10455399
72907603
-29768678
12521591
25107592
-83546579
-85329083
42253032
-38501978
72302318
389814
93591021
-82920350
-83569206
-21522771
21697658
93090196
-30197075
-35940659
-79077794
-58179283
92629767
-15305422
59850945
6867788
75128653
-23873389
-62345447
40289795
-56942426
64610695
-74972193
42757977
-30920610
2840407
-98445936
96931715
-92478460
-71304739
79400137
-1487706
-64339564
-64760409
-42497752
-63801313
46980047
-21561974
48704483
54672370
14128394
43417973
60106732
45608836
-84062980
-74119303
-79091366
47670823
-25711986
-54445783
-83910971
-73877951
6492110
75088895
91589385
72730638
-54893010
89799716
92469365
60077291
43686287
37022124
50034122
-39144417
35555223
40250361
22883845
-9055110
-28874898
41882894
-17882531
84739538
9611658
-99959073
-99274351
78415559
-97182446
-80754371
-20120149
81918907
-78677787
-57135870
-36776266
-47526267
32579474
39260361
58408031
78351960
65469984
-23125344
79062661
26600573
24485308
-26679251
44645860
-66472733
8359752
-3948622
63404981
20076583
-61198538
-94292335
-59924828
3994141
-69049350
-32239074
-86186686
92251481
41062769
86345855
66383966
-79551033
38529149
9947056
65989330
3437730
-23597196
-83711328
-38078179
-80032400
5977911
-68802434
63436359
13561288
67659267
-54549307
-18991890
99342286
85070624
-99392815
-84213812
49039635
4885104
68944436
-92994925
23577725
67038981
43728423
64728381
48894197
-67576733
-41310110
-64272564
-43069627
-22589322
-40255482
-63798136
83376517
47999391
-42723861
37123847
89783583
-75358949
-84575975
32916533
-67971192
-78218947
73671180
3225833
-50921102
-70359942
-9900294
73836734
-53726720
-13821440
26095989
-98958061
-30668709
-10965790
61805632
-46483718
74055805
-48781255
-99702042
33704357
4897466
31520215
9407557
-68248713
-77650059
81750955
-62491270
-83877638
31612457
-28690944
31170302
65666456
-13737544
77422930
-26942799
-74598415
85376475
-36813309
24715187
-93706488
63118457
2802667
37411504
-14558737
-81116643
40221268
-75816485
32239046
9969915
-50615372
46207263
-26650367
-57493157
62348850
-43996155
-42009508
71324782
76275126
-26454972
48215529
-28192765
-51842499
-31306510
-44849776
-84791743
-22752780
58487814
-59146326
-78485665
-62720546
-36253067
52195170
34746141
74351431
43696046
-28416224
84925969
-44609753
-53030936
32730229
-62126498
-15150298
21654473
43330883
91197969
18232777
-32117027
57461227
-96073867
-42859629
82047271
63042393
-99197243
41829890
47754395
-93207780
-4053466
75642758
84736961
21374743
9247837
-32535331
59663442
81690517
90280995
54024344
-85256105
-51798267
65546242
-25370825
-24955173
92413240
-87512210
-50597745
6688575
3542200
87100267
32273215
73188478
93700147
4443293
-19990739
-50055153
-25171626
48747451
43843648
50251208
40978755
99180666
-67260805
-67440897
73688415
-47131623
2638400
-20370235
31639501
79731979
-37574980
-77285047
9378595
-34247125
-23320947
9929655
59225044
-42504698
4479877
77609569
-43164578
30005413
-35228320
-59697902
89927477
11651844
-23345432
40773636
77051719
-26026063
40046017
68834068
-80010840
-11369908
-3480327
-84480000
46805831
72729030
12026766
28228242
94973007
-40779922
-97058765
9788991
99126131
-34178227
-4555914
12292554
-29533517
-32005788
51095506
-57592988
95173254
-15147702
-12353717
-3339629
-16514375
14543205
49783673
-33667471
34402083
26292730
-14360296
-1223794
35399247
-33922664
-81502808
82347289
795745
50477189
-88029415
16718103
6513407
35854716
-13245523
-21049018
11602295
42566418
42967058
-16030935
34499916
92243182
11296701
82830496
-31598900
-26336782
3097142
-68888623
-51131102
18905831
-21324317
32894146
96889053
-83203640
-90484410
5427803
98985314
64657120
-78514249
-964130
72074779
-97746383
-37683612
-95232327
44537286
-81490820
71141370
431268
-77199874
23192220
10657371
31853277
40461362
-45886954
-34150497
-33812042
-3973661
-33234565
-16306332
-24164708
66620554
44932879
-33879604
50560946
56360537
-84737101
16180457
1039580
5201503
12901359
-85289355
-4134934
41742211
72686293
55822796
71236744
-76684350
-64855556
-29702933
-25534542
12727226
-37098537
-90718120
-12652701
-9250589
-48013085
95546933
-1188989
-4535083
69670696
-56171230
-51552624
-48200019
-89461529
-46333321
-71083231
41951769
-71153116
-37177057
37421761
-35217840
-25793203
45348481
-17799492
-92780805
63716324
-10337244
58952644
63254155
20760681
22798014
63913063
-22331694
-61944262
-61617709
-9375302
98861795
-44500905
41162574
25833508
-26417738
-88768313
10274130
-84518765
-63095581
30518075
12649649
84884
-16793981
82645791
-71608048
-53833090
-40224859
70759462
30316425
-36587755
79518956
43425215
14320292
83514846
-6255071
-82803695
28509015
-48303747
-6439771
-75342924
19564663
-53026888
69640991
84787265
5556216
96676796
-36573774
-37958072
-85183242
-30937060
1873480
99874945
-52074458
8215898
35681333
11824615
49571682
-22598251
-47263475
86455646
-20812426
83866696
47043210
43269669
82673805
-28339045
68470625
-36570360
27818303
-99998258
-1173087
41852504
13197229
-70649663
8234327
16882474
31800050
-38144191
66541714
-25481565
-52982430
-8107485
-33478907
-76655250
88491240
17673902
-99202529
37982488
-34960484
47576242
-94922719
29583846
-26110555
69538878
29857183
-75409296
-93175591
76495356
-70838883
-55199326
-9862675
-9202969
-40261041
-20294517
85827417
-29778612
-47673368
45039743
61071458
27718255
-34520928
24076827
-44727202
-77422376
-23820142
5843468
-51023697
27788892
-43235306
-36266875
-39166713
20734175
-84330981
-71169466
38307848
-37575767
-82182871
-59376539
-57715481
-26576692
64778993
9683887
1928137
-46285358
-61784635
92315676
81966422
40015939
-42231469
-69963437
92540932
19584224
-56159115
-15878209
-60525430
8555743
-40212043
11368541
81124934
-8403139
28433279
-22014522
9813858
-41118141
-60179783
38091048
-41618134
25746771
-48972173
48150330
-69021690
-60241106
4746373
90176613
-37918131
18446039
-28624346
-44124967
90827356
-10511042
84833199
52297985
89071476
-56397752
463378
-54812710
-62479084
77934221
75598918
27129588
-91627017
-64807389
29255508
34348147
18941281
-79662066
88952626
32180481
-22504617
16611319
54818291
43446886
10156320
-86100729
-49756692
69580456
-70776559
24765569
-50545654
50290097
62486782
-8179825
67788940
58169807
65393276
96309643
-74847616
45309199
-19729804
27634948
37997525
-60787906
-50508245
-19726894
12289482
35718677
27167528
-63735450
66886348
70016313
13627085
-11053257
31249341
-63393684
-22273793
92975486
-16086399
-62043222
88991267
-13336215
-75298558
82759383
9811783
-21726855
-86225103
15654173
-63317041
19223978
-67369386
-82090139
-71525198
93303899
48845297
59655485
43357167
-11474424
60005667
-3069010
18909784
73206402
80071689
-7382330
66832910
-34045458
93465360
-59840850
54570999
-67796189
-42770032
-14209645
34132654
42012585
88116908
50003740
-27587743
58389921
-443763
50873329
20294383
18304731
52262171
-58050567
-17765495
-64033083
46109920
4303802
-54653055
-9678216
48087581
-21431967
-62744915
-87227689
-48376541
-92701052
-330117
56254665
-50187634
-23525031
-46386009
55522204
-48652077
-16182537
98972247
10607503
89355692
86418528
-95254462
-80544654
-62718158
59736914
41943317
-35828142
15712329
80998256
-80939382
-61861239
-96967958
15881060
58660211
-81754480
-29728760
71498331
41833951
27678544
-24752377
16797975
24783943
16401949
3321015
46837249
6129274
-18460085
79689821
60541357
4835129
-72205457
-55405940
-18347599
-62109583
24619137
-69372506
-75732411
-96698637
-59334671
-92122657
-195246
87125629
-90379359
-85386191
-95887227
-674972
79808885
2139314
8548099
-26779856
89838089
-50686497
-72904759
-85160547
-51215094
-34898944
-53485116
51075419
46127740
81481756
86576393
-17532285
-73335139
85111902
-74621883
-34505662
69846610
-78754172
-28030556
-27349729
-99771719
-30445286
91953079
89354071
21370340
72042287
-38759869
-35012391
-52416844
83053790
-86581845
10184765
52258226
-8293542
-12135146
61709587
84097976
74590030
-84297677
56466713
21630803
17513344
-51678315
-90382081
38720653
-14510003
-84138366
-18123837
-93187257
46059741
-70672115
79932769
-1612707
-66987956
50831334
-44783966
-28394272
30984222
-47989735
83932858
3877315
-51487688
-27208108
-50460730
4403186
83069591
-87581005
43916397
36303734
-47833039
-31630816
-63403367
98503408
-76168593
-44611005
58174955
-42212737
91662205
53163190
3316824
30676440
-85048731
6943399
38569736
83716374
71155990
46050771
81852261
98471357
53015048
-55068722
91537403
-30187750
-60116013
35314562
90413590
-67581948
10081080
-4629176
15284391
-16871644
-64423050
-97597887
-78929693
80610973
-8742258
71190269
47006442
-62271861
-12853977
49996372
12971170
59203616
-83151026
-99205118
-898181
36484234
15949100
99303292
59348786
7733201
55662108
-52067816
73317036
-94990380
25488940
-70367725
-36163233
-8110698
-561147
-92912233
40276125
10115714
-63360262
-24926990
61771925
19363575
-33358317
59233399
68770976
-37881570
-48360239
44262004
-3460021
-87078535
-93313239
-62773819
7162260
-3330016
40162720
82030047
-1442535
52807896
46805636
-96983383
90768819
-69303848
-76884546
81446377
-58273604
8428808
82192904
94048769
7391147
65091321
-53444218
36137684
-94377265
5528919
-17168420
68689973
25852570
9636307
39244207
-40410723
99806586
-40436497
-82883828
88413934
86583076
-86420789
-77837907
-31554141
11938562
12142737
-45684589
-15228666
70084465
-9277447
32976234
74620668
13222627
67697954
28449449
-38454146
49655355
-63373887
96524366
37541038
94043670
-27527700
-34288845
32280108
-46594131
-31312399
-55964047
-43413964
56479204
-64938948
-88563960
15283782
-7534583
-66001344
-1159781
-54823320
-82859457
81309059
-74246370
30583051
-31768575
-16701650
-31599898
-66015910
-18937190
-94403452
2788988
25645462
-46751641
-80581222
-58871059
-56513833
-95235338
26026712
-77170709
16346704
89070276
-8845150
-99851399
-92463833
-21230973
-25710156
40866176
-19466229
66358582
19417299
-93133568
52497790
-18725250
-25177770
62964789
56912325
-14264657
54635449
-57112303
-25121462
-60046364
-26554346
-39863786
17392443
-83032
-43365944
82364230
94023064
80206594
89768038
79483158
28478135
57355175
23825852
62142017
2888822
82430637
-82488039
-15035932
-39463466
-37095719
-26111090
-48841594
14248600
-70720834
49440118
81078698
-13680906
39764498
18210257
-317035
-30652611
93187948
-74305681
-99906703
15678958
79199496
86665780
-25371620
-9981506
55608308
-61087937
40765419
-75920336
-65834593
91976061
-1139118
-73472902
25183001
46357340
-97777539
39684326
-55597486
39110229
40212969
-25921104
52152951
42129335
-82222817
-22584934
94088602
-62593909
13246683
65853776
71972585
21552034
-77675174
6337685
-20047983
-40905229
-12978712
-50299479
9129539
99647053
50899351
-48293600
4779056
-14790537
73775701
24699377
-26750053
-7616865
-19816913
-38864097
-29013189
-8616520
50474566
-19858215
61533554
-31434335
85070609
5803402
-75711248
-20144836
55241091
-25705867
49905408
21966517
-26425271
-23623883
47094100
-19114078
24840221
13526073
-30124987
47288826
54887294
27944215
-28707447
41126550
-61543403
66343329
-47551007
-36000975
-77561746
-13912237
35123165
71678569
53215219
26235150
-70176975
-43953104
64020997
43301275
-94240783
68385958
13487663
92764685
-67196484
-53168763
-84351171
-32410637
-86992474
19325949
-25580981
50773659
6690897
-26457762
16289841
-90844495
17843033
12387087
-61656965
13157824
-57400989
27552459
43536950
-10006146
84334237
-63682281
6466342
-21860201
-73455981
71132706
81749058
-33317069
-10432282
-5805664
-78097638
88557542
8265792
-64481003
-61840531
31077949
-22375573
3038932
19366089
-86368056
15317360
43185556
-41062873
59389043
-581012
-71160930
-42061494
76928672
63557406
-12444370
48450805
51050237
74399887
-54591026
43214095
-19535357
78031901
9007303
-27178733
90138421
-11885392
-28417178
-67084042
32507988
27462401
96458583
-11640621
-28437800
61014125
-87807927
-60340181
42511305
68008033
-61217231
-88829808
-71388164
-7381813
52661609
32688269
-13827460
-64321047
-24723459
-51842450
83073798
-61436942
52108597
-79968571
-84219039
-66243185
95960066
-4707115
-42030564
-66476643
-2480795
66474319
51600343
75278069
33620900
-74658028
94389281
70512978
77504645
-95849286
82125423
-33681729
49984920
83996978
61519691
-35087874
81998010
-88478030
71413006
99145511
7122056
-29352101
51410341
-25120624
98284077
-71571177
-44140307
93548064
-2683692
-40038794
92169685
-31531427
18587372
38147800
-76549642
-22560781
-83312477
84732815
-26950188
89274167
31956079
-10443712
87415264
72791977
7332090
26376248
26666492
-43790389
-3384644
-4497124
89981860
-52733185
96258864
-62435679
-68685143
-10973277
40810285
42885282
46099708
-59642353
-5254662
58375094
87646818
72741906
45972434
12731899
4002963
56082112
-38494126
-32110063
-55480857
14378804
-21486612
-66497093
-46174129
79317736
21812642
58708910
-61843633
13538528
89242296
60670664
63286419
-56153244
-74300459
-90409710
-22629455
68302925
42810451
-45542058
71220457
-68612060
11431443
21809036
-6330950
-91730135
83209456
-82764693
92959993
66044418
-63205688
48261417
65807922
20239801
-40294224
-82453384
26783395
35233980
-16284172
-21262490
44609419
89428735
8748115
75239049
38586816
-61573468
-49133642
-81873479
60715888
-42967148
22184998
66881298
11153356
-4167220
-24501856
-47797318
-12611240
-76291517
-67853421
-58266929
-31703601
-78246288
-61168866
-74341705
-87320397
99697437
-11883730
-71332694
53491428
-46422512
-75176922
-96795170
-91803740
-48053779
-83232477
-36158842
-41535788
-93816503
-16099786
78428150
-50894102
-82809744
24182601
90825285
-11344510
25820824
-17737053
59777976
42861693
-22555888
90823700
83893682
-59664052
-38984565
13326725
26590877
65932000
16205935
-69807077
-68919744
70324897
-30294784
-39998620
-42652692
726126
-92474044
-85511781
-93339884
9646733
-50154828
96399170
94427801
76183890
-2116356
8196672
46811524
37471805
65710638
40886616
-98425197
47235506
29071218
50206493
13997188
-18947705
71189431
-11614121
51158437
86119492
-96418656
78230145
54003356
-33879145
63905681
96451147
-64018650
16602290
-98585782
17137787
40399068
45743671
73592118
-6939131
-21901486
-32741819
52592211
51797791
61357084
-64268253
95127774
49026225
98009432
80000027
11971382
9314972
-1948807
-64893304
42810655
-75120590
-8082082
-5246684
-87946135
-91431226
1177391
39091361
-67728934
81918894
-73680760
51742372
99743260
-76895438
-38235336
5565761
33339499
-52996794
69410397
70194778
-82656091
-41544707
-97313913
-90166300
76832205
-33846172
30007103
-60958824
19501848
98485569
-27598519
6404522
14244313
19270727
3851364
7398537
76803360
-25053178
55656405
24486531
48554657
92242222
58006109
52067891
-13295043
-81872586
-72724066
29712104
-30080134
-20149701
32572670
-79432776
76571415
42510537
-69133121
16350655
-42117405
-31337382
62665857
14675890
-56624665
79131523
41402681
12237378
-12890507
37839695
37936322
50253387
-23063613
27531551
73837713
-39048710
-37063752
-4760728
1318727
-16523614
-96214531
-89425804
-59023571
7477474
-40987660
-23449944
78162664
-31613569
59389006
-91598831
-85316370
18054695
-11017439
-59672381
-24357645
-91225468
-12572055
-99335046
-19849993
34237012
-60912328
-86617568
90059872
-58114934
87827713
-36578600
-13110285
-56439082
-77784867
38262485
-10469093
39187978
-2826962
34672027
-39081966
-84867845
-52318392
85741947
36817418
-76919563
73222634
-9420057
50074962
91850402
-28896992
-91893108
-41126568
-77752008
15859892
32824320
-94333252
-75150786
77739767
60363844
90612177
52077610
-41522689
-4644148
16505292
-64464204
1428249
-54067769
-45652070
-57378953
53378622
72469314
-35740153
-59845022
11069714
-45336125
-45191601
-10963295
-80028818
-57660468
33733411
29071717
28828592
23432830
-64141698
-2563832
-48114574
22516120
11292704
-94641640
-94589919
-969151
-41334128
-74121597
81818671
27826885
5653285
73759097
47143528
-20137221
20768716
46130361
50368412
-76986100
21411395
-17059803
5393352
28834508
10397837
56991413
97173133
13397582
53670731
65631566
-95703598
-51709370
-20916122
59394167
44434073
93535160
75009002
52240238
-70334664
-99657226
18171969
-33529536
-20274980
-14746653
64044236
98397795
24893109
59724223
-32127884
1273195
23702157
-45512233
69728883
85943800
76958267
54491028
47217452
-2197867
-33105277
-34397350
-33678501
-52992292
4391079
80506070
25197276
-93358913
58334609
-16484301
86885454
7411155
12122072
-23404643
-22446536
76370884
-98166070
-34087029
-41114462
97818881
-87493384
78839767
-77437773
-97464730
47472012
47178495
34659424
17482520
-37920033
-14826843
-36891007
73571735
-38570980
-42369537
-66904432
42743980
11930146
-71361133
-27903217
-10614312
82355571
-58489078
64830858
-97577098
-49556644
-22223393
20304691
-73749920
726521
-1190187
-9572495
24819619
-1920194
-22859695
-28659360
-36335693
14981700
-2311053
-22733011
88165280
75771931
-31919420
72451171
65092189
-45025224
87819821
-68951890
-46431080
6824581
-55136994
-35869302
-69618583
-57830814
30032634
89070913
-37923743
-40167639
-91175776
37568074
-58838612
53867495
9781458
85248785
-73786569
-57075226
-53846313
18631294
-19447173
86323118
32677487
-38764220
81357878
-65995387
74825980
91615816
18356555
28213702
-74273539
-97233568
-39097303
38785211
98392405
44144923
-38493545
-86465213
-6308464
-86832106
-39842262
-65113770
-75477007
-70266262
17675869
-53180029
-37459180
-87267592
90509963
-22414975
-18436661
22110438
81783899
-23314345
-38625952
-820320
32094822
86139823
-52311392
87047228
-33393887
89776855
10235727
67947660
-59196723
-89924476
4821325
-81868320
82116310
-25349927
32014415
-10952334
-80739821
-15642977
95934003
75893785
-18570088
10727594
17618448
44468527
-69619239
12567593
47278604
-18249398
63570572
-42188792
-99140534
93464276
49032516
19157105
89659610
70107115
44888923
95170968
42766354
-7106869
-67773157
6068036
-4386573
75912810
38384545
-83347892
-13956178
63941871
43716657
65666220
-49557856
98734646
25134821
83681677
-386963
8488368
-14311587
-34939066
18334044
91351811
63737312
-29812132
45365652
7482143
-20632391
8130272
-62875320
-86913065
-75324176
62031831
-18511817
44465868
46769950
95348107
-99321478
-16377732
20499543
-65441074
61904933
-56144468
9476663
-80911325
3361392
49858293
41141678
28589303
-22073885
-97782038
1563239
28358933
72401841
-89653656
84113868
-72230193
55034264
-53724851
-99679703
69175123
-75053603
74627269
-34202188
-39648435
17895579
-60882293
-81227106
-50071178
-33064294
4064105
-17860205
-53234868
29399569
-94465325
62725365
16975872
-49063234
41676150
16430715
-20408448
-48050214
50045395
62351236
-29517418
-59658234
86902141
-51233550
58281451
96931464
18187027
35524653
-3896750
52642034
27164465
57842164
32517202
-12246958
-54906301
28419716
8311316
-11258954
-5407853
99385214
-82501235
77190050
-77852965
-74281024
20965515
-7482792
20998843
-20211128
75958024
-30272291
46268136
76999447
29925466
72741777
2488628
33477357
-7979227
53257027
98457962
-29246758
11545527
-53010781
-24790669
26885256
-87222283
4136880
29167370
34323850
81242041
-17245378
-86920888
-92562889
-21766900
-2950772
-31673780
-7379738
77641750
76942355
-86041935
-53589887
36716166
13915548
20289178
-91648820
14987341
-62550775
-89064411
43591263
59152536
9128622
-98175355
-68775825
66556573
-71432986
-22022430
-71680138
59168119
-52973810
-62213223
-4894888
39042785
-88841298
-89891666
-29142980
85262991
-75933827
73477291
17150861
-62554442
-65835218
-23591945
-31912467
6144725
21054697
-72856541
71239700
32070532
-808334
-49749526
56047884
-65954064
-66998058
8315028
-62682634
63139075
3261603
-63669513
-36200443
-84219887
-80342816
66188057
59938520
-64621872
22844083
92798083
-53053935
-32575409
-9238898
-29085757
10490165
70255383
37370433
19499840
36610072
-6823285
97308050
78892080
82929362
-80277934
-72409212
-998725
-41596925
-5001101
-84199364
-99068794
-14553730
48174934
26264800
88947235
25758110
-83691558
-28344210
56236731
-73937725
-3526586
90670548
-61422316
84288142
40803831
-37779665
-78963246
95954231
-85240718
-15677898
-9858404
-17400227
-55349048
22904051
80253651
97507137
82311074
-28186387
14234211
-27756957
-57160219
-71263129
-25433759
42678106
-1661279
70838163
19059053
-60111472
-18103290
-32604714
-23277734
-83540683
70631466
34203640
-94349754
-10590316
36361624
-36124011
80091123
18582378
-53365579
66074884
36359124
40581431
3001161
-50622080
-72962218
76120102
-47988719
13910328
35739003
26026852
51675282
26595826
-96048313
-12417364
-29451532
41002301
-51630410
-68970496
-40616637
-5087941
-98529076
92468540
10485056
18704594
-76448436
-15163471
64405985
3185187
-66294758
21895489
-261207
43634102
-96659437
85287951
57721913
-54999940
91855011
59398842
-88390069
-48087220
-98779054
-66840818
87087364
56531328
-72416180
-98088952
-78732647
-62590472
-34134504
-7030605
40971712
-61860923
86811307
48859698
-90610883
-51954069
69830153
39363242
19661092
-82840724
-30718082
96285864
-42610915
96639064
-37436260
40895706
22378614
-61577616
80559327
-39583259
77709193
53132044
57705490
-24351883
-25388354
-18248835
75123581
-98177125
-45046590
96691751
-35696106
99651600
-15295428
67384
71828783
-33454063
-97203089
-36114047
-28715235
-11375060
-39250306
-62596272
-93428784
3212922
-49613102
22816708
-33025972
-70646273
26083186
99222551
53452566
79000200
-78223928
84297087
-8946137
-4604284
-21210813
-55512636
14377435
41996802
-46487741
42021329
58375599
87663144
-83302516
14182538
70418208
-85724888
65732499
-97316086
-85395481
33916702
11046904
95732871
79678333
-34541200
-52595613
-71930837
98934691
4672350
93604881
82336298
-53705697
-60728243
55509042
-14499433
72748828
-73566301
36149473
29322049
95839081
45902118
-20754327
-66421617
85398578
18922383
-46941132
94299634
75871836
-50439934
36142
29671060
64028158
90422911
-33218628
90341327
-66388207
53715998
22368656
91960393
54439920
43136363
72600674
-91932695
-41750751
-75298321
-85918667
-92194052
7491217
-85990236
8010704
32144625
38285270
69994359
-59330429
-65886248
56097780
-31288007
8874959
22894622
82177329
16169096
-76153821
-98975032
24155349
-4688587
55015569
79845682
-60041312
-97969667
18167434
-61954152
54775413
-5149803
-44673554
62098752
6953854
29616860
90540446
-63968712
-30162837
71695660
-24438872
-39363956
-32938734
-67258725
-18848562
66366088
-98648932
95642750
36545018
55108044
37660570
-32548814
-48945335
21554165
-95113618
-43091522
-89956709
-74953195
-93372282
41802918
68002726
42780033
67366431
-40927978
35605532
66658175
-76528974
69811444
-22357276
19586107
58910483
-18059513
23185802
82236576
46277560
-66873514
-33204889
-57006435
50891287
-39732954
7297672
-90064983
64469459
47410296
23887004
10320766
80713547
18457549
91812400
76906261
-68931285
-99067417
-3124375
-18915215
-21966511
70258360
13081983
-6228757
-23157463
20450058
42735295
35425743
-90702891
-70037724
9198777
-6693915
40730698
89345020
-7137085
40289600
88948906
-41503865
38005636
-96760429
-60375230
-62251678
39516593
96654791
11828678
60734044
29790565
169111
-57224004
-23812374
-44729580
4387567
63034785
20535387
-92939969
-59335980
32361415
37995031
47510376
-17587359
-40810483
-14327116
-52747237
53334828
20544766
45449356
45685528
45930680
-26516875
-94587327
-10791781
-74645934
-44829447
-76043889
-77723518
-38679619
-53105504
42881340
-35782502
99800066
68609282
-79974873
-72420661
-34701581
-65842161
17078241
66509311
9892614
-2865637
-35946933
43526254
31947698
-66335343
21818642
56038909
-51395076
-84059220
38891360
-76123883
91212241
63833288
-1006606
71793462
85766687
-92604755
41165731
51958333
-91010119
-99913885
-9252085
-88068513
-85241177
49214027
11574363
-15837095
-6678516
-46692870
-43087731
6200541
3337093
-78872203
27875174
-69088834
-86302195
-85271715
-62665190
-66599404
96183643
-57774627
2753244
13542457
78961831
-43837364
7397254
91127221
74468253
81771884
43275680
26121639
-37919501
48057362
-2923778
25723623
95841227
45291285
26303774
24186903
48366237
70369322
90313857
-40905693
60956049
-45961134
-51392155
-14285807
-41251635
36029344
4052500
42921031
39664238
-38701834
-90170943
-50976411
71356379
-23402750
58418619
95640709
8811383
-90834433
2160487
-91806747
69044428
-5419688
-50001588
69391879
92042133
68202502
-61868868
-20430025
-50856058
66475067
-31454470
-48372145
-65831885
-14522325
-27432031
97348569
80713950
36026512
-41265091
-72140352
660263
-3665107
67240515
994435
-40735893
83323339
-38877750
93188448
-56146069
-53767537
-37317082
-8222782
39364291
-28953251
49909051
9451660
82426172
39515804
33927667
85999186
-92002304
97263711
-91363968
59827475
70040659
-75218611
36243891
48321341
-74213180
88679874
46374634
-47325738
-42044250
-51998381
47765649
42828754
-73825930
-35695550
37254445
61510547
70570547
54391599
-30570260
-91647846
2599986
-27291319
-30610180
12493431
67103420
17384155
-30911249
-41184856
82010291
-98425792
76123713
82914103
33326646
-17735283
-24506864
63967044
45002937
-88578451
61588527
67640454
62919617
24824382
70281580
-31943047
24768539
15865190
-73526319
-15246543
-794135
36588606
25875443
2851596
-82631854
-15809562
84504596
-83061724
68827818
64338469
-68778532
-21037424
-15324347
-80454938
91695930
77936811
-6650559
-91819988
67721020
-43185167
-70817313
29372608
72429531
-50194378
-82923709
-4543369
2209425
-1382365
93262644
75470536
44167842
-96508277
94518986
-27325797
83607588
88141027
-34106281
-46158325
-85843918
47359529
86629010
10457878
-41986580
627296
-4164623
84753374
-21148925
66919052
57799333
-38192855
43076887
86768155
13545957
64898877
-42660891
-40746729
99903809
33213994
-34791940
-35325234
67594606
-59091735
-91210030
-54532515
45673142
59562761
-67570029
4262949
-53638821
54505979
-74548800
65161608
43093610
-21240823
57280397
1886082
-3164608
90889984
-86012449
-51710558
54471291
-33283744
-12336907
66679983
-20299383
71197915
88531988
91968989
-10765749
55591539
35140754
-94339197
-95352549
-47763766
54675324
12255973
49511197
-77163567
-20995060
58103982
-55431443
-74142861
18436914
-80353429
-31288561
54397610
43050107
-22901816
97306778
89445983
-40914928
43114011
-76930729
27985107
-44098588
96680386
96002291
86699801
66486786
84722025
63550169
-30172391
9449646
-71488718
78967099
-6958554
33799390
911459
-61234837
5138052
31803060
54755035
26724095
52459780
-64721388
-88633355
92281441
-95624762
-99414120
68777782
-82162596
-1306306
17539866
69590629
-34461516
-18942209
-53171838
-64568772
95256543
76195157
-25114028
-37650583
-4997311
-80343321
-85005001
59650220
-27644265
-78970187
96216118
76060049
19145134
94962076
87247630
-45926660
82992878
-58336319
-43116173
-38578494
46160061
33207909
-81141146
-35580907
-33151557
-60027434
72725401
66666317
91394948
54042462
22240354
92274870
78830619
45325693
96789460
36348019
-74038771
-84086779
20930459
-81413904
-19734367
-2596373
71032461
18758853
91950402
-37475350
66950125
49983975
19938504
43643823
-55881342
-25133162
-31465006
30248034
-43291812
-13585664
58177905
87047716
30452957
-83805380
-63930779
16269278
-6885785
-84713091
-36122091
-3713329
-89799635
-93805978
4594062
62725783
31951035
-42115872
-29368011
-55386112
61224953
-64145192
67665577
73785823
17349772
85988309
26897973
-59952965
-42679214
69200969
76098822
57528400
94996270
-57740338
91842413
-67620451
22197697
-41829680
70685187
41849072
-25862317
39770257
24755195
-40472554
-74928055
-16032480
17472602
88174720
57835477
-99019581
-64370780
-76566050
48975117
-57539938
-8443892
62390596
10379392
-58993466
-34369075
61999730
-36033546
83609517
64560615
-62357712
78320281
81213762
50205934
28405680
72539089
84488877
-95833679
-91698684
26818474
-45115867
-31199724
98738243
-67582461
-99497820
54648382
70992557
15130472
-73354139
-89084231
-74895196
-1292224
-43798676
-69513310
30006486
-77777195
75886346
95617867
-89733325
-62547408
75207894
28921265
32009374
-40860555
30667402
54281657
-76460348
60285915
-62740608
7418940
-69658589
90865001
49812133
-23529592
2752633
-9025616
-35527404
-44889310
-19410817
48746349
-26401179
-63427611
-74048992
-26074801
2507738
92181025
33774886
-46968653
62499360
-7687296
-98794303
-50760211
44303260
-18816577
91909820
-91376755
81765687
49808131
41014009
-11795019
5859655
43350731
71397354
61942692
-73373222
6884987
-5403479
15634579
66504676
72784699
55422664
-93641353
88748113
-19417850
-42406999
-32902193
24442025
-38890641
41011081
47326068
96896055
7486741
-46103736
-79046176
-3568838
-54483508
-74593980
12874454
81450038
71237855
-74027766
-83407443
-23041894
-94692243
71274857
-29883865
-69932043
55197160
-97551653
-36554490
18216562
91370411
56662730
-18143474
-43076867
74850686
-16405681
7212514
16225101
34914479
-50459228
13436749
16537401
-99934012
-88443106
-44661158
51798973
86190831
45017335
-48535261
99439695
-90120916
54770184
26818939
-73763108
-53804836
-18544520
53544784
29908912
50289795
71733747
65062224
31139493
74365391
-90276537
-16558455
33531478
-3802190
-30900930
-28441385
-15719156
-52266120
57929016
66339557
-76600541
-11585711
-16971220
2814022
28459754
54324834
-26364651
83548792
-2671433
-15834224
21818436
-17741285
91070257
3007870
30705476
-83743219
75343364
-31150098
26097211
23046797
-95174612
-31431228
27163798
23489825
-36507943
-14960532
37002180
26551843
95192716
-52350122
-12611289
-98720510
45469991
79551201
90017630
-63557794
28657894
61139967
-28030272
53432933
35610235
-73272137
44060739
-90505459
52635669
1808133
85662950
-3345171
23244677
56190948
87570300
-57258491
-82648604
-62111652
-49585319
89345796
-26889479
-32574885
48125440
-25449573
16826371
61622633
44518440
-15957764
60711671
-98667306
60997412
-14604768
20655667
72058639
-11036502
35828401
-80505346
76734313
17258389
-15358524
30099151
-64884661
18526687
31577370
-8150462
-5008869
-38307845
58216668
-35484420
-59382781
1930870
89435629
17140725
-36217201
5435288
43492801
-39700235
-13718189
-83211104
-48337140
-54198388
55230792
60862277
51300891
-58306185
73578419
-64104117
-71246652
26784258
-64462462
14113401
-1275871
-39250747
86759880
-36159928
66937743
-27561714
42940965
87570393
-82768418
-31458578
-28491111
87349862
17275243
-83386575
-1499858
88800555
-51840378
83927094
-43191073
16018952
-48090372
60887114
-67301167
-44706359
30371742
99734786
-93811456
93284754
-20962585
-59750214
-96084411
69107822
41749107
-44337872
91594054
45813233
86560774
-10424040
-62429575
-89296811
-54507324
-51273087
16374347
73590365
-50563512
-41875889
-13822549
-80665784
17645587
-38908975
-33994969
-98798066
-50389186
41468083
16433397
-13323660
32156086
-64660510
32609677
23475488
-50937536
66768201
-84979303
-44468271
18356367
-55501105
-87687123
62967054
-27897786
62780186
64785468
-42386839
-58691240
-58517584
-71424925
54917820
-76757690
-36505106
-4765553
-87860838
-74295574
58241478
66279564
63874455
73490321
30331036
46949430
40214232
-97049523
98670941
-63680349
-28821973
63011048
-8059302
-70269113
76743508
47738141
20372774
44960467
77804372
56212145
-13620293
95147898
-21821583
55241450
68711788
-233143
-84299821
57866235
65044218
15904337
-79578093
98810259
53385532
37354652
-93540902
64446208
-95159766
-51475447
41123409
-81116653
40127511
20864710
66877947
-8987979
-10561763
90608973
89935545
-28245577
-15120928
-45694428
3876718
80904174
-40446121
32532322
83902182
73426544
12859127
79000492
-91022127
-33841770
-80374896
-18501434
5787873
-34787993
96280665
-6008737
79252078
93519390
-83246491
51895196
-50738882
49807629
46764674
-68415241
39319859
-2934645
-69326832
-37145733
51036992
98227745
33449831
-641396
-38344870
-59548231
28017124
64613240
-91601448
-95135123
78984924
-88346428
57605463
7792632
68336672
60425399
50830972
-54329466
64688258
67929933
99795791
9822348
-87546863
-99967526
-75945801
-76459309
-88416268
-66964777
-69949787
-5789392
-58643790
1174094
-2943458
92268946
5717569
36346371
97738134
-38789484
-77795022
-69717977
30151656
14809545
35262726
86827067
80093124
38808526
-5145694
5352759
20333748
-12924665
57446379
96543294
20367332
-36037722
29367399
30338614
-26186573
-22342470
99837990
80381660
-38844854
-48015028
-40102394
89395164
3532213
37854076
-13590530
62836497
-85033345
-23340627
84437281
-11416982
33620220
30674161
-14969107
-94670337
-20396676
-98546308
-83888376
40567024
-94218507
-33893010
-52145377
-15235415
-78989842
-59818432
-24218041
25404864
-40798913
6322319
-57203129
4712122
72953475
73976137
8603919
37291369
12323410
-35213472
70733565
-85650106
-60459325
87635538
-41621571
14308561
-11477836
-9853916
15996564
-4114717
99300046
-40619167
68586195
-54496551
35157392
-95080986
51134597
16215391
-92770295
51129244
17797197
73288777
61609668
-20700771
42407524
-81710911
-64893039
27908505
59658616
-57348497
-37337206
-19331224
-36529447
-17192028
12163169
15713938
-34825557
58742537
43793302
-98846679
-82608325
94931471
27566274
20994710
72310379
58967716
29373025
58447282
84607135
-82277386
95677238
65819876
-49329962
53652123
61272690
-83588809
74490695
-8410286
-4358628
38930955
-20065110
90186632
66595487
-7987382
-28325433
-37809046
92587152
-10556342
-46809964
52098943
77669706
-90573223
59348062
90570271
-67106314
62293442
54606476
37759039
58117519
-60007740
-49942001
25579555
51562770
41420467
-25989356
-50198152
63211176
-3419138
59521340
-43093174
39759290
-14330814
-71590124
80435463
90996451
42437800
91274742
19762724
-4456120
29672805
18243519
91625382
-45438166
2688656
47954341
-95814134
49019270
26780521
-56665206
-19495303
-26054531
-48900641
48025915
82258109
-15584312
68911701
80756104
6509224
-87205108
-20164282
55032537
-63170646
-1413672
28249153
-86821244
-96579066
76935141
47060815
-7029076
48763895
-12483352
84666089
85080238
-21405991
-62618374
87107728
98711467
-89285130
-1041198
-4168143
73315185
87025973
87402348
-55625071
-92260404
8994426
86081539
47902025
-57788100
64909380
12037004
-92649442
34666636
-26260047
33220262
79645825
50618529
-84562236
-97737581
-41213298
94936778
-19520234
-52702211
-7384430
3806005
-60914060
-91423414
-91527276
89325530
73505106
-44355961
-61503458
-75737766
-82528790
-25899016
-92461528
75239952
-99583489
-1706917
-62738300
-42204694
27550469
-5610485
44694239
78965149
-10463072
-81926504
-424750
26746979
-97391294
32903424
14511145
-43484368
41687430
62804190
32388292
-5713382
-39769800
-74096304
68478119
46037171
-88427422
-77380831
-41737734
81293308
25100049
-96379677
-31033290
94609449
640927
-6491895
-54430930
18324957
67766010
-29110487
-75660299
-45135981
-41718516
-57846079
86250071
5810584
-89094590
69812294
-14666468
-84588308
-98886554
53766981
-19031332
-8563369
4781930
-88710455
-52440770
82555796
-442864
-89848405
78401906
28726782
79379300
-62584448
-99882156
-70208953
-55127524
32314291
-31488989
91982086
35875342
67627943
34730840
-27733795
52724214
28345272
18197356
-71604404
-32703695
38777986
56538320
58947858
-93360052
597651
80475803
-54888659
-13015894
-26487913
78523244
77131856
83459234
25687210
93763951
-74754403
13267231
-81561701
80420021
-51001531
-81741412
60280683
44257291
90735632
-66154936
21062817
62989772
-91627276
-8366437
-70438039
46550159
81692726
68194233
-51241556
65498631
-30776188
89335515
-74859850
98858450
-46237851
-54508210
-49328835
-17661886
-67006505
-92570808
38464323
60304567
-88696414
-77317138
27022135
21264727
78141021
-28564700
72681860
55782551
73482289
20450067
-76983393
-53435780
-85101697
-38777286
45419183
63743173
-62393084
88557358
1879725
37275690
78562825
45685453
-50837437
-75376994
29199241
-44506202
-86723264
-50238911
-73201620
71529829
5555490
91791119
-6058411
-16905970
-1900056
86002762
-75670972
13861517
20657546
-6536619
-97035335
48182082
3838047
37065379
79218954
-59085414
67812237
-90857060
-45983753
84448257
-32561965
-14182191
55320689
70772921
-89588153
44101961
-86213025
12631828
15402781
19402188
69215601
26181474
66771213
84339043
11362436
-54647292
-56937451
11693242
-66813836
-44827433
-2988148
-6761537
-63951044
26546792
-8229861
-14164388
89211740
-17432694
-22043623
93070470
-16936294
-76788757
-67151779
82296142
55338966
38406406
31375786
-47720449
-41815960
2754441
48943831
71901003
-53990797
-28756325
32371814
-59881364
-46353851
-30861710
34013814
32491210
67402793
-90670393
33983224
-36658667
1467855
24004743
-13971320
-27931643
76988149
-54219063
72805831
91103392
-42658820
21188236
-73667209
97554050
-76556805
17209097
-99692275
57857131
-51619198
7945207
14112562
80763563
-56993770
-6187069
66110954
-93494599
35396557
68788297
-58852117
81931286
-35933360
-74504910
72580537
50774970
-87637608
-64991370
-6147983
74582054
25970879
73703428
59834134
30480065
35850997
90272401
-75068733
44056301
69501067
-29111952
-38606580
-81835816
57297696
-8985632
-81209479
-58784838
-83355446
33432375
65554420
-32854060
-21734302
41059539
83717775
-16783241
-49434537
55345694
74633327
73283962
-9746766
10161708
56947524
32956546
-59163910
4584815
-72034319
-78983841
-66487664
63280139
21258528
69250605
-38097174
23358475
75950207
97593913
28475287
96256767
-1913911
5131926
-14198421
-79574351
92688285
43568247
65901115
-50850348
11512476
52897442
-92787242
15049727
9963129
-90114744
99560547
37961241
38004348
68895790
-49366160
62705747
-40867766
-86075768
-26064884
85249626
-91940900
86945461
78407361
-713832
-60831068
93174746
43047437
-27238191
-51382036
34155409
-57862254
71398881
-86038661
45639305
-59535940
64130345
98246005
68524361
61296668
99499601
27296996
-1288352
-270017
22238481
-65288907
59821216
-48035048
69608005
38189273
47374960
-77958678
64749798
8009846
40961677
78154833
-56359591
14665778
-11820487
3010142
68416843
-32030848
16686726
92276040
18198126
-37516497
-97238089
10795619
76092324
-92435927
96385618
-68238479
18431951
6245019
-99614195
65481343
15752581
9346724
3846464
54621292
-54757853
-64967113
-97017521
18594205
-12672143
77934880
6936457
-26895412
-13858270
90406336
38486759
82349083
90379897
48666526
-86577190
55721791
-31140841
52003897
46847826
-58142532
-26514838
49464707
-61062500
74666269
-14930762
-99878379
63432848
10690185
-97113986
-97664815
-50670707
-31438328
97783322
55921220
17993986
23610214
-33018830
-91895214
-53434038
36880273
-65481766
75690986
22018861
88119949
483143
-83255688
82522121
30246170
86856395
-81936578
-97950947
40564252
51960629
17326422
58928955
-64205429
54175547
31408464
25005063
97391402
-28836137
54610246
-46606514
20284177
-10632151
66930821
49631657
37477837
-38996507
50834868
95719677
-31764112
27298189
81735901
91910181
-98748284
68390113
10053215
-56736447
45186576
8899348
25675018
-10618384
54777719
-24194681
-7413951
18711726
21166579
-32941269
-58389067
82155266
49983382
86518287
25185986
93046012
17131127
-66702492
30363883
37778128
-31679948
87590039
64215556
21367478
-96117478
92340371
20998736
-45817927
-22164210
7929116
9840109
31169340
-35577676
51084446
84499143
-8993346
-97980932
52740791
86331315
-24225436
17892833
64584897
-49568070
63947985
58717494
-41145766
36564887
-50666844
53814426
-84331113
-26492483
27687471
-53688740
-42356776
-73339130
-68010801
597032
55089519
26290756
35788136
-25757102
86324811
-19186245
41489947
-48862574
63303187
65810225
87443348
67201492
-68844276
17985309
25726324
36655784
-95421115
-40695176
-11905541
-46799333
85793132
-60260327
98514415
-94756311
50624783
-87326304
38580633
-47371285
83482225
60350977
-78659740
-21875598
96538307
-57337734
-26697440
78639413
-14313564
33172421
-49616719
-65929565
-72636557
86795006
77859973
-84786829
92220993
84168705
6407666
33566738
-39805317
-38304662
-87444308
-31991153
-29587976
-38868487
-35413566
69085513
97234285
84020544
-67740157
4169325
-65578718
33333359
51784170
-47723772
-13692073
-73886155
-74567463
9284046
69187353
-33341637
-69104498
46319822
-12028418
-21447291
-42928049
-45214244
-75583640
-52120310
90828711
77975780
27740666
-22773212
-14809138
-31907882
50740902
29720567
56629099
-47102652
42538307
-31430772
30712271
-22055206
-2987118
35724730
-87507786
14203609
-75973610
-94481843
-80170435
86856983
25728408
-23666730
31627870
69179507
-52179176
-77311669
-52639355
98679021
-816245
78575447
-65031639
50590867
-48167428
29122852
-95786542
47231216
-7934582
-6023453
67113681
-13895969
80467389
-25829952
-69989001
78545128
-44707893
-92516795
-9633487
37510455
-47110372
-41326401
-39123627
-72383526
-85936906
42095417
-35973302
-57582119
33455959
1556986
-49720306
6264428
60593003
17256895
81256168
34709924
84600575
-26552404
82813896
-57935933
54941651
-53590041
61876223
-99022027
-90631988
46878247
-44046686
72645439
-76893940
-49257821
-65453567
53571768
8814901
-71803480
71058189
-95968356
4357878
45739006
-33366650
-34599130
77799980
-77876571
-88485152
38610335
-71275517
-19876427
32569729
73095320
-67412201
-80488374
-26694908
20681531
-51607592
-38272613
-42623836
-90161006
-94589417
94069025
-74438485
84993028
-69890961
-41995152
-61668837
20867399
71547675
9047714
68247340
94426968
-61783701
-80824661
-22784514
-82217514
-51183526
62296577
74061060
62253462
57499758
62537233
96719078
-49270408
99797007
19023333
90056999
18546575
76431643
95350019
-44431859
30063299
39082849
80049141
-39968777
86097353
-95543417
94751068
-21509255
39207851
-4573510
-62277231
81487274
-74245130
42082899
16966614
-41950695
-87806629
-5560329
20302114
33672580
29922145
-16483417
9596084
11881928
-17774568
16770081
94799893
22377208
-36453624
-35681010
22609633
-60730474
-25704874
-72459842
-5055455
44934599
9778877
17144238
13121355
29738484
-21956940
-77702597
47266965
10930333
-44000748
-20277986
69182043
37007586
44391432
-99009676
-82560504
8485123
8950749
52347187
28575193
-94195381
-84397461
74200996
42706729
79032443
36001543
28741767
65601744
-82780793
70867865
-62645673
35847692
-12897491
30498009
-87483422
-71689740
-91443253
64127140
30044114
8865332
98813101
35552186
-84053986
7332148
-38190740
-11109860
72300487
-174739
23832506
41339764
-7438581
-50384472
87656330
91722433
-13096539
-7990861
23876380
-35688214
-99345229
-86679977
-39446876
-84367888
-40030599
-12910822
25292433
-38993420
-77724056
97770186
-26798008
68522723
-95783783
51625474
-23255770
-18229171
95929203
-59836508
-57046789
-962382
-31472476
-96904570
-35728385
-1703026
13102193
-78362529
27256684
3084223
56153717
86998762
-42125663
96019943
26911338
-66459973
72728669
-77482240
86431106
63011624
91245120
-63854840
-32223557
37889004
-72354777
-93534067
86830914
-7071528
-65298041
-58256029
-25847766
-69628262
-72427181
40389512
-63485846
16408938
9045970
-49404435
-28209376
65830496
-62917751
63873156
98399043
-36092576
14762210
-29026594
11771416
47099590
-38846172
7985736
75043349
-52480292
60914452
65659483
-16032782
-87954327
-60172374
-34668544
17389319
35907093
-42019959
-23802526
-12626186
-1773747
86232834
37645053
39176171
87740641
11640267
-16348342
93547660
-75227731
-75441991
58152571
-95165081
-94350076
-70507022
78657726
-10101872
-13907710
-69720993
25277078
-16498174
-93143096
-27617652
-93693821
-11661667
12817903
71420116
-33259553
-28479446
-16347225
-1499349
-53105136
-92516926
10247068
-11512386
-21826315
57397844
49401681
-44305842
49187644
-76294612
-46974872
-39086792
-38339836
-79378453
-31876227
-37118285
3269988
-3802001
-7103011
32020805
-50132787
-79034274
50754817
-6229935
-13980775
95531599
-8008774
26884569
-28983862
-75227938
80856607
93005934
75296849
39564799
-9329446
-792337
60973988
29709663
-14773002
90613238
98454577
-87529008
75911172
-47380747
-22013597
53753420
-64027479
60029514
-35484336
-2400967
-90518397
59431663
20890928
-46610228
31487999
-52489723
-69796454
-26703243
13994549
-98819399
-92846830
-92782784
-59664863
33890630
-76733663
99507892
20173880
63121386
-96430797
78343943
-96144825
45252938
14671189
89015147
76261993
-85839578
73856035
-79709342
27647288
58696084
-9326406
-58060938
-4192314
55661735
14681249
-69110857
-61802652
53735370
5414750
-34690817
90785945
-53876378
-49268483
-69248758
97744199
-9830310
39326402
65647213
42832470
38107166
-36749292
-13280195
49580324
-66883042
13305902
56705342
76240982
44070631
-39677377
-8061520
-93830350
-56312252
13053078
84785615
80527768
-18706857
61244439
-18192652
-97079202
-77759453
60868042
82653126
-5045981
95910246
32502603
28146499
25895942
-13705658
25163971
63043564
52950976
80047127
34350323
53617293
-24696492
-20352353
-219634
81308730
21884628
-98562109
-90450
-26287574
13453629
-30932957
-33457886
-89903271
-27080367
-37134356
18481779
-52342409
-21222971
-25309554
44087275
-70786633
57273432
-19945667
-25840488
52216115
-38103496
37605755
-74040086
-88892730
-63894664
81329401
-62326173
-78620277
-75522148
-94832762
2126861
-65950977
43421246
49275887
19637055
-76321177
23367209
-56839607
-42996556
-38028517
-73746254
21585674
-23432277
55770610
40252693
-62181748
-28448921
77927325
-2262842
-24006565
-21095749
-2280585
20724569
64955530
-53396290
-10436242
24196791
18189882
5385326
-3810078
76399157
-98161377
-58554331
1732820
-37731852
-79052346
36124759
-48899869
-42584439
-99210054
55760618
-37048122
-13813833
64083089
-59528066
83528559
-24461927
-14472439
-95889127
-30911301
-88292209
-49161861
33328326
-98889454
-57896042
-62040016
3706191
47181562
6072223
-8344321
42398275
46920006
70589173
79513856
28337120
-89921859
57647090
-39344801
-68493721
-32864357
-95135926
97933876
50379907
-80885347
41450243
96773729
90034964
-38623701
-83143153
-18962933
33978450
-95243995
94432404
70039619
59311184
-27039945
70641309
98821258
50828103
-40396224
4786627
-55756112
75182687
26047976
25053980
89897154
-53915336
-43977720
-20292334
96028359
-16179681
8590337
71431647
-26428723
-42818677
751061
28935227
-77462634
-82703051
-41395507
4769553
-84645717
-4012046
-90695197
81137185
-37058974
-47097184
18322215
-58083675
73469363
73544081
-12133463
-50242379
19084105
-64671757
-6880945
-74244884
-75639826
68239583
-6434956
-73768130
58001593
-82847909
70807708
15124237
50490104
91310907
64093506
45896521
21035144
-88929043
2940099
43230334
-73937818
22281260
-20788361
-72431792
-26985067
-31270242
-49455477
8830391
-14955577
-31526844
47650989
-1527110
-16638802
-56173276
4394410
95298758
6195601
-86391583
20680936
-22353587
3456703
72606778
-94786698
-93751194
22101755
-7630739
94007277
-2284201
-93704733
65807505
-23370992
-2049996
-7058782
-66462706
-63215114
48952979
91775897
98982294
1214676
-26884830
5870180
63788514
69087315
22961488
78583120
-41193165
-73244479
50884054
31399002
99718347
-67239029
-80006184
-30943127
-34513116
-51215527
-45245744
70777605
4821758
57269982
-53729085
26684380
-95032198
-5267086
-72118370
-8572876
-39865233
-3522540
61068195
-21745105
-22362574
65870498
-48048187
-90437824
76192827
-57027290
-80175342
-77641915
-84970730
-82346242
36059747
-61380799
45188662
10812063
-19771781
65735979
-35796687
-91187713
83374914
-34738598
90981400
11138817
-59258435
41781985
31601338
26707620
-97845511
91564132
-44177138
86619014
73959576
3694075
-25743268
-26216320
-32722631
13325807
-75970263
42452817
-48433253
3751073
-22108951
84231042
-58604854
-6236584
31234515
14932376
52067819
3956073
-44575855
6320997
-22402344
70630826
-29552874
-70138434
60501689
-43205595
73891419
-12271607
-43351104
-91061400
-26305792
-16463362
60106263
-60911811
34285575
16337221
-18942891
-85957827
74994259
36671284
76857124
-39084396
54623380
1964465
85040355
-9867817
-89409519
-75709708
38435544
41684418
-93457273
-52369624
60895500
41594464
-50060496
48992235
-2205400
25613622
56215805
-67284407
57843420
6080613
26578437
99234312
55705671
7585500
-99090588
-2155194
24142894
-76030819
84918134
-83900959
-95960943
77776641
70977431
5344610
-25962504
6049105
7485037
46064987
83619180
6473083
27626817
-19673416
5834455
58731808
96435233
-1367576
24985133
77188410
-25659987
-41163714
-64805324
-58053547
64467394
-34113965
-56749783
34507195
93696039
51014844
15290294
46218597
-73280570
-84563218
-87286487
-75617077
77773524
-67893514
3097861
15003568
45479569
23632974
-49545579
98991287
-28966894
5575211
-97460340
-86598112
-70333678
49428286
25855380
-50141470
-33443070
-50450067
-64363775
-89416671
21470026
60103810
-95721787
63094582
92980598
45465073
-38813801
4954517
-39220523
-11588614
-40966142
93352127
-13520085
52732362
7759497
49817540
92096734
-54898064
91533061
69188083
57829455
80494755
-25450409
-34655296
83517065
99211538
-1961242
-11220448
-89599157
11649553
54026006
66567526
-46813124
49086531
-71257424
-2394569
-93653248
45284489
55942929
43146752
-89989479
10097403
-12129654
40689584
38426760
50486710
83490040
-79525353
-97185385
-86415625
88820808
70764542
-84831224
16851746
-44883864
38726522
94489146
51227902
-61745842
32201807
-12771542
-53398553
-76722618
54307397
-16164700
74780701
-96104315
8464281
82163132
65510210
-31405671
-24212542
30856311
56355586
-38430094
36870353
46136399
-35091938
32584487
-97244404
-16435117
73134172
97573170
-87549292
-86650541
58897642
99421971
-57690253
-97560166
-95831
-29561829
69069948
43259450
-14492116
2516348
83208305
32133452
12700189
-41816512
-74206654
64453808
-44430595
-53154565
-63942400
51975756
-16725227
26694618
-70415057
-29927405
-72275112
63987321
69433990
37570865
90812454
-23388519
-91250330
42348488
83404948
32156430
-61553676
96927437
33643779
30931511
48775741
47746463
-94595943
69781432
33462994
-16916632
43467281
-50148032
60805234
-4518692
-88733127
-44784431
95706239
96507439
-25709522
-66698227
200809
-20259410
37404374
-87017289
-33651740
-5027711
-32122939
-22056898
-2410340
14812921
47819305
90294137
81955607
-36616273
-47045375
-43836627
-21834066
-53105975
12467262
65985078
90527477
-3032301
78630580
11473246
-62890784
46095928
26668482
95513890
-72162203
41957919
6205868
-93652605
71411052
-99342647
750049
6004345
-98809693
-51973251
-87248993
37772054
64192596
10182481
6144051
23611981
-4641113
-52139875
13922326
-33981392
99014839
-36003339
-96028345
67066510
51753365
-18617284
-89936066
14773144
-97255182
82605574
-74957228
16977340
-51632615
53515198
50710377
-83380320
69598914
53531158
-26630936
49818270
11893308
39100984
-1849957
12328879
94582343
55449694
-99051883
98929325
42474111
76716479
-69956843
62973472
29140286
77087301
22332508
87435411
2480443
-24156638
-97088684
-55029405
15751574
53963734
-44828696
-71575499
38599860
-84594143
59509161
-97783330
92328344
-79128016
20258935
61871718
-81250281
-76118056
-65568130
-73290242
-10846406
-22590998
-9478145
-11424957
38208734
-28840751
18140840
-19428736
-12970657
-98751371
20505655
36934699
28155505
-91425682
88772268
-72184063
91204093
21092075
-92739453
-11245121
-53408264
-55892187
41416366
-56673111
-58362226
36129673
9025295
-81661411
-49371738
82702694
18614136
70662703
5680576
86954167
-84167729
78280693
-61392851
-32747031
29879985
-33359415
-79645972
-8427253
78133260
-41332861
-1011208
63297305
-43000349
-68351561
30623405
-23028880
-57367041
-71149657
-56861838
70993310
-85054508
-55933836
26623782
23783166
37705509
9342587
78693096
79050099
-22111462
59586466
28419615
74098367
26265889
96251638
-17374068
-80450680
-11257631
-29968084
13062098
-48148928
-94519065
-76611885
-89555447
-80432366
-970843
-6845918
13557205
-5481921
90171056
79931531
37306175
10364410
29284779
-88632576
-38164941
-19070177
51988022
38309765
53068931
-36620024
85580855
-30761622
-33902732
-42373246
96084425
90488299
56057039
55147250
-60037464
-91968386
-54543892
-13789084
25968330
-64606147
-82755532
-64007994
63918132
43014067
-35913451
83792538
-38544552
-43713180
51768265
-57334330
-51597502
-64484482
-26855759
87519842
34418706
10076757
-1136900
15711000
57368479
89791694
635571
703491
59207095
24643191
21255273
-81386662
-80021965
-19806175
-46324762
42742191
38858703
92722940
-67110072
-32813771
39521686
-79879686
-44229568
-88689432
61564929
-66768663
69242858
-24464824
11567730
47530308
-5098457
50307974
-56218986
-54116365
80831572
-73631199
67909267
-32741750
56739512
-19712874
-76253662
-56215332
-86185885
-18181864
33760732
-33308210
11071565
-13490457
-41535767
-86037014
34930176
-69837257
12604642
-66140748
98821913
99757045
-34622568
85962773
-43322049
-74822725
-60785578
-41493259
81449822
-28372678
22574067
78534071
78914184
24991423
16000810
-51068906
-11215135
-95962963
-59552256
-78258941
42069357
-15302100
-36570319
92253604
-94234548
75432734
-51503852
-61765019
-85415718
-95941575
-90196900
-31276936
61712201
-25237867
-85038594
-47238197
-37742764
-49201809
-1319457
-74005353
-26709256
-85931978
-28956568
27629101
57602376
-44533259
15211566
52523544
75584475
51792297
-74344218
-50865098
42033308
-86372707
5151739
-9125537
-88387943
-48703794
52657765
-62625832
85596127
-74589943
67625989
-68789043
-72333023
-63574034
21878992
58403158
-75764501
24238847
-33742707
29286616
47099102
-66209104
-19041008
-5092595
-62137171
15901625
-77943688
46773091
61547788
79061316
12236858
-44113214
73309044
51038608
20644918
-85818055
76663568
15972038
-30747619
-24401164
71542481
-51704677
-57766142
97046652
16818587
-70553829
62393762
-15217824
34436564
21642009
-84096442
-70062759
-27358019
1693761
-58972343
-99925606
17888772
56757987
-35106218
37707205
26748497
-77219428
-76108992
40107231
28880922
-53700310
-41534498
80761081
25267778
29550497
8409351
67008114
81918961
-3614548
68728776
-69405473
-11661765
-65554471
37788488
-18801065
-30933727
-69536721
-84367919
43534763
-97183102
-12932037
82621362
28968084
47508628
-99747965
-83092811
-58304281
-31028629
44230714
83960884
-81622457
37228277
26042924
-16032663
-3145470
-88218885
82803328
-53532240
-82784023
-41090450
20653035
40661582
-47905866
-59524985
3857837
-13036618
51828952
-32084607
96646926
-69295985
-85559984
25871599
-47913091
8118417
93167287
-83049068
-76398492
81853977
-64541708
88255526
75048930
74137751
-69169479
-87993708
46234684
98530654
-8040600
-22752439
94641278
-95655035
61828607
9097375
-72183994
-31563242
-79191808
17598368
-64509510
-77256898
38445427
34585932
-25239966
98570520
31102924
-8036951
-74345232
13607812
-45529539
70737777
-36154834
5299897
52027859
6264500
-9816553
-97525160
64860485
-70940354
-2438665
-40191753
39230558
2773935
-39308804
63293010
-94223284
-99635842
51267529
98772
26735752
-2665203
-27781436
8795472
-23362383
89905244
22408240
-70190453
-15343686
93541020
61944280
-63929958
4606093
-20551390
-16696653
19188945
33731376
-59404387
99475633
-79009565
1330984
-21772186
-80591548
-82404479
-76505924
-94718270
-85415013
-20272842
-36181976
-92792467
-29962020
63962455
76954298
89374094
4906769
8214680
39250009
-76383756
18598389
43676983
-22383033
43985660
-47374367
-57446157
41261775
87007918
1651494
65011815
-81099751
-90632933
71933513
56493479
-70752039
-5763187
-95117313
-9261460
-45230768
78850625
-19513856
75749462
-95687753
59856042
84031503
91359106
-11133536
96389134
78139377
79287210
7281284
72604589
60920667
-51729788
-82173368
32650557
-70430860
47299204
28837240
30243498
70703756
58614653
52802453
9951539
3438996
-84163794
-65535604
97824543
-16259920
-54245051
-10811640
15913316
-41859595
-84445114
-90458454
-82766377
-97610708
-27470699
-88179592
46353718
-57878031
-48264539
-76571789
-27563822
-1193967
-1090443
32311224
89239133
-55943486
-73063884
64485857
-26365496
-2089274
-82139050
74089672
-5417847
53657286
-63053408
-75163325
-609405
68927
49606954
-70239405
38027198
-26197839
13713126
-42316126
20120577
-37893163
-86080618
-32159898
-75337784
-22218523
-12852300
-65079226
-23749134
-89547667
7830314
53548135
61735714
-84772538
-10475250
-35744305
49696775
27628946
39025826
-33890936
-70191883
26598133
27384904
-46951332
-45024424
-37786105
-50523722
-33928343
-14166376
-7793531
-84153797
-72144167
-90074968
81703723
12064962
52593260
-11785165
84714644
-73574872
47692652
-54491340
-26624139
-73636800
28058470
-79524818
72433932
-98515595
44397912
58807657
-80591019
10002699
-79129034
66704606
-65599870
-425366
10961767
-18983336
-59743303
-50640150
35313280
51653276
-28874967
-34927572
32750197
-60133344
82944598
7972494
16381436
-19396578
83357905
-56800371
93592178
-35590362
-8914753
85631664
28739280
30573671
-67957471
-25348797
21610877
53049137
40153547
59667920
31261229
-57724095
39702504
-42211228
-85166246
83329936
16534502
52436293
67354788
6955592
57821615
-33106104
61018906
-80864758
-46328055
-22249564
59520325
55640555
-80959744
-71213952
79790886
-73969836
-73980274
51378223
43762237
-17422825
4262600
-36098151
76556515
-90337354
-39619842
77365903
66871527
36721998
82171438
44278074
85643308
17583372
-74407102
71012738
4295207
-82547154
-67742848
-2847551
96159615
-53417337
9920179
21786875
-37853699
-67500430
-78193861
41311053
-7049055
-68519986
60128444
97187893
1255764
-70696362
26788183
-95707109
7756875
-85111088
74630063
81762303
-28856573
-88037496
59632464
-5401038
-9263919
35464187
-10265600
32600862
-55667939
9152876
66104161
69198479
8527699
2014383
37301645
-15856009
49033782
46232387
-82007059
-81246596
-91393757
-18480824
-67970317
-65156292
-49521513
41744554
-49930619
35530195
-55849772
-73495904
19152740
-889979
4811660
20804424
17251598
80782757
12472474
82659901
25271718
10921603
-44196732
62299693
93761477
88046769
68970933
-59744299
-53894675
-83367810
-84548566
-60975598
42488825
-96788206
75536259
27318063
-91528055
-74707836
-76673429
-10275229
-46389543
69453472
76974427
90705553
81434124
-72341320
-71801918
-17606542
-80639679
81567291
4687517
19914574
-77644213
-39708712
35677476
-93330526
-49482965
18585360
-82781276
-60642655
12312301
49021337
-35670444
75718467
-13500627
36740269
33003734
-17025980
76768160
-1009196
-31720376
-56359283
-15953659
-764450
54750597
-9757164
16856116
-65849602
-64236493
-95923207
-85661751
-27439564
-63060446
-96518082
31300725
17357144
50151281
73915515
-86689863
50337345
-77957691
2373868
5126233
-85736039
25836506
33411319
20240849
71547154
-81178235
4515419
5722522
-34399834
-50972997
-45557316
74523160
31070665
-35312571
14694421
85401691
-13565211
-4766121
14662148
-2176597
23931448
-98638851
27304142
-91632161
82145467
-36531256
14023465
22189225
18412106
57423539
-25877208
99386401
41999580
34605931
-15684395
93553029
84535586
-82449407
-10593682
85504656
34315119
-3408770
-22714800
-19184466
-44712797
-32783043
-69707975
-26750224
-41505053
53975783
-70268711
-46774091
-95720287
67033070
-71767083
36226246
-5515181
80860895
-38276513
53758909
-88122555
-99598218
-4680119
-35995266
-94301975
83313889
37587583
70777291
65049148
-90399231
-15988932
-39982472
-69833185
8566948
-86681347
54604876
85629745
-9487813
427400
69657224
-15984732
54225110
58228628
33188254
-59051478
-93390089
34664674
-42093246
67985135
47540806
93937245
80450412
96342115
99534432
-43932543
90443435
-89561602
35987522
-50442466
82384225
-59251202
4517446
43662621
12418229
66603355
71174082
-93036111
76754385
-51992371
56103252
26293556
24197643
22197456
66337674
81032199
26985422
-99118701
-55310236
-72960534
53084831
52464870
667774
82726426
18651295
-75058908
63087804
42059050
-43472599
-47059331
51305326
-76263555
-82317423
75230734
-22084977
11908002
-22404995
65917847
15662277
-29620287
59621444
-11838631
-87697546
13194154
96088197
-84664090
35109733
-56368747
75209151
-18279988
-25624969
-21039546
95696862
-92692644
66130263
-67395302
-78915848
-2610479
90729334
-61919330
33192120
-74130877
-9627683
-90482319
15740819
-1706123
-59565401
92695498
-20678816
-89243018
-9234725
-43505696
-80308177
70856369
-81267786
57085585
84842030
27911701
-69544722
35926215
14888979
12850703
35577860
-61503800
-11962724
32439491
5438774
33863582
-33410866
66539455
-8129465
-79432683
-30846081
-57027230
13121294
22374344
35153208
-28557847
-55508224
-80298513
-44702145
-3221030
46404715
-70236700
19568893
-24616096
9289932
-57559476
-52401003
-56157438
36620827
-71000267
86651956
52790263
32191260
32652591
8788674
95667244
-17781540
38922383
19680949
-8494110
-40906470
-54622762
56142296
78762209
-93330897
-31777952
-18683993
87043532
-84405243
-77367251
89372785
79615011
-83548589
-23090306
-17187905
47113321
64623848
20760534
-51861171
-1761338
2195752
-67929089
-15991115
27601358
50676162
-22936164
-15042617
51675808
92420956
-98796539
56446551
-20600231
-75234399
71389285
85339813
-68043577
-10633148
-32168032
71258980
82621904
19095517
-79156816
57289870
30293117
-23883895
5112561
14957980
47610527
15265280
-39374173
-58867080
-79992525
21387602
55104371
26880530
-23037665
10038875
27671897
14013864
-87847692
-61720421
5409608
-15088272
272086
40864271
-36557760
-92644311
-74211451
-33990337
-79490461
-91698139
16935329
-45775000
97384239
14757118
76741576
-68373886
49215947
-76674863
86275882
18436097
18826833
90997474
-34479346
26450670
96009280
-92695065
-86462146
34346938
-54469253
-56696491
40033990
-82229787
92085375
47365682
29298378
84969611
-78249712
-23419446
-91079378
-22809087
37062406
-91150269
48129913
1378319
-57148146
-93628617
-43059215
-67239357
-81508584
-86922931
-69642323
11532889
-38826820
-33893639
-74527028
78546173
-32529106
84390224
-4312700
47960907
-22047614
-93714858
94285198
-67997748
-59970241
-15326468
-76284504
-5054437
75490673
-78132750
-17527485
-76600463
-47697896
-11450503
-9373687
50074973
64545748
82021185
11385093
-20272948
-95274965
82438446
74765966
9899089
9429223
-40648806
-46567148
82562258
-84530138
55822413
60877625
-18473751
72845373
71206144
-53024962
-94791414
13497655
3153044
62132694
-78829320
-23289523
76663088
-57833043
-123923
-71123252
-68515077
-73733218
-40482861
-33427884
56910745
27961118
-92100130
-56728100
-6570439
-73537551
33593868
84318044
47601983
82280145
61203083
-49070466
1092539
49562728
86340811
-89319818
62714274
-85107144
-57575581
76060487
20816281
78087018
-61316061
-95115200
15491843
-96590896
-58296671
-32477173
-95687694
42158649
8238015
96305033
-41223071
89556878
-14281889
-93261773
43566862
-19498612
-65483521
-58258199
-88207269
60169224
-76771094
79589118
-18532283
25787861
21076982
-49763076
-31731605
14698129
52066807
-23846540
16286079
-20662087
79855758
-57938517
-41676844
85894849
-97907145
-12180195
44837572
5389569
56487555
91466524
-14539806
16701438
5925158
78745516
-96036862
30755447
-11913679
-22331778
37400306
-18409199
-51985368
-94539271
10233111
36891670
49344652
-68042219
-67449792
-83462776
-61739505
22515206
-21179601
-17099259
81030290
-16903872
-92341932
-71082805
-47029657
58801704
40694159
84453377
-85673492
5263457
41359783
54745323
39156938
-50187673
-59942697
-99370383
-45106548
-30082701
77929949
-68526371
22527821
3349182
11653864
-96081554
-58317605
-78825022
88168571
92661809
31207254
-99307244
-11250788
-63600711
-13588578
-47700669
-83302889
-37079601
36074630
-26236775
-66926445
-61558612
26805986
12882321
45420924
41597370
35896578
-13526224
71484801
65634560
2870935
77116574
35578558
76049815
15894545
-7710615
76236981
-46299603
-34373759
-72828920
98410412
-17595206
-14136918
56994436
79828003
61835088
16102928
28549794
-18986614
99077217
-27217521
-74743924
-33902496
-6954276
-44860739
-38126617
-6654070
-58230643
-6783052
53257137
-292812
23845048
-17715254
-64276506
32799257
85892196
-40489200
22880793
9648802
-74517815
-44156041
-19886216
65984513
12542888
-70097763
-48723614
69807803
-64091370
89015044
-34818335
-26151494
-28205209
84798678
-13670219
304150
-17541804
16480367
-35403117
37502151
-64777216
-57339512
-64317205
-72958551
32999471
32778144
-27125508
-94393397
-67228554
2838786
-65990765
63016568
-58410351
-37134830
5405428
50011371
54142175
-66662099
84937600
-89935585
43843297
55728919
-39920559
-52830644
-60177778
-17829309
2203199
-97686164
29209412
12950697
12929742
85938379