55313269
-80979062
-21588904
-20124319
-79123510
-24461426
-75312778
80271057
-86581919
19334140
-89863477
-38146124
-3546686
13467031
75494822
16901071
50168884
-6351424
48073772
-62580961
28425137
46746720
-58143838
-42880130
72626760
72194756
12797334
-63971170
-1999749
-99721343
-68680300
85747159
-36598583
-11070993
-24640298
-63156865
34335335
97499461
23386165
34404735
32912823
6684121
-67739673
-15270540
92983167
-67737071
-35573453
30423792
-75468219
93893466
96654418
-56806466
-23475633
693115
25388191
95505835
-44000386
40064514
9189933
-8560412
-69335965
13908564
-95485964
78408469
-75129082
14117285
-96526070
94199794
39805617
96089731
16934776
73133184
62884242
-36299263
-13291292
17859624
5140912
89633219
-14905227
41694758
51638186
-43034858
4876035
-20215504
45556516
-27076783
84307469
-1540389
16274106
27407170
-95720650
-99052649
-54074491
84929998
-96493938
-96827311
23118962
67608477
41963823
-97466093
91241950
72467641
-19044508
95674366
-56852606
-36216931
7271198
48915973
56426227
-21663160
52477760
-57036212
36381252
-6638227
-20447430
-50509171
-80618793
-91604984
90198142
-413017
-64919865
-80475833
54194426
33585925
-77619491
26034044
-64447174
-34543820
-33139415
94982882
-85538929
-65102544
-24625624
-74654431
29686474
56769585
10563014
-92469124
98495083
82717354
86033659
36088907
-68595773
64768571
45663055
69508669
-22200606
11840585
40109367
78895877
-26411938
-9899165
-83484483
-81278132
97923192
-13369908
88008815
-5450692
-89247839
86172286
91587510
37652906
-79553912
-41430421
-66688043
6281737
23366647
-89575031
31546292
77123189
-64045522
-19162566
-63155808
83126983
-81866105
-13342872
19624880
-63899192
40003693
-25612730
-23418632
48010326
33294923
-51420771
-12634520
-634138
59847728
-93421782
25580583
-59726213
79034834
-99885848
98532918
-51976768
75878860
-55856841
1987035
-87464868
-36897088
4819512
-68724092
7684830
-35842305
95243198
82601388
-71972646
60340401
76266593
40337673
-50644133
1955696
-39730858
58352511
-5842036
-56154421
-50302703
83330232
82114055
44997433
-57268855
88925829
32244086
17582783
36832231
75877074
54315544
22772675
-6449830
-87081125
35125345
-84121558
77903930
48420252
-2837604
-76819348
-13650754
-11502293
-50981232
-91700716
80812690
33952548
-970118
51471345
-6366772
-2335722
-13743011
-85656837
95457963
-77427319
88053831
62233906
-28818591
-34116482
-63613901
83276609
-72238446
-444915
92116351
19408021
-81271770
27476446
21522464
77445424
21450104
-99003661
-54305342
22020017
-61371117
98640071
79350465
19915381
-59442223
91604342
-50401208
74875156
1202418
17739300
35522792
38241118
38047412
-414527
-93080899
-73569419
74993797
-9643711
99880931
-92761519
198279
4860352
-37078019
-42284990
7187722
-46172221
-28844044
-89154201
34410879
-87633794
-50813768
-87228111
1857910
-17086328
12378929
29580272
92196210
-71517698
-44029348
-68981683
65299399
67023255
11125044
20732443
-90024548
92600721
-24088336
46836111
-60274065
78673113
-33266936
-15025276
7530838
64349910
-57271350
-31456526
-199057
-95514253
-97105084
48327282
62195572
-73826542
81290856
35765223
33737852
-50748325
53130675
95779374
-97356104
-26407667
-50073397
-26267388
-15765534
51106882
95895984
37184473
-23901772
-45679469
-76085170
-36233434
14669710
99774241
-12502147
-57810912
-5088172
-88659876
-45111804
-19068363
9828878
13030364
63014128
75690014
-42511673
28669860
-46426636
-31518071
61793157
-26471156
47690485
-27677121
14388300
-46027323
22106388
57187875
-59027044
-36815040
5665304
-16756481
-14232883
-86671873
-23336798
63200708
44188826
55577771
-6892371
31202889
-98569130
77666341
47662690
-58999606
-4676656
-30602045
-11522945
53398997
5213933
-57882122
93221437
94191447
-45308414
92196048
-18112534
-97186843
-71537748
-18488655
-77941484
-68168007
-9376434
67412796
-52544683
96929904
33114921
40254525
-41034144
-48007369
-77953831
12400003
42140257
-7905400
23099027
5999984
3318059
74607101
8124856
-49002819
92167908
-65104687
-55739595
-81553500
-29108126
85837804
-26578402
-2937870
31361372
64092318
82847249
-62815504
-40992107
-58492941
76072933
-8595685
89675648
4654928
89016591
-55650182
93088665
41977675
4273812
51128626
-89350675
4862679
-58994767
-42421430
-2874711
-56953631
-45827259
-67084073
-65509466
-61419052
-16589095
-49208856
6585064
-44571546
75771489
57774015
-75337385
60950383
58471000
-98657795
72687738
70723558
41099024
11723265
26076094
6236698
12315091
31759326
-51686843
-41571403
148722
83883183
-27114772
-74857117
-68924296
-6905322
5915503
-96319197
-93367260
9654308
74268032
-65315825
-23205681
92915770
14669841
-62276211
29850556
-14471907
30607072
33686209
-78519032
38794280
-95767014
-59801016
82812333
65205873
70063298
-42375101
87862855
65104554
16823511
75225466
-19583321
-11875788
-44106262
-52592759
-49481265
9774149
11874407
-77203962
9416816
44423271
-42811202
69249012
97156336
-35003126
-88557319
21555302
-85826579
-82945437
48748200
-77318183
-17309521
88247550
58472884
-84466169
-21302480
-16469918
81452127
33784373
-94625630
-24326548
-6181591
-9246649
-21686911
44540743
-41496451
-82425747
98709037
-17733523
89687651
86608781
-84517641
81862591
45404473
-81946321
92021209
-22133267
-22264917
96535508
49239084
66434095
27376825
63151046
86647051
-14348467
-42693120
71060977
10321770
-2622027
29387391
-63190828
-66400962
83323283
-49186003
-35655703
-24706312
-60514527
-96979076
88806167
-88453332
71199838
23064037
-81724947
-93043350
-88049024
27842768
94469663
11120298
61188443
-68530875
25773212
-32947007
41608419
17789920
85332697
-18200381
68113112
42077976
51426578
-38616765
-55279462
63493807
77852807
-37120784
-41714562
22722383
-18607329
12013124
81420528
-2712132
13191864
-40397308
43671074
55588090
24355906
-55924249
5733218
73330239
-37113578
5755513
59330250
-17695258
23251926
36600710
65009516
1410783
-96892006
53624211
4359514
61504071
57670320
3175990
-73831599
24662174
59656886
-26159393
-95960413
-50576030
-81365615
-51118989
91452389
99540582
71931484
89345449
20218033
74139289
-1412931
52425636
-2600472
41892893
22720847
35277928
-42648750
68690254
-4316700
24902455
-23247397
56520229
1960316
21288786
71010752
-68595667
-38408953
-99865341
85762663
98376781
59788467
33137505
9611694
92817730
-60941308
71410680
-46030927
45932648
92917865
-3432699
-98494727
5422378
-47580871
47563621
-16594388
28061366
-45409235
68604841
66435297
79305622
-32241046
-65625645
97074165
-24183920
10395929
-64018467
-91512029
78132631
-57024036
37358950
-320681
-2211343
-87968888
-41780767
-41307931
-26392013
38433564
40104367
-44353338
-54725374
57425319
-21904220
-23137486
-56545935
-50053960
46241954
-67053033
68732885
32720078
55406337
-64317361
-31517498
74581191
-32243056
-91603180
-70715386
82490806
-90290537
71901637
-36993704
-62500876
91151226
-63823647
-75419042
-6348814
80566903
6718227
-10479173
91366045
67067914
58541497
57005727
-25583990
46091098
23355122
7077730
-20955290
-64681265
23471123
92272421
45547400
-86002368
-83618029
-187993
-82331390
34153687
38406805
-4544244
6059071
-97472279
-30958820
-3771537
25149452
-62011841
54031712
-91726914
-17470858
17679183
57119193
42828339
-56258603
-12472069
68439081
-10570919
94555890
52113650
-71038947
-36110141
-53558440
94473915
31211563
10377343
63445153
-44417978
-92345378
-34986566
60635709
-72087238
17477003
84980402
-58555442
-61559854
77151158
-80195511
-56433553
-84721554
2530959
31615363
23984272
-65061106
72589447
14389967
-84210581
95788536
-33652717
-181922
18462015
-94928234
-20358755
-84939852
87653470
-21185234
91571408
3435469
-40262643
-36088887
53649189
-20920771
14013202
76433337
26254933
38075406
-96749508
-23205749
-20219697
99734830
-43584152
-78087071
34226606
-76673591
93936587
-61764721
-27670621
-32305678
9200405
-80542153
43926370
-33673589
2126873
72336663
-19099018
-31850578
25723475
57286261
31128571
-96572625
73684580
-6679011
-65417735
-55299002
81129000
-65027658
16337432
54172427
18860966
-47089718
-71304378
80190896
-73951536
64636759
93716151
64345377
70120224
-70084516
93965664
89537971
-30203255
76489599
-47387777
-92303719
26117832
48525320
-28524736
81502673
-41343580
-86370059
59738201
-57812358
5567419
-42691278
-49913340
68315521
-21329551
82112009
88104692
-91350604
-17862640
-74740762
-45965523
11096035
-8789917
89424844
15552818
65365041
-21330151
72700425
-78118395
14856105
42211706
46475243
-67319077
-24225375
-66560486
2231577
71831550
36205722
-43905876
65693882
23193067
84117520
96525247
27254529
98639365
3031144
-69838279
-44737715
-55493825
-91472173
-11889377
76723695
-98559984
-43852947
-35931159
-11173692
-54195203
59469722
-29403223
-57515741
-2254450
-65730936
73005265
-96151217
-4152063
-3465067
16125950
22917135
47773204
-36069592
87321402
-28278322
-38350586
34279663
-99439084
-30202181
21668225
92254860
9711385
19563696
69168135
-10309987
15761545
-65333134
92989733
36862767
-74487146
-81126216
34618579
27044011
-91213310
35370445
-88095491
-23334226
-85338515
-93058260
-56401340
-68069263
97139293
32741233
1910290
77388704
38196684
83189698
-54106768
-17163572
-83449789
-56020869
-99239883
54302001
-87216805
63049967
63671164
79274059
-45858094
6814732
-67727668
-80274507
14524288
42237312
69621087
9216487
74108619
95047037
-96093875
-35815850
85705466
44152641
36874770
46569749
39519175
89571883
24537610
71279214
-78949145
-66256827
26398722
-3751129
-48654707
62923436
-59523396
-23249748
63604728
-8082978
73224432
-75927964
-51870779
-30263745
86331014
85178972
-81849025
19055259
88508006
65463960
54792493
-98343303
-18571104
-32582204
24837828
16424761
-17048636
-37413220
-60931654
-35422318
33379905
-89311136
-85046905
65895430
-76054076
70875983
57610130
27397046
-88038100
-36642154
46143200
54078939
-49528851
69778949
-1729416
31712799
-89916372
-89413891
-92880563
38503081
-86891500
232418
61694629
34842373
-29416416
18580703
-33086968
53395919
14809041
-27244180
-28400897
43089088
53698564
-65259899
-92982508
83113197
76748052
83494480
-26666823
57383406
-76166462
38631759
51092574
-86031882
23912165
23660796
69637500
-13912718
37770873
-97383485
-88090186
16473052
86355831
-64233214
30795622
-23053353
-64400560
-49876268
74762910
-71813440
27152747
-10829873
-17677046
73327675
-29739696
-81096042
-78034445
-75416204
73286252
44261847
-47574090
86565855
62290460
92318176
-2231500
-53991247
-13288846
-68181302
-12821385
37232094
65790911
-24534899
89280343
-61999102
-35264406
-14096041
83661684
-50590866
-42154012
49186312
-22666682
-18749528
-57094674
49184057
-24155649
-28399295
54821597
81982723
67187621
35294439
-39441774
-9450516
40518049
86177426
-78429119
74177837
9416226
-45202486
56618341
56640311
-92274668
68323570
65360848
12879256
72600561
35249839
-2065898
-25124166
96859285
74223191
-82647513
65530390
3535419
42447198
-5064860
73752809
-87807913
-42078681
-66492376
78344226
-71436545
68035199
89576467
54298884
9597391
-11871694
218880
-43854606
-37869519
-19760828
-59962507
49285428
59451564
-98129396
-56035632
16854240
-95997726
-41756329
-67960254
94999434
64751698
-45104593
3549428
-61496172
-98049937
-79118050
38479227
95138038
-10765905
-28062938
-16176078
-74293745
6911990
-46855553
6480076
85922452
43519921
-35726171
58344724
72131671
-56849748
17667141
10061984
-69976358
29226834
93387982
50148863
-29483451
-54012440
-49873059
73394823
-93341433
-15170580
-59051628
-60889695
85442082
62909849
24879099
92045634
-58822622
61322630
-90647583
94485782
-10346330
-72290187
-39890179
30210880
74369659
-85548270
-46787897
-56976364
-44107668
-2644962
27285273
-28972860
4764339
95346817
29791466
22719842
-45423356
-36233849
66417696
-90788344
75814223
75632016
70153453
88344149
34971955
95396915
-5841485
-31604969
-5599611
13386776
90437588
-10667243
62239482
-36404758
94692100
80357628
9792974
84062118
-9056780
-41362591
58026957
-27311493
30434287
-41765582
-85783747
-63731684
-56796219
23428041
-88158891
-31381452
59405477
19776905
-23665783
49199794
57025441
25833059
57874919
-41920361
25147717
-75832399
21906521
-6673016
-68551848
63914453
-161420
-76015067
32828093
-31636087
-83760516
73553814
-51146081
-53094944
-34898475
-74276556
53624462
55847379
-432013
-19404696
80137322
61571309
71227487
-85843955
82484436
30226507
-82903723
92299551
87253200
-67016888
-40667019
12789873
-72907448
37454791
73648015
-91090858
-27015614
18400837
-9842339
-95349630
35918688
-38496659
61511805
-34211104
15953035
-80137230
41152951
-55171219
17017101
91835759
-52960241
-29638327
70438318
-56823115
42929050
-251236
30584052
60264821
-58873886
26856114
64689216
-97479645
-37402506
98168011
26910633
-29157663
92608924
95019534
-47080159
-95820085
-57049136
-61158281
45167339
28458051
-68652584
-23662
60279379
98799834
66660515
-61738289
-90287875
32971465
-70008410
66780287
-40742609
5825816
85064170
-48925572
-35854113
40190237
-39994709
-94453028
47891861
31447036
-88671525
-80675630
-74242233
-46457372
96256209
-56312001
37297453
-48619743
-36001748
-30466567
24470195
-26644349
3849458
-3480393
-66920255
47383553
-64342341
-56237941
-90177670
-48592858
33265565
25241313
-63367556
7512998
7839299
-80487925
28885940
75890423
29025322
-56547570
33782
-33937140
63328661
-79246844
-9746391
-18453236
49622258
13526999
-741069
-10109431
57570700
-55137900
-24703839
-2422027
81271751
-89746086
-46275085
71557227
19315735
-44838079
87675219
9756103
-6242778
-31746323
-17923067
-11027383
34606139
72067063
-83709288
-49960018
47770957
-62530886
74510470
85650338
12713516
-17035615
-12057794
56606494
83118382
-11221368
-38295872
16993664
73869626
81860308
-91271522
11464325
-26344247
-90311896
34704629
-91475306
19219690
5640665
21682426
75584467
89352608
11637029
71894548
97049504
39718632
72081065
83938237
79477377
-8523819
99791176
28724839
71053463
65746644
16887159
79423848
-63957660
81212301
-31051184
45246938
24251100
-60506199
57576059
31449427
-82972714
74409458
6285269
-59843547
27242199
-68087007
-7720333
-71829919
-84203957
769627
60161762
-69187789
3410361
-95019963
21441566
51078050
47633868
-52641874
-23017616
73211738
36858341
-66131487
-48249681
-76229698
7055799
-31948288
61189387
-58765601
-2242977
-82300435
78842722
-72599712
-71153708
-46408360
-75927774
42469003
-67374497
-67342922
39691495
-10499779
-43365791
-42710877
23015840
-59948118
17946593
-59531483
-28669068
-66088663
66734748
30798094
11929375
-71993003
-71524375
19258864
-59113712
-68693165
-84995359
65806672
89816352
-53681718
-72066899
74857722
13726677
22037936
-46345503
-40466249
720482
99249010
52391417
-77786739
-97562568
15723263
-15263748
-59525964
71400224
-58460605
-4009137
36036704
50408511
93293938
-4951096
-35003604
-33947390
9033783
12626217
-30115187
26349020
91292322
5989657
94104661
9804435
90953847
71945140
89294131
-72458527
-44717744
-94130335
54917293
86761215
-76263848
87758692
96677956
-4507542
-19117921
-80784657
54484198
-13075696
-1327403
64223273
65685036
-95130795
-32048942
-45648330
62475056
94182692
34726673
-57777493
70548521
-85652755
27217449
-62961265
-95030242
35619337
-41368260
-62471890
-69392750
-96202571
26603177
-18236971
-35283720
48658800
-85238324
-27945871
27078039
-42687067
-75737722
-19478973
85330418
76320255
25993155
-24877430
-10826901
-91262661
-617146
-86322455
10221720
18565266
-29668506
-31072387
62702065
-46563225
-24488754
61467373
50091440
80667464
-26249752
-63476527
-74337355
90772839
96744512
-85467505
-67934194
84926644
91327073
62993947
19747604
60476427
-2037995
4306823
35020605
-76233422
-42468692
32025817
23508437
-9691691
-1700305
83844614
-48457842
17774438
-67807347
-33743228
-92916201
-53642248
-18553851
58306349
57078303
-43297338
-632849
94258248
-88535454
90646730
-85278298
-50980397
93240584
-52129410
11479180
52652183
-68769150
-85238820
-66346347
-76482973
-36310120
-22428605
7804842
47724530
84782469
-2584408
-85362808
75534277
-40705210
-51832843
-44230369
97677088
57054445
58102560
-89128225
28296961
-37155776
-65485540
31786203
-42482758
6091305
-36715509
84880277
41919130
-71018032
86249770
-58452592
83569130
-99183413
-1831819
82758381
-28171634
-23540932
-9050540
-21149149
-61114854
73194917
-62020760
-2402614
-95074789
-13174778
64556983
23802343
-89333890
-82615054
59799848
-92141349
-10076566
-42128356
81240445
75464699
87549529
81843169
-39446721
90240352
9852625
82932779
-71135809
90466364
-41392203
97182219
61818912
99429935
-78266990
70404517
79295760
-54147613
26448149
21658559
-41242190
-28970927
30271876
-12146870
66095771
2058682
71850621
-87099542
85523135
-30267351
-41372268
-77504027
-41373607
-3469000
-20136009
-53521491
-90384316
-53860381
51434908
67831284
-34372756
24071967
46484496
31963751
-69289793
91862028
-34338666
-13201007
-6143441
-16548222
-38993028
66662971
-13684463
50616927
75168901
41008427
40946507
76261243
-40358519
-66929205
-32977977
67877920
-87569614
-49827611
-65375740
5241293
13413082
22121698
-67610289
-68347298
40672151
-97008033
-50343293
-63751215
1360850
10885766
32428027
61887005
-53114794
-51115118
-81496964
47836071
49328296
-20412678
64606603
-98677008
46545263
92467716
-90167697
3255793
-63941013
-5295891
68450253
42575902
53271479
-77207109
43941410
-54666152
17395650
86822017
-28128775
-34243422
95584406
71502382
-84418309
-8633572
47997407
-5532577
33792032
-59103882
36945022
-56649933
-43160000
66028229
58965606
-35362921
-37808470
37265330
-12763336
-48610749
79412517
51786108
-26872024
16739120
-9250266
32928002
-15224118
17854444
12393067
-43748688
-25846804
75173840
26766503
-32571888
-37537333
22259493
65860915
32566819
-72063871
-18639990
19815659
-52901889
7719008
-46086853
-7902087
-61644570
47583591
-41751178
61236521
-68679226
-81233738
41940499
87989587
-94973799
-21760660
70995111
-54518715
26644837
38580227
-10879689
-4075717
-95395634
-73647329
13091837
-89880866
66585635
-28776382
-59196654
-67136214
-95864209
24404772
33830189
42571075
-21277641
-15887305
-94345908
-71709866
-36607448
-95950367
60427931
-19152016
-39320498
53792868
-37848433
18776139
-14575182
-81504342
99218745
51175839
49405427
27610342
-85892325
-40458518
40271272
-62698067
87858111
7770092
57402340
-75106431
-55329482
-46310403
58852103
-83414603
60424974
-13917199
-17101986
-5063649
23812675
-15396699
-11615648
87306869
-12379766
82102188
-27267783
45182868
-46399676
-46733312
-6513566
-63639963
-30779328
-5279850
-90400200
-25692097
-79106120
99940185
-99659067
-57095404
-4952506
-66159671
-57262976
68117299
-49356731
23797927
13702267
87611710
-84933143
72550777
4848921
-39566295
-78285548
17894983
96170285
53837852
-22763173
-82971655
-91881275
26036982
17735708
44503289
-47174622
88409828
61049248
-70368096
81586734
67685254
-96408271
61402314
-46849709
-13932434
5299376
24361395
45070977
-20081398
-90014472
40367608
-44041314
16315925
-5796952
36222239
-54625696
23170084
99672630
41059925
69021212
6495596
1160063
31271434
74122928
-36258129
58724102
-26249430
-8346423
23154146
-23275350
-65963726
25278493
-50101224
-69699588
85427941
-13718571
-42301597
95063634
-89207425
-98608913
53738000
-20480484
84300483
67502365
33680310
39269688
-33203859
-19808964
18502620
49793224
-44916649
-19050908
59875340
61271982
-80886201
-53278991
68599227
-50143119
-29689234
70203272
63125987
55714838
17979737
63083112
-40931347
-3584930
-52685666
-98546997
57728135
-32898846
-58555079
-14863774
2656268
-37184179
-35345312
-86138095
-82868472
-6691563
-18033548
-53666226
89244558
-97425832
-35119728
-36366783
25959393
-78244572
13865168
-58370757
-70846070
-16620946
81350436
47554949
-60725168
86130878
-13339023
-78537538
32299392
54033291
-23215255
66979410
96688025
10565037
-34555014
2087816
-3056028
94714891
-54793986
98771077
-3664880
-81255525
79528022
15605343
-49817860
89643852
-88373891
58526562
-16772549
-83235233
-60145127
-78876493
-43630665
81566874
-24023185
46410255
80596392
-88721719
64777780
13643737
68434757
7591470
57522886
42595025
-7537318
94010001
-37651911
35176892
-48369777
-25385025
-81468596
31986247
-72613716
63328675
2265864
-86429447
-3734187
23979264
89460303
-81786002
92955266
-27208903
34335712
-57189249
-271464
-56830036
24975075
52222632
-30695350
38337961
-86864291
78730678
-47737603
80380386
-22340730
66297752
-27635835
-80648153
83436700
61573893
9198828
19722244
31144800
-56415757
90311686
-72428712
-98152946
39589807
30843092
74388981
56214665
-28248105
25980910
83882851
-86230170
79064247
-46394651
21212224
63973883
-78653588
80478143
-55327541
-60522502
2139617
31173196
-17693657
-14482094
-53267832
31140572
-20029754
-19675193
-63040166
39112655
-22542554
-10319041
80943339
-22962054
-2722537
-33237831
3642148
-20712974
39556544
-83292329
-90843153
30621453
15175273
-99239873
37151543
-33842864
85659200
43335941
-6412600
-65223962
-14365254
-27105198
21547117
95372738
-23163406
-2792805
-44579508
83439361
49806750
-57692469
97911935
-72103413
-70203954
-6564254
63981382
75075129
81238131
24543330
-51903820
-6018034
42410560
-68124106
44241437
-18981403
-33491382
73537888
43543807
-22393880
56957714
64185871
80866818
56303545
57920659
92618340
99100276
-71611307
35717085
-90611964
43407488
97174975
-18670532
-48293682
-93276893
-3208657
-3180090
39870344
92145405
-80938773
88849742
99529541
11818139
-32381117
-3067186
-88782360
84428314
19947212
91021119
-5408224
68160152
-74000167
74907819
55232645
-59321474
94072869
-26813087
-6974122
19719050
-45501329
20030785
-53927600
-69265518
67051492
-86505501
87197082
50192043
-55902812
-47761983
15546704
35477738
97318554
99088510
16338839
93284680
-40471889
65449224
-61390257
-58721770
-59760961
85427416
44025170
8876059
-25677010
-64296454
16968442
-17662992
21387780
-38296756
28697068
8567003
-3166494
-54386762
76964274
10557195
64095034
65114147
-1885157
-40629065
-69021290
33958944
31358464
-99234354
-1849405
-46088118
70607464
32596646
-89122203
29875389
97466815
52993667
-61464605
-11174203
46558757
26357335
-47931660
25475420
-60469500
-23379858
42950403
-39199640
-61280665
4821849
89886209
92011014
26682094
-42806763
80740299
-30389536
95217798
28943670
75321742
95016748
57875022
-50818437
13039334
82763665
48160227
8269088
12330412
63881060
-29362273
82644150
68609394
25009346
4106440
76642622
5667849
-89170176
92616949
-3530868
10365198
32862203
-6223944
-43786702
-42545062
-61730863
-8712095
-33021825
-25631067
96897128
-62782089
-52171237
22238118
-80241504
61388747
-22330434
31444961
-57703316
-61310667
-72759434
6381687
-44047357
-11241027
-76359868
51970533
-63555394
-84626432
-36006846
-13947036
-53617040
-39463037
-5900879
47170390
70282805
25602441
-223287
-2288300
-79296977
-67078715
85490916
-5530015
70567339
-20677504
-58715095
-27740749
-66073665
18172760
37277975
-10091163
66848157
54789673
95296529
85837144
-39818208
-47482089
-18648328
-85452386
-17313725
67125349
-491009
-47803010
-35168724
78965223
40847596
-42632483
-82852976
-62909215
-85180044
-54504344
-38479973
71362308
14435808
-60398055
69952240
44268731
-99405704
-60426819
-76178751
49692751
66992976
14092685
3360250
-56005484
63550153
3666159
-85640270
-61413824
23651554
-71713941
75378044
10561215
99919582
35795261
80146439
-78447187
-89228794
-58071393
28966271
67007272
88939313
-80878512
96344074
-61680779
23660566
-23504775
66820933
-13674113
-60991449
1517896
-68616231
21757917
-55004448
55752432
-21912841
-56196039
-46388884
-14067445
-26339924
51006110
-69084624
73520690
62691183
-9572616
-80138653
-84264509
96034867
22318261
60764123
-68138121
27901001
-76123875
-38438925
83489345
-45740086
-88298901
73443984
-69935560
-57009801
52060026
45234881
3973565
89131069
-82094040
-6541673
-84027326
-12945499
95454534
-40592846
72109712
-90785186
-84726605
89321600
31221297
50062651
-81193195
-11912160
85046392
76050712
-85831235
-76632860
55889420
-69716663
74457213
18080076
99527196
75105113
-10418149
34065405
5094886
-71949299
-98623583
44710483
-11880564
-98871105
-29732629
38493837
60558360
28102319
41317821
43626360
-80199795
416676
87751003
83686191
-68398853
-82318307
4383895
-60752757
96433553
-92207814
53382294
-20329256
-47602461
95688305
52093598
-25164247
-25105122
72065205
11848784
24768439
87532777
-454988
19695637
55887016
-76131853
-59912366
-83439631
-59993968
-68020005
-37186552
-88006232
58103379
-39010130
48014114
84616683
-98728769
40585801
-62472300
78666243
-15345486
58652248
-65734634
-22683015
57787401
-48364408
77395246
27837890
-37171773
42442863
-52211951
39873034
-58354770
-86661185
69051365
-85474312
-91111621
23282089
16515086
-45770099
-49878935
99022354
98297516
-55730239
94456556
63759778
-74175777
14049490
-28987812
73673179
-49649648
-32699758
-55732967
-72599603
-6186402
-26961170
16330358
90627905
16667392
-22214568
-35500998
96736944
68826384
-65025799
58722785
91836441
22728818
-26561660
67597021
70800197
-76807201
-106484
-44403194
-58742994
53334242
-10420131
15179133
-242888
21489451
-49583539
-44962386
-74981652
-17500850
72956364
-94568276
61887199
35088113
40865358
-44782990
-86703232
61517612
-53414445
-19630838
28453847
72318564
15824522
-81270996
-62375345
-67796436
60377262
90174020
-89821936
68235395
-43972829
-21480398
-86218112
44861712
-81349767
-21833542
-66124837
69821606
34125780
90155913
24687168
23081346
-8264908
-75110710
-95702584
-28274922
90159046
-4832895
91222364
-76973433
84717452
69332796
-62195179
-44935878
-1067232
87894217
17530240
-5230417
89685440
40622055
90719081
49770074
49988056
-63024282
60864095
-85805006
-50308638
2511232
90045693
-38974629
-787382
70811478
-588532
82702656
-70247756
10784038
-41512621
-44246589
-70839209
30487929
3812106
45436195
49166685
66529896
67752354
37214139
-47999114
6146539
-6575925
89545524
73475494
65156765
97436211
-41020084
90338540
-65043686
-20810259
-34673048
-65209248
-6523343
11596412
88533394
89130004
-45339331
-44541082
-92640164
13364613
-37510693
-9835129
43769860
-15043420
580562
-35775317
94526090
39152658
79796661
-55632684
48499891
74860982
32314409
68952711
-81748195
-1018136
-31432566
88058297
-14326809
-80034381
-31169478
2169493
-27396395
-9788645
39499629
-4907461
78267574
-57764915
49805815
70853452
-6030822
-51758298
-93903506
12184824
-15542028
19669594
4212077
-64598959
-63224252
94449347
65216113
83714420
-22129680
-45700564
66551783
16049912
-73642062
22520385
8816502
-58800300
7283320
-31408939
21911657
-96594778
-60309393
-23240997
-82169218
-4394719
-67412232
-988467
5775625
78647158
-32071237
-30046781
77582728
18911765
21210431
43436338
-55803277
-59537201
64056898
85298969
56204501
-49940891
-89675928
-71737930
42214485
-95036262
-92980358
-64908159
8860661
-99658924
35661291
79344926
47943881
27905646
58588157
72471119
40756380
1844214
-17886276
-60704983
53054713
-21781214
91063727
-63065761
-58492313
60992363
19679700
17048350
-49154843
92123662
-12670315
28342791
-5252940
49763249
-40781613
88513925
81677930
18826303
80859213
-24711929
68385776
73015186
14355419
26385320
-31110985
-41689871
-5720570
11538816
47705851
-72837439
-29646431
-59567433
965198
-64350433
86348439
-69517284
92307235
1026322
79335620
-95579856
21113711
91957848
58270954
50207896
-95197751
-72199175
-33637365
-87060913
76825179
56397359
-41629198
-34787666
55570646
22365298
-60559907
95976786
46345754
-62050300
-31927846
99332071
-80645616
-23555605
-44956065
2841937
-58961634
-44203304
14178226
-40083332
-54145426
94664453
67302758
46029262
-37438285
17785386
38714092
-14974897
58472304
44022158
64394819
72437585
45089593
-1361265
-36871158
53379978
55432223
-27488591
-94177002
-71106705
72063304
75429974
-77867520
65394287
-90473849
-88381132
8834026
-58437806
-9297638
-57843364
87142721
-18430993
96037837
-94642179
-21220405
66271639
-71832671
69242684
34022877
-6415257
44943682
-89422572
-76887648
42277317
-29948568
9420127
32673026
-20991047
51892929
45908138
39717312
-2853898
-51221904
37476736
-46185251
-18253268
37733169
-41830515
31783165
-29189891
80496092
-27763946
4340011
-51531221
-19032751
-94434521
57042292
78442190
-39194898
49641796
78520919
-12530522
-51372218
25419661
-11514109
-16414581
-30542334
-56450128
64050120
91569857
89725922
69531404
40313758
-85554816
36616136
-60164547
-86005290
-12167310
96477696
-42043068
-28805949
-88986465
42999140
-29327635
-59490471
46180294
-40444002
1479864
-9023736
2818698
-65954055
99427690
-49837652
11110
26979794
-2201621
14854676
-17588220
83807458
68501524
-76419672
92895907
-21318776
-30036969
-86596195
96373306
-39242817
-64982945
-56852171
11847785
48726324
35696239
-89175660
-94965000
60116972
85243819
40484046
56984489
63838214
24215856
62702891
-28510884
-68950723
-22818463
44357533
-9160145
36744352
41212852
78206869
-85278556
91598222
19393154
72528231
-94278741
-73270202
-75260981
-51829882
-96303436
34212159
68158605
75848494
-39552260
-17459862
94813221
-66117097
-90947405
-9908957
15464863
-32718207
2210751
-5748193
-48180011
-98762569
77012938
-12629788
-79866392
56179414
44938393
1377490
32448117
90778905
97135646
21276991
9494373
-73088984
78871571
28970225
95852694
90451517
-10333569
76648500
-21543714
72601810
-55845009
-7044679
-46255133
23228175
-11572826
83026447
40365138
-87833447
34521802
-31633027
-37616081
66337144
-93731769
34382564
-68202205
-22155777
-1202299
-27430189
89680618
35359204
35275108
-82423398
-73264069
98757503
-36393873
-62965310
-27488969
68336186
31244459
-34071737
19860698
59087370
27024207
-78008502
28034693
-72133502
85527802
-68980172
-81993528
-10233269
-68192939
78194677
76151926
-85375898
-780547
43576695
3397448
-16769274
78406259
61555831
-15054499
-2242034
-73000818
-1968990
55002699
-65967692
85466001
-7060542
-40561774
62688927
86491272
95706763
-1604002
-44042924
-76864993
56409907
42211367
60265472
-24180868
32361498
91403828
-29321996
-34553964
84558242
65537682
45597348
68597486
41067378
6888813
32151812
-1016502
-36374765
-29318110
50211312
-73260965
-83706424
-2312000
5466301
2616929
-63104670
-91853586
-4591122
94940739
60122583
-8526313
4162225
-15692648
47611568
92420091
94517873
67084378
84186161
-45418320
-59520705
-69842778
76940885
95275000
63493704
64279894
-43781278
12774420
-99958189
60991760
-83803755
72377343
-88963716
-3168900
88332206
35956089
-26042153
60833933
-29092168
-18625037
-84853558
-7375020
71770324
10174424
50267777
-48124652
28976827
38554684
-66025358
-23283020
-90698784
23536107
-14851843
55991177
-20849833
-10787631
-6804610
91096850
-92433658
39300149
-22434092
41989926
-16013320
-20826130
-43048150
11782972
22390132
19133895
58368766
-76312190
-37786521
-21975669
-55798956
-59363707
59644804
-55480644
-52047010
-60817265
29584136
65463133
-68959794
-91507458
55575516
92755761
-78976250
50981472
-6943660
-85478156
99771335
-97505956
60733694
14036411
69464880
-84875199
-43301636
88259845
99616930
35760223
-8241197
74860949
21125053
25263772
97189444
-18400554
23002249
62819389
14967858
11198194
38187456
32142022
49070
-72508572
-47553278
-12151831
-55817421
-65580974
-67690574
94555295
1989363
71037565
34388568
56648012
76508103
66722821
16845171
39045723
9462841
81377695
88098474
18227228
9116927
17292684
30640387
-48733682
-15515850
29227124
57135981
38975556
-57860810
70610737
6389041
70569500
49259454
-97941216
89635322
-12202399
94009888
-33260965
97685753
-37619452
-14649050
16136354
3979422
95121301
-85897216
-89724123
42770325
-39964663
57083666
-2461558
80544456
-13999151
-56853316
62043985
-30779909
71930748
-39715401
-36447816
-35091489
-3030525
83956150
44419105
60568047
16785641
-1470539
6509441
88792960
62268213
-77182760
66276126
-64369810
2440153
93488121
-83722538
-5352923
-83307121
6206087
63355535
-36765756
92441833
-27306021
15831207
-41766779
-19710344
12787860
18202159
-25535721
-50770195
-12305335
-70160984
-39685939
83847460
-40953399
75409739
20540292
90036284
-43473252
98466248
-36126253
74074854
61492534
30509978
48882708
-59975304
69563111
26654732
-5319602
-58210681
-2951292
-93020592
34832995
70653185
-17795933
-4220092
33645146
36076498
-89392498
-49311145
42841002
-91212696
86063292
-33853323
-61060584
-28774578
-58158880
-18151186
98912063
-97345788
-20175798
33574085
-90530960
71034563
-78713041
61379814
-18257113
-28621063
83198278
66772012
-90276224
58421831
-30425476
-43845399
-6374642
24983057
74333734
98277452
83965896
-19002845
30232180
-7898491
-32880360
2553363
82971772
42619377
97648403
94639492
23729366
83070316
36918124
84936981
47324828
-79807693
-37112620
-58644283
-83294998
-82257825
-4352485
-79741395
78928784
90020262
-1476079
92708591
-82067571
551635
14297900
-20418690
33907407
28002752
13405653
-86212701
91599630
-5658357
-57933543
62177443
77091650
16842550
82357487
48763942
95649235
69652575
-75400844
-61032095
58095414
-31269638
-71942668
-93891493
31683303
-1324346
93452033
-47588763
96459447
-67418887
-52239468
-80334475
-75380728
41270407
-87643976
-36102796
-67486595
-65523928
77362655
32416200
15801939
-51761200
54370216
19672307
-11576750
-58465266
-49679994
17273429
13200760
-55663496
24491492
-4037599
95902771
-53093698
-58481943
-42783940
-61634784
3807760
-91523082
-3009173
12058528
78277478
-33028205
-47551045
6438378
24886346
-52411873
13158557
-56287033
42989381
30577968
-38466388
49008868
-80452838
41567603
-71538403
83331034
1377062
65068322
71884449
77718697
97361671
-62958266
14591023
71218739
5359972
-50335363
47408692
33855168
29013381
52805706
91445596
-37403214
31919221
35179602
57870394
-93939030
91292420
90971607
70849535
-84302613
68013336
47025161
-83304094
31930691
-5300935
-32543310
-99505240
-78152764
-38314553
6628816
-92301710
97825172
-17460047
-82336388
1851578
80798740
-66478429
3831102
15793452
-49944664
70984657
21403066
-49476991
56867538
82947286
77895746
32089399
22037023
-34023195
36962160
78457602
-23322013
-99770789
-73082543
-96727136
52834669
43867541
68154166
50622812
-12092198
11092885
-34710054
-38014769
5695075
38909061
-36506321
86781417
21938248
-66096396
82907080
-73598346
58529929
-43953745
15117811
86023038
-86657823
-13447830
-52386021
-86659504
77715567
-1759252
-44261785
-9040387
-43517345
-13677487
79257963
46808806
-3555456
52960954
20443600
-67487592
22942252
-48614251
-43519632
-81124970
33113418
31665785
-57755338
61216632
36877166
-3954967
-57249555
22314231
76837470
49169079
38059540
-28665730
17919515
58997525
4654798
23302224
-3281727
-8434508
45241688
-37389314
-172725
76630846
52193990
54243625
29670810
17274141
53139958
-27049931
55241243
-9856302
96376903
-64494978
29696618
52266155
47671977
-40510404
-90650335
23008552
-11960615
-59397671
-48872263
88004118
-96866704
81255740
67560920
-46348753
59515003
-52780944
38716986
-98186901
30075353
-26161354
72996308
-36334678
-52982158
-10196670
47337945
-74347725
41203505
-54160907
-36986799
-11085798
-75665425
45903941
47466885
-2729532
-36895775
-32101893
66959644
38872823
24393346
-98620616
45664031
60614305
-58061970
98111508
-82909933
77263850
98081447
-58461573
-34564837
-43172374
32164410
11565348
-86016399
63506465
76264212
20338218
-72770618
11982282
82080033
-50020023
-46189170
-5842029
-90228184
67881964
-61082205
14757437
-25777215
14557777
-78391755
-48133006
4831856
-1940316
-68550174
-86409582
94728713
35406267
-91565195
67073143
47527426
99100702
53613348
-95712475
-77896539
40159796
-85995282
81660363
-4263710
18351917
86906302
42159084
-62630379
-76504816
-5689502
65143756
55490924
-39520535
-52039402
36625754
-36313843
-95639959
-96344077
43429358
-18401723
-49193607
-39209882
-58443539
70809397
98129143
13828145
12689358
36392439
95038294
-50440094
45622703
-15109539
-48823698
2236126
-57957578
2645380
27271621
-80372826
70392898
8578042
-76854184
-18390320
-26865702
-33141483
-79787190
-60668478
-5987453
95950198
-81234691
-57740500
-35864356
43988185
67194851
93742184
75542579
8067161
-38167856
-50927071
-51834937
-48974715
52121801
7587713
-64509832
-58683008
1114305
-81326060
38483060
-18499147
79116007
15350739
45378003
17350356
64206241
42108577
88158178
-43357178
-89390742
30293356
92688103
4702312
-27137839
-79693095
-69515757
23466217
-29190694
84567098
-62653991
-95181444
-66659591
-51116485
-6754991
-34505128
-9168295
-54152677
-86839723
-61022104
98880376
-13497755
8048376
57537732
89211422
72623521
-80955255
55155347
-75703221
-56842281
-32823658
-60790575
23928602
-93255256
45554650
48475848
-86052196
96629314
32245636
-26380233
-28736649
-7020395
-50436987
15834589
-78262530
90625741
-46288506
-77435385
-16552951
30369037
-52100223
-16187913
-50952432
-54391803
-14609485
-72291199
223382
68934114
33349923
-24991481
68679840
-20401745
-72849698
-72460263
-70406874
-18371333
-26014622
11862184
35387384
45929646
-9476444
24152513
11295782
29352636
3945197
-30056545
-89273800
-34145079
20959491
-18006016
86572016
88982349
91285434
-75295192
-65336892
95450114
-75089052
60756569
7220927
14829364
69759030
-6724721
48058080
42868815
80353649
-63101654
82688615
30010074
27065317
66528917
11222906
-56229963
-41942214
83415325
-68783459
53780581
8679134
6376309
79005962
95023826
-2186070
77729315
274085
81641882
-93931160
-30657767
-85242481
-28624771
34680662
51070426
35839995
21490920
21794903
-16148446
12055846
-27354249
-58240132
-8773665
14264300
-75656075
-85384008
4297773
-56656142
-89559264
-87639005
87145750
62526120
-6913580
95716146
-88367337
-16074804
77441580
81058074
-3618859
-16885514
-65413750
57529308
97319112
-84528870
-22156015
74954565
58430078
26365112
-86549001
75955937
-6529817
27003999
33671761
-45328434
96549781
36645453
-47906297
-55018913
-81212838
-79913801
-16958234
-11080902
59664588
-89808744
-21649330
-32289687
88890692
97435926
-36497486
37995701
11314060
-47021414
-59146203
-20568004
5198089
83021151
64476956
-58987656
-13039056
11803428
-37259147
-96731191
-25229101
53935427
21228072
-97803639
-35990966
-48275075
-67190562
-52718694
75352087
1508910
-44879938
67892815
-29613785
-83198311
-1342175
-70679474
7052413
-28032981
81120799
57561731
50651141
-42090765
80018843
84833165
-92345329
-9567949
-82572654
-88154329
-58232233
-5575150
11911831
-666943
-276077
73215118
-88802200
116153
95212441
97655436
-28990891
43251472
72274656
71750752
62189427
-6490002
-55260327
-62225845
18821495
87848385
-24111099
-75727108
-68331013
-76361350
50384819
-65738417
70165125
-20633120
90413405
-68877894
-88054777
35800284
-11938018
39094081
71359232
-89581179
-14187451
9701019
-14052320
9195617
7989049
-66895945
-35261141
44746301
66163244
-68888509
79283712
-30642096
-63620128
-35596482
-70485450
1246129
42786341
77878789
-32281414
1030617
-54330162
-92668310
83849488
-59163355
81973781
-91912209
28364104
96717524
18902561
45674240
-14890130
94417532
19127656
-15646383
-12977770
-9010022
-12970870
-61391887
59808077
-23235641
96983728
-13738188
99890170
-71670878
-42388336
-59599186
11132178
-36432198
32587010
96790659
-80411858
4772651
-83158331
88875904
74243676
36638292
39286408
-41085033
99857040
-36574319
-82558546
10844817
-12797109
5590287
86803765
-29321722
72686642
-67363834
37061280
-91027067
18288359
-70632767
37636386
-26374197
68248087
-67750442
-81076998
65447954
89640269
30762450
-91504967
50346141
82587244
73368772
-94405312
-13768749
87324862
78747918
35216185
-23430173
-45291991
78083767
60904132
64601464
34899220
-44734950
36980358
6233542
42662047
60586641
-23056360
-47972090
-46141234
36550885
-68258204
76910288
25430361
32709096
13245263
70551944
-61130239
-10418809
-90827449
87083246
-74349691
78865682
-92484730
-22752797
-61351557
-36020346
-16981681
80383684
-39573148
34768444
4015984
16383113
-46672040
55275819
-25913579
59984068
65590587
-1682746
48714131
35818412
9121197
-78192289
-27691199
99466634
79152012
71528508
43704848
-150775
-14991216
-55063936
-10041983
40380539
75003501
1044614
8683607
30348314
-74348717
75606165
30642360
36169394
97532452
72258155
-50403348
30358246
-35196438
-23270632
18616488
-15315185
-59844838
-77113862
-88324878
-90630798
-79528649
-61035329
-12143717
-79896601
-3481845
-46616854
73617634
75120325
65059106
31745312
-3450695
-16989830
52560275
60261322
-81145037
-20345040
20010699
14518950
-28940386
-52290953
-60043251
68650518
66581678
56568387
57144494
52426954
82389406
54888319
71794684
-10943739
60402400
61635888
-28055464
76658371
29447757
28464950
93143105
5745685
28436099
76431405
76495515
-25215803
95046868
1434869
64280103
41865770
-52939560
43080512
22316980
-52371223
63729087
56886079
78187794
23385884
-62227197
7263326
54301755
-42333605
10154777
40404339
53874075
-20907502
-31485625
71594372
76671618
62785470
-68725332
39336495
71360650
63835561
98593344
-65959698
14896549
47718227
6667302
-20462202
78045258
9935434
27178383
15164169
-18120412
26216759
-24905119
-2023990
-65040113
-23562901
-88485503
93686074
-48201485
93200069
-23158653
-62438350
64664132
69311750
50145904
87828973
-61414166
57340674
82156260
-32620804
-87601527
42832952
-62233467
-54232603
99298110
50046334
57243940
-72385357
3106620
-81801605
98690118
4063215
-98990632
-98007338
66226760
-54972343
73709246
-96575043
86723550
43028160
49124350
-76681920
-83638367
-38503609
-50671343
-18254485
46907671
-83286931
79389722
53735240
89921476
-75777166
-49723957
45262658
-431852
-6242318
-31103310
62245296
-73242841
-16498501
67105818
89085822
39639817
56576712
-47013961
-45707369
57236787
-74454545
75568817
67711349
-93997314
-90370661
3917535
85803339
-36358117
-72872114
-61351634
62169155
-92114340
-65112831
-67967170
-97616161
78090695
-33769278
53434006
6540549
-36899522
-31348302
-91082889
-23753588
-85286978
-86487888
859618
-94748277
33140000
21522740
45882421
-95723637
-80394256
5690030
24644018
-13330228
70017859
-97420018
-80567009
-38151172
42259697
58443828
-6063943
-65571846
-9056848
69588225
-95315325
-9979548
67936407
-22237089
53000091
24140339
-40669811
-19432323
77535353
-58210570
26634230
-87549955
-4525522
556766
-41841764
89309627
62360697
-24105451
-54912955
-7275089
95515737
-5662532
-8828346
-4016715
89889977
-93408656
-60216133
41095241
-33442526
-59596798
57358255
-55522136
44250793
25111335
-3710747
49252079
14719120
-82721986
-16098983
-44763652
-15145270
-70990517
48663857
69325823
-21885883
79427864
73079932
61683837
13028159
82829422
53795651
-92875696
19952280
-40086212
-78367075
57627239
90037941
36502233
-82298279
85063760
25976645
-18979360
43932829
3311980
17920272
74457991
46907094
55817919
-94099574
93623829
-6374160
8894033
-63441488
-29280115
-97099716
6239438
5665852
-65188246
77437851
7094383
34618276
51710425
-80206170
14793689
-75040605
76024954
-93246233
-47307524
32033383
35191448
-25182020
69538174
46412291
33253939
-39924554
-4245328
17576040
94013568
-79561131
-40887578
-53433794
9374647
-12179361
64869826
6423954
-93130119
-17861880
-16776812
-25826406
-23537040
-17145497
-17772072
49230338
38609288
65452851
44382730
84536981
74751342
-31473226
-25618675
-17261366
42790777
-1217931
88417471
13101123
-98828569
-49008145
93948686
95767584
-30274592
-48950391
-60154501
-27618988
48362556
-23625868
1415782
-71552857
-94051058
-31104478
65778085
-31853569
-18397269
-70091551
11439779
-20365411
-1006700
-18399034
-2273314
56847558
-43793726
21908996
-67335855
70386344
65049589
5920004
66408579
-5029393
19717711
96223865
-51925920
61363336
-3855145
-82769173
-54589907
-46188857
-73475113
94542473
-85745603
-66705643
89371107
-23728573
22015413
-77847587
61663387
20136526
21752181
-97349933
-2095705
-74190350
-79886986
58574646
94327874
9540619
79778839
32140209
-81240706
-57491581
-78383753
-37965641
-64085183
52214282
-92288317
87684742
-41666647
-11404284
34107709
62402788
75400774
54641749
10791318
-37167402
99780216
61657957
75113973
17029162
-61397437
70739723
-65303262
-54883523
-8321771
-59534413
-60766779
-88630560
-9247930
73487613
31381499
-31136967
-79411972
-77843886
-99752784
-46383497
-48758967
-41774430
34187167
-13967514
-66081852
-30929941
95974066
31053063
-90798903
-78709943
-65939091
61949196
75832374
-7305763
38623102
-84594700
-83503187
42909489
-73675109
-35843484
7964500
-64003646
-41985895
-36012100
39221220
97943557
-63717786
53404520
56115702
10380710
-56790736
-76693764
22729027
-28179262
-52158751
-34522259
65701809
34729963
67858920
81347820
57895066
-38526316
82140432
48603074
10293312
-47785538
-67818388
33578094
47917196
-52933300
-83213129
75463940
26391530
38476389
59479039
77120018
87008362
-68087771
29886282
77238507
-82989839
21859551
-84479687
74568747
-21704670
-67695716
-89295168
93914935
97291815
-66770818
-61820371
-40579423
-19682481
-16575075
-61798934
-23467083
-67796707
10970072
82386052
-51231959
32405565
216051
32952985
-45205240
-58134335
-68490340
-96900012
-29299344
7639369
-33556296
42764945
-93454631
34351276
-37154608
-6313086
-59866821
-70187978
-63889281
-57551606
50166331
93793403
32826162
77716696
-81077033
-35431647
6319802
14442444
34148044
74119535
-39684289
-11176951
27943855
81526404
-29931051
43719355
50460403
-48978490
53507160
-98521587
-40738037
31426795
-65717986
-23339233
70249274
9613927
27573747
-17814065
90556303
99308184
-47668545
-94997375
-94466753
8805504
54491121
42776574
10220545
-78890730
30560864
83689596
-70071834
-30472176
-64594070
-54233189
-38449130
-68180194
70224139
-4217962
-5630714
85017919
-79643762
82988639
61264884
94631798
-13185300
-61070288
9907466
9562873
99399720
97505124
56682427
-30608923
-71165914
-64357610
-36072515
81417190
41943819
-35783202
-79785903
55609346
21332996
-18511659
-61220397
-74083565
64072881
27928366
-23382562
-94365035
-98843955
-59505318
38435521
-3527307
23037894
-39200491
-26202352
-96541692
-26604057
-10001751
74908906
-70635463
-8614491
-25509080
-90398516
99207248
7445153
88318122
89357248
-83078256
76429845
67509980
-58468590
6174563
2353250
-7823078
-90406308
49004766
-21977349
-77586727
9028483
50122909
-57083700
-60275618
48237512
-86451349
76084349
72744041
-42145426
-28035561
41935864
78810257
78303660
78188103
-67877706
-65610080
23149198
-14980546
73256631
-77850951
95100357
-4362216
92746611
93994580
-40092885
62486668
-55077687
31089380
41689284
9528437
12961744
-36058947
14551147
72804727
7710994
-6981694
-57188386
76672438
-80987923
79834664
-95465509
-60099640
66709100
73035121
-92427074
-85461678
-6187562
74163439
-66303488
-15962109
-73919065
-56029164
8364246
-52833401
36492339
-88549343
-71715338
27414409
-99276755
76198754
-64535877
-89975981
83339073
92906675
720962
-93876885
-70686705
-98394116
91992691
46188786
6588608
16599907
-23951017
-29870302
30637823
-45014388
-26702115
32544521
86575574
-31105684
82046837
-58129790
-41123905
81544160
-953581
85606304
69746168
79135827
-12822142
-5196499
-21135230
99342311
-62546360
-62559186
24916202
3544324
5370805
-17659990
-81653759
-46648354
-80453027
-9592439
54206936
92100716
-48163632
17854819
-78053074
-17174784
22979069
-46384620
32330855
-39269035
-88334930
-28062122
-1072750
84951075
-58433864
73201848
-96700734
42095030
-76362029
-69403778
77961185
-88802469
-43632721
-34094605
-65031677
81123223
14800355
63521803
-34401875
-58096813
-14864870
20824809
34981543
93440641
18445881
-79721808
-27008384
94997868
-50212384
-87185812
23364076
-85894057
-47453431
5717513
46878038
-94087592
-26175634
34526842
-10048607
4742465
93518495
28331007
24126669
40096445
-98172304
-25452382
90507665
89533412
85695784
-16508744
-16097473
77724756
-22287054
27335409
3951222
-26352883
-77102969
-86800935
84559761
-70185588
74525886
-82444734
45609677
79467756
31928483
50703889
47575065
87956695
-46976708
62084368
29117173
94547010
-22354284
54841820
-78039694
-28747150
-57699377
-61127303
-57490949
20186739
-67596768
-50530631
53332066
56623280
42198767
-5063066
-27774590
97978033
-19424843
-27506385
-16535689
63982615
82518125
-58019823
-61497258
65907169
19203866
10360429
20124966
2980554
-10219942
-28049796
39723640
-89267694
-74875167
-79339009
12981804
73642189
7715845
-34563553
-25884492
-59983784
26225509
6485191
-65498893
-35970311
-93338102
35501107
83910223
-9307500
-68917999
67541195
81930976
60087147
93889479
39462885
65700000
-74985905
-5112984
5977485
55876003
-7355821
-91397573
-76608094
-77805133
-44700828
70535369
48384870
-67539442
51678176
61751036
-52944055
-75486993
27676701
-26578007
-97002907
59990382
-80806385
-94380046
39881698
41677434
-72792955
-97781174
-19393446
12974353
-23191823
-78550648
83511035
-19094781
89840606
91913277
-68838780
-46767882
21624795
65708792
-6852942
-24672428
-56085992
-87387023
-65862436
-2180864
4778906
35218974
-16216562
-83065966
3275408
48816414
54613776
70341281
-51198506
12803095
82329331
36998611
81150286
10712425
-29782943
49603530
-16500148
92578627
-48261654
6972482
3374521
96648330
-92175520
16764503
57980291
-51346411
16178573
-65133841
-76456507
78243347
73910576
-55191328
56320567
-76197061
15196193
-81031701
-68961853
96498525
40251039
36464521
24463696
55527240
70687462
40527475
-21805339
11504079
98888120
9996301
-69550598
16052032
52642188
51862110
73983573
-25081787
38986870
41296524
39960207
-21013913
-28591177
10793756
-13613837
-20703594
33545618
69968724
8520044
-41052008
9637367
84246641
-76792722
40410792
15342158
-10868497
41676330
-62149036
-59347659
-7385318
-24714355
-68382009
-17206663
29208194
-62005471
49142140
-90867807
96923204
-97910272
61536206
-94671693
76004879
96685061
-66143873
-72430671
-22860854
-22226712
47397387
769120
-79405174
54786007
-33198462
-92958174
15578253
6551119
6310431
-23127074
-49597051
-38526208
-11773293
49958629
-66940993
-64428392
27739301
-67015190
-93687093
-49523005
-40606368
30745282
-47122203
-9434093
63605535
-39454236
-48050148
3896274
34302893
-7289608
32155966
-7680877
-56878344
-53070674
97285732
-15685011
11475464
-58283052
-28592444
46830766
-86952470
41005786
69719428
-95219238
-30995406
27182618
-20898901
-84312943
-78074407
35743640
65260143
66427716
-98020779
-27852234
-70346752
-35874261
-46443108
-63028983
52178729
-80583682
-23227316
-93600751
-14223822
-17107102
4838792
-24057678
67849958
27241829
-34175296
-11888444
-39163961
-68700352
2362354
56788789
8556322
-82611135
34477985
95508136
-39259672
53204999
-21338478
-48158881
81382237
56514891
-64757666
72932115
97776801
-65253541
-57788117
79557363
-31696678
-42359472
35978317
-53228664
-16545860
-17151390
50625322
84335290
95093608
-12264545
83187620
48176224
-62249941
-95440312
69075334
60806497
93574945
91757963
14814127
78657451
-19234104
73579154
9737581
34422582
-65338327
37479267
94287088
80274080
55917695
-72897822
83964760
-65775296
-7782538
94476016
-72327890
48190222
50822092
-72249036
-16082114
-11767874
-26268068
95972513
73415937
-4893898
52512178
-29124671
52866131
12320207
-43598310
-17675918
-48497722
-31739884
626476
65367500
4359462
41040727
80862049
86009085
30956831
97545602
76948127
76405419
89331405
-36947936
9560338
98257662
-87965477
28347480
-39377641
-67203040
41021465
-15871448
-75390651
30831547
-1285110
-55800632
41713035
-9940839
-77123398
-52273165
60973209
-60446639
-7660433
-29007192
77606427
41691984
82311867
25514666
36685704
-57069378
96535961
60352383
26664283
-39946575
99084191
43981404
69532541
53208669
-73169354
-11793145
83451777
30789507
-42513317
-91057089
-89502723
7237539
42963096
-79259299
56390434
-14723023
1324441
-90799451
70216980
2722596
65257045
62622686
89296953
-4986776
-93391189
-23633279
-22430562
21554308
47320637
53210533
-22992645
54836594
73171892
36782408
-87354735
97550546
-3060979
3094733
49043341
-77449322
-58458957
7817562
-11656254
98211674
14469036
-61543925
59736660
-58893408
-82292431
76504681
-44013514
30462155
89989866
-72306386
15747829
70001063
-85651426
-48110494
52603929
66997392
-42957629
-10717990
44717710
-2233259
22786327
50460265
-21736585
-60841154
-53942560
54528354
-21478763
-42647539
31339048
8039091
2165709
55451576
30107935
6544195
-19289744
39681143
-18198382
-49006915
29464590
-46942688
29468956
93179788
10143639
-20147455
11038627
46394376
71667832
7294766
-896394
57578877
-44564735
18701846
-13066126
37570713
69562189
-8992778
9510032
43082010
75009273
75408521
20944852
-41926706
69538880
-89548113
-18640264
90803852
31696072
-28351711
-87512847
-83461062
-38654371
71338135
-9164725
-1491651
-84468043
86119083
72979101
777665
-72414348
32251427
-24485840
45620058
-13067720
14222993
-36212750
99218259
-15926493
69160643
89972247
-79593212
-7484031
42830023
95627324
40037132
1746226
-52423153
32298911
11158732
7219974
-36823938
-11142617
55353361
-74938930
-1633521
-35809849
-60043795
-14241195
52578238
-37332567
14556578
49643684
-1991226
-70288150
-57225128
-34916239
87332188
-82276363
84051432
-54892852
-61625705
-78722820
73190272
46426543
36134568
32175478
97017971
-71370618
79780030
22497045
53255710
78050022
49013300
24213009
-79114759
31852122
-32808711
67944284
30514313
93794624
-22212633
-92375458
-15370349
1265137
57636685
73723464
79552372
98054351
-81663122
-81082099
10360724
-7134564
79311742
-95822864
-52680751
-16228391
-42714577
-35044271
-12208824
-68181207
-86082445
49638879
-54619659
38649715
-42327776
77347017
51629008
9451853
-13756764
-36867332
-25982050
-11927443
14762611
37731839
-84939179
82553039
48375384
-51973272
-72124386
-10610781
-8990992
-33974610
98870872
34612250
-11059579
2063930
-39996971
98281128
-78567250
39736333
-54629607
-50868959
27092011
66390119
37803605
-70373110
-55318234
-88131416
-40759269
97513451
-47521590
-95412345
-75400539
-36282396
-85592402
-94260575
-99294799
-2496470
-59339321
27310748
-48499903
4830718
-64098020
-6843172
-24723338
7100265
-82060342
-76326338
-82236018
11979833
93011239
-13880598
-3258805
-27999920
85010419
-59498199
-37529365
-46716490
21074346
-17096822
17421795
-1008134
64597540
-94497272
71237619
16667868
25867458
-79575529
-74625760
-89871236
42569737
-13571226
53393787
-57971171
81190254
-90647739
-59238909
54451229
25457145
-50682522
-50474958
2525458
-37731024
-77093840
60109135
36784123
37731293
-81282403
-72494927
31857428
61519057
-88568080
75357518
44808243
87543825
68034843
-29093082
-69880335
85283567
-85612221
3737143
84353096
-26878370
46957254
51916591
17712641
-38337441
64333012
70659969
-14883958
-29809277
-92986476
-73151142
-78984571
-56999564
-68120239
-27683557
-53499621
44191265
-63806040
73169486
97992119
-29155041
25426660
-15714134
-69626266
36510259
-30448731
-45682662
28632360
-23850409
-33386786
74967878
-90184130
69495035
-3998402
-62816245
-26119027
42728769
-83537267
-11443129
68384410
51692071
-5926343
27986762
-13101357
17882219
30055958
86031570
-54379370
87371967
-96282631
83434743
-22431737
-37623397
76282337
-41645043
32756304
-26806407
-66978292
-32919069
52873967
-26827066
34511257
78147827
22408623
-8392919
-32272990
-30088819
72453147
81691069
-38316428
18587757
35283808
-64279305
-38651110
-86594774
13865824
-6137785
-16476734
41946024
65802854
-79638877
62348926
-6704576
49970826
-43762028
-83635545
52767832
70629338
-69128362
41053344
11782719
9694205
-7029149
-95286391
8347861
-86134419
-67329747
-23378737
-97912628
25545561
-84081676
74701175
34491600
-86708840
-31892735
-32051924
43763470
53446182
-23305059
32021897
-41793161
93806694
-62439645
14750190
58220976
-91349540
76601032
-58592423
688791
-28793808
-27208056
55229858
96637581
78699516
-31086474
-34936072
52143779
67090464
74278880
-41640970
-248586
-49394273
-91217819
63182797
-61577506
-87258599
-77503717
-59989196
-69565870
5298623
-45064178
-29472805
-21776253
-84079459
-58021700
-10287089
76417080
46874877
-68341530
60145176
1839063
-96588121
-95566847
82529828
59877610
57871781
32526227
61007404
-3262111
70894552
-78558772
29656048
73621623
-73630767
96356633
-54766904
-43944932
-4114596
90411029
1840698
-67158764
-36763211
-37596849
-42486486
36171686
13943096
-10936390
-34036592
15807002
-93114925
-57863517
-56017717
43582451
36656919
62030078
-36116510
-76471826
82599260
11602359
-35956849
-30691004
-54259811
58501984
-45149330
36753027
-22899354
-91979234
33507080
-98201125
30839560
8280111
35719689
30905552
48425572
-77936372
-10619804
14360742
96840817
91454427
67991119
-1306775
16439502
20390383
52238870
-8724583
-76612947
3724643
-97617172
-66952322
57103776
69952852
-61990929
74662501
61237510
-45180485
-26773868
60724269
49070093
-46771495
72750263
57914516
-93224123
139480
-29076524
-52672544
-99577708
-34307006
59550902
79110970
43853811
-53165773
-79253429
60872194
-96763130
-87855380
-91921642
-39089752
-67368875
24821501
-12915607
27314038
-4786438
-15377716
61810601
-97402269
-44487816
97558374
-65561844
-9626009
66242055
75248352
22399775
-23233403
45297019
63193908
37086489
52627633
-80297627
-82665192
42459718
87316591
-21463970
-60285940
-28991240
7543418
58922067
-26950165
73595387
-22608919
20661867
32225565
-21024668
49852584
86951671
-56031198
-62471631
79811028
14106595
-44704122
97720515
-73056033
-19149805
-92469851
4144505
-23576133
-73891214
26030183
-95970231
-20751917
84643171
-80457421
72802265
24136689
-17193727
-94896174
-89146461
-11135954
-46200811
14838291
-99236947
73957823
22290932
58716341
-93686124
-70001244
51052608
-82469515
57559663
-50341797
-24708377
87303692
37376013
65774962
-30859275
-74725759
-58292696
90638843
-78804464
7962109
-27491107
63657048
-57124905
-50399656
84766108
69257774
-47325073
-78086098
-93519638
-83648700
-93609155
2390485
93923463
52713099
-66094407
94520972
-46007977
-78275435
1630826
-71939090
-1259094
77818330
-96871730
-50800487
-48891524
-88120609
31317408
-9984947
-16263040
-83527436
65601904
78444749
10445570
-45038191
-80267814
96321512
64573344
-2598448
-14589135
-35743249
-48259695
5087516
-51278819
-4444403
30461040
28087036
-58934724
6804000
62364689
55180025
-70841282
81768061
-76716006
-18973352
35792868
88720542
-20086473
51842617
49267340
-56488794
-6164961
70138181
39179857
-29246678
47805371
-880041
78403512
93017695
-77998191
53552600
-64868990
-16844446
-64147578
-68466314
-35264861
90764550
74222784
-33062033
4536463
-13805471
-9406083
84041412
-60247734
-14122255
95328809
31141866
-57546751
32047149
-86192730
66981342
-92691117
-3488508
-29463424
90036796
10454538
-70337874
75222403
53376447
-1282558
-86796402
-60661996
-55892635
80626362
-39128304
-24525765
71777341
46391471
-51379256
86681100
-24607276
26557502
-22371105
60059378
-537282
-42672900
33620758
-18892143
909493
78030625
56114574
82637577
-57627159
-82008837
47761945
38050093
58778373
6366880
-69918370
-90196424
-92076550
-27759727
86071340
-453632
6019828
-11047228
8186088
-95843590
-38588267
82259044
69428962
-56578265
4988467
-19962185
81002311
41619755
-83689222
-49297455
-7610906
62138720
81034238
-17089516
-46000163
-3749902
76371087
-61651159
-4620719
32098470
36615439
92658452
54949136
80400220
-89245864
20231104
83151313
-55289146
24876871
-95509624
-92999166
49963959
52027995
-34941122
-91647709
98541050
28415789
-78187765
-86903845
-4964922
44385978
19441779
79361459
-59947805
-98834128
12650745
-55950996
66855650
-33888557
50930061
10079594
749796
36645933
29217249
21878564
53920735
79308420
-16863829
-96558104
51846527
55603533
-84312744
-68517715
-11198411
59730420
-29154655
-16508830
46743801
-7099304
-27913252
-47014010
-79969209
21617989
57428826
-31703594
-83844339
-96209571
19983028
20540543
82557820
38501652
65675189
-91952165
93084984
-64426767
31403303
42724621
29991239
80351426
61165234
-2431038
-4745592
46542459
-22143359
80723889
70153233
-87164964
-50836991
-93386144
96732491
50106613
45138335
-60569461
93370831
-74591492
-22025609
43237463
98547593
-31795012
84284623
18526471
70359885
-97149951
-54038027
8539062
-52207626
-58941824
29429347
-41982510
-1065165
95871079
38780953
-71806861
8144332
-395860
-86735141
59093655
-13804177
-85947983
-18300263
-28638132
85666542
-41679743
20219464
-27244384
58035796
-29062862
-6478943
-51865617
-35626701
-58640245
26498864
32298758
-8364926
45043123
36902537
41944917
-45604613
20592721
73482074
19736261
69898737
-50528847
29202157
-89589461
-30290264
52286293
28300638
-10312472
-53069335
65064436
-32235159
-44813415
68040469
6458197
-52273052
-79505623
-20696558
-63127435
84776779
47117505
94044854
57958980
80800999
-57140217
-97971320
49598981
89916548
41592415
99629277
-96464432
59294235
-57087202
-59480405
-17144242
-35082092
-44050250
74868444
-70087163
-592130
13276329
-70139901
8751215
-9397967
46578712
78530609
86773884
-64091864
-7789343
-16482870
-87169321
21816273
-21876849
12790398
-98215500
-12000021
-8712830
-75891592
-71094693
91101765
78429078
-74111418
3672001
27110126
87774929
-6910552
98247382
-11285351
-8176174
53227029
-1826700
37115744
-8420768
-83137978
-93209902
83433367
5939284
91001786
-61680299
-83721649
-8178321
-11297793
-31002498
-23139351
-51974342
65760140
-48018288
30703508
-54811286
-10889167
59536782
-73299112
-85190679
87672085
-58097052
36177085
-91242179
-10969404
-39919386
-82696183
89052470
-21195231
-19900593
-16345543
53694298
37626558
52454791
17661396
-17382870
-76699518
-51988326
-49472983
-67648939
-22721445
-52451469
45721064
-54677530
-75026920
-97464765
12476934
-20341091
92916163
87235684
-45659518
67070996
-69634838
-32437375
-95702934
86191468
-55688512
26812060
-22754835
15358878
26568877
-5316031
-54509607
-22694009
72710358
-67481551
-81616643
-80482028
67008548
-40356493
7052548
-33414333
71887081
21551852
28664367
44747282
11442037
41153384
-14480124
61269154
72835408
60058478
53953904
-62444230
-31406892
51753084
3193692
78366001
-40239398
48779409
88433289
-88375723
-63967516
-77679640
-97355603
93458788
-66587708
-35461311
-14139214
-7604926
71820173
83056557
89583129
63961857
-96720733
24761352
11836794
-49683046
14423217
46009978
-352389
1657267
-56306294
-32063006
67264976
-86932506
76581526
39256758
-51566999
32969257
40387852
-87246458
-90207453
98210123
4731166
642615
-16956547
-88185778
10560985
88311022
62459416
-310939
70378637
84359310
-64191744
98900447
2557172
-96991106
12739672
83743998
-20607358
16767465
7674571
28646816
-1529016
-24760013
40638004
19355242
-22192423
-76131638
-40004903
-46571715
87008611
7343293
-16575831
68982187
-2928045
-21813095
90811988
-35181401
85141066
-21770815
22686798
45850636
-11535370
-17022343
11988036
52014551
-73705941
4507533
17603633
-28243801
25677585
76491959
43611172
-79984589
32531579
25468762
37716448
-17624238
24994880
49565274
33151937
-46701512
-24539770
-18539025
72894114
-63016161
33915316
-71492569
-24647620
-75441597
23396067
21912061
60594181
55488986
40998624
51334308
-24845957
14785823
-30590975
-64968691
-18918465
69977669
15569472
-7388367
-10072582
-11969277
16403379
90358235
97393793
95249887
92328734
77811830
61308690
67053237
-42932106
18783623
-78132565
8533
34220537
38643328
-57964742
5804551
-18053328
-35465011
-84331415
-67991640
6539083
-44602277
37802540
-15285634
-31876722
80407111
74539116
75163006
-80500444
82426631
-61970632
-53601383
-40039365
14484678
-12664928
4238505
-68462248
-19889610
59720733
-86937973
-93639868
-28597895
-89668235
-9668538
27917703
-25758079
-16702784
87049812
74586182
20665136
-92529574
-16672484
83284188
19337498
36827197
80020053
-74926499
-43230996
-68816671
45123602
-8736949
-73460435
34719076
7052398
75463029
26861880
-26114198
26524103
40349055
-68849719
-98105052
84758888
21097026
-3738434
22962158
51993772
46489773
92917827
-89838265
82696295
-48448244
-95438086
-46130065
-71474691
96963457
57689864
-40174382
-52117218
91020477
-60508548
-65311553
-74280095
-62846564
-48107814
-44320461
-81413128
-40269568
97925496
-86108196
17653984
56965583
26611302
12030275
-29802023
-99289809
81163341
43835041
-16195870
-71444224
-77705456
-10918382
78612412
22996949
-56685888
-28889361
63596354
35752276
-81272235
-49223831
-89047604
69870003
-14714405
-27742849
-11301111
18737596
92875398
-62529064
-63801541
89984469
516272
96198260
84529413
93574563
98286605
89726161
-98488901
2451453
42254111
-70327076
-1098200
17522777
-99578596
-75188862
-95733936
-85594957
13631928
67928405
5990398
-6175175
35438818
-82960473
-57049645
-14172581
-31960387
-31416164
45516052
-74164036
1311170
66718520
-95960854
86205756
-13321074
38481971
-5004479
-36541598
-89579408
76758123
17212815
23400949
76858788
-74425950
31059929
87669282
60466988
-85864876
78361316
28390666
-16409092
53264962
74399723
61994853
-41872200
80595036
48576903
-99229935
49651094
-58366871
99121888
-49371507
48720085
89261201
31464784
98439235
-74504328
-17915347
-87192281
-41391637
-27934181
-65134280
-36229901
7490020
-89044870
19874935
-52346224
38932060
-2710096
12653388
-81031855
19970482
-44670692
72923937
30196818
-6469670
83930060
94499164
-86739726
-3360523
80057605
75002344
-51700469
61502557
46924537
-51923212
17416389
-31166960
-82565643
61783639
76959617
2109524
1542382
35301750
-22278062
-78375381
63991113
42868040
66687516
-4793615
99602833
30976943
34766606
84115442
87299838
98840841
-71727877
-54319670
-920305
33689093
-70323036
68103345
92613684
-71991762
15815483
42780846
51523377
-48272696
95770215
86225770
-79257584
-97563992
-54712440
44923760
18808565
-64705403
38868403
5566236
-86536829
15725610
-67750215
-11890932
-30717079
-96506126
77231520
-15572102
94815237
-193714
57769287
29561054
2993175
24761464
-75762300
71791048
82573527
-82269004
18897437
-97172091
-12562618
87581475
-18486487
-7922624
-76619198
-85597628
-6473923
61068750
-1812208
-19701188
-46034164
12690994
-19451181
-84216474
-35468044
44677814
-74524582
52262089
-46199377
-27667792
99450164
13121515
-354754
39273377
-12975932
82655625
90928820
68575439
-46422833
-17344569
-63394484
-70362164
-51408264
79232479
-86038100
-86328151
10671076
-91404634
-45249379
2070205
89682971
-43687841
-49430611
41784058
39526678
-35337887
-54268378
93759093
-80583348
10709251
93940617
-31099742
-53983313
-63801908
-34261180
54721714
-30711995
3731023
38963798
-23035910
-78248321
13254665
-58139104
-94578503
-16033830
-34400070
10370528
62923327
-98229274
15203282
35889168
-88420459
-72540267
-81166492
-41071326
64330037
-92718680
-94206025
-13257411
-2309399
-37622979
30625958
-33317444
9724886
-86879094
92232629
-9487183
51301383
49186409
-59357628
68644898
-75479901
7478648
9379068
-64062670
99336018
13405426
-18419866
76846867
76527084
29648980
83973101
1886473
76763839
25082847
15513748
-25761802
5898594
-88914044
-65351067
68723005
72671831
-47821932
13393326
92403335
-17259097
33834074
-62816085
57179701
37972549
-15940254
-46482494
16404962
-79153383
92412109
-68826780
80146427
-13539374
88279642
-33351400
-50084637
82446949
35089634
-56850211
3816357
38293599
7655969
44258733
67077429
1367403
-39053990
-65668008
-61062460
60666552
3058295
93822577
27925552
-68484656
-32091709
25052454
-98017348
-85051296
-26875793
-58426225
86585129
-83037795
95136452
9977619
45344269
63608299
-30452357
-69292784
79694646
-8895013
-22743733
-22068561
-97119334
75542173
-91400334
60815630
-16867789
-30995001
-8476800
25442565
40752991
79163230
-51727284
53510401
93242019
95977262
-13751194
67345029
-57079927
53889912
-68616957
-78662785
37235361
53419882
-98005437
49870993
94723591
-34517181
-48191434
15604916
99065543
87253090
-64274790
41789113
78405611
-43821386
7092012
-66490976
-54825070
-817627
-76114710
-14023251
75767420
-60249341
-66439808
73142320
-18215991
15478352
5295651
60989678
44544604
90872010
-7040220
-7705179
31900153
61287116
64507519
-31143012
-12584540
-99742302
77436760
53513825
-7146570
610840
-3159679
68729564
7941490
85965125
8521352
-56843543
73591794
-73429625
34991818
68204422
27363198
68222165
-19996532
92417607
-47975884
93383182
-21126385
19439936
-51224396
57854599
99796322
51663004
-67770699
85295475
85362761
69305902
-67446797
82895234
5848303
49745557
15079262
20253709
-29225614
30917249
84323107
73752007
10870818
-21879715
-41418506
3117209
9925397
-85316340
-88418325
-32256154
1748375
60119759
-9900961
-60276847
-72940230
24147788
80503129
99163658
-78210422
10399428
-32402152
-89734367
40729967
4831826
25017294
-98240015
78112024
94305164
-41172690
23812158
-80371267
42502874
-82113857
38856771
1756583
-86098106
-82055574
-98633007
-622557
93085518
41350683
67645249
-19410434
-64290084
-66787413
41132035
-62920796
-37265347
74711429
-88639842
88297148
-86737277
98871813
-5391727
-43468885
79168654
-19136145
16086440
58447988
-74159159
-39091657
34962159
29065536
-15810147
-87497603
-46362410
95332873
-33996884
-15055986
5715512
87960491
79225044
35055475
-27890116
-86752116
-60239899
-30195424
-92429172
5541414
-52223185
30692167
97846918
-65609541
77083058
76798197
-42420342
-63972968
51092012
-78636225
19602625
-58894209
-76073367
-33471236
76990737
84585023
7304613
-52900205
35935244
77470824
-35714269
8340018
89755376
-86646747
-42113583
-13957727
-73486059
-37571561
74696716
-14231852
-66122743
-98529942
-15063914
-43711966
-27095751
27769899
-22072933
90397875
-32278141
62513787
-9733431
65487209
-76627995
-63865105
40901054
97017162
6185535
37965386
36952413
81929905
-74376810
4669991
-88628402
81845947
53750120
-56113808
89024443
-86990060
36635908
-90804182
97067678
40088558
12269390
-78150606
61887909
78087730
158267
-38956483
-26998806
34039480
51773859
-9247646
-95474643
45822146
-33271847
76647247
90914557
-85958717
-71054573
-93585251
-9773881
57485966
17902410
-43896717
78187536
27958225
-76205590
-59009659
-61501693
85115464
-89907870
-25393488
-86737940
-97280563
-25506349
19072590
-21942809
-55361460
11301862
8758754
-23939555
55718313
33221193
-8927494
-20671299
-23514793
-36772214
43713267
9688280
-43845759
-36653929
43806278
-24425679
40880228
-56370729
-71389558
83003768
56003145
16945844
-58839830
61341493
74138432
-37172704
-96642638
-56379129
36653572
17998394
74020467
-6257495
87892866
43227743
-83799707
97721882
56442056
17976503
-38205393
-5213693
-6741354
33811822
13768532
60637290
48596917
57771925
-41944760
23895070
7064804
-10710128
8951852
93654217
-74646741
-5975739
6631684
14755722
47184971
-99570744
-43715003
28250388
8796322
-34007319
-54691932
-93281725
47621900
25610110
7038337
-7035122
1603620
-84150509
97048592
75793970
-49274481
66792511
-83382823
35958984
-55856368
35867766
-29170725
-43914864
18560021
-93054714
57025223
-31069672
22305486
97321246
-16002500
13721337
-14818571
95255290
-75868803
-55343587
1410127
58495995
-2000191
-79730782
95522727
-10215474
-12486640
98227454
29173378
-80210516
9780573
-28796244
-17960997
43823109
14296581
39412282
13025110
-28557220
5352683
-13103262
48380335
-37973336
67252537
97047819
80729078
58607265
95945623
91129140
4439972
-22529434
98725
55819781
92434160
-1334092
-89116069
20246377
-61674186
74863799
-80463847
-67836811
89133841
-73729556
43981164
-84311461
450553
-8115513
-69956773
-97809272
9450265
-47705265
-19909166
44259169
87823197
-74611034
-76896826
-81073023
63613938
-75819631
84516240
62020097
54584642
-74408219
19090390
40871750
19824601
-26684761
-95255585
-25341156
27484485
-56450663
-27612908
-97809819
-17284294
-25927542
86727428
-68448605
-33191072
-8740802
-56515096
-57073656
-34235270
10883302
19601715
-87270263
-99760511
52464241
67074709
81967167
-78077896
-5958363
79412075
-86770365
-88041577
-61888419
-40594474
14624339
-54927049
41560860
98071444
-69192829
76542901
-24372923
-31354806
-75113778
-87469929
-61035609
53319277
-82216489
62076847
99202168
-16270378
14668777
-50789970
18796450
-41813511
68456839
93232904
-94791929
18451
46588004
-80023811
5254958
25160745
-66402587
82998745
19970139
24861485
72089149
59594686
86906733
-87534711
-25478833
18494708
-10944650
13519475
74116624
88209729
82492873
25028977
-21880241
89683049
44601549
-716882
2732409
-82080568
89699692
54467800
-11434318
93830623
-68596262
-83870749
-30851824
-63876822
20801109
-87213435
-17168117
24753986
76130255
-20117977
-84011215
-8977628
95757337
-49789143
-20829160
-34245117
74960402
72983052
-27732288
63183440
-23906630
-27197630
17594712
-61837943
79088958
69182804
-16016601
51874799
2172559
53389593
5939138
29314358
36567980
-98501566
56186504
84090753
26250255
-51007683
-9445959
6991686
-82015641
9303800
20344316
2628357
21826376
-25248094
-57787029
-94182889
-62219967
-81810228
-13415406
-66713356
-34998653
-71384209
-63936190
99079107
86169172
-56058488
1886586
-49696507
-82123778
38628156
-81033973
-31876040
-37340333
-29849707
-72887542
-95393579
3314977
92252983
17250149
-64655022
51815626
-56399332
19798283
-31261717
-21225835
75391257
13957447
-50423970
98468189
50036847
5334319
1862651
-87045946
-26378744
-29528905
-29484281
10706679
2796543
-26545150
-98630263
-37812526
33288461
54405728
11617286
-46046264
-57509886
22435534
-90483324
-93184088
87564990
63618029
-38006389
43206194
-43557813
2041548
21792289
-19862016
39099260
-3184354
-77939049
-56390316
3083666
-8054533
-9773721
20179579
31751158
79178357
-39283151
14428576
90924142
-56071331
79964945
31613924
23706404
-72043031
-11809755
-43087000
-51320848
-17475340
12615411
55975250
8659285
-49160932
20639994
-8262474
-92655749
4968216
90025131
-52495194
-92835596
-29341950
10478663
71670474
2635779
71623870
51195255
-19337465
-95482176
51978975
-23820524
41524705
82573757
89300443
-20716813
43796574
23863989
-19090314
57273670
-90905548
52079031
-14910127
81095323
94737280
61839753
56443370
99064462
-41363202
65336665
-24459098
-20649982
-18105613
90642352
78044011
50935492
29927804
-81085047
-4357110
-36751430
92419700
69013725
-46438966
5641826
18553044
75784080
28457121
-64280751
-90515451
46651569
49596019
26646334
-91376300
36354552
-30658784
47316658
-15565542
-39181088
271683
-85620434
-8994422
82306863
5474870
-2414278
58217283
-95360491
60949387
-59603475
-75391917
-38012834
-28537291
50021949
-2227021
-56523780
9536876
36202486
-70018033
17702786
6918687
9646862
-4035871
-45470302
-52468998
-66059466
19561823
-34360024
-82848609
-45362048
16793618
-47749210
-70033788
-10947579
-95012011
92181406
-51462704
87928701
43944926
14573538
91430580
-44232066
-65099795
98637354
-5596643
-93571016
-39107888
77040506
-91965020
-97372725
-7385268
-84469909
30281760
85649082
61456488
-9569874
74458320
-10731886
-55614354
-90022866
52176780
-23194370
32848117
75944079
-95766725
36079460
74554029
68975258
-20785912
-14038492
60831892
-48180069
95142603
-21701094
-66194620
60071961
-27125304
-88836307
91477164
96222269
57716720
71733198
-84049880
99131049
45599585
35950437
-9046270
79945884
6157117
-48067068
-86150614
-25663144
32570285
-94751134
-82292139
-29949118
-20034085
62271509
2132932
98937805
-45550135
-89120773
77550970
73152766
25265163
-73582067
90318781
60674767
82349369
-4404321
47737918
12557884
-30984207
-38451827
56684366
-63344872
-87694478
-65862833
38085909
-93219821
-20386113
-14378273
6094369
-82719677
13768401
-2777005
-29557308
74586459
29158454
-35419834
-81403333
-84267738
8280554
-72353828
18933442
65828620
-24045633
-26779958
86134986
69554664
-26574726
40807592
35620363
9027504
97538870
-40501624
-57448015
-29384484
-39705363
-93476975
-13625943
-83598209
-91146079
99714128
52149054
42368492
36729588
59204802
-87032930
84702125
-35788199
84812444
97541811
47245807
-95524146
36739246
-17399840
32547034
-28756873
57954968
68821309
79467119
92173178
-58881744
76889219
-63830530
91835638
-99206768
25103964
6643504
93195012
-86822213
28288491
34815177
-98449402
-66811387
94517256
-60778192
-82662697
88637891
-19754497
-11865520
68692236
83272957
-7720929
29436892
65566661
-54831474
45735724
37310850
-14262025
76162939
47207669
22035152
71236175
37792462
98017519
-14178471
9367296
-33653777
-73820954
12546694
-62948422
-64139282
53305598
-79797050
-61283213
-48749846
55495536
70179488
28979463
-33898396
-79361671
-97557779
11288456
73729213
41269327
-11487477
95957096
77771171
-53574149
-78355616
85554843
48508652
-13928118
62019859
-19650314
40443237
-43993366
-31144075
-68929723
-34843370
51772705
-56094911
-59218137
-70772205
-19543501
-27055023
-31433663
-96138075
53608584
29342678
29473757
99034470
-71182017
-69069593
-65621116
39379288
-23223593
29327267
27062398
45364188
13310314
98049885
-44339133
-38274429
-86623410
17502882
15746847
48006057
26187572
-91832799
84241569
-8745005
11132648
58248533
40989786
63512423
-30903849
-60490283
77085662
-47208350
-64975885
-48632791
-7886238
-65231393
-60233577
-24218535
55473178
-84775712
-89478292
57283015
87264616
98169943
-19650694
93333559
-21987677
-86035735
-1810683
37249908
-41887796
-89956745
-75223669
-37862403
69138758
63384920
-5673451
-97133980
-4073410
93139638
-40293403
89377015
-96013204
-65083407
-90661293
-8009353
38556157
25443130
-88693974
53816979
-42382031
75898185
21356172
-73910212
50161818
18029518
71509457
56978563
88128378
79488809
-81176404
2323915
-2982525
24454366
81895545
-64955984
-83294527
94528362
92187617
-24976002
12598399
11672178
-60309201
-46437153
-94185693
84303978
14513434
76433642
11778131
69670023
47568748
-12947473
-18350246
92802806
-78657112
-20578394
-91189897
60537219
-92669123
-94626397
-26327213
-41954035
-78935124
99651527
4096395
98451545
68914520
15049010
-82865078
-50260266
33010196
-41628057
43366643
55926521
99346167
-67045181
1137765
29672971
43080592
-64756161
-39325547
-93530480
20172649
-10776746
-37209352
-68072798
-12249724
-26169726
18949802
87449418
-20554878
-15015016
16025040
-26969754
-68693524
-5683423
9414948
86153761
48385958
-61462579
1760309
-58096748
-23715618
-53387145
-33016958
2354658
-54603159
57420821
-92680374
-72171056
62349969
-47828857
41212060
-55292996
60811757
5903539
33256110
-13750397
-96787716
12379212
-71466133
99998618
39570033
-42955399
58669268
13664591
-10196861
-53401472
67519185
86894221
-89022792
12925250
-40033599
26652243
9281514
39457114
-73394458
-87001539
61146362
-60403201
-32219360
-12971109
27130471
-65156044
2699625
-66970324
-40222128
86158076
88319969
33610823
-856340
41310147
-53672789
90661145
44616235
5484267
-83949258
-25805878
38890302
-92066199
1108757
6948136
-11346550
-77849497
-44945180
-85263851
-28757144
-7314856
-33893828
92784194
-65749960
51090918
35922862
85463560
-70255430
-41381887
-90571735
-27382465
48800775
61578292
-7238592
-90972347
9568271
-40240466
-14696170
-54167543
3271842
39197896
25634729
-54549240
-93837321
-2214264
74820422
-96645144
-87726291
-32164863
90600786
-47906009
-58034172
66862776
-84093449
-22237925
-38990600
-43391213
31627049
44154764
58476474
51087926
54411280
-58467258
-43591716
99999641
75457091
-99316387
33920702
17330275
17508741
-68622604
88690742
8827368
-42680172
-32490012
86140142
47974445
-25635883
-20472697
5784358
59627903
13185914
-2511179
87362313
-2141683
-29924191
61332257
-42852669
40706419
-65024903
-37237011
41828442
61140822
70801607
-91476459
12478917
-57592260
-48456777
-43172840
29029455
18398208
-80678001
-17132396
-755002
65296417
53602073
-41966279
89983820
24070491
98884642
71907419
-4544032
12405883
66554705
-55484013
49760329
-90952901
-68787933
60311885
-17785739
82939035
58949611
-73581350
17760400
25573651
-27696439
28080370
80907637
47589478
-45892140
-70309084
98899735
-88334645
-91683427
-21097546
-53482168
68000240
-95617183
-46583274
-28575636
-13103158
-67893563
78592566
19826772
-30379407
-60497284
-59609577
63324488
-78511060
-94265751
-83187931
-17844945
51498885
-96043373
-5646112
43592401
-99261165
-60366717
82974892
-14230131
7538739
-87556698
-6023393
34941212
-61933385
58405384
95339062
-14197714
-94168996
-8914752
57565043
-38121249
55782690
-25432872
-51013023
-14968312
-18558704
97430024
-399234
35398685
12523666
-37310876
-72546216
-28890888
-46120907
92822688
-13097185
30903372
-7929959
18559150
41652337
8745871
76014863
-18148793
-32895064
-23292731
-88253735
-92737546
95868216
-43575953
5406725
72998492
41958938
31633415
-61567802
-11948058
30903547
23526370
29609555
67289399
41231629
-48281641
-67835842
-95401551
87729443
9976954
-61813298
40677745
-5506371
42406404
65801686
94746299
-70401934
53103375
-61080877
-56144016
36555933
-85167399
38428842
-99945761
62320044
55011094
-91036237
31818338
76046173
47436308
-57059735
46900608
10215286
-31293877
78696864
42458721
52241340
-2656735
55837338
-71698486
60435746
-83039008
33444754
-85171441
73583548
96996275
57124397
-56045780
43632730
-65716257
75806760
-12263418
-74706751
-48993024
13212159
-79407932
-3868828
-55586686
67129315
-92189149
37989880
34484505
49719495
36023407
-4309674
77585260
12795748
-30775110
-43985813
51721478
97093013
97754706
-23488005
-74519636
-95701295
42922847
81058088
38712707
-34269254
24954188
-48693169
29428835
58147474
-11568097
-47238481
-4205097
-3567125
28043707
84058715
56281439
7811962
1327686
37961215
49669217
-57542124
-64034683
-58577378
-964647
66673295
2644612
-96217970
46041943
3281728
-27369875
-18586146
58732393
54211131
85664167
-62205916
39479280
63797335
-42177219
2029802
27866088
-61115299
-74893561
-19703734
92962005
-29576348
44911168
77314905
-20093467
40001169
19358056
23313092
-81422017
-4166503
-43630311
39792018
-16749208
-68988228
64285791
30823209
-59835315
90398651
46175138
30980925
3392281
55382535
88938767
-18800374
73186203
45495440
-18756536
-99599815
32348155
-25717494
-79097899
-2381944
-20511374
-13763198
96002918
-8063247
-47871598
-65867690
-83990370
78205365
82240936
85387043
18165244
89609982
-96738732
-41516257
-89346665
-18194494
-15981882
-25204409
-39381752
-97137486
-79446517
-76585392
59523172
-97238203
-3168233
38624991
20143883
15945040
95779843
17050730
18819006
-8424889
25372516
-44581131
-95473972
80265924
52688897
-5586875
43589968
-25015585
-48391931
5052437
29744544
37062632
-77376275
-4800888
2644440
-91939873
59991037
76155232
-36133113
65198659
96991595
-19405384
-11525548
-72643998
27495129
-12247007
17931069
-86032339
84308573
-64368027
78658678
2822046
-39097332
-90129967
80331404
-78852235
-91846012
-46510944
-33614354
14594073
-20650271
14170943
-43263831
66169133
19357107
-43552101
92210771
-89470016
80141742
-48670485
8187277
66128192
-43772263
-25294391
71667844
92509576
-61982667
-7825151
-61860569
45556760
54912489
22887025
81141579
44447386
12356391
-98169002
-55760771
41937776
62971080
13312785
-27218207
-7497644
45390189
65877543
-4719636
-10372986
43905378
-79274189
10304628
55386625
61174598
65397493
52197526
92046047
23050807
25105043
-90622847
56884361
-53065297
32193696
-15623963
-22940717
78011823
21571939
24050260
-80696057
72551159
-35135657
-66979229
54448282
44778301
-86954507
66415059
-12076746
51625964
-76863559
38449946
91815080
-21509721
-98363981
55931952
-85876034
-17262939
4224013
-64975126
-7308584
-74345106
6430036
93180069
98230506
-65254506
-68847319
-27295856
1668403
-24649219
-38537846
55697723
-85562511
13207070
35667057
31745162
-30417575
-89338458
-9577453
-37347417
-27219649
-88941004
-61888530
-52015878
69734289
-79132909
51866063
9040081
52952915
55092573
910540
94410773
27975130
-61885015
34456664
32129176
80421492
10253605
-25967889
-15284714
89554788
12744458
-50191268
99314630
-76165240
-49134319
69644918
-33367568
59752598
-65681628
32376169
48259444
-35949041
20162696
-51008460
52869241
31639094
-81314167
-96102061
-33029242
30250435
-53667792
72853331
-43178862
96099221
54219056
-59484222
-1803185
-27084881
45685768
94684874
47024536
512476
-55283932
-43040357
11567804
86027334
42108227
-12258493
-90220680
-46207710
1497319
1089612
79886942
86898317
-87686455
7993029
-21095159
59045279
21380531
83206941
-68081190
-93004952
94541115
-52827226
45173835
-66858694
-23571535
-63490465
-9294065
94195934
97580888
47219684
25184916
72130643
5185098
78408343
25156955
59475260
-9053665
71089781
-29173543
66914178
64558140
77017565
-4021779
94293617
-18382524
49054848
-7052301
8423034
87289864
47492395
-81863716
-41566899
-86558934
-21255573
-70311684
-36714147
10905641
77282147
-38600552
44832956
14292320
61388162
-24757966
-34895326
-46034111
97728719
-811000
7760634
3305138
29833420
45246649
40543649
-16478622
17879579
-61610780
-96539428
83647359
-40123299
48295179
6465878
75067881
32054480
33225494
75614228
27934067
89713200
19772114
74918353
-50219320
-77203598
-60970319
35647955
32373671
65681544
-34645804
-80597587
-14890189
-63594981
-81755155
-3886870
-50876483
57889093
73998495
-45039373
86306008
53515519
-90285523
37725598
-1761956
-72246828
94040633
-4105743
-18482086
-26627162
-51742565
-41176071
17011341
-59186813
-18274559
-32124475
21839623
-52277761
-84683027
64654268
-12860235
-84848859
62613299
-65428770
2760590
4354179
77920328
47337527
-17332653
21528799
-26434689
49252683
53606021
20157981
48344540
273748
85703012
87122532
78753476
75679464
-96295689
-47782567
37401047
62324369
22240948
32829832
-19947688
-62445965
-18166596
-73333939
42354778
-19470122
37369495
52513645
-68033097
-20506512
78782581
-12625863
68638616
-28526105
-73872419
80053976
-26888762
61864522
89996444
71258329
-51774027
92386593
-92482932
31300291
3136489
-36727622
92482254
-36436928
38639379
-52517044
75706104
5578012
21033697
-19052379
-20506906
82941232
33167249
8268806
91756337
12197373
87175079
-73280876
1346406
-57613535
30747202
-38270900
88905594
8719110
-49899680
56929009
92567719
6841865
69277027
-1738854
95025065
92809518
53500133
-71336380
-57078788
-29846080
75908806
55174674
-74925029
-29694181
-8403398
-47293434
79846914
28408369
4976536
5196282
-97820245
53755859
10771792
-31635175
18053184
16032249
-14903258
2136668
-55581931
91930092
-73872392
295298
33704616
-35915983
47266102
37832794
-34742289
72770709
-43160621
63256033
13390227
-70227430
26206446
-62839655
-73784783
-44269802
-59007158
-87236426
55068719
-11415216
96044629
25072735
-72412792
48748658
14261844
-71510393
114056
10695048
-32974625
27990016
58296425
91642305
-24202598
27518988
72866106
96898940
-71551735
10352152
33110145
38696383
-55637840
-73923134
-60793936
76831177
34857142
14492508
26282119
-56542380
-25905594
3259119
-97000183
85302173
-63897709
-25133336
-79544359
35686018
73909111
-42014283
-4970335
-70673047
-89721158
-93476172
96065892
74960896
-20765346
-51146077
-76903086
-45678174
82491701
37832074
95908651
85216337
93445257
11976366
-1536396
52844240
-47452017
-25252037
-48702587
66677130
-70972788
-317665
40024373
-42447972
84749996
-85515322
40259134
55359953
16177858
94968295
43361623
-47225909
4351668
81554166
77142877
89909651
82100622
-74716953
97219357
82889483
-69906884
-56462205
51576842
7310922
-86323352
-98259108
13658166
26182375
50724210
-834111
94119624
-26725955
-82575982
-85074697
-35728573
-80862610
19099422
31083415
27874620
46882504
34955886
78737409
39232264
-13993249
-60353613
-80929120
-71873523
17013393
81704552
-50574739
78207504
-35382415
93471090
10118124
40321938
-82093118
62455333
41168839
60442143
40622460
93412829
65491061
-25261625
31382446
-96678994
10286096
-83193986
50008778
28661817
-36838051
-28981972
-8116889
-14204685
-43337166
-23886108
35588950
20350816
38291746
-79986888
96825183
65236555
-16384536
83072393
-6896701
-17927398
-27299502
99763525
75479680
96389686
-1464220
-56878713
91667441
-38444410
-29366290
-64360034
9772339
-26152699
50608667
-86331260
-55057535
53974460
-85209150
82891544
-11234698
-39362223
24070629
70882706
-2777723
43624445
51522415
23535426
-47397641
65452746
78283686
-66709716
-63309266
15045842
40488288
28036367
-95643826
81810497
-29356616
-11180603
16854645
-51806699
87285031
80219981
45449722
-38784969
72800588
-5769728
86830047
-46744141
14866108
53479683
46707142
13619407
-40082647
-86206896
-28621369
-9606691
-32000923
28804599
-94554659
46845997
-4295743
-37530356
91670392
78887434
-74046556
61557086
82458278
79465700
-50721050
-76223143
-85965279
79011960
-54420457
95283799
-61445825
-9745429
-90784436
-51986328
97614428
-7194964
-74753116
47731022
-15457332
-26801133
-85396355
10235037
-20393060
-62040472
-48171027
-38598957
1701820
-81654086
66338152
40178632
60291868
-87523286
-87238266
-45544699
-22952029
78846771
-49327789
-2591422
87478578
60973662
-29933731
51476217
14291069
53050399
35044638
47294504
-72623811
-42982203
-79573627
-94528493
80088199
7075749
-39911682
-63320407
35881262
1781905
53554031
-44310935
54604930
41760349
-60695730
74869225
-6926078
73548686
90446572
34994844
-66462994
64972011
81145331
-70189767
45790460
39353246
16507605
16935070
15637105
99947247
14219916
-77628492
76137504
65825008
-16281095
-20698814
-91453941
14133184
-85729524
-2373622
-46157975
85841528
94672349
98972039
-10242667
-84208592
7235558
26736161
65217465
-85102174
71646841
-1842653
60253443
-94012658
2619989
97496215
2752144
-83242772
44619554
99683991
-93858498
-45635796
25455918
-86088911
-44939692
-94432938
-68302477
-66044529
40133016
88627897
16059347
6154541
91521965
95888282
32356821
-26496982
-13698618
19173924
-3686488
-55167589
6545461
-72198040
-32003837
-92975228
-41120690
12086448
18600514
-63991808
32436590
-3668860
84652513
-51176249
-75949876
88018025
59884440
-63477355
-35442947
-14548983
-88136184
-22631271
37130779
-3854537
-55633858
59360385
-71945960
76839832
15937045
-29513041
-99370089
11156805
26387607
58652460
-58193947
-10437067
-16947505
-59516759
-88721321
73072565
-25980094
37553322
60253024
25209129
24911863
-68962208
893576
-69781495
94256523
-18806257
-48896662
81414031
92862493
-17354924
74880579
69601130
24272653
26751427
18200310
60191776
66381141
-57186639
-31544618
78887805
41454412
-63571915
-60902718
50065550
56167736
-58347492
52885630
-95068075
-54436796
84114290
-92619812
8975881
-38683111
-41995881
32396114
4576315
-28747441
-28446205
-20675436
62681874
74169914
-73353802
85879891
-76074536
-91025307
-79542987
68809704
46017433
89105136
-41707496
-73171789
-77675355
-78733485
95685303
9839496
-23297719
-38315209
-12924172
-80463802
35272190
70696675
-61943608
-73907975
90928493
-97486503
67230287
-59174178
-36612428
59878796
-6483925
4656568
87517538
26406097
75282445
41768106
-60513753
-44205854
-22136021
69364696
-13209291
-89719389
75423687
-16816432
-71620736
23277746
64108984
-10651426
-36121004
2289556
84710104
83080665
-44867832
-39855729
67096327
-96534506
-62489415
-14439161
-25222026
-28679109
-26273790
96921471
-33940388
32645674
-77331904
-50477927
-44631338
17801199
7571875
37827869
97874766
78936669
50559938
-86272048
16838158
13720655
-3649282
-3339306
55372660
99931453
46645997
-73645844
21903883
59933094
28967565
-6564041
84587073
70032553
9942062
-93227995
7799302
-8687714
66824247
-13368487
-44336794
37059532
-46719597
5191874
58672170
-67482843
-53786230
16696640
57701525
-52841324
77886309
-53187862
18771338
45265975
1989078
-68973156
88637030
-80931210
-59690178
-2944424
-13072570
-71828066
60841553
89664988
-49729130
83773964
44063885
-3783814
27805509
-39197808
-32028864
58981691
32925659
-29886446
7465039
-60555252
-47450455
-32804874
-19997716
35933667
42659512
7050794
41595821
-84159445
-53326951
-36004891
-26867347
69465955
87653407
-38892558
-41900328
-64905764
-42097564
-84453266
61936391
-7329909
7373079
29279532
24851252
-31179837
1356347
15671470
34540022
-19836229
72202705
97168839
43714907
-33260353
-44797409
-53152156
-66629626
-47256027
-37051907
88715240
-58929013
646093
93364224
74487657
-9452343
-15358052
-11001669
28261047
30710175
-21516700
32362571
43721119
-41374039
23590282
1101433
73718336
-54928323
-37287402
-45690716
-50667721
92527671
-501591
-42704898
69023563
29367408
-25674387
-11542259
41568039
34399990
-66462984
-51780705
-75114760
-78409500
-82922608
-97279006
-25250623
-72680055
-31871329
19516076
27359011
75939197
10985253
-18355301
-33693688
-58607821
-91698909
-81276255
-49441904
14967624
-45200241
-99090049
-59941633
13917742
-24888619
-35872668
-3636715
73341904
27610840
44763130
-5436746
-76379368
-8571522
-47803791
13955163
-54985148
-30016068
-43809690
-85003418
-59446418
-13036484
21729520
90680710
76820912
-24509233
52281924
-43030597
96284706
39574636
-4463959
-49012381
37047244
-34067349
5886312
89072881
-84546625
95415982
-76471849
10397488
-70510073
48313368
8499934
-89752119
-77403216
89130535
97764884
94083298
65904519
60106972
-27280990
8203764
43390008
-76264567
5031521
-97813399
9963991
-14530603
-52375621
88100710
61415567
-15804721
84350751
-76415820
75692424
-2869669
-53655765
42680063
-5571938
-2966454
51430102
39704214
-39979464
68242292
97876004
-69776152
80500042
-39106486
-95871646
21946913
-6490984
-37222030
15033989
-7046366
-90472619
99058746
98249125
-96384902
21285319
-29110338
-29197294
-51333457
29434655
-97309600
81075109
45071382
39637961
58525166
59609457
-10486271
88846180
89352397
-7462526
17875322
25090056
36818150
7892935
-34328470
-98367877
64659840
-42876000
65085322
67965007
21979592
-49748487
-70102701
-92605557
61834758
37638029
72203766
-78593860
-43578053
73515521
70693913
71943226
-39692229
25827786
-23589974
-84931519
-83261051
-92766739
63248238
410477
60557361
-28286354
30897711
99122349
21309081
56077468
32082625
48073064
92782104
-43052577
5198871
59285518
-60431958
-84061953
81841122
14329040
-48699687
-8948612
-10775121
-94320232
40640441
-71025153
-4417619
78012603
70535099
-10671051
-21080543
69373860
-78304960
72472557
41608193
24417719
-1252736
-82527231
-86717467
-61723665
-61682339
-9263019
-21693381
-76597001
-74926072
-67028056
91055443
-62233689
19697535
-91886553
50176753
-74565934
99410470
78892074
-5682992
-62059399
-52284512
-34753549
-15689666
-20513118
90620046
1949180
-51273112
30991581
65366038
-77304830
-83048922
3915592
60957917
56436362
-39218728
-67994655
51746337
39092815
-77141599
-57986114
20067303
4389108
-8453226
36865469
62881151
42707439
95074403
-76188016
-60558665
-76831627
-20726073
-60278447
-36795168
57246620
31358576
2469710
68283614
-36966566
89735414
96381319
10932135
34072976
47843953
98728935
96786977
-26288652
-90725722
63515599
46170793
13744737
9595440
65525066
65144146
-50411304
-55981428
41126527
-63690444
-59021994
-65592537
-84334462
-16109413
2465642
-51784427
-42093518
-84641774
44570208
55720017
52600958
28752100
-424340
52674935
-68603808
-12520337
-56195098
88255371
-15287650
86724799
34457009
68507855
92014136
1196036
-93353074
43639883
-41744771
-94274660
62673650
-22747469
-59390903
-83088388
51995770
-65021970
-94276461
-41036790
-96284231
35685881
37590187
-80268454
95744475
37750344
-86675533
91805680
40760884
52444385
57447197
-57401071
-14057390
8139382
-50719824
-13291503
-11984542
-73383032
19668266
-7058024
37924011
-46293280
-32680090
-50816702
85940336
-22682882
89678047
-62722326
-73522847
-67555961
75930159
87372478
-85830574