59545507
93592491
-13832419
38207815
-46333417
-74970124
-75778408
94480404
-30327474
-36864861
-104901
-54937173
-9134883
56665768
-60962572
72055892
47039066
-72273005
-83732411
59406694
37178073
-33728863
7068955
64187405
98654098
37144097
-82954762
-28790446
83774892
61354689
97331310
17930173
-22586420
-32612684
-67917238
-15854394
45151447
-24276206
57583295
32215413
-3874733
91668296
44221349
-6664064
-12855602
2341388
43269296
3363574
7584444
48167375
-93874655
39938592
34536410
-43220454
62161371
-65620601
27312328
-34963090
-12722547
71214452
-73946592
-169870
88625997
-95645640
79750978
-59940307
-24269978
-30618656
22621399
617220
10736802
-17950842
-69529250
-90256096
-82429902
36416279
-92716314
52138488
26861100
-93113638
-32248092
-98051886
54670253
-97296466
77036366
-35623332
-75364395
64402585
-77973137
-96932944
-50102549
30640791
-14415346
27027109
78839394
-27000373
65941548
96862384
-87195323
25310209
-87029197
-89451524
-88045240
-26263794
79531809
78674099
-80572911
53737682
-97331884
75558578
33439807
-94919696
-88210231
22100588
-1104518
30014898
-70671769
71630374
8689603
-92412229
85285940
-73421548
19809011
67089277
-38411559
-69756373
-94853006
39620321
-89625816
-69054508
12828401
-1931269
-27180316
-97638215
-67077972
-41871760
-12568112
66225501
37548093
-71688197
-34978128
53458090
-90833260
83001231
38645963
-2988013
-78669925
-72016050
-26156535
68953668
-66612726
57346305
35465411
-24754359
47759501
-21229535
-89722425
56743856
-97339783
78823659
-27728895
-10088065
-79668509
-31103274
60164815
-60329025
30655845
-63885109
-84521744
16945791
-89519478
-95148
-59849184
8499585
86832795
71385919
-44278707
-19414104
64321354
-51272148
-42486651
-51582288
-55321897
535904
49493594
20763737
75098101
-77385058
86112040
79069455
-93631119
-30890124
30508511
99551203
14783587
-67061591
87331390
-20359670
51777626
-84840169
-26381529
51194205
-25448968
-68163985
40692147
19869270
-75715875
-51922360
72797570
-75296827
-36285102
-21387862
-74790800
10747835
5347708
-15170914
-76032640
-26394447
-42316382
5837284
30595478
50483026
49811200
-34235775
-77251014
81962896
-71601052
77166227
28012582
-46086320
78719433
69646422
-6526365
-10695039
-74322189
-42533375
92438556
48889052
59954194
8878735
10759109
50964370
-65368638
-11549618
77635821
-92284280
5959421
-70341192
-81203217
48361385
67930869
-92586131
61765245
-86422745
-90838556
-21022274
-26781661
97416318
-99027406
91673358
-53782972
-9469582
-75078631
39118981
34956789
64768295
73389389
-61263303
82752807
-49733892
48418864
22245334
-41526824
83632534
-27129427
59689436
78819956
57858351
-84929778
99680660
79347540
30202196
1241848
35515507
-46514951
3067630
-49972792
54309440
-98753306
75045972
71482286
-25954627
67370915
19432253
-43077726
77659407
61293980
18558125
-92729772
-33274498
22022569
-5572231
-58653439
70152572
-16180820
-83630053
-94745131
44935416
1163631
-25927865
-79414165
-88112710
29385760
67678700
54611304
61393898
-36487403
-72405095
81778129
50648759
11181964
86312610
-30555039
-38559760
-56573009
-17361034
6862133
9784643
-19542214
73382477
78793188
-7657117
96432830
8470782
78178140
-78524791
-31033946
-57864244
91814543
-71274518
-1694039
-96207763
56507102
62110218
-23004028
50846667
-98951386
76679331
39403991
7093844
36231367
82314756
13294117
-20361470
56728675
51057610
-94840732
-24553891
-90250943
46385236
90396192
82501490
96822625
-31889975
-41949195
-42735391
95573976
39869096
-62894349
5131734
-69650455
61235414
-65421903
75920563
9682118
-72968658
44001426
52241116
-51232799
31526773
10696899
-78387359
-87485658
-17241343
-85290990
30933984
77619969
-39700788
-6107416
-50488149
-57073400
79472476
2325042
-56587655
-41680893
-66891528
18244741
-41929278
6049130
-9057833
-65348629
23711247
-81044317
49730610
51582128
78776297
-76338540
22413278
94752273
72538109
-39723761
80153418
33174088
-71980797
31649363
-10229817
51240918
99417556
17708125
65808458
1227187
-31844734
12662968
51930419
-8510761
94701993
-97598923
-98117140
49704155
47766764
-37195075
80471072
-26002566
-22103207
12943709
64512679
-52459623
69048643
30397036
-5280278
-54872830
53811670
59759568
14029338
-7671882
-18275805
90689879
-58196288
84551150
35799618
-10808541
-54891461
66286453
-14724827
95731839
-57419591
-43240414
76330332
-23941498
-80499035
6854525
-36205562
75931381
67312417
-89477296
-13268802
-73468606
49129393
45190517
-64186907
9180105
-1024559
-89618696
-7289624
-81842697
-85600272
-65897834
23076438
-24208154
-28754558
-51917495
56994036
-27069505
-45476006
18430259
-65351341
22382477
58876895
16490993
-60271817
-39676635
-33871068
-4013413
31132602
-90308370
-12689838
92580247
-82864061
-18494869
91061810
-94562018
-73207234
85195502
-8219266
71591045
74420253
42456454
-1277028
9141739
80407565
18992439
26801392
23321060
-57831788
-88408157
-7272934
37433117
-77522534
-70642247
-13094668
5528220
15148174
6107837
-71171211
75519017
78561852
-94867455
-94005878
3325564
63588083
71378571
-85170260
-67778792
-24520476
9775661
12977715
-12033869
-60620145
67002753
60832446
-93770992
-92106439
58586489
-34348399
76148327
-17686256
33687558
-97612199
24858415
-42162593
71622564
99487721
13601722
33746938
-24217576
35417388
14678738
98103602
-95618329
-47823493
-68281595
-93643997
-44419958
64871583
27185591
62498016
-51665884
35608266
46188228
39785045
12753130
-9002996
32990221
31159459
-49498852
-73431335
-70501296
-62117122
54869629
-83083946
85819431
79279505
88796347
-81719710
60693462
-51245953
-31571658
98040100
-33919538
-72435469
14799994
18166304
-93312634
13210750
-24672968
79418465
36051323
19556598
75241696
-94543577
-13454791
-72293708
-90764969
401959
89870833
-52267462
25147350
61820773
-65544176
54091312
-85618408
-51454114
-26363860
69500393
99643981
-71919320
95962321
-84714964
-5238124
12342369
-67804151
72873749
-57300207
-56825957
-14733957
-28318355
11636427
72007707
-36255783
-41422011
44951421
-34791034
-30000597
3291155
-12055579
63338730
58551252
-11620459
-41288379
44120539
-41222037
-56940747
32183021
-65300923
-28881324
30105481
20162904
61128820
-18408370
1404143
49047838
61096043
-24537952
42236039
2741359
61197084
-55246351
-24902082
69493585
17818158
88638826
90065875
68385634
61728112
-18016016
-9066351
-24313875
-96423194
65411980
5853055
19017463
-86827116
-48886352
31704920
-50382486
73041744
658939
85201007
18174894
-47972988
-82291589
58830051
-96682889
-45660403
73822951
37745368
74992758
5334888
53884211
2451174
-33176984
13063371
57899654
-90832794
-47061093
-69664606
16180421
-79078732
-22342474
57624987
6913280
-74359186
36330276
33757128
7256010
-10059818
-85196617
64065057
47801896
-35023619
5608247
-37024522
-59073386
33011496
-89269579
46803806
90565787
-69082271
95056104
66461286
-37352239
64272381
-35301581
35342749
60848095
22442801
99832972
30275515
-1021268
-53849262
61016229
92895897
-16048291
32431601
-91847615
-69824923
-47263004
-86921374
11300178
61308452
-79223333
-39997763
-95369842
73723367
-36193276
75541831
92580530
62156894
-38106181
-35247158
-61000977
-61610867
27192897
-71964534
-61525153
45660778
57693608
50434546
-45549211
-62193473
78922137
-79036043
-2648760
-87370226
93769643
67923267
-82660081
-32131333
-59279375
-98511450
65018966
-89193808
-72459740
-94130940
67691611
48962689
25110510
98897239
-21671800
99663289
-52272981
49367106
69268822
42497998
21145884
-36138953
11045209
-24625631
93984273
46282191
-94341241
-76417159
-40973665
-2752401
63143621
-53468
24670133
-9874513
58133819
59177572
-60238447
-99534674
3915401
12364790
-43638051
-17180410
85114761
-53545387
-13413218
15516912
30319971
66622638
-22489675
5955852
-40807964
93754867
-64469885
55972556
57925697
84209557
46606210
-49589277
-28672375
-50840197
-90719410
93769353
-34167237
-30965367
-93349723
-12083577
-42734684
93072959
96106858
-26470461
75260053
-95660244
21298976
-59124359
64202525
27988789
29047355
-54667630
-34854132
-48191308
-98668968
-47628931
2415041
-31661219
-7780802
-58536252
-41885447
-52045223
79915499
19796015
15220501
-1867798
32897539
92105123
97096384
26664779
-89147983
73399699
6024343
24139666
-53170805
71614131
-84584610
-26611727
97431995
45596768
-77837906
-15874536
62974807
-29436590
-46553634
-12401041
-39836210
-17479618
-33668580
92952732
5095495
-75408199
-10391887
58461395
18871238
60787106
-1375640
73608300
-79774697
-25561287
-79112141
51693649
32419455
27898106
70718066
-90790897
98111065
17492841
2773230
-69865103
-91364834
44009008
-64506311
64333995
47968227
53994787
53635443
958073
7831501
-86274069
-72710784
47191362
25331071
-67686097
-94095928
25713986
-20817860
-19301160
-22066820
-35574614
69484039
98189012
-12458164
13514084
-91248412
4487034
19937985
41344458
-15993287
69257139
-43658188
39582594
98848216
94464462
-63657618
-96723233
85739800
-82433140
-41330659
83715895
-11303517
-73418051
61202825
4092124
90420392
72663346
97383980
-98362180
-13276590
-92532615
-37773472
-41156314
-35859095
-28637805
-14647725
-83862755
-78218816
16467900
92404409
75777026
-24769068
69055866
-64554216
65653072
-12320434
-17134338
-96767539
14658573
16451807
18407518
8023208
64239607
-91522991
-81807372
86683342
85886936
59929454
30856660
80688491
-68856174
44345220
25628927
5960423
-40871048
83190081
-56259537
-93934789
53660434
-34939804
-66741979
-53890922
47922294
9853207
76044727
-27110517
65438868
-41030916
-38849971
-39994233
30913840
9858005
37697635
83826032
56063996
99971626
-16123481
-65965143
30256565
-53438888
73817555
72041935
13071008
-31343184
50180164
85235886
-98713753
94195118
32227552
564573
13777167
-60660850
-72318720
8756845
83276536
80964479
65870249
-28884501
-95687550
72192428
-41061862
-47368805
-60832236
-65823024
-2756064
-56492451
76251582
85338180
51959002
1920931
4962670
-9989153
-20093164
-80961372
5150258
-26949884
-34250643
36445986
34745564
23788260
-74144883
7327653
-87313884
-8808208
89585595
-6370876
36749450
38225219
-85151548
1221537
-20593776
-66209205
-36150525
65075332
10267048
74418108
-76186531
99742042
20392429
-75959717
-52371054
-72838063
95881866
-625960
65151336
96699915
-58342940
-81457325
-40488954
-36311692
-77409765
64411289
-62083699
12019990
-17160341
-22460970
-78164885
56465772
56762333
-46528137
-80806321
41661716
74051410
10843482
-40115334
70827964
54726719
99726842
52120137
-50073306
69193269
-95379662
-94565746
-50425270
-85289339
-19677844
28195952
-87697661
30836284
58745244
61435306
-56478502
-15373104
78414062
-82016901
96294463
32783502
53667941
43981361
-66018188
21025674
-99712636
46197775
79739929
51195681
-61252077
19356732
99624115
-81867397
36781652
-84188045
-91289120
24449571
-80931817
85155023
75588035
-19551354
83290545
18754390
50846486
47668712
-64321534
-12258464
-88289184
-93552598
8881558
-99893230
36605817
-4279756
-76440823
82223950
-29693738
18984556
-43811716
50519940
78342522
22872028
58784352
-37236145
-37300413
9458485
-82942929
-88770386
51429369
2980089
-86121512
21291079
93247114
90334742
71584195
-63628025
-30637300
28180454
-60732590
-32338291
-30027207
-23392672
50551549
-55475604
31433471
-67047959
36673896
45379390
-10437549
90336329
-46299027
93197674
-12516278
-25780399
27748407
28584859
-18712381
3762911
-81350641
89896510
70093119
23663881
85684123
13125950
16621018
-5962390
-73681640
77584713
-81712994
-59312663
17178479
-28077033
42449547
8115595
-49542236
-73815796
90782079
-68121102
4519035
37882494
-2356891
28085696
-4110313
-53356315
-85088689
68498134
-3910927
68817755
-74913662
-83100450
3617150
-35436410
58801468
26588429
28724776
-51583968
-83889368
-78232147
17374254
-53008855
34332164
64901143
11109241
71138402
24867912
17123465
39967116
-91347336
58742316
-28533289
62535265
-77588867
63968573
-28509045
22666579
11220826
1651389
4818649
-98370045
66325095
-51469843
89636052
-88009342
12503846
93158027
40163772
-17307741
33199665
77836105
5687384
27719177
-55100236
-28689803
-11235535
-48375988
55264670
-80579121
67275488
-21403393
80016043
-91001988
43125557
-72071742
63002816
-52598991
-90989859
-83743899
71381695
-45384441
-33074339
81249151
4294233
74738907
-47739062
-98613245
-93049845
-97047971
-64735615
19249004
-46880219
80866248
25752712
-51472295
58299122
23298334
5571851
58375715
-94467079
-82202137
-60289730
40222804
85087006
-84997898
51243781
-54265476
-11320999
71160435
-58734598
68317914
62407504
70341173
-46682656
97800330
-16352281
-52836363
-92498965
-5794131
-31446556
40641081
-85210301
-36173598
23921790
-86725762
99226489
-68144256
-95700511
-97995558
-58057281
71633217
-23486724
69808415
44751954
28302592
88339244
71169421
-23976052
67535749
-50792050
-60907494
8819159
-47494276
92792711
-74919536
37403354
-28180562
17951392
90254327
87728035
99811344
40214495
-25793158
-73941048
-38168793
83838717
-46982429
6097590
-75542842
65071579
-37567595
-86119395
-86838382
70523248
65073084
-62833283
7370202
6107600
-8676091
6828599
-47655954
4942307
-37666371
24353177
5349448
-2240586
-86155816
-9832418
65279033
18757311
-34036181
-43583505
9666189
74200744
18694948
-95901801
49119740
67007204
82919988
-98573035
-67930134
-92014183
83956785
-86059793
-54152858
-18500541
-60133706
-88576182
-72692789
62045159
-75515597
-7402879
12019693
23612726
-2587108
11928996
-93149781
15459661
-25288429
-4975730
-48700372
-6347511
60928199
-50283672
53073933
47106122
-21070273
-87846979
89414581
82018245
-65188520
13639875
3425624
-34159960
26832324
-57717461
-25867829
85832356
-99097244
-90564035
57122242
39098333
95139894
11707389
46538387
-48562068
-94406289
27850350
-94625323
47028590
49084232
41991428
81992324
-38150736
-81781686
-11964121
-32155597
-51281962
30377213
-34786829
-70908108
89059036
96432128
-57530448
-60289938
12538298
-98116362
53494784
-29766228
-66197843
-38910162
-97050251
-47352431
99174286
50113004
-54082670
-5711132
2275002
-22770914
90799944
87782016
21885881
-26208059
-67141644
-36879425
-9728437
17936047
42931228
78058359
-84239184
56751592
82472720
-38626022
-25957649
24788260
-53817156
40465700
-28720417
21596834
4792326
-61973458
94194779
-19349034
71655785
-46414407
-55293961
-11912133
-4165494
96897958
-50031061
-22733844
-37755992
-79538550
28965664
-3862595
73280815
26285010
62932350
78912061
62353448
-33002215
63078270
-35140103
26966685
80815330
32027527
-87966247
-61625991
78148928
-45644781
12048409
-82873085
76011967
-91701194
6913194
-70314429
554925
-92140839
64307255
-23385790
-32714332
-34260793
20173371
-75382515
4942696
71691835
48126512
18866656
59742689
54831533
-86663553
-15460838
67020656
-23964805
99771741
77854963
-27464085
99363996
-30690885
65664725
-93925256
-81160512
68351427
62415671
-98416671
61853357
41271473
48701804
28089579
62529510
-79443958
-93840003
-71345495
-49022453
78529427
-25741065
36057123
-67129951
48309346
36835785
39545987
8230032
-94379380
-6784987
-95579094
-66772245
17223860
-44817706
-61481850
-71060052
-50475230
-69280087
-38996418
52439323
-36687205
89361248
19794848
54081506
-50605452
60750830
7530032
55054702
-89916445
-90983139
-12378876
-58558465
78002211
34611085
-82162053
-97049031
74770812
-85383803
63081336
-13504626
-87573228
-23227744
-18539532
-42560317
86975143
48356833
90575985
-82360817
-17390065
-99375041
-81248070
63715588
72663940
-98297484
-73861274
55616503
19196778
-74059646
29603635
-39326917
24003350
92594183
-91585561
3752423
-72255177
-887721
80757633
-49217180
-62578425
-50594180
-53999841
-97737921
1693270
-19161174
-24239614
87385703
33567329
39344951
-47976050
52160647
-33451828
-12642096
-23192805
16912364
80414980
-23345316
55395119
-97356704
-47438330
-25027284
33598265
52782239
-91424672
-56063404
55379758
71221003
-63668823
-77322307
7293202
97280063
-96658995
-16053958
-97421764
-2057201
8986355
-76420520
10889559
63844019
-61725257
93226494
54586349
-93959034
48356887
83087602
21634212
41063165
-71896762
-64985540
-92950347
-31547582
49203128
-86121288
82937183
74788025
18227952
19091502
47075491
71406122
33125220
59054106
-39801509
10322572
4916540
171302
20163500
78801978
-30791276
80373485
67156182
77300439
-50075386
29257475
-74083198
69369832
-12684947
63809229
-80863004
94660272
-12964526
-58084865
18783583
45737446
13598872
-48242746
-67197844
33401101
75041308
-90875122
-27841932
31627458
25372842
-64601294
40750255
-78245111
-85406659
86853665
31839607
89244624
-28233106
-53903485
-50382878
-13025806
96473844
-70082759
-31740090
91292335
25188087
1573545
4137263
-17449650
-98515330
25726174
-76686422
-63589441
91571237
25022718
2899853
-48525686
40819654
-95414361
-83174339
47054297
-26655062
27557335
82711450
11096554
63876357
99851826
66836418
-81662852
-60413129
4431236
70860525
51534613
-42887160
42344245
-43408080
99618994
-21572875
60968467
-83496656
-69682598
4469218
-69533887
-56301326
-42978407
49480658
-6857721
70843134
-63821306
-38367081
45099099
46139768
-51320585
-12475949
-16516159
31996239
69628536
-4670188
43130154
-7999572
81283624
35028238
-56917750
91447670
41744757
37087170
-12050351
59220738
-26169953
55104552
54171668
-98798148
51557204
42620042
-45076092
-7396876
40472553
36142167
18542326
-89139913
-55859130
95885578
1488129
-10212347
-72110290
-35056662
75379916
7405151
60266390
-76548306
17098387
-37512641
-72224518
14551350
-86888196
-52532484
-24398149
-92974121
38782004
-80496804
74169761
-64743129
-84518119
-80247715
54984199
-83793714
-44334955
38798765
5044542
55016278
51183451
11562294
11599853
2577616
67663701
56732323
41722364
-90525314
-86594357
-66329466
48352297
-11576670
51341792
83918584
60223268
-32192934
90877707
-1788676
63634002
-38805676
-26550476
4737858
28288071
46903797
73096824
43057621
-2443479
82244354
-56170072
-49764280
-22182906
29418511
6858338
-83089558
53915527
88819495
54730952
-86952465
-6973996
51850147
20723660
30125509
31496552
89746397
-77562386
-38422646
30032003
34316941
-57968184
31268091
44317653
-35635981
583243
-37928243
-13700154
87528450
4082897
12286102
-72396758
-77845734
65113856
37121174
-69630599
-96594412
-98211334
47496556
-7522841
5233662
51290476
86388562
-60633190
-3837841
-87271410
-48978686
47633371
-56840374
26590808
-21330520
35387674
88754297
98193620
14617139
-47040661
-93513562
-36279758
34313035
21161534
9680839
-30919891
-61177029
-85204800
-3443954
63108569
-25974600
-58637292
5882269
-5809135
77424632
-10628966
-87493312
94475589
-45079541
-35330016
-10549182
81957082
32810415
16983100
66457202
-31207844
-37228784
39938145
-53000656
98602818
44796766
-79943864
-61116924
-70323204
-34980854
-21781972
49441615
-19653096
-56980044
-29869731
-95240874
-4724547
-17383183
-42557460
49780123
-49889721
77746233
28467733
26903382
37683617
97580462
-305007
70160045
-55435501
-84423107
-39764143
-95018698
-50536081
-96403378
-4669059
95111927
86104144
85501302
4454388
-74389347
59006491
23530658
83538875
37713407
3640062
-60169671
-89770257
-62908238
79548414
-4754045
56197383
-20699510
-12581795
33238790
82084119
65832558
-73625145
-21737414
-83933390
4095791
24114913
28454430
-49878005
-57548630
82692873
48879493
85735094
-31291001
-54809160
-53126772
18569359
-82318532
46382897
42961900
-94948308
41064681
-79736271
-10316659
-4012598
56352148
-15112889
-38578614
99778412
-56205647
55681640
50177678
76785860
59681180
85992813
-1998964
-95118061
-46667577
52681689
54864099
20051196
-65383751
-17152102
41788714
-56994078
-48218506
-65183482
-64940572
-94441210
33766800
28928997
96532021
-94388216
-88515111
-54051428
59569720
38004532
-48164116
37044411
-6396084
-69656331
38295738
14759936
-57724572
4945765
52598463
3094731
-50680554
70385457
24338495
4423759
-76215297
-39778286
-29604567
78135292
-99530823
9603566
-76261897
58637081
27584316
79390407
-16129619
44600605
92657993
-6385320
17289041
-42506089
-2123115
64130830
-24805664
-73674507
-77243572
-99027618
28390683
-28413898
-30184520
93752375
34625894
-3653081
89214425
64690317
-41120816
-99214021
-54309313
-17807870
86105894
-68539163
26296830
82766498
60943160
-94770693
47866300
22395344
-61201079
20539924
13870578
66005369
-52124534
-64392406
-34816839
-71326595
91852128
-9783136
-75935013
96384809
75273704
-95441167
-88931802
72801359
18876333
11883093
28988707
63018775
5064794
66697877
-83396991
-56558579
-29728017
-6736724
27473471
-25238547
8080265
26009850
93783040
8119899
-42825915
-18112199
4479559
-80205779
-59610752
37242228
24806967
32069048
40711036
57273678
38131903
-28548565
-67876648
81877468
-69879205
-7157258
-15083294
-11732096
6264404
-90585708
-53706016
84210234
-41746820
30550984
-44567498
-79327226
-2837940
-9946085
-42868500
30349892
-11626679
59278949
60838887
78596960
94222359
-78288796
-33262624
50201494
70551827
47998100
31868916
77323705
817094
-86278353
69439111
-82692818
2949565
3297784
-79650186
59329536
-67571652
15713968
59675111
92602958
44529453
32663083
95457224
-84787357
79780815
-7526606
-13301201
79698302
-8627183
80241870
-98172888
33649805
-7298745
-90997138
-96290103
-72216266
-46849233
88666902
77584759
-84619127
-19993834
-9598343
65219720
52239748
58115775
61499711
-11338707
-50482170
25147799
97174318
-67797736
37379222
11538690
62058294
87366219
-68339277
-23327035
40985606
91823374
34056141
-85170035
-23704488
76806694
76286635
47894426
-88747041
11670749
-51993617
7359872
-92188722
20131237
-36687229
-2565332
82777010
-91347386
-67470974
-46696763
-78181714
29864377
88481794
-38987663
82145133
45817584
66996547
-8552331
74096898
-73882691
-19339973
33377651
48740412
-94231322
-99088070
83430648
92396017
32531325
-94835705
28948695
-12813401
-63266439
92937977
-52559007
-99833016
-40396651
32488293
-17204374
-84400004
-31424481
11462130
-8713381
13482389
-42921160
21336600
97546874
55114723
11821392
26674556
75903506
53103468
70145973
-85987568
-35756649
-44420709
97340689
95996957
48684348
-73289240
-63257873
-83482599
-10498305
-86604922
96882081
10998853
-34811247
32648895
-5052868
45367572
96122458
10270957
16244385
45648637
-64095205
-10122753
-40347772
55762392
9768898
3517907
87159590
29992823
-9755413
-50822439
-37661535
49519892
-37118724
10233153
-71907026
86943742
62974919
-73979237
48561174
72508451
53936209
56827292
-41770738
-36998073
95404240
-89650397
66699475
-70022826
15503506
-8384704
8878621
28798947
87858250
-43150421
39871526
-7328894
-23735901
42017065
17828598
74372296
75485996
77528044
-73287131
53800688
-59362899
-60750661
-78155196
95032904
82769701
27551980
55422155
-59892288
910997
-49808289
25690205
-89485409
-24723419
-33567047
-27463812
-30338396
-96747770
-17012509
-16541064
-40042574
9687575
-27417432
-18047834
-85063977
93773122
82442727
-21030218
-26880558
34191566
83776110
-59916722
81203248
-58732844
-2514372
-93674802
82477064
-86302782
-59037232
5050981
-58195457
-46496409
91749297
46821643
-49531466
62203435
-33268481
92392716
7633944
79371073
50295123
-6463760
-6569934
75943189
-30844038
64047947
7219596
-42475809
37251507
76041261
-49318581
32877651
-96704398
-46899706
5148882
-31489463
37254437
37583925
26581827
-88390670
-15919358
-3305634
48451110
-2839449
4904453
48049980
83849036
-64440478
10684989
80471549
51207181
91002600
-20722803
-28022904
98298056
-56014388
-1557452
-57793114
-78857368
19310309
79153384
-33508989
-9832410
75779549
4655975
-12100892
-99464925
59386266
-82750382
-94011215
71053698
19128078
-18031905
84997073
53642416
13575091
32782848
-77848340
96872508
-64178677
-42891028
93299584
16657016
15889758
28774344
-9165639
-55067150
-23985582
-40801307
-55923838
-47465075
-76609800
43652416
-57630299
56732504
60671815
87595011
-97785664
83076914
64329841
93296574
-57784854
-29589983
-44452341
-82154857
17483202
17744047
-70043786
-99326755
71413498
-52881479
22220486
69259030
-17478265
34647601
58962728
-10530027
63822092
27558531
72916059
57793939
51482429
-38808974
32775772
-20277560
-67157429
-10974572
34544658
-20662614
-25234172
-67362360
-63315190
15239098
36390566
-50109988
-65097134
-5435624
-17949671
-65308099
77093581
78567741
-2812068
-55917137
49324576
91562288
68002789
10580506
-59141338
-34862383
48525968
81325831
-94483313
-89143678
33808838
-46127546
-36933268
40537550
42089052
20900287
-12000172
37769295
33627006
88293383
-44721886
-27380560
19675836
43700770
78412143
-90660896
-23480157
60043700
94110766
62585735
3672752
67926754
-92372678
81133967
-71522313
33806216
-69213146
84529070
-14927841
-30499666
-65533619
-43512138
71450736
-10431141
-2792618
-87619713
27617598
-91669866
90798777
-15129943
14569525
67397136
-70233396
-6431590
40289080
5507810
-71602045
67992649
62672572
63838463
39899342
98218866
-3492804
-73870077
71447531
-48704544
36237676
-70176954
16562898
63150148
5277150
-78171047
-93842699
-25809493
-52415675
28437650
98803470
-25251848
75165150
38355992
64418847
-56142084
-38771057
-23997121
74145320
45385657
63957933
-8839696
88381716
-41120285
54946017
-99529289
-99364499
-53059058
44722502
-5242791
65083143
20825082
68040276
43430434
43916735
-76775339
198236
-68797941
-76221952
-44807561
-65435673
-11647656
90169920
-6826227
90716311
-39067596
-91588090
17755040
-7006189
-85439027
76601733
5612436
-72030767
-2479637
9429079
-69500036
-88146588
10324025
46234670
-14540533
78588177
-64558781
78143849
56037509
-43796181
-91046729
28491187
-78362190
18279849
-6241920
12483629
49058960
95969628
35977475
58317675
84604890
-2948413
77052992
-56100566
-55345961
63228245
55457756
77316577
-82656273
61850412
85763273
2500675
39878095
-57512862
-72947836
81092047
-22871253
38886164
96046922
80844237
13644974
-27417000
22577298
13739904
13699558
-1612540
49833139
18100275
-40910916
96868805
98926542
92986208
-29998551
-96909436
-36352692
-14643198
50210981
42152514
16721739
52616731
-24186344
-21163228
-11000194
-10549711
81850003
43143401
746713
-38257422
-3371200
-95735945
18599256
89905012
9616424
-49308699
29604392
57655202
34554060
-22641340
73341785
-8670101
35189283
74632556
-76770767
34269048
26843733
95520440
75815682
-71648246
4708693
-18006026
-9699614
54992041
-38742760
23979028
28981375
-51383610
-35612852
36176845
54115784
-44682273
-70457867
-65198401
-49102169
45075085
-86096767
-12877187
-48707457
31222893
31427668
66295457
-69968178
-24675009
-7475011
-35058072
99906142
-66180006
80187192
15403743
-36446096
-55263185
6200769
5222579
85787941
57057657
-78860982
-85343932
11196989
-29447270
53796654
-80170973
31936547
44331227
-53737459
-7219060
96390871
-76512124
29231486
-86461933
-21586173
60721667
5501717
98343799
3015487
10117182
83848787
49942652
-95909471
-24607702
19534346
-4084
-59603135
-74892153
-55292098
-3141981
46829944
16124695
84135133
-44125648
10184387
-96061804
69136764
-70459031
84862054
62124311
-53129647
-98417714
15918786
82491043
96771236
10195174
62741449
-89506864
-41090702
12770918
-14560404
-70008344
-46973383
-83672701
12098613
66906376
89863676
97888027
32585028
63202632
59432682
13503798
50217356
86197753
-97118332
53139211
11134163
41260774
-50002538
38907498
7150574
-26859555
-64951236
10920654
-89807109
37547476
-44576063
-93442391
64198447
98209758
89254626
71288897
67354040
17442946
-58976946
-51178539
25608273
67440384
67612538
55165767
-20385893
-26793577
59508801
41660207
3156530
27749259
-33140735
27687816
-70112077
-39098521
17903935
-62684283
-80983461
15254529
-88685508
-3913793
52145599
-23379386
-19299098
-77259669
-71276880
-70508975
38924702
-4901911
-44242392
17769913
-73988016
65674492
-21736069
-6397755
24752780
82026414
-66701469
5764820
48685564
42153470
39930017
-71172579
37877135
-94987099
66247699
49152564
4290884
-62776108
79960576
16510624
-66186113
79605093
90842253
-71685740
85329675
74861809
-81194207
570452
74039839
-67439968
56466301
54983105
-87315672
-78419067
48159029
61340084
-23108071
-93200968
66307802
-26610629
-80781113
51601650
33439065
61773675
55220698
-59238655
-16094282
82966230
-85215154
-46737491
29477613
-39140386
-28431986
79823593
9537722
92220812
57958704
-86414186
89327337
35239400
-52832169
50044055
-60851215
65082975
-46900196
53957109
5785996
-76379335
64386739
37604398
-67146476
76854612
18946241
20421898
-65291261
-90518830
-95922919
-74045951
-43363095
-74091235
55491248
-65184959
-23172987
10404839
-33381352
38660632
-33807769
-80414756
9588710
-76701582
45588550
44322268
21836895
-96324033
-36402690
-95081189
16067481
-65975916
13268644
51243105
-55269256
-56809994
-62895106
6624055
55333515
92254523
10345432
46231520
81097683
-26175834
-91118246
-71975138
24032448
16804201
9790455
52858142
59638079
-23194061
-69910697
32919136
55210728
54151882
-78121987
84856593
-51779540
-74932323
-67515458
-30071292
69382426
97085576
-54897856
42233484
8460795
-88949696
-4239278
92545319
29443755
73958749
72452107
89175311
38975484
-22842208
50180116
20565209
-29962968
-96970505
24320483
-41308265
-8403169
26281394
-86549481
-54331584
9846424
79967032
1355150
-85886325
29780654
-27259568
39628509
-64723241
-4707184
75961018
88186020
-80381793
-39234379
-69432419
-45770861
-41330412
72211625
-92741434
45226022
-23510292
-16455416
-17775097
81795270
53558915
52245899
-71381159
-55624503
-93919437
-13360755
-357788
75196577
55398948
38518119
-79944310
-95103083
83486045
66588801
34280604
-29867230
97129023
93766316
87238584
55819367
-69098599
23648411
-82510651
99809664
-93576581
22815134
-2725109
-94635183
13805319
-19943151
-80707023
52884531
-63537227
-87167471
23989539
-34434438
-24636768
-59698309
-49077963
-89460725
-88976117
-84543838
-59585192
-18439648
39848875
80633007
-84150202
-85923017
-97096283
-45011944
44042478
81594288
62660187
-46104674
53137617
-41750751
81896556
16494983
82971280
16654131
-46871616
3615744
68188591
30483781
-44416396
-42214412
-26811123
-98103589
-19423154
-20618146
50850806
-86836329
7126669
59786613
51213419
92490206
-69313386
-59719717
38505914
-40941255
87907753
67421998
43591268
4595485
-8604428
17464110
-45924852
-91746283
-92795351
64833013
16580977
77176916
-50176890
-57706342
88688280
41529187
-39603164
22025785
71066845
-40950396
-83008750
44540105
5437811
89476513
39958057
34681669
-60569238
-54854898
-94028988
-42837882
41224398
-82082062
-35243207
81826250
19781188
6556218
49956366
-83812661
-53066652
-77007769
-531555
-6580895
-84429153
-26945078
53336829
-61174192
-24757799
-86248107
55924092
8880060
-92819637
23994006
-75325450
83200297
82680187
-9367479
87483599
87617969
96496686
-27019095
10283929
55873115
-29661499
-22601612
32003217
-42453193
33146453
-94850122
-21118868
15490013
92869680
68963238
39382890
92308387
-24720228
89604003
-87587020
23489258
-7983480
87536624
87747375
15606041
32032547
10601260
-82586778
16700816
-18313121
89539207
-26636294
14736477
39180869
-2679357
-16568283
-52629635
41422605
-9171257
-59136782
10664243
-73514606
-45724648
-37055481
-98050857
61430110
-33588944
-91770796
21902152
-11745185
63788392
87504310
36785976
32137075
-18459797
-67675692
58712039
-31262060
46345193
-20901037
-51697810
60269636
-15239851
-61372727
-65618640
-82262330
-77441165
-84784659
40426685
48477514
54950025
37420446
91575656
-5079077
-40818248
74273193
-99778431
6943786
-5708635
16450993
-19754110
-77485633
-70074525
29819716
-83935086
14780891
20509922
68990738
55851541
-32277444
99171969
-10796205
-25903836
-55985221
-19352271
98396457
-29146292
-25156973
50121009
-67515453
23102748
-12337068
-44366774
-85763462
-12158491
-83753589
86770772
-98339530
-45207766
64223938
71558794
-26818360
-80499930
9885535
-32535723
-87427190
-20149845
2682344
-53219201
67301603
1562905
-14800124
-25036502
61994505
-93483914
58335680
-22259362
-45559797
89203502
30505936
77973730
48603449
48333439
67291138
78015818
-50796836
72033318
91696203
-54935984
83296097
78091936
-72771379
44552803
20490604
-19015399
-67140681
5324000
-30058351
-61613803
-70005908
97401993
37140430
8717236
-67098563
5909006
-43573159
21007926
-39514030
-46811306
-1667218
-85157324
89087592
-85711420
7919532
-14399744
-31160854
-91931095
-57344999
52502872
-7191825
-5850433
37601626
46269786
-78961355
-66762612
-52852524
35433505
61938004
33640318
69616382
16452299
-70537176
23590576
-58047810
-87722060
80512054
73048711
-47278594
24694224
-60108695
-21618213
56426057
-96375762
54057033
-57701796
35617128
-46239332
83002421
58052564
64180001
86462049
-54219564
-4554496
-48037030
-91024830
9184312
55627023
92113618
84066363
65307768
-35986809
18746618
-4903838
-77705260
39550165
62403807
-18690898
5954850
-47379863
75107196
-86131146
-47606518
59837143
-84661438
30146042
-77926808
-19776326
-12597176
12168384
41892551
-25429339
-5498821
-95383249
-16872537
19984922
-86122320
-61141401
27540020
71081627
32314081
45285372
76629415
-89973067
38380860
53488345
-72167809
37891426
-45541795
17688370
97615836
47636804
-5265925
-56892428
-30356440
-44149709
-21175006
13196007
671647
-76671458
-8465366
-66995464
5164619
-17270426
60141325
12552268
-78669985
-18384750
-46968624
93156882
-95093728
27353516
87407750
-60713054
-34525374
-30280511
-9804134
-47347092
-65603957
30115134
19927537
-68900600
68209324
-10742653
23464994
-10290233
-15844605
10445737
-45241038
81286480
-80918454
-24003569
22366679
11452726
39210385
-15948655
9712862
72843154
46990923
78392000
3827628
14027627
21863995
-97505200
-1705928
-8471994
55691813
-22233754
-23097599
-81672092
-28278119
13415655
-45842124
74268305
96522233
-29427009
78989710
43838830
-73019581
4406808
-17038978
19120799
-46004249
68891166
40265924
-87385449
-82774808
-17538796
87574267
-43214107
-96621587
90921903
18676744
-10915204
-71184577
14910555
58864297
21726238
36612057
-7883019
28309346
-71594078
-18189805
-66661798
-48853993
93755821
33757109
82766055
76773621
-67709045
11511435
59986189
95244675
42965465
-73867155
-9565914
-20227978
-11322822
93144110
77350370
36107929
27502095
69919691
8618812
-70318187
84211048
48698437
80040258
65083153
-54465447
47913185
-42735855
27728985
6461296
85353978
-27031842
-87406061
-26037649
29256034
25687187
-51777429
13886165
-2267354
1771916
-62440590
41972490
-18225285
-89597789
-57463360
-11427734
9256497
-39031707
-13558549
-5282238
28341585
20114220
-61792421
73016565
-32533320
42045050
82617170
43162552
-92114691
-36230495
-43324241
40921552
88460178
-34529060
89754618
69542943
10496827
-51360818
-22569993
-93609910
50716957
-40625169
79576148
-20493682
83053472
34522413
-62650489
52228645
77463984
3027098
-8196673
26314290
-91214340
10144082
-17061659
-48401040
-37333027
33976165
2448559
-80857033
-49827125
31446538
63906324
18015388
-99740371
-34865955
-61378991
5471631
-45695962
-79738819
-44912435
-74716657
55039838
-95387548
-49728442
-46138039
-65829878
-75932068
19758919
-81750809
-15002513
37425001
-42736905
83570474
1061172
-94229087
-41744198
24186700
-44433480
-55941090
-53836311
77535895
73864619
80633083
-86882526
-32620063
-31477721
-58477395
25505326
42389213
-67272470
-11620881
56209886
-46471290
-66966725
46736381
-13001299
67573528
-59196430
39794803
93015151
-88808167
31937773
77028379
-8464947
-35613000
-32047403
78974272
-39919508
56856107
-85275362
37635982
53604855
-83778322
75517494
-51706191
66747371
74800537
51839055
41411313
32186376
74208866
-61249276
70064209
-99454188
-91784367
86245865
28252448
-7117484
-30340751
-88784169
-62750513
-3738283
93880688
20246487
-39383282
-12309591
-55490291
-49976404
25655162
51731148
-87194816
-32491218
27311185
8241099
-61657071
-87756459
41287921
86739260
81725183
-67598109
28317549
91674776
81051221
-32499702
3382181
-80388640
46745278
93924859
27973361
-40543701
12945397
98260907
-71662099
-94019190
-59559937
-21284989
-85174465
99757932
-71120037
-41123966
22765278
-85760279
92871272
67247032
47906345
22350249
19324746
-8431100
83756898
90246379
32617398
-60943074
-48886217
-714092
5409453
40570009
-73514268
-14661785
96127959
18220001
93957816
1963574
-64991184
85518297
-1308822
-28998835
90023430
54876877
55818528
-40799824
24444678
-99137639
-86431810
67748357
31734389
-32591232
-96760205
73348030
-77866730
-5737769
-54696329
92686871
-35385733
-28326385
47690683
44629356
72484960
-21815373
52036320
-84746615
-63128282
-17764678
99671890
92328522
-41274807
-19743312
58538056
57640549
-39328185
401961
-77922653
52758991
62850809
15758359
7163026
13898515
-30042404
97510334
61449648
75903216
2524097
-23235751
-95019695
-93247369
36284730
80875574
67165171
-27796504
42786089
-20856369
-75761895
-90424583
-69785303
-74207712
-72577006
29261434
-53145030
-10698144
62108328
-97672892
-5032162
-97265846
-85817061
31236802
30761264
88452354
-66226825
-26354741
-62482289
-62791912
89315932
-53794267
11515114
3395949
-26277965
92717023
88896342
44448539
48271207
-7033423
34181655
-73029545
-26256401
-32660284
34492802
-39849021
81228088
-80277089
7868019
95916355
44909316
27145199
13572447
4922001
-97298103
-66476974
-89874462
-56269458
-1853313
9524491
31898760
-95959098
-8307880
88734445
-14905444
65763133
-96966848
2273391
60219070
56876126
-32691038
-61800073
-79288234
37958616
57853830
-94391715
62800186
48629527
-82376142
-46069491
87233567
-83830668
65194694
73932553
-78727622
70485411
-46186321
-36711453
97986903
-32140592
9706134
-54739340
-61138745
63517549
-74878841
-16721378
37059968
37205428
97041015
-97814069
-90279256
-97160683
626377
18269777
26796774
-45235176
-40507924
70494552
91472915
66099455
90950315
802562
3633993
8675417
84431923
23453912
57113256
-23914208
58407113
31215466
79539098
-45041276
-38384891
-89529265
61852879
-38416765
-53738162
7447035
-97297692
42558168
83578083
34422041
-38038959
-73560914
-2429290
95395255
57444942
32990914
34725236
82184146
-91133644
-59455689
50065979
47960500
44623697
32447343
57782582
18302075
30550085
-10359865
-37650153
-18637062
12968983
73747720
86878566
-91749194
-16846357
96214536
-95568946
97580600
-91452154
14025402
-70946725
-77968885
34293882
-67994878
25040553
2634388
-54365984
-53831232
-45066771
-79449889
-26505084
-2994889
22500468
-47337829
39209512
32705070
-39009981
92284551
-89107662
10444307
-35446668
64536240
-69240202
-77641861
-97619469
5873345
65752977
-81091075
-55119481
47925741
-51136585
60908529
-51651876
-48147154
-24201715
1343359
-1400713
71465073
42613409
-27960092
-1048800
-7004254
49857463
-3365383
-43658347
87888037
-53017973
-98082257
81675728
10296335
81560429
-76781920
-54169278
38064520
-53291013
73284148
-87092028
-49066216
-96273066
-99231205
87543155
58941189
60073528
-72990465
-6611625
58129048
93633484
1357281
-29951802
92581162
31633910
35032131
-32174509
-84851550
-31420835
-56971258
84390032
-37579186
-57350387
93309633
-44734285
23786482
34213092
-49990989
-68187818
9540925
93982410
-19249378
-40949471
55852015
93453027
29009088
81318447
12756983
-42450077
93044991
-28070847
-54985647
-73446057
38169880
-37179879
-80632384
-63192046
-33476552
86748422
-12304509
77732822
-31031591
49903215
-50780039
-67758858
-83391161
-7540900
58224779
7397164
78467172
-4725579
-89438267
-20471775
87346677
-78939314
-94539358
-30429062
-45897424
-58521223
84148941
-54212094
-7057500
-96830350
-79871479
79348072
-65752968
45093045
-94037266
-94318763
-29567967
-66791662
-1191391
-56036092
3692092
57111706
90012498
-3550375
-42865948
-70014639
-85188263
19193708
16650423
83598062
-64773702
-73255761
-59811409
-7938170
-6451742
-8568095
14645866
-91259642
-19988234
-185607
-34924871
-1949398
75654167
40993320
-59606885
24289101
-36752327
16292807
22988381
87923228
-97834435
87663395
-99319030
82973348
-91828982
-53879132
-35632553
75607286
-87404519
93958770
-45299614
-35583526
32168586
65991056
77090646
61457559
73530905
-3896744
5525375
7473783
8043289
36789519
-41762898
-479627
80957838
-68256660
-74901547
32094303
-30424056
10837879
7323728
31519373
16872401
68926637
50318286
46965720
87743428
92184056
47366390
79024511
48170622
-71863801
34505602
-7735087
-41105272
57011677
80208533
83908392
-91697490
1919269
-5813819
68578203
-55147066
69781108
36165269
58699124
-71130058
97169657
-69560607
-32370042
56758896
-44790160
97645550
59690199
-40845797
-18598725
93450750
77097605
49479632
63373072
-36544262
1388484
-72213050
76679199
-67964051
-36274006
-49370264
-92855098
-72342465
76752007
-6167099
88722516
-10092457
-41812988
-81593123
-1614340
38919846
-30292016
80827291
-30706299
24684449
-93802458
-35477358
91855272
-35888608
97711450
-65700551
64603682
-45280077
-98981445
-90919271
60786823
-91692434
-44904628
-97301420
-59302614
-93151525
-1267618
75272173
69330444
77983565
-92666879
-88053843
56774641
62693791
84345282
-61988525
52822903
96122862
-17883615
54944065
-83591307
42702664
-83160743
-4899629
-69356383
46463284
652384
73351675
-94421526
-93406327
-33628526
-61339863
-41461785
83206819
84920238
89365230
-59228647
-89651378
-98318295
-34657354
12093329
-89316309
-49976784
28609148
11451350
-58956563
-17369236
-63226015
45143587
52845914
91533105
-95517179
-25629033
66373112
45496524
-14515748
96012849
-89650293
83191802
-76983681
-39966977
81660336
5618511
-36759221
6734807
-89359337
-57493034
45344861
-57778405
51947740
83691325
50147191
12739581
-71851811
9914895
77488799
-70659966
-85651797
53101023
15304682
9241656
44655415
42128330
-40776820
-39959738
-53184951
36509513
-12711252
-18987033
38855106
-87244020
94459813
16063694
1863857
-88126685
62810874
-88815004
-22311829
-12320274
-47222328
-3164887
30653979
-99949296
-73185955
52693078
38216424
-99671478
-52088448
71180587
3036627
55130515
-75136418
-15255053
35753113
90532222
-8178063
-54809000
24083703
45442263
8814619
-49997810
-28272466
84186816
-94577191
-91875332
81394404
75435058
27071837
-91672947
-98259403
-24143131
-5184156
2583385
38773431
-808974
-18184542
-42334904
55503655
49061730
-39391777
12968912
-48189613
16455308
80303687
33754845
71438197
-35785477
26411057
-193096
-76343693
-47617855
46324522
30381745
-47475795
-9846626
-39717013
58105083
78460566
-63080361
37544613
-37282325
-57991402
-15915174
21501896
-40359254
-70052002
61480979
-45089225
-95460116
-95034204
-6912491
80810083
-27431527
-67581021
93357349
45472571
-47205668
-44455067
-38743147
-97427984
-35168206
49409339
26769979
95124796
45689489
-14525054
-45456771
63666303
-44764383
-91823940
-33985180
-19472272
-26247569
80036341
65663503
72860065
10860394
41003278
-77128771
39802728
-20664817
44241164
-56985267
61614289
-85610255
40883088
-655774
94257264
74826656
31507841
93429802
47552910
85880409
94939442
-47706347
50784158
3673314
-72883076
55366447
47223958
-55330535
-7557475
93499039
7564113
55374137
53717227
-74570206
-78077508
-80031949
-74720613
-20377262
2124424
54062162
-76607124
-42480269
-79624409
81336854
-67967315
44109337
56666931
52416231
-54257541
-5243242
-11110369
49372885
45158838
64862016
-25337683
26269282
-73694293
61739833
77636032
45342612
-35475521
72577408
18147812
-57128683
66238311
-89968093
73711371
-17991689
-74552970
-79108633
4100974
37014044
-33254221
-82520458
-37401446
-81354441
50149509
-63961202
-13659880
-3431053
-42368567
957353
-2490252
4474850
-21747668
292087
-67210363
45077683
-59479524
-81858999
-40632586
28980152
-29967711
44646759
-40031088
-42855747
-95411542
13367376
-21610186
-47837133
4633612
-20555867
69933936
83822611
-78795183
-5223294
50132638
23067089
4408354
-34043326
-83890333
-31234598
15267755
10073997
-68051357
-20021447
-23955667
56814447
8186246
49939668
-71539788
22962008
42966445
3886460
-89569900
2191266
-14430691
62360457
-51873216
22735853
-46600722
20649460
6160753
-80224764
23038227
60391202
82306457
-27509376
43330411
11186780
-69648255
28851148
67735508
44891351
-88502099
37480564
88690798
-72296095
50930054
-23529652
-75700522
-70461998
44901881
52414140
98290162
-17319715
41928094
-22677397
-51285082
75925443
50472686
-42016753
84726627
13716164
-70413639
12587635
-54444779
31293677
27841453
93136913
-62405570
-66310640
35924813
-44839636
-53133932
1363378
-51052336
54841236
48754225
36529694
64178630
-22586890
-23108608
-63871298
48639567
-2286553
-17497722
-94146054
-32590414
88459248
-5310232
-96025279
-34613437
-94000096
-60627522
92615220
75086873
64836836
12249333
30715363
-17771036
13131946
78929897
-15369781
-84477494
-63028077
24455229
-78273031
30034253
50093549
61060949
73628015
-7369065
-1154410
-46935721
2503053
79795377
67481608
-62953907
80877991
-9702195
2417905
53453404
-34111893
-88215920
93229587
30475287
-23699611
66965709
44342266
77002183
-48085222
86009703
-80428176
-7962031
92236858
-54759395
-73678218
21717648
90598094
24527067
-47962507
59860585
18700854
80292435
-35641949
79298017
23376467
94650860
93193845
-31235337
-10960236
-90513928
10218023
26572178
11011435
46413545
67426818
-38265191
2617692
9887182
-78607122
97844982
42227887
-17743047
66086883
40128145
54438620
-57785725
-16148310
-16848938
-53885258
81420558
-58619238
55030504
82502549
22161461
-13987589
-93663027
-51833363
32640436
77464050
34346942
-13767479
-40790768
61774
-1620569
-93904253
-60960985
77989288
-72836630
86897806
35534524
-14785205
-30282554
-31196045
23414132
-2355253
-76289922
48627083
-39487235
-65398761
28915716
-29289767
-1139236
-19415677
-44846672
51956985
-89538350
-42270664
-71068935
41879355
36120204
88644803
-49707002
-82549791
-528603
-40507653
769009
51129101
28545668
2320836
51806753
-17920472
-34243381
22921895
-63447213
-54170650
-21160534
93456736
-11951956
-54161572
-21208639
17027707
89987849
-1450781
47786227
49389470
176973
-41287517
5024088
-72115900
35342251
-71343194
-26008819
33169219
65126747
-85167414
8523863
-98715471
12580637
-25271846
129281
-90969890
20442674
69491937
-62072445
37923176
-18874352
28879294
13855057
-83566966
-80161652
49380640
-31857809
67210483
-30979223
52769029
74697180
-55360113
-9347545
90732020
11868260
52961169
15905566
-39698179
-83676557
16264765
-11988723
22994066
32507823
-51320841
41094981
-59364585
-92225529
20910236
-91125276
44227784
-69215035
67571182
-97447403
77653406
13271725
-42015036
-54032219
69091186
71003952
72808154
-19943427
-17163945
-72875617
-24093732
3446816
-78872192
-22680513
57829930
90940728
-54831047
-54852014
56206068
-41154058
-74481608
-86105336
29006224
88498560
-5391272
-73302261
-41076067
-87618752
42247483
18943907
-96089417
-20108219
-79432791
-16327575
-88071474
-23990390
61929176
38779960
64162137
-49197390
38461420
89446434
-50399067
24340548
25265403
-96789171
-9398834
74592755
-78220528
92618123
-32035652
15354697
21902730
41365066
21020221
85410597
85163355
-93002222
84017758
5730890
-68784185
-11836949
99123258
-99307860
43381562
-15011585
28436732
16271145
43747718
57443832
61776357
-53466757
-4877756
46079916
71016798
67644018
-33430906
-57976412
-7947258
-21040362
-18534794
-33206932
67192156
6924391
11919265
-98985810
-8452503
78719414
-49740016
49903854
-27122792
-45113473
-50856983
38317186
-65561010
76274434
-30211135
98480807
78620723
67514400
98589557
-17801559
-57672064
-6262924
51658737
-237899
-2229039
85123711
-57751089
94025333
-77993790
76501066
21053575
-21470912
7837161
-42863530
-20379175
50813582
-61772308
-47987415
-92467134
16636891
-81043093
71226906
82742598
-67084446
19124946
-69979620
-65837200
-35557001
-35103686
-56699607
-63503756
-54079213
18103667
-15798668
-47054587
-34739737
-5618125
27898847
9425711
81506032
16372597
-90124632
-3662331
-78097559
61840912
-25201353
40511440
-20499270
-71404542
1814261
15928335
40111124
-28565424
-49822359
60713649
51199218
-96466038
-40607335
67121835
-13625279
21266142
-45623252
53713452
-53599362
-65715281
52001729
84390627
63654825
64251699
6726764
-82720977
29288399
-78133682
-19968539
49596148
11134437
-72737265
-61522353
71138214
-50828397
26318532
43218026
47996247
-94309099
57684012
-11989285
-56764687
48273498
58015599
18004761
13515410
-99256694
-70582281
96510411
-24462965
-58062368
93415721
63685880
-41528193
-96233361
19251833
-15731106
-8338759
55128227
-37658010
73806353
57192833
50161646
20169206
-36568694
-35537907
-89640602
-35466676
68679831
-90768749
-24678405
-7342689
66812832
2543028
-38168564
11157430
-68417132
70073249
-97452520
-6416129
-26611043
-99923283
-61470422
-84228230
90816304
-71595791
-61943012
-591198
57398528
-11526273
-5666563
90580542
87538853
-76366952
-62149956
1308866
2279576
86088569
15469506
90861043
52872671
30464202
-25590937
3883750
-11693323
61093981
58397952
79423012
75269337
91973550
94634639
-77720830
96497798
-77083119
83558177
2434819
4577282
29474381
-69169645
-54547820
90185812
26890565
-33532276
79286
-23167588
27874605
-76490704
-34028614
15009319
58619318
-99788449
-40239697
12914429
76436398
59498865
-76651218
-97282259
-86291749
20717890
77306904
41481928
-79960351
84485557
50856746
-69629757
30929307
44393765
-46607782
-85776862
-94047652
-96139968
-58781783
-44157133
-73751165
70578101
15129182
14776434
26999981
-22541301
-22870225
-18233996
-74284708
5829002
-817711
26129188
21368370
-94545072
53705236
-32091052
-1334082
-75757349
-73262364
-54610475
958643
32071
14409897
77134302
-92406563
-59555611
82756334
52848465
60314848
17411413
35943798
-78940300
-11545780
98919635
-61479945
-2146330
85301471
5839283
67458483
57308056
-14125196
-69758733
-10838271
-15948647
-69372620
6439009
30608297
1783694
2047709
27851373
18656645
-2805703
74062099
98876070
-30664036
-60741554
-69239226
-95802004
14787191
-88297508
87430669
74368500
26090113
10694872
20666605
10894963
-76021018
-94046543
4990606
90711706
-69200134
94532353
92530838
-11149122
-22255679
-7889990
-80704702
-93309655
-54913196
-87738882
24579230
60307999
-40683531
-48388826
46131692
-73926547
63953867
-95297559
-40893539
93936527
93952937
-9699741
-88886094
-57367487
-97602152
57304698
-93632212
92004799
67978237
86095420
73557084
13495830
11979750
-31800293
-19414372
-21172363
-4593515
31767909
-97482675
44963287
15498504
-71268284
-54497951
-69642747
36825416
68786214
-61058743
19803395
-85031409
-28701576
-30171705
-49982277
1124738
-79525191
36864628
49464863
-46648770
-58933720
-15059966
1597358
92433005
41949161
-28862880
71048614
22432754
-9328878
1055207
-79913634
-33055793
-99571861
-13267261
75396352
43412937
19471518
81396250
-64957596
11171024
54105258
-37936714
69381188
-86143234
-9159307
-16788617
10453370
52684869
-15602297
-3694094
-71129460
77195010
-2927479
44355594
-95508526
-6795240
-89118628
71456037
-83236973
-38395861
-77813479
87003151
70164778
-71638137
-59597396
-41735288
91484502
-45127060
-24333893
95085948
-36736334
-61143500
14846959
-44716682
-73428939
90365790
-25275601
56975663
-63800074
-16369775
25054370
32069760
-18723463
-74249905
88105770
87780461
-97134353
94154976
-34550997
-54045876
-45792869
-67100455
-78441885
38641925
-44523810
-51723122
64866130
61750966
48641128
94718573
-55920593
-42312555
50689237
63472377
6816162
-74484953
-9939618
2139762
66761512
-84662375
-26481559
51475923
-63867155
-75632208
-29783812
57698481
99011765
-18590902
-48029251
74544143
-72962468
-94200763
-59624349
81336548
-68996199
-83923887
-24267986
59425971
-97871014
-68607346
-83955971
59911223
-39460271
-27480238
-8588819
62878959
7848162
88853776
-76437724
84662851
-28139370
-53422715
36084178
-30762430
-1302782
16225153
93738754
36995703
54878345
-51648732
17434452
86632095
-92575284
-22240863
22355310
-23436327
56660588
68189068
66887081
-66375640
-87904530
36580754
57946623
-6776021
16679249
-47791620
51983924
13641354
63506186
85415059
-11413505
83467322
88777062
82937756
-97015264
-57696305
99467788
-86012884
32531796
25240239
30174602
-11355055
26731851
-35682716
97699577
33197833
-17357250
-41221984
99458166
26011770
-73082470
-99676741
-60857568
32002839
-97204305
-21995814
55955835
61311629
-584914
13118109
-7854506
-32660690
-74792869
35990872
41210536
-73982534
16358033
-22200723
74220332
46705159
-43713026
86765076
-68486262
9950440
67913880
-1857217
25021604
-78994691
-64181446
-8553679
58331475
-98625943
-92220036
-24904686
-28659686
19474353
-82297957
69203494
-50982038
-13782472
-73272655
-23010721
81390484
-85023516
83102829
89103526
22917633
-49656164
26588760
23931671
27601727
34453751
74858209
44329084
-4551326
-43037928
74543610
63267276
-28188601
21007693
22609168
-62949223
-67141302
13039651
-65357593
-87725165
34304830
83207339
-27873850
-65271608
-88019713
-44803237
-79006246
-2382249
-48943964
28141958
-97218
47575139
57777322
65405344
41384797
-96579605
-47403025
79954285
-48709013
19196497
28842319
35015534
-77710886
-75011664
62241151
21434649
90975074
-81511644
25148728
86411114
7483803
45771982
-84686541
66861532
69365084
65948529
-2450329
13683795
-5626591
95734434
-817585
-25001565
-60830656
-43756249
97686758
80235805
51614394
2845066
23192474
-54455625
99021248
90694887
96603669
-48982303
-19073287
81818578
-41072569
-38506733
68171320
7185239
90083408
32442264
27676643
18849808
-52266501
18348711
-88953325
-17308827
14553587
62469187
44960298
92659984
43073583
-9990241
71111968
50001010
66003264
94542432
-73272735
88143166
10266250
75084465
-67886337
-4140439
-15859120
12885598
-79921713
82930872
91280759
78478678
-67994365
9500022
-55948255
34983068
-43265554
-61883805
-92504586
-73310531
70532098
-19332038
60103079
56996977
35569391
-87125919
-27653900
-63381079
13161885
57496343
48934952
-62611135
-80926280
-95829095
-47413775
24176894
46773834
-98982624
19611100
-78570079
-98173844
-90668330
-96587506
86839817
-3846616
73796043
-76723881
-48876066
30655850
-94737229
8830411
-40328799
-73643415
-33430951
-2103411
-91993849
-61299114
-18495256
92599581
34242644
-40050125
50267661
87062054
31443076
38574567
-35117316
68168741
87686831
14365333
-23681986
42121504
-89359338
-7976074
-68502443
-64822456
17476684
-15545748
29112271
76802780
24216397
23981074
93602369
-39651648
41084445
93220206
918179
867848
99492129
86641987
-48978023
66574022
18246949
-10407882
-40933665
-16665515
32284169
-55912196
-9318211
73757305
17506213
54788720
-58208341
-21512093
2044771
-82913891
-50996222
-62022190
-5686720
29559365
-26462892
35744972
-88397433
39119051
-48377200
16052043
-17805039
23603458
-97347874
28404994
-77726766
-45668377
84353736
-32792114
45530820
-75220079
-64072406
-36339772
-38055931
-62703976
-51209417
69235238
-21801793
-50982163
20073301
-51926467
-79564371
-1447380
20275526
92643960
8038933
21774355
-33987106
65926370
60082886
-91706681
38706255
77998080
-92241866
-11399248
-71972563
20168118
78849761
1964076
-6116065
-75589495
41853602
27725399
52667127
-798601
41860691
-20902856
-32450685
80215739
-91926449
-96125260
41590457
74680694
-4825856
-55145145
-21565381
-20326183
66774492
-18451976
-2229157
60709889
-67563739
78560653
-86743016
-83435574
27886454
23690224
43551125
89732120
32705536
54785590
94183140
-59960370
90905641
41624624
-79610513
30979020
-49505059
-39938290
-11945149
-67870775
-69399531
68417170
2970686
-171248
-91643583
-12036857
82480745
-12680250
-35022765
-14409466
11040107
-45949003
-69706967
32044269
80266733
-25008295
92789317
-93720796
85259354
46881672
-21628876
-70437581
35264224
63374621
-51680033
-11105490
745908
79072105
-87306197
86451120
13454976
-9360700
65600086
47500167
52791696
67735985
16252386
6002498
64338547
56074722
66193142
38671077
-72952853
14978213
-34967065
99858667
87014513
62767352
-71467115
89292360
-38718627
54321664
20881714
-68380903
55610264
-18619693
-52812886
27315076
-6645353
-80721940
74119182
-42029647
-72330897
79122490
-77183213
-29361856
-75843172
-85425150
93908942
41354483
13314282
-86927381
92897217
14010024
30987939
-51574960
-10040454
-25770040
42763217
86979500
27035021
-68180754
33283947
-34950171
-57513455
-88827210
-8304815
-71800686
-58894273
75933487
26800443
-38459201
75784690
-52207520
14212592
52309736
-70948776
60128161
-19656164
-13429983
83201725
97649001
24702086
70757322
87335668
-10920429
-91665494
-12952487
-63181420
6335609
78304402
-13947166
58740196
64075434
60532445
8363021
69276732
71359467
-54872652
86409644
98736733
-35247529
-16254450
-96075736
-31416336
-18445205
-54814745
-77656476
-24069320
81726429
-76327724
39303218
31041987
71379030
48807826
6536596
84101441
-61993109
-34539878
-75411288
-29272366
35913745
13862167
5735750
72307588
-41609556
8379694
-23203340
-59253470
-25972791
21966197
64087696
-43050888
-35501927
-88302223
9445872
94718064
72439088
1263362
87508866
-45453241
9879840
-91735127
-47564692
-63407796
-59713555
-49909912
-55828431
-51962764
-44063130
-83449812
28972456
96455542
26981292
-93849688
-72026913
58689995
-1624100
-86668780
-70212577
-95680252
17576177
-10835030
-18499141
-89083179
-99865724
-12472161
-80330245
33441896
14552522
-13438000
-48174237
47514821
26877757
57443319
51010214
21583531
3118320
-17304903
-23548544
95901852
-68777799
-69723566
-82888017
-13891276
1728260
-66083310
-91994217
-74150130
-25373725
-50625779
98341899
30335682
58552440
39488956
-57654405
-61841333
-85684077
-87142335
-9459766
-20642175
26637027
-48165122
75868472
-27011109
-89151533
75789843
18701640
31354847
-83599155
82347520
6218252
62326717
19715916
71906320
82458426
-89998097
11916584
-46356961
84099698
-97952630
-48932143
59627830
-45990397
-52667810
-70807436
32070931
-27131405
-87729044
-18217019
-11562848
-85386811
-96724954
80705242
62389812
1047292
71504941
59686726
-47383294
-93492024
-45763773
-89005051
-66127660
-21413684
-37400139
-89900748
-45553795
52955015
-35643470
-58667883
-23333327
17089653
11805491
48752474
-81405329
27016325
-66396387
-21399500
-8385997
-81273784
97106785
99736076
-99367455
-34575350
-69748681
-97694597
-86846454
84876791
-22957546
-18305736
-81111481
5026284
-82911453
66239333
-21323848
97427430
-55580528
44181132
-99412928
-98057460
29100051
-9623017
-56836308
-51113338
80892768
20625812
27302919
-99105148
-37682352
-23917654
-36528409
81172633
14086866
-92945297
62971667
61448465
88441097
-18939888
-32349662
-393810
5738976
88715033
37690528
67487347
-73566118
-92369953
80223127
29887116
31425818
23455169
19334576
-18980746
37130470
85812224
-95272829
60764181
67067499
2430066
8777386
-92454117
-11208901
26804339
9416761
49154051
-69153079
-71938
8688450
82951749
91346639
-79876686
88279715
-37668255
86770905
-96177660
-71988102
50752681
-70662965
-69532413
-56280575
58387828
-62568895
-10688269
-85544113
35656471
-7347727
21438002
-37580286
-94496100
-53951485
27503353
-10219572
-3340189
40820668
-34045267
-28763535
98978889
729268
-54605142
19991641
-9356611
-56636871
86541290
89549368
-22554358
-58796771
-87134088
85867534
41579014
23339365
-70179619
-19359609
-54955132
-4539461
77675038
2332296
35387986
91303212
41596531
-39113952
6978774
92858348
-59411744
-42507292
-67750433
44228441
69348084
16902909
51089001
-92394728
49319865
83737520
98581400
84026124
-78424361
-31395641
12978165
48054512
-72151416
36285217
56452716
-61810508
-87040977
-91858765
97606378
29107164
36196702
-17345738
10586246
62628994
-79791671
83530549
-54199943
58974949
-24511582
-77186946
-66256744
-16079651
96345170
-28083575
-73261903
-48051380
-26639182
34370233
65408549
33995160
85375219
42523017
83928424
14026971
69945525
-87687106
96562128
62986027
-33871553
-39764634
-87465893
-81896052
-48265820
87357026
-22759957
-2428965
41540574
-91426150
28386228
-38954536
-96602910
88072234
68915973
-58821263
-68099657
-92774670
-48075657
54166067
-96889350
-12928422
48528876
54711316
60625099
-58981155
-64279195
-92190045
31147293
-89259830
-29908038
-81817267
-45603189
-56319449
-54421040
21798188
14038269
-65525976
-39459935
87016083
-49832527
49406742
-25389199
2520588
87427404
-79882249
-35702457
85394714
45635356
-21199602
70513319
54339891
6704514
-58325769
84146420
-56044508
81692701
55373741
56661801
35077452
-73804460
-29994032
89856649
-50544945
27589145
-68771041
-89230987
37403671
-76349099
27230228
13402545
-15937001
31919574
-27989507
36139683
-40820191
-84482280
-78456453
-21369600
69691445
-56163727
-31628050
-40030692
29976644
-18694853
-97134848
90701485
62575265
22359666
87351522
-46025238
-44423149
-45627753
79134580
45888237
-58143274
10417905
-7982904
-72893098
-90067454
-38706465
82372768
-65736157
-21770870
55978805
-35952164
-2355786
-86529912
49091525
-51061606
-4585366
-46144207
-26934748
-35907109
-65686156
-83943412
8587195
-9197493
-99449707
-12352797
3549283
-58611669
-2443444
-43624863
-21975391
31766471
1930416
-57361227
-67303267
-85318917
92885924
-31814601
-95504384
77018410
66735364
-21483141
-18279395
64945698
83975921
60557968
99285237
-38058170
33774176
57367005
68497964
1729503
-23550838
17962783
40917756
-59375031
-95099832
17328860
-26066680
61486503
-32969289
39270501
23785914
-87872804
86277646
64721365
11612159
5007173
-99734523
2266022
74731325
9468372
49051659
-62230932
73772261
-41619561
-38436511
-35184901
67669982
37983835
48540794
-94875254
73071129
-80435618
86293075
-13224706
-90739562
9541662
51852060
62163796
89937121
-46808696
81726451
24062509
-87551110
46447297
-61921899
50413662
-65771099
63556774
49286252
97320943
-68352550
61520614
-92822128
97714907
7244331
-85284397
-11105029
15910936
-32415080
7932828
-97350690
29911888
-39152021
-52745232
-63869393
-82053765
-18120595
79073477
-7335406
-44090250
-46601440
13601163
37709128
7075845
90987581
44686383
32315167
64465280
40170753
-47934773
44553731
-36955746
34419718
53381878
-4429797
-54962232
44859351
96820934
24637534
-61423050
-13354469
99523215
228875
-44288545
-86967099
21091696
-58352209
-40877975
-6460497
-29873495
-6809366
-35346280
-81513413
-60028129
-38597339
-79487678
69822361
25388922
96030662
-72107594
-90490468
-15633422
49111788
-97149861
-52666994
-82121858
57667586
75864164
-61025877
29080874
-3128467
29260403
-14311751
-71888093
-79930601
8659571
50071928
46208220
58055808
88655155
-98520879
-56305477
-99464976
-35056339
-85784357
-15949182
-53557547
-60210005
-33775813
-84752197
-40543906
-67406873
-20040457
-40946634
-22859963
89886738
5387444
23573886
-70055657
35362285
46973308
-34052475
-54978759
-63509257
46896760
-89307582
97451051
-90681069
7112909
-2176942
-79830621
-15034454
15301925
-45548102
11443040
-82320132
-75054701
-85235795
76027220
66835529
7281575
16733734
-24485298
-95873034
78229197
-14228370
50379977
77818037
18574697
-73386465
62477784
-46146562
-33752499
-73878831
38410520
72857855
87057333
79443054
-65180033
52484243
77715569
-71092257
37761333
-81361865
29806029
-75919552
10058266
-67948298
-29485136
56169966
47069288
-63109098
22724037
-42289636
-80322928
7719699
21980516
-22383283
11625463
-31298580
13977412
51108098
-25144191
87077122
-8177850
62373504
34717745
37807321
82310329
-92505878
70789977
-5821138
-81550784
-85146626
67054165
-84513304
71727726
1785195
59602371
86166924
-78737400
-8014053
-19517743
53409594
-38510899
-46553698
-23640660
36578978
82185650
-91772521
4545466
-4596931
-57686936
44584860
78106795
-64920283
-49051240
-55386963
-60508465
-65911294
-2028395
11616651
54053960
-72699677
89958884
-41574809
27376091
98202227
65663317
14818601
5675558
36124211
93783723
-20013885
123615
-454746
-95907882
-82955596
19994681
-18940137
99769380
95314744
16683103
29262307
-13524854
-98624927
-11826038
38060819
-4362868
-40496706
10208822
85196667
-65699432
-60532604
15005664
-8431402
16000354
-3652058
-72927007
13665732
-44435509
19694562
-98052003
-36629143
-8179852
39478659
28017755
16564143
-87115909
-77557175
-3200900
-27214327
-47144292
81139463
-36124947
31052567
2058193
56521364
-29231378
22840379
-77482203
-37708162
-43962678
63071723
17709502
79304781
12130781
-25274851
24052141
-13047515
-4450887
68945757
-43686082
17381535
-847319
96659016
13894728
-48909349
49028625
97510813
-3109925
-83967174
21180529
91071100
-16090126
84479016
-97187714
-58725707
-22040737
-55859959
42504590
-61722630
85183715
10938569
94724496
20793536
-13338080
7596299
57087667
-74109399
44236129
-66180268
-30036684
24471059
25672410
54607351
-85523910
-49484942
76424665
51259150
-61905733
2119407
-13716327
12947697
54959620
-72070394
-8042486
35063215
74620484
95981523
-93174040
24973343
2378761
-22817686
35890576
-42184244
80704998
-82381725
50866937
77097806
35423392
-20406358
94521576
-18366839
-24095768
-25533436
-44541288
-64195202
-34692234
-44161087
-72968363
-43658948
-25235188
-62340266
58998174
-81773251
80882685
19880263
25884666
-59710497
70701321
47132303
13572827
3795090
-85108036
-55845418
40150246
27264149
9551870
-46048548
-14507610
19261686
-91841543
36062824
-5953057
297146
-34053834
-10814125
-11909031
57543657
-89595475
-82064196
-37536639
3336131
-31280390
-94077012
78290665
-28728067
-54641975
18695053
3387466
-69465445
70929883
43516253
-35762569
-95385656
-10203678
-68625762
-93905264
37167676
84804662
23275365
-66498803
-59101135
64556102
13920401
40568605
-37417363
84230368
571164
-29046805
6090376
20531673
-15057758
-47190236
1227506
28536396
72335544
-46772052
-78566629
17071590
51397086
-89408039
-94361737
-14436814
-45209243
22357096
-49645579
-16094133
-39638287
-33115127
37130419
-59523855
80302579
73246045
57134179
29991454
-62418264
-52037230
-53436086
-96591490
-95862354
-44069174
-18950616
-17790771
-64626218
-66243003
-17719000
80182021
-79194531
-72828472
85691594
-17475642
72511177
40411812
43263436
90841883
61541482
-16911337
39910272
48298568
19720487
-69122445
-35559786
19648456
75895210
23999820
-82558202
-79085769
78640287
-36078176
-76038517
91937797
-19230270
-63750461
-81802516
28003685
-45484205
-80464446
56653461
-17348022
46793928
-34126708
-73222593
-51148883
-25191101
21576061
-15783757
-27570055
-26680349
99428045
20028336
-69640107
94577963
15776039
-23882272
-80032615
-80870382
-37251344
-83672227
47214498
-7287738
-94171217
15387165
21175142
30005698
258178
-2059109
-91382896
-27602697
-61431139
9224274
4769962
80358223
-17824842
-25729929
-83273409
22969240
1036132
10346694
28501375
13068618
-76307630
-55927171
27339651
-43733834
-92937547
16973829
-11152333
-31874509
-35677509
-79236841
-73770943
-18248120
30909442
74674762
74005624
8886345
-32726865
98775200
-84517860
81977133
-71024472
-33628534
-95193889
60776498
82005886
-66625368
-14553845
-96637839
50284306
52737336
-69053703
33015022
-89472735
-74605889
67977866
-20891362
54081133
60853806
-58207167
-10775372
47095052
86188402
-14966042
-29357330
-65731599
-6242501
-46271062
-56837188
-20106847
-51273696
-25033205
76308424
-87773351
37069470
3858760
-68963538
33730287
43118176
-19756893
38624348
-47370906
76733116
70044540
-86740393
68807327
32046961
-41002819
86854300
-24170158
-23848932
71134322
48124113
59546265
-92832068
-59692110
54740623
-16571599
52610945
-40252997
87600485
-71472521
61695365
-48480995
-70431975
-39405914
70335161
26014200
-64284180
19310346
-47495579
-9639750
53009403
28208785
46614011
-88385568
-10615898
-94590744
-19316812
-71230089
-22816893
-23633020
-52294584
-71500686
42951371
69360000
-71662784
-18935107
37067161
-76196866
98424548
47308866
-73739430
-74449374
72151979
-372540
-93185931
88354988
-19311701
-59896584
-20363641
14090390
34135045
60071241
-59397599
-95718978
-16766951
48692125
79311017
-57607263
-48169338
-8871985
58756653
86294746
-49124048
-93391801
1677710
-72067271
16773154
19331498
-78275224
-78364226
26183298
-82100821
-31537863
-44176251
-17020110
-20176109
-26092616
79505761
71107752
-37930822
-34663094
-62095878
77169060
-87370400
18610267
15747732
26262675
1688152
-68900950
-63411645
93465141
84348435
52678878
83837136
23427323
29497105
-19949158
-51868741
-37485192
-49404840
67504447
50769115
-49548164
24093096
-93059602
95992851
37944296
86280891
-2713104
-37360085
-64580414
-45693734
-46536425
-9361454
-17406882
-82386144
-85487079
-63607378
-18126147
-24733844
71621253
-7702016
39450606
4774253
29420742
-30327048
-30985407
45726081
26699745
-94124347
31288650
72463559
17419480
-19915313
-6448487
-85629457
17281823
30677893
98708590
90868792
-93875115
68473243
70724978
-90433516
-73442763
45728825
-11554072
94871893
-53582345
68162351
12937382
-62708198
61851412
99346547
-4313750
18282015
-6707252
-63697083
-74600419
-431392
-55910554
-61131087
-53393451
-4233702
8627619
7184321
29033014
-30332110
56729635
7394754
60645409
-24962262
97351635
24163088
-32876698
56144901
-34645995
-83890047
30794242
-55221020
39643827
54999495
94901202
58155447
6675957
41459842
-32833781
56577799
50777862
-66952268
67192861
70095866
84547288
77391466
94630165
17858575
-54480464
-61230192
-6741313
-50254884
49965165
-16463828
11676328
-30553988
5093928
-5025295
28114539
-35812116
-45198262
-43008527
79248529
-5649308
18135249
-7006407
-120821
-58368069
17464795
18555584
15999872
-23508293
60763601
20853384
-30895904
10388883
19052593
41512865
-70297201
-97571028
-82727122
-98345914
-4114108
-55162999
-46720160
54060132
83313823
-11873772
54646720
78614588
21571088
-53743311
54015778
-35525529
-92524023
63528657
-15535266
-79293329
-7086446
-17507502
-39589300
-73326964
42385989
-53284980
15555825
44914782
41964448
-81940698
87557036
76263652
-54756056
-96248196
61639815
8069003
1800167
-21699239
41545430
35022473
-5968681
10392901
-23581033
34662875
-8059189
-7129538
-18447524
-62929377
90669308
37415274
-69029105
43060244
-474116
86062085
-62877198
63100435
-28680619
-68422950
87379050
26455230
-40830224
-12337654
29274698
69146259
64668617
51539684
79141956
50827410
2752434
-9988502
13530530
-59903922
68280816
35459453
46629594
-51406550
2772401
-55962857
67315404
97684384
-75611170
-14014058
-53650062
-39504527
6711569
90738747
55209331
-31887209
-34214528
33635818
46126355
-79717587
17555337
-88770019
-49916311
88577060
8523857
-27252006
72218993
-71593272
-53541537
-38824324
-51882367
47249532
-75934956
-72708051
-64898077
-24610792
-32987659
-67153643
94839782
52456365
69330253
-82747693
-85187504
30347386
83536297
-75967910
-37902127
-5120623
-53312250
-54382974
63570327
-47942285
-84141336
152548
74847696
-93236002
94110531
-49355805
85138148
-83061669
12298302
94753851
67502519
-66135556
86314828
21519907
-16974682
95914220
-44687487
69797849
46717862
-40671573
11417667
14564677
-86933064
-58040496
38554581
21004053
-49358946
17073340
90519518
46291638
-70524017
40233181
11348593
-45310770
25839276
21203082
11455995
12044580
-96782620
-34534559
47342964
15907098
53078175
87141413
-34211109
26474485
-42708174
-99648951
-94192359
29489514
32508305
19626697
-82332861
11237183
80020558
19562972
24797321
-58415134
-46572724
-6213245
23861650
-40637423
-69837019
-3135529
70928158
-97659513
76315765
-27473635
69818971
-47587511
-41144319
-27633586
59643667
-89146711
50867139
-76523021
-68320072
80750559
27414291
-69563348
5583579
50300919
-16009388
48971731
-5479213
-61128164
-83956628
-22094666
56743766
-7259431
185340
-46644070
-7142040
-15363325
57435020
87058277
-89435077
-80554131
28183508
-2374823
3054670
-36557949
-29793871
-49880288
-28527982
-65071612
69574252
-10768377
-76916158
6347053
-41000481
1378924
21965588
47771606
10304763
-23357904
50238058
4315289
-38866327
-28952707
-5466124
73889195
-16416027
96782507
-98240748
72964540
-9449683
27357900
4967118
-77589370
13062159
84558831
88556947
-8960747
-35940011
-50210689
12088750
12822302
-25099234
91936363
-63581071
12212398
-85571826
-73559197
47369389
66272753
366978
39467755
-36198982
68875603
-64229621
67680729
-46439274
-11664700
-84856697
-19288904
57983749
74643477
5074816
39043867
-747399
95902159
63983634
53315755
7272184
44652391
-48253600
17552585
98228773
28850996
4806065
-37876451
-54747861
51679387
-91527811
-55247074
-86538
46099736
91171231
56492388
23579048
9191183
22782761
-59981623
30523257
-16479545
25284988
-23287904
2855292
3266052
42562929
73984402
7940696
43325815
-88126632
-47664271
61832876
19921929
-75468373
-22783956
28407129
-77896638
-87949974
-73055230
31079545
56693242
93364848
30937374
50902869
-39658119
-26172958
-46152755
-68275068
83744468
42935678
99033148
75418800
98452003
-16848100
-96964749
-17601643
42079422
46527479
70344436
-98840247
32173811
76685350
2821675
-6899093
-14569648
-29111879
55683416
26558065
84979807
-40113768
85083816
-4020877
-24498381
-83517181
77760759
-67224130
49984597
58082751
-15138395
45340021
57860055
-71552446
-8789003
185256
94201414
-64965363
32365456
37918780
-32979199
22311854
-80243733
15266104
-83093528
-41341898
41389824
-67187241
-16716166
-41055061
-9275736
-40470236
57706377
-96797404
-37866692
-48924957
-8007193
-29517230
7122031
64031139
139913
59328329
70945271
-29125228
71781791
-9949071
-36770696
-86449646
-65236576
-79756225
-89951712
-36284055
-29744962
40625189
5167760
-28464443
-32624995
54406608
-50998309
57534354
95647641
-54122692
-27783087
-69141284
83822539
94008000
-52806481
-21381293
48747194
-39333038
-59557731
47343739
69497106
-63948286
-49496661
90617667
-58602953
20891822
-66230919
-7592243
66463431
-14388727
-87977378
89183020
-30845921
-45753157
74602625
48709813
-58536731
-52880819
-57497587
21961480
23623626
-80813755
499946
-18201271
-56010041
-15013897
-83032603
-16680048
-12980488
69498613
-25447141
47122750
4237804
53026957
-69542873
69118323
-84216197
67096597
79687278
42131460
76244764
79207320
61612289
-32254844
-74506113
-57467326
-12085399
99073208
-21997918
24735900
-51281051
26066980
-84906955
18452771
36121723
-35893152
-15202253
63733923
46834158
-50170350
-70143652
-5333926
-39746447
-52408204
-81008305
-64679766
-70908562
-56128873
-37434427
-90636580
-14344113
-45805545
-58238458
-91907673
-10463865
-25160783
-30483772
-78360020
58735689
-87133358
-51029265
-66773115
-4921898
-938660
-23178727
83779333
97151535
-47261480
20982627
23153098
30938023
95392700
55360165
-77006413
-96617206
68030035
70618447
-94986014
55300580
33606698
-49659829
-7435452
11398955
10449613
95934466
-3771179
59764049
373906
12336087
-26816948
-76109266
-35712445
-76265227
-7300563
-38480633
89387877
98584981
-56888609
-1155659
83764809
-76676160
11453260
-33094456
41622695
-45108659
-40430972
-51113016
13548872
50633727
59612467
92644060
-63560840
23639068
-96265397
-71686380
18207366
50801281
-49159268
-71500378
48248113
-2459172
79363392
-78212509
43850691
6273665
-39233693
96009529
99217998
96126285
87346112
32592879
56565156
15945511
-51925079
-94101877
-96719690
-20571436
-81338309
63247916
1297511
-90641749
39235341
-86862234
26182401
52820406
15673608
-44813733
27520339
-68719748
-38216143
14958966
87258490
-91926586
-53944761
-355574
41293168
56230794
-27530415
46196248
-11216239
-32612231
35096249
-43513514
-59039100
-25506952
40860178
84740155
28777826
3168916
-55276162
39568573
-44314772
12868039
-43091777
75271030
17867043
-25128565
-27185489
-74320923
52052943
70411519
98250909
-89660634
-55339252
-98478246
83082410
98547845
-95235989
9626241
16991208
-53631440
-79104046
-61983469
76660915
56680486
59106868
-961712
92004825
-42933813
12005808
-23616586
-9132313
9676502
-63215773
-11541848
82458563
14902343
11016607
38848944
-4205851
90076987
31531022
77331165
-99444972
-12127307
43737418
-82824570
2618821
-90953722
31054992
-4053794
-52855360
-5154098
59824557
-26224988
-97147045
-29099578
-17037275
-54525121
-95298934
23670675
-77779673
72817964
25908666
-58656382
-14318626
59422237
-3713105
-99037500
73906637
-92877451
45899621
-93089654
24280147
-48144687
-14283403
-66975898
-85015940
-60435326
94650083
49035698
85190559
-43357570
-55741472
-87709915
11171425
-55020248
79407077
-51642504
-65198428
34520658
-86216273
26529892
34920559
-89941349
-18046386
-30620581
-89997365
38364330
1177524
38528234
-78274338
-59166981
68821134
-45686160
57468110
73227466
41344756
69811130
10214450
-92765875
-44573800
-91429244
-84163279
23822179
-46804697
-90191315
-18229728
-22911529
-71791517
30063782
63472670
43240168
59572798
-56999717
-28714160
-41910725
-83355653
-26597707
33480650
47901092
67666361
24869646
-98470462
80969303
-65076014
77217487
-90138909
-23606052
86202511
5360667
-49191734
75764123
39890180
64943612
-50302019
-42429821
-51681413
-22518216
-33553187
-45395699
68175562
-62799412
-36038065
13496129
14617805
79635571
56608980
-31285125
-27030858
39467992
27827628
-57286878
51715592
66224088
67679711
-77440229
-77321550
48024948
-92764171
43121615
6675648
76452977
38247868
-14634603
83379378
6402380
-44307433
-81286354
-63383733
-51320277
44999967
32551023
14285438
57802825
30043694
-26666308
83958024
98210794
37678622
-17634506
60710898
79308575
-89056846
-81577847
-8957857
-8943896
16221744
2716149
-66284234
51524942
-52245051
-98779465
54434633
35945933
99390607
16777502
-26476906
56284506
46844060
80291686
51934257
-48758639
34443360
94568226
-56589419
-97694198
2053562
8790271
-58455571
46045619
-3212294
-48413443
51153435
93717488
-93647608
31424164
74748060
43959750
53673381
84248176
-60476508
48534870
-50222938
51771657
94144898
88159420
21834906
-23964030
60921032
96511731
-94406634
59375619
49765569
63181458
-94195816
-54995489
34167620
53566920
-22372721
46737019
85564045
-86098544
5977607
45141908
63045774
92542825
-74579662
-3106979
25469403
-40779713
-67943687
8920806
47423959
63453464
-36632874
33088573
6151826
-44594598
86080376
79362177
-66624642
84025040
-96098918
-37619826
-35235857
-73586284
-41197654
14855603
-83206685
-46791652
-53965726
-35706490
55611739
66978585
-9519072
-16035126
-22399640
-52163467
20780765
23768394
3960653
-55109584
24684002
68965970
73992921
27640611
19230175
58763643
-33937108
-19195775
80687387
-7855790
-79932765
65906619
-40803953
-74068665
81469433
-3839664
6212459
-91017848
35908699
32556550
1270144
-86819254
78326516
-79492912
-28547573
-59091683
83820387
-47651024
-78295631
38681618
-16580065
-4125233
-75547750
54786028
90404329
31040388
32047595
83821218
25397981
56363595
44377225
70707564
-52632073
82632790
92526892
-25163281
44714831
-17329970
67509956
-38254635
94879866
92651108
74728341
-84633871
16356291
9530506
38310696
40008370
-99922192
-2198670
-85927156
96444448
90008585
-78307178
-94165424
24347973
78356165
-1149674
49597210
-65868786
-34636261
13032275
-33131686
-57390515
-59830275
25350618
-35675204
-89752914
85317273
-14864608
-56263335
-24270497
-48058196
57500150
-76405118
-49562397
-26818889
-89217361
-52607615
72407598
57504287
-64831252
90365907
72793235
-25620314
32558608
-97930980
66125724
-75168193
-85549447
19681188
-17158199
92412929
-1762338
-74780692
-14594915
-67445081
-5377125
-73664139
30208690
53400360
-78683116
-45889597
17402112
95397773
68685124
61896159
10339747
-47503631
48519604
52062050
-43322354
-17636749
-64011076
-65413459
-2171699
-30019872
-74571650
48442703
11982400
-47040154
51357395
19883989
-11999892
-62799474
29587317
51945347
-42937686
92842846
25001884
-75979265
84982864
28399600
-25775290
-83065513
-51000515
-59885825
25540494
-79416722
1308820
5089043
66292435
-46167708
20546068
83009986
-24401288
79616326
-40972188
-45985242
72348716
-53217855
87834535
56982239
-35137087
71445652
-40739277
48238951
83718491
64036051
17742605
-85618579
10242151
-95695677
-99643454
3291450
-78069995
-62815866
24757262
29380677
33477265
41248017
-25451243
-97066274
78869445
-91581442
-24701388
95947785
75466433
-90295829
15924123
-99756320
49342854
2429492
98214220
-87992008
94751002
-28110963
-39337199
96896556
-16017688
18303761
-59468766
-96440320
61544210
64059817
-66135822
-52833078
-63910135
20031890
28926969
8944786
60740932
-8617036
-49706825
39659122
1364722
-11247036
-63032487
65162880
98387093
-30190661
48279559
49512247
-33917750
69760835
-23576446
-62105452
-53607951
7552945
-86414172
93991102
73348525
-16594278
-81284412
-46201353
18435668
54129851
3254206
25339490
-77235211
-50501677
-84202525
51512823
-29661661
7807625
-51227838
-72625128
-87215997
12327580
62402773
14973592
54283364
-80983782
-94282273
-75451869
-43230640
65938485
-32682009
21396372
82307933
-34061997
-1165176
-81485311
-88343566
-70608150
-47004591
-52167861
-9588266
-58894131
-74953754
62090735
10332076
-74034024
-5535797
-39038125
-80175593
-19844249
86479304
-49745134
59369598
51560062
45880904
99474006
-21867072
52575747
-33033032
-86841173
-82991740
68224816
2043917
92142887
8492600
50935741
-57524401
28197499
31921657
7017032
36200146
3480039
-47961800
45490711
60826262
-21222777
-61165603
-35102710
1963667
24234716
-27277349
-99391651
30404571
7782533
-27212612
77295406
-32514362
52931970
20525712
81921551
17498160
-61375451
-47178374
12217176
83943869
70029855
-79268986
-90324783
-12856979
60190600
-28076548
40764887
-82536880
-71512280
78374350
68669859
-14194579
-86537678
-9862213
-10224655
94282421
28411848
37108034
41718968
-2348862
91346254
92682955
2245292
-40342470
-67244546
17191781
-94002528
92961072
-2092152
-793823
29105425
46119925
-6979157
73141644
-18174873
-34749170
-34075301
-22004846
-10768499
-85437656
67417531
-71996401
70879637
41399058
53287573
26683880
-87344249
9074251
56531553
18915638
39121725
-84671201
-51505677
-3376849
-80086882
30503778
43484170
99937155
50189019
-19990013
77639105
5425191
10387506
61754563
1886931
-91193915
98580137
60653000
5196319
73565838
40699780
-15940447
-72476648
-16724110
17273886
-39871650
-32178534
60315248
21945666
-70120909
-11487148
-73719310
78520955
-50264912
36411115
-80412574
-56329105
96774157
-53169264
59826141
-8069429
6436493
-55151369
-97228862
-26815503
29448751
-54964037
86896699
-49717680
-21859210
63463620
-76342105
93099632
-52109606
74869045
37875092
74076237
41968148
5243661
67659396
-78021438
17829940
-42540197
30475827
25831973
-89963600
-90991678
65598306
-67728506
-63252274
-42631780
-30299456
44525936
57164662
12930634
94737177
-15181995
90726695
43883629
45258458
-46533894
34517309
-48780590
-6350959
76388260
-28012537
-89758269
48599826
-97484037
97878543
4147764
96246636
88386815
82014599
-435084
-87735757
74673567
26110111
87921343
-22643704
3001440
36875675
-29695426
23002329
89783067
14527058
57948703
-29147251
16708905
80711728
-51152571
-59233404
38027758
66654741
-14434952
-8777847
-32524326
-56160710
24724819
71617129
-52037973
11056791
37105811
19912637
-28750866
63134874
96901521
-47840467
-33107510
-92459226
-66455840
-6626204
-24683231
-22238990
98960561
-66605635
-65872041
-69100858
37271546
-26731249
46411908
83411532
75163739
-9061404
9526589
-81971779
-64399110
34820804
19681988
-85754572
-52730606
-79740838
3883177
27357656
23657842
29395928
11462918
64780596
-42209373
-38001266
-4570164
28757243
67922533
32020562
-81349497
-6521105
54527617
-44580976
82971214
-3252748
-61521840
-17707927
34779566
-85770514
94121114
-91836726
-20364045
-79692501
-5225819
-46273648
-30683591
-2307932
46254352
23515971
-87155731
-84967000
27179858
78114122
16160786
-13634264
-29158396
-34967813
-72143239
-64589096
59569390
-40031275
-57504088
-83334428
-22451652
-97240623
-41821724
29661849
-97584036
-50224416
-18956605
89579128
-2538946
-33021781
-65442000
-759415
54886297
6201056
36542775
-9306633
-78496654
-25479353
41493133
-54581808
17539514
8816844
51219142
23897052
-50492601
-79219917
26523397
-97200922
99393642
54346376
32938612
-74577902
74614223
37992644
-37050573
16959354
-78206300
-19221339
57968326
96405261
64087258
-86013010
-67786038
-42189849
75806213
31067804
-4877704
-50078701
-19662484
76402877
-62271792
-81936923
-85283966
-87619641
21520746
-79896326
60355130
95792242
36700472
-72701763
-31533918
87135136
70595931
-55353131
-78734827
-77503457
-61194070
-85424728
58718466
-82929620
-71177425
16594154
90761658
-68960900
-48209387
-15722145
-70704749
-61953131
-29839136
-80199682
99296352
21135497
-55419393
46563749
-31282769
68838203
42709788
89148749
93005578
-45825848
65337769
-64702346
6843340
-32940850
7909622
44359697
77620549
25384972
-37903392
28676758
56311870
55587398
-45747507
68093358
68771511
45881186
-95479681
-98432573
-29955116
38824017
-61121106
-86459817
14627520
-52410980
-55145723
11037868
-69699244
67719233
-66501207
-86225628
-17129691
-58568563
66164572
35779116
-16717984
88594722
-40103769
-65511454
62396704
-40503784
-97747473
97770285
-81375605
21020748
-94354745
-81509989
11313286
-92621675
63219903
52780737
888529
56732559
-22937990
90041646
81249017
-86490380
28437101
23480486
-37433439
88151765
11095152
-16211975
2624284
-37450798
-76333965
-53303238
89317383
80790182
11501855
-14080439
46779882
-12593102
11326449
63479002
32251311
16884789
12576552
-4278322
83541374
17280330
-62842332
86284029
79456783
45328329
20903545
52390579
-87451835
-16635326
-62456031
48173580
-83048981
-81189246
69874285
-18872194
-88950734
37707367
-39837232
-81066745
79220575
46333043
-92138188
-21151361
-50837210
56962577
41088098
49465932
-11541996
-41433408
29653289
-49060852
30259229
-79177435
-231693
-9836056
90853192
-32193686
7767918
-14799416
-14104723
86935758
78658673
-35534833
75311823
-67548744
64246753
52990657
-82398049
-68887666
82605169
49283548
28209485
-17425015
50559140
-29378797
-69439191
47049783
-30455827
4881840
-93750387
46678733
8051638
-38017517
-60981417
61258200
69162396
41866232
27142309
58357193
62431821
58103089
-37534326
-88447046
-71702462
-59265823
-34994413
-59990443
-24522264
39476344
-59633399
33249526
16432505
59108194
21295258
78582421
8462470
-85688330
1479957
90305825
30856439
19641239
-55493702
70916843
-31013413
-39832106
59380772
-53926368
-39005747
-32706852
51974373
38027368
-18452300
-57357108
-21859490
-53392707
-42074719
-53808587
23614374
60705553
70960096
1756696
99012509
-62565718
90334202
-60190108
-49544198
8531451
-64532507
88998932
-99579710
-37666058
71289713
-70190008
-46243444
59124691
-60309435
-59828978
-33471459
29270271
76757762
12776960
-27502906
39345022
22056492
-35518874
-86451914
51628129
-39668557
72097560
94363254
76277430
-45426159
-78426749
-33487643
40889139
-22773416
-13629029
-23142472
28026672
-31571546
-3572368
-31779778
35153700
26830559
-44719607
-13904006
-34552265
90906579
-43168921
-3193529
-48303331
-74126763
48598684
3036145
8858518
98950182
-64291627
-26920599
-33066530
40043477
-67704483
30563024
-26973563
-77338393
31956977
-59953565
61068937
-96307378
17990418
-31187700
52283410
-4001084
-43830989
58361952
31608828
73884900
-89066274
-41871658
-72665340
72797384
83726966
33643337
-77381783
15929650
-45628037
-48126183
-18981636
7671351
-82039183
37921420
-84279703
-51997332
-69769672
40235115
63702497
-55083663
68781205
48074256
19250272
27975730
52208791
66166889
-12993624
-18598693
76190817
-35174236
-51010834
88962589
-56505694
-71135390
28530455
-39667150
2397728
75911244
73986232
-68481374
-30034595
-84363467
79824844
-91439642
-34588625
48815228
-24349313
-5301560
-74293792
-32343247
91598939
-84493217
5758888
-56160918
48154932
5415942
-44224668
49520762
-81589955
-36741184
73437218
73737716
-2090421
80841335
49541369
-945520
-61730493
-47516764
30459701
-87520893
17947259
91714186
87971534
58924591
-79662047
74986004
4836430
44099497
-90630509
-94334293
-39869110
-75106146
43168851
35976074
-61099604
83763819
-55183144
22866018
22118803
-45034052
-94885679
32703752
34492431
89268327
-89821622
-35986506
83203963
19244704
-99375599
16380647
-73873738
9475758
64229740
-3451786
64068815
49577505
-7191646
24986745
-63108653
26758060
85453269
74597169
82638797
-43346594
43829634
-67746457
-56551796
44248438
-93711276
30329950
-66934146
95445010
-89673061
49677399
44336534
-34806342
81093202
47063760
-62962195
97161513
-94660093
-93372565
58975340
-26981004
-58922528
88474120
-85757943
24939880
20860850
-83621870
-94357892
34879299
36633602
77717095
62707219
57734177
-70194421
-46473826
-58919065
-2180344
-37205592
-43133507
20292244
14167562
-70489002
75355681
-49842992
57666812
-61783586
-65041156
-69090604
66382454
87840792
21386121
-91140824
60050271
26982819
-90376013
-60163828
27803567
-82977596
43086534
-88307990
31369720
-11369981
92077676
-95644379
79120255
10529618
76482385
-17612746
-8254782
30836585
-15971429
-81082035
-20973141
-36831704
13588487
92367829
-25812655
-7363209
-31003544
88654329
75707493
63550495
-3142569
-87940945
18680595
18501985
-37861144
9246040
690689
-75899661
-60148392
-75153773
-45833487
98343448
-78047101
72608375
78112223
3510550
1159118
-64060605
3483375
-47278746
-95789808
-9282768
98329208
-98705632
70153558
85170247
-82205434
-42556285
-37003916
71865444
-13077778
-8271641
14727230
85335430
16026639
-429241
-36496053
38332893
-88410531
-52012868
53754836
72874187
-67984861
-6957261
-82355876
-62817383
-39705270
87560804
98049776
-39610017
92455491
-65957426
12566789
-23133986
92578853
2186647
-38471168
-32624613
-84193405
-5322454
-96723981
91494347
-68974520
-7538341
-59198610
-21905772
39006953
47733052
74344243
-64078076
82926366
27379840
98986957
-25525217
-74758153
61320718
6943439
35390278
76379559
-17422962
9732137
-58843701
90121712
-43815339
-67749153
-49029714
94754606
-26834117
-94948942
86812936
9560331
4923797
58031967
-65214838
-97320176
-64360234
-96395964
35742950
-94367845
-36900851
96189825
64042528
70541835
50035464
1669976
77624493
-87504837
37905887
-98934133
-95453535
40901072
89856984
86865070
74159804
-28056497
-65621403
-38192715
-45258088
47771299
-24617096
-60550039
-98764416
-35234457
-98737292
-61454738
-86354888
71034409
-6696137
53224299
-15700489
27164857
49920124
35201968
49636580
-30742790
80433930
-51570262
26632478
42449840
-88081633
41413113
50818921
-34703433
64829916
-39866046
93797691
-82753879
-47926564
88432924
-61929371
-74838195
35082937
-98977813
-27884375
-47775323
-63807029
-58431825
-49416606
-13966162
64378948
6416750
-31132031
17353804
-74532095
-1330217
-53251363
61888692
38200533
19011634
-6295197
-51874704
-79266219
94999564
80861404
-56741701
44076736
-56316870
-57758349
-98097191
24301578
49869746
57034255
-27143463
-47421643
-40601019
68915080
24850045
-2518238
26972254
27732800
85411255
-43858095
61698566
-33768575
-50110299
30851350
-96763871
7997658
22573807
76666304
-47923835
71507342
30130831
-67722870
-30517336
-20629453
-92537755
-47817954
13686785
-42878194
21892625
60742044
30514711
-96688928
-57038061
64705378
78450978
-93917972
80983687
-15921188
92390169
-75449429
92263168
-81535572
92052468
72402798
91009003
97060978
27628535
24054137
-17569455
42200706
-60865689
-67239056
70827544
6440189
16994211
-26119760
-53965651
-38826092
82781571
-48871829
-97556138
-31713801
-13176163
-32056334
4982851
63036215
-60312616
-44088309
-18959914
33456821
-17203755
49880008
12665791
-17958366
-6257114
-42652269
21051619
7657279
-72227936
-99332835
-91468418
7091214
97351400
-52023775
48988559
3530450
20364651
91511086
69980701
24616538
-52448429
39696261
-9895783
81661663
-53724978
-24211374
-4707621
-31126386
-99128197
79352611
69888129
-16493040
2244436
-68838273
-64628886
54026949
-91772243
-95752591
-30197571
64078934
26130518
11649473
88778248
38630795
17860073
82377563
1096937
31763914
68528087
-71712632
-52836208
79428634
76687122
11729838
-99913404
3921581
-1542495
-16357289
-79796271
-78621525
75846227
-40944071
-94296551
-58556881
-33384833
-99366813
-99311751
28418052
7536093
-43161268
-44112455
-51520156
-82668842
-50908703
-85526713
80613741
87089357
42699173
93933595
76102267
-4784525
-24465447
95940920
-62258817
39391655
11705241
80240324
-74005675
19638748
13245464
-35916590
68803488
-75865234
98640636
-6821019
-45844525
-12237009
-7306433
-61458887
30419851
-35420681
-48142847
-89974955
-8403337
-59973711
52356701
55697727
-44014732
-67701561
-98137344
-13435850
-92932241
92454493
54768672
-24288316
-43181857
7702901
-76315280
-90565970
-70016858
7309393
57830711
30791230
-58371734
79237639
-90479719
67503181
56546716
-80152039
88304018
22820162
73051722
2588909
78141332
30847643
-92809396
-16601013
-86380312
53672209
57309665
-90994713
-27505014
65049037
50625411
29984896
-465802
-72463064
38100366
-90490399
-34853190
-2239847
62937628
-77010382
41334044
-89554570
-96406257
17951598
-90410917
-87834936
22319419
-57530573
25662490
24011417
44667434
98525008
-75031356
34124255
48923728
57349866
923363
-76593058
-89385825
83515215
-9023141
-58179959
94407675
-86013582
-48936410
1177435
-10091073
-60406046
-94582104
-79320457
-42733114
-18337932
37331265
85670870
-24867917
-49034363
62046568
-48991086
97312810
-56569121
3408216
-59946077
58202019
-98632489
11240892
-31042238
-55988151
-26789425
80796839
64524161
-4908740
62939709
-53707695
82732171
-58279543
-27402609
-99029971
22268041
-49092151
42502545
53085700
62854403
36198195
21363561
7887169
69403143
-10996825
-66968217
-47905060
-29704184
13111706
-77593957
-20209003
-91599821
-44830583
62844309
35702885
-34512756
-47195696
-41435252
-74136105
82756517
-34295291
54275709
-56542589
-96882473
-78897287
88094679
-8580473
35820985
92907629
79919765
16952013
-93741070
58519384
-95412300
14287316
60724771
83153302
55287826
26552089
-24694334
73056679
-60923092
30386067
77995760
-35511510
35371660
-35900656
86058189
56800730
-62690642
-9151292
65953984
79649837
-30375898
-30872428
-49551044
-43101385
32408057
75869049
88663576
-32586030
-72906250
-88873112
84493553
7751860
-16623111
99716583
-15759220
60493681
-20500436
-38606502
53497966
-74267763
-37943872
44348409
14657875
20803189
52371846
17579321
84878555
70556600
169459
6107192
-15874319
-16946966
64986711
32375241
94212098
-77262635
30699586
76035456
47428220
-3542582
-17858355
-17643743
33604168
-44284626
-40025824
27366034
-26099901
-57383361
80431439
-47800550
-98790131
20441918
22934520
-21919920
-98659403
472993
16412420
86184217
-99611654
-35250663
11423863
-69081188
-81555493
-63777098
20720707
-3418729
-16594439
-78465769
-22508959
-5476253
-77109603
16022467
61204672
67019466
-43539996
-22733068
-75626268
-33966927
-51303427
30076783
85133252
94629611
-17587340
62765878
-30369912
-94566739
-58603847
-66872067
-18367311
43419131
-17383207
27403748
-18235728
16499797
-18444775
-66262033
85681328
-47024495
256196
61483699
95738898
-8333298
97543172
96793983
40482031
74424072
-26380796
33978418
19277597
-88823777
89008820
-45138913
-22080377
-10519703
-20263343
13621962
53631251
-63552282
-8437098
31669894
54431021
2762117
75818771
-38874617
-40469761
-83836071
99181630
-48997807
-30862974
-54275825
11600792
-48414646
72161862
-31775684
49633998
-81901288
-91243908
9395224
55472175
-59672840
25314569
27040566
-1395210
-36534558
-21772323
-61379867
49711266
-54327248
-85771720
-63568892
-71114841
-81202091
-1781988
42905973
-65121200
-38414881
-90546520
-16988598
90560560
91844077
-65404601
51842494
19061917
62488974
-60994891
-3314875
73724874
34375727
13759906
-88842257
-77852398
70634066
12534392
56589020
-95013076
-10321328
-62096931
91259069
-42012875
3663163
-75387222
-73198123
-38378073
44593228
94318313
-78551733
-83296561
90609748
63227732
88432053
45403523
48917940
30591291
-43154416
77818576
-52065391
8166037