59160758
49077061
-85644785
-68600812
-91891929
-46702416
-63394880
74270446
6556565
35838777
-88146685
-62882863
-55039525
-2305948
-37305806
31148444
-62060993
29141776
-83546911
93313932
28664004
17669083
51146669
-36779640
-7772654
-89428653
-65526766
46043747
-61803523
-28589890
99304566
-59639811
-46346657
73346118
27396445
429446
-54846831
26671848
52864348
-17204492
-14717426
38978792
91320233
-13070848
-14001956
80364690
-2270787
-38369875
14434963
-70160351
-19250304
-9587738
-34907116
-14491910
-34805966
49178398
11431276
25571864
89508590
-35466201
-34825091
50219949
3585636
-91445129
-70031384
3156422
93429522
-31617603
-88944179
-30079462
-62909963
-91260517
-74510919
-62539825
-13241575
57391000
50772441
-41134939
-27858058
50535437
-69407560
86828073
-24674191
16074036
-55948764
47700637
34237620
-21112274
93430663
-54488927
45843412
1472418
1891598
-72625740
70241239
-76422061
-54536488
10513566
5503185
23936901
45890634
40810985
-97739431
1606349
-14720609
49819393
-84737300
-60836575
1775234
-62359845
91160084
-94184576
55938605
-995765
89237397
-66957196
-19648137
-1346048
-36026789
-80588022
-28856463
32132413
65940285
11295022
14004
-4423150
69974627
67666127
-57283784
-62471634
39393849
31605886
-89032420
36272021
8819706
23038163
27154819
-37462165
-41309671
-6445750
54137990
-73797355
-42931245
55812082
-10580577
-86842562
92818674
-32694681
22506677
81303883
66917556
-2869768
-9327695
26446965
50551950
80009934
44802774
149389
-31310676
-18882515
-26311256
51390075
-81822274
-21785095
-73892729
63572971
97708689
28451146
22951078
-70705278
-95231125
-62940141
9639720
8820599
87944406
-82050566
50841657
18542845
-78452200
-49184706
1401672
98577007
60779842
44956885
39019413
-11483213
6991607
15939248
-94375015
24470705
31223014
16338137
12313100
5015351
-11525828
-60326793
-49208367
-54072795
89910202
84385869
-9069979
47499071
95536973
52526821
-38428815
-17855815
-18112087
13926832
58735895
78679012
40877118
66710041
-94186670
-5657057
-61946831
94980939
9395466
-98052153
1790375
-88686477
38458847
-74893224
30952457
88184703
43275170
-73440639
-39022705
-88126236
69099560
-84982884
33739691
52619580
-53461335
-74306508
-13493152
96974594
6888196
32132012
-64372413
-86536930
-81278804
63535135
81818579
-80895635
60470393
39135506
-49056097
-19361711
-91963294
89640651
-32699020
89862867
-84845416
97344586
-829589
-20525016
20940225
30210522
-59618636
-57428356
-76758112
-10118146
-72279690
58410929
-98519213
-98924026
-24111123
29646106
-54101335
72470476
-75984302
-49867805
-76786910
12807243
91387662
-73912158
-60340251
11846577
-90287588
12438994
48668636
-96545898
-11978266
-58484425
26766791
93518934
39885580
79772603
-60313133
37882328
2215482
19909440
-10119459
5693179
37769005
-16583999
36406465
-71474136
-36130235
18733529
75560785
-3578510
-78841322
-52817533
61205812
-7028768
-97056674
-46138920
41419632
-28209145
25653766
-40766175
-23564949
-45527711
89971370
-99292487
-16235442
-65883844
93053401
-35614010
89533421
-50702891
30972156
-43495850
423204
-2672128
87962212
-9420316
94115113
45013779
22627870
-38278564
-35796370
35805853
94686092
-77214427
22973818
-47263583
-9771548
40932588
317588
57064543
-36907477
-41691518
-45055554
13946155
-31734756
-53332490
-55858498
74190102
77435704
64014288
77678007
3847504
-34008260
90900772
-38410430
17738741
68330881
64125457
-88350262
-27676523
36226172
-29904819
20874946
34699715
26750988
-80450737
-17619200
42819948
69459928
73972999
6337739
-79997025
59630985
78250522
16834506
5554790
37626545
-71080979
-60046949
-10078645
52314926
74473866
38559773
-75130318
33752188
-92696086
14163740
-60189608
-86797633
-58329198
87990654
83368286
91867657
47458344
56847694
33609495
65825326
-91015397
36495419
75085894
-41597393
-6669017
74622073
-30521190
-75248507
-90562861
-5092076
-60850328
69584801
93238890
-80370090
-58443060
-97184606
23102356
-60056817
-33235125
73904419
-27657835
56439738
76381656
-9243234
86133803
-47866450
-85675993
-32360028
15694222
-86301038
-2391144
-46057591
20681545
-95408833
-39983688
-61042267
16184585
15184183
-20764831
38307630
44411545
26365297
-35433371
-63471330
53395936
-25721287
11052599
66141680
-97313148
66563086
-15771193
80245068
-43597422
31918332
87638523
-25201020
-89383986
92306704
27979269
53493115
-49455839
-73630229
81507012
-61105286
91994727
2454425
83019356
21189989
-23991412
-13653858
-18921069
-3041849
2036711
23465069
60220257
-38726177
31697628
28037364
67045539
-84708426
-41994494
57144827
-44937991
-75702331
-99247058
6688069
-30955365
19693073
865051
36286966
99017841
-12581885
13486195
-6165984
-80668893
72690164
18278777
61873330
64915510
-84168643
8651745
-4901839
69381033
93273697
19129724
-99732683
-67489642
-4392051
-58903935
5296645
-42186934
11073097
-82809292
24654849
-13801286
-42054144
-8551677
24709471
4468987
26992773
86053433
82652792
50082786
-25522775
-60887688
681121
1255067
26452796
-68292837
91568733
-45559425
-11787930
-92172011
19005738
-53492569
-91704320
92635123
-34206500
-36153051
83805921
-69558588
81722040
-21635701
-55111677
3358436
53142430
25041785
-9724343
-18571459
33080834
20113903
-50626609
-4365660
93466020
83770741
-43315026
-50054171
-29023058
95111259
-8534994
-16384087
-68721454
7503440
94334419
-43629280
95876318
44006372
-99180159
-51050633
86721061
98220925
-90779706
-41252054
4192704
-46692846
-40481077
-98010007
-39276982
73426869
-63618016
-11927770
45121366
-89457315
46482250
16278709
12592748
85884008
41424727
46369226
-12776874
-13716140
7718598
-86039568
92436204
-57356213
9484947
-59222209
-14133817
-70830990
-76750909
67830665
-77053436
45546807
-2615941
-70606094
21143634
-6194336
73913081
14278533
-25563758
95515803
54047824
87573604
-35010600
23040975
61779340
-16617141
17793564
-26279000
10647913
45007273
-68528811
98551321
-22312332
-9012578
2452858
-21029173
-8721934
61920522
-85426292
46052603
-11910673
99149645
91318994
-16964954
64300529
-14868555
-44464918
79518293
41248518
-5242196
-11674051
-39025087
-81691691
-42133283
83216749
1116014
60142049
14202071
-54787133
-37482827
11178122
17828051
-75480762
76889710
-19195536
130109
-5230025
63152001
3828199
-33592818
-43169889
66021718
88345850
63958847
78521043
79356013
-66923396
77834739
96047900
-47425797
11790910
-13495283
21692007
9357726
10395760
-62983005
2115698
-37083585
-85399525
-12544338
-33583988
-20841177
-24750915
10218739
-28086801
48684559
-78990358
-2967328
-96596119
9842797
34735322
4535902
-39666247
21838036
-20039949
34298962
-35324626
54505456
-6375005
-12109681
-7836449
53141301
17419348
76232799
-69874145
96581745
-10659003
-34825125
-85193484
-73653730
-12182824
99383449
46618364
41072220
-28756482
86811934
-57426352
-38595579
45608756
-55202161
-29791001
-67962781
61339812
91201435
-1743687
45469849
29630106
15920292
94308613
-29457041
-69372352
41448031
8212202
-36370451
35081263
-13898563
-68283169
-65963380
35044772
46042890
-33826972
48255221
-40251619
47759794
89148656
-63047082
70222802
-72617508
19959971
-90893678
-36223292
57858149
-16832327
79689782
57869497
-61411513
31472405
-30053097
-50710249
-88965369
65134173
26452623
-38241174
-68581584
34807490
5347489
-23306744
-47041929
86210157
-24961069
23232881
11090793
-44617303
1485522
-17503879
-10656960
-83173643
-34936958
46530570
-1245684
11743427
13588251
11584146
-37739142
-37061257
86742796
-59168784
50819626
79275390
48179013
72060428
-79445851
-9812211
82773528
-36284921
-55323935
-31003938
-99091980
40174628
-51079913
28981774
-26577523
50993123
-10648247
9094451
46660036
7060691
19412884
46842769
18883639
-51199012
59016494
65121282
21581958
-4349748
-93665341
85398334
-33656461
-54658831
23831640
-24294915
17177707
35531471
7501103
70747031
-92308022
-96408559
75134131
-60370036
-64272023
-83087473
-88415124
-95027594
71580219
55692630
-94735981
-25450509
64985173
18672402
-23594735
88616368
-36084886
35304240
-12434016
86654563
-27578665
-85484780
-7662743
-12044843
-95862879
-92263269
23231574
-41410018
52046861
40691308
76331138
-75487953
-39091145
62560871
18484671
-15838156
-30590877
91408961
33561400
-31008937
19336897
18949810
-12867045
-53175639
-2108264
28289431
-31356173
-49431602
38448852
71422255
-96177587
53392758
-62830966
2141273
-25699495
-41455920
42166499
88291855
8914872
43612019
-99721031
20977170
-74117285
-41461940
-7445561
-26601398
-29298291
-28977553
17262459
78611478
-96966081
44382061
-92638822
-77736516
-31457782
44177783
-58681297
-60839983
-57801995
84246725
-3305121
-63955113
-29455958
-49890023
7095979
9877768
35316580
-18124170
70114825
-85589577
51965059
-8829515
-65765296
-42923005
92427669
54555027
-51924565
-33499910
4136800
-13606068
-95748634
8145660
83981646
-4929292
-25392314
-96054488
-80183456
-64258042
-74656544
-68544079
-64755405
-30574019
-67938060
-20354562
-28671445
-29559778
-10142597
57871815
26785659
97387222
88515777
41459878
-21286964
-85726753
-85230489
30888245
37911111
97840691
-54070893
-19948764
-21661839
23680449
-52191963
20123291
-29590622
-26115682
-86877102
32190484
-20315315
-29510817
-82765500
-92195663
-91273543
-96379716
23945477
-58235043
-97067585
97859885
-50211723
79224095
-75659644
21919260
75529876
82367738
-37328145
-86557882
82956259
-90028104
93692591
-75628954
-53889671
72986226
-90446602
-32020870
15653133
-9438057
86268462
21368965
-95550569
-65195490
-24210654
-40035317
-2698895
-35117233
-85914102
-88905972
-12474419
-78018482
45710359
74247354
-90687437
-2077475
78828788
44809021
-47609601
-73103755
-60770069
16458458
17104722
-9410797
93148883
-70990091
58959783
51836059
36289024
-95556526
-20819503
-40274224
-49009460
44302675
-63849407
84191284
-47903007
59275699
-18626080
-96867029
-40494677
53687744
85811631
-29478440
23725298
42349442
77670167
-74500902
77044692
79870254
-89504912
84389418
48304514
-60841274
-82901692
-40253001
-85225084
-24559694
-17636032
6945118
28562939
-69110731
-51223554
-29678930
-9297461
-19828781
-77322058
59345134
-94473012
56027597
-12950976
66621950
-56436115
-70316398
37892031
-5914823
-34801540
-78416394
24190990
35508586
-68792382
-74729149
-8357982
38085158
-99030567
-87168588
-17064821
35213988
22713816
-95968217
7240378
-72781239
3853418
86004502
54289407
-39805755
39537453
-51413819
34805005
38550774
31930524
-85925844
-46604172
30055169
41929500
90579733
-4495414
-13050468
61576335
-10554108
-97129090
-24899347
-97481494
-49320161
27945026
94912206
-73507154
-33131008
43223068
-54060112
93552140
-37691704
34001161
47339104
-94073047
19924914
-64856976
43064092
-61094031
22495005
68615966
-85070880
90048416
-90696076
-6509013
37880220
-675077
-68184643
-67728483
-12018630
56275729
5046838
-83634086
43976808
5521601
21979609
-63401717
45024545
-15809925
-76129409
22558185
3608097
74591113
26249425
-49493738
-83543947
-55392499
22713305
41458681
39146341
-23734777
-88595786
-6284372
64467481
97435264
83004406
-5874513
70016557
-74543096
10025641
11826002
62796488
84557103
-39101601
56135766
-82695459
85944944
-17251934
67789573
7549787
77466385
-76386578
-77673129
-9132540
-33261419
44900187
4842389
39264625
87390267
-67460476
39831776
77337094
7272572
-78147580
66157251
51535558
-20118372
9830436
-35488403
33980571
-91914536
87565426
-34715293
72693344
-3032756
64681854
90417337
-75275056
18374923
29407673
-49387465
50661561
26902659
-24407153
-91345636
55325080
50523939
83595233
-47440465
-26946728
71681869
-81213170
-52784814
-91855018
-62024140
-80312389
69764787
19070649
39881961
-48455751
-9902829
52825261
-26694906
-61750944
-47973079
81288416
-85519591
-72456944
91710488
57958648
-29625188
-84049442
620174
6424696
35480785
72003706
-68140997
60910482
-38808346
-7255328
-38335790
-24452106
56590124
-21951820
-23805467
-93555397
-28692663
-94252549
67334243
93985981
-84358719
52611834
93538887
-35355312
-82398214
64430764
-5948699
-24485279
-35412071
98682623
-68699739
99592699
-30768064
-73081840
23906767
61281536
-38666434
24299671
54188846
-71320360
-47968517
45091200
-45524771
36420420
-55622607
62240962
-10291116
80782420
30446195
-97794933
-78581259
35814669
-19719910
9999300
-95952708
-75937700
-12867056
-45150662
9149615
-62683369
59731652
-67602712
-53476291
-65829536
25183762
97692288
30061078
52417217
-45266819
-49117191
58490965
-94907586
-45457630
96723511
72401033
39049341
94779470
-12354696
-58038386
-79152647
81599167
-89831437
-58000278
18538269
-52442921
25689031
52518001
13177016
28403761
70799782
44470515
21345178
-75655571
82735200
47606173
-32511658
-13151440
-26859838
47756957
-91962344
10469209
-23953292
91624201
25353343
92734165
80345853
-46224024
77046533
-65424311
-78389237
9482834
57439090
68537746
-63867611
-34715524
-26944376
-9341088
2027761
-31168990
-54466252
-83651963
70187917
48588325
-47651307
-57774952
-57364295
18270252
-28516886
-12744005
84141756
33774651
61890171
-79987924
4594340
-15369573
-57282794
94601510
-4117820
32842085
2704113
25488707
26312177
-3104222
-50852121
-24813241
49330783
-67194681
86229720
-8370309
27236901
-67617276
11623299
-56588254
61007859
960268
2721190
98520182
-43769774
-98588494
718259
-30484923
49710834
-68985091
58188114
13246940
99825695
-39504192
-28836291
-87282077
51642229
64145650
98716237
76743038
51589119
95725823
22536482
53945033
91524863
68851109
-50158168
24214106
22193399
-20521132
70534427
-45680659
95781734
-99373240
-4616159
-92236226
15463428
-60530580
-27689248
-78009427
93862116
97078989
-22676203
71467923
-32460010
-23738807
56878420
-81045362
-84402040
-72558264
-8928252
8308068
78948561
98187111
-40151834
-48395392
25091048
-85637796
-75344663
16500115
36616799
-75668541
89086905
3501949
26743062
90158185
54831076
28273620
-3758189
75787892
99298183
-43274883
-94765950
-72704428
-40090353
39266596
5982248
41559746
75341237
18697056
88188678
-36675106
-82307757
-325750
67803174
32664099
18412593
-45536834
89594520
-41764682
9870301
-68387761
63059171
23722914
-49417555
16663598
36049722
73173118
-13257101
-81428673
-62768994
91817890
-27263635
19912575
87449523
-64034144
45505832
72391551
77318847
-32299298
-30500567
-85695359
84498857
74093321
87382669
-25390762
2263493
-86899781
23136478
63134638
-53425149
-45029352
-91113453
16993829
-43982512
-84738088
96970130
-59787515
-13239594
41552105
67706468
90850696
74237586
-9352038
48918431
4685300
65317493
84841389
9002669
-62513017
36163057
5204760
87467435
-61501555
-2645976
-58120302
-52073383
6161546
4814821
31707512
-34438112
48459311
-57234269
-4378720
-58846554
-372552
-77697604
47853365
-64257304
75749922
48486486
-13329270
43820765
44160593
-36401077
39639273
-65348786
51928700
-35616164
32189597
8385863
-3886258
-65063379
-97305374
-19686404
85660354
77094995
-79555739
15396556
-54434411
-81613999
2746639
64950165
24145219
-80396400
-87009656
21226708
48888649
14686144
38925714
-8251207
-78893032
23099473
3080152
-6899094
-47698045
40949726
51925823
-69167806
82742577
47545577
-93181749
-12081036
-20272548
317940
-61540164
-54806298
-33696083
-37637711
39838527
77790523
-87792374
24894972
76380287
-99786316
-54582733
-49461938
-58651962
3931944
53618229
48265923
66530449
86450852
-94007511
8639030
67898702
-44477593
-44052890
38125571
98026794
40870129
70787033
-8281432
-11474192
92132066
-36181641
3863106
76058377
86076207
13917935
-16414261
-65346509
-62917208
85029938
68560166
-61035397
-20924770
-21061013
69837583
-72016660
41436284
64151947
-57601205
18224327
84978888
27946807
-30051555
75992836
-95093688
-36533806
-85520576
-17050773
-1191961
17399276
-26642411
-76139981
-43431888
-29832338
-47766229
-50548566
-45147241
77175540
44945461
-2222564
-77373345
69150220
84173936
63682030
7477040
75512363
54649951
61952974
-45500834
41801256
941871
59862665
29488248
6267521
-91904870
38656595
-68396458
-91943323
88100160
-42148037
-51851393
93153104
75700094
80758468
76981125
95981849
-56996484
68298176
-79050889
-35208147
44069929
-72496242
46215410
60852774
37639463
-3990224
66695285
-35313610
-82235081
-29232002
50886280
-65141001
38187958
-17609452
27345173
10337757
96347792
99129126
34670349
-95501481
-66501504
-43051462
71593481
-49163727
-28409182
-24307995
-79184893
-70920596
92824474
19335420
-35668426
36360775
-62258100
95299275
-78921732
78684244
-24481182
-34395538
92449377
-47478296
16391346
-50128875
94730221
-2239294
-63662013
-85416457
72136015
-42762440
46306636
-95480923
-34974395
78740620
3591344
40328746
-62124292
7976716
-30076059
71634625
-73542543
36626926
56033413
-9292294
89094358
-63993213
-91564902
-78169674
-7848134
-18618328
72157117
83194391
-12619689
50692391
6194397
-83105222
95608323
76869549
-11850056
-58783756
-41906121
-96431110
25952286
-49719573
-90292163
57577752
-15679019
-18987062
-82160849
62981090
-99805222
-34709071
53249172
68177042
-79667247
-80671700
-79503318
8829604
73168428
54276861
66983118
-41871082
17952909
-89731338
-70411805
31812053
-54865122
-35326694
86291602
1252274
33707811
30539185
89094631
29998209
58576830
-22441240
97357995
48322311
-10823994
-18443365
11371735
57041974
35636803
-55813557
-47851128
-91618341
94281205
45706821
-91178795
24681332
-97954420
-40269198
-33787184
92105327
32787550
68213701
26236535
-72422335
62417404
91693894
-21072693
-74142700
68882904
93815321
-94671121
-49429661
-63779645
-60451678
-59332058
-46180974
-17246999
3856470
7545989
48270429
-49660372
84893434
-48752809
61967877
-61053343
47818158
70830024
-58933413
86449401
-13957561
-45717120
38465610
-6641431
-30462112
-27966698
59922041
-4686099
5574905
4672632
-90076708
98074328
-52938616
-37111889
12237093
-77604516
53786372
-82628217
37172412
-47536974
32689582
-98379199
63309960
-25690515
-72429650
-70978943
76907786
-58271895
-16363787
44301442
-44450953
-88540449
96734007
-81243232
-902109
75439446
97651877
76063700
-84619346
-8062418
-3903132
36989047
44208312
-23027732
-99145043
89003110
-58451216
-32314118
16129236
-19464569
43739833
61262116
49996598
-50467806
-40204853
-31470443
-62939139
29876368
51379954
-60129830
-84999660
-90467793
-11896784
-68661552
32416050
-38116830
93857092
-51600360
22190785
138552
-28275198
-87098551
-3064471
-42574618
37523065
37571830
94773113
-95299942
85680554
-80263145
-1025163
11521309
90186516
58831212
-33318860
97853663
359659
64702567
-41313192
-56448085
91461698
-42420376
60830678
67363470
71701473
-58555775
-15420788
33276851
-35451365
-51542366
-49494645
-15554971
39703140
50948946
20958138
35922389
16857897
80211417
137176
-81379502
-56063508
99177330
-80485432
-86649234
28924193
-85526343
-27770508
-5232227
-57075691
-52773313
86819903
-5204112
72373993
73073636
-87886834
-69892787
-28954215
31085857
86633552
-82432451
57830054
77927425
83580869
84407947
-58657996
-68946682
-36942028
-48213424
73486991
-71840524
-76384033
19868546
73470518
84266438
-41495973
42471491
-67160788
-23019589
-77908208
16349393
16000133
-35055587
30878863
47502068
8709744
67256933
-36159140
17047560
89259952
-4591415
-73838798
77536699
-57023028
-37439580
77386886
-26879292
71760726
75528228
88859904
-48541881
-97565110
-48048558
-69305060
-89801777
82107782
-4763551
88249088
-74676315
-67799162
73759837
56672476
43955017
-509762
75307846
47506591
-86683261
-35186352
32455719
87720559
-65773662
35573120
78589537
-88598058
12905771
23167592
5191716
-72113075
3163030
-67782634
60036356
-48429092
-32830457
6050729
5200813
19406578
64072848
23713221
-21429666
39002541
66609615
-99010199
87679044
9895122
-30149045
-93327364
59767188
-70190785
48829573
-11938866
97965025
-62504818
56373751
-91782588
-64750039
-21160482
30067530
-23746342
94722530
5372068
-39478104
-91247812
51352113
96002215
-15703187
-86193985
-85834370
58411790
-21942743
50924898
21816574
-10222127
85766640
49736433
-44889135
-52324013
94392408
52827321
-33200036
-17738893
85340808
42060397
15039694
19961351
31494095
40977098
-7618570
-99973703
-83278788
36753460
-18692567
64141519
13119509
26310106
34903057
80111386
-90278545
-30857178
-81819261
-18558045
-12423903
57312373
41724102
-59065045
26312405
-26422613
62953375
-92546438
-32215562
-89847213
52180102
-84928023
-31078829
-81010109
18072866
41834679
44060164
99888220
-76795429
-41772408
88386858
-76056717
74050661
88507831
42854316
53345364
65567094
71348070
-67514192
-68728434
90790762
-44119472
-55682168
-8391933
-33184863
21460095
-27531418
65721063
21648195
-51065642
-39728130
-99590821
49827815
64014155
-41599767
-8883788
-76651616
-67086133
5595225
64932472
-73174445
-14108997
-49374845
-95751342
-11314348
77874512
6814360
-99211203
199237
-72036233
-16572891
-94102545
-2536717
-65466558
-17988951
-82156133
-77658
-725162
-59280109
35423654
40731583
66743785
6094871
17731643
-55427568
92579505
-96727638
-70798504
74346570
-52209276
-34747660
-59870610
-25133429
-96925608
-24090058
-49157229
-45561294
48034449
20719195
-14856784
52879988
61154903
-44663706
30409430
7783680
-79087774
77334881
-73725742
-29577502
-94888775
42503802
-11520694
-13231859
-32967908
14990902
34308725
-76488874
-15614554
-65249772
-7581281
-34698533
-70029989
94337411
65848698
61005571
-70900998
57254055
88785066
69771728
-5618917
-22498185
6409174
99022585
-33630767
79894054
24267976
-79368788
-56484363
64749670
50100363
-42729911
-2764906
-89656163
-21988676
-62813999
-47111953
40662229
81143149
-17064418
90715621
19323712
-70405453
-19169099
-89488847
-20952007
58451450
-86751667
-11737050
-9396058
71943198
78069300
73865998
53761431
-74216633
-56136228
91210751
-79491851
-2838097
72764503
16973827
48901687
16930601
-34976865
-57314208
-7999573
-89669801
-44874379
-14359308
-12909827
-89575155
-83407839
-62121075
39799712
18531119
-45157483
81692377
-61448679
70780987
-67473609
-12439766
-28738337
66343670
-70133629
-82982802
-19488580
-37476651
81394683
-93829892
-63113839
87809112
15750424
-63895461
-61809802
48814349
-33591122
90027843
60805992
93096782
65436437
-81355526
56952595
14634709
-50765103
89905203
27027113
74498888
-71692360
29317727
26954889
56172565
-34457337
37683538
-75183036
81823136
-35413131
87462605
-80448696
-86949282
-97219730
13847060
78574144
24735945
5520781
-23987956
4007373
-61514881
-76834139
19367631
-61626674
-39848178
61954436
79313694
25371441
19404531
-70899886
663869
82489912
68443731
-41348328
-9348191
29257325
-60415120
88484247
80779522
94999792
-12173149
-19671526
60923470
34272521
-64305155
-15347879
-83697671
52384912
62799521
65499076
41184805
5178532
-79082405
-5140117
-66029484
73501532
17803163
24781781
77961663
4853228
-99896545
-92475176
-8793821
5070676
91821575
66076646
-54795898
-66026003
-60074449
-77902272
12492655
-65514644
-66595120
-73243147
-81355905
-88059389
50760871
-37556531
93965071
901373
-94008943
87672274
42812486
-98185215
99034493
-78710958
-90062435
-49382677
-20646275
69453338
-65238915
49146672
71693065
-82242003
-94659492
72123955
-94528433
72220244
82938184
79841470
31945691
-79603818
-45275095
-63673203
58072213
-89725616
27877147
-81694124
-58892400
5792518
-31813281
-71424773
70223514
-99427916
14468090
-42945827
-69476596
-95957445
-53250915
-41920550
43197898
-48363452
-33773050
-66823251
5224773
-23710686
57531359
-572313
-82274872
-99536419
19224712
-80597617
-66521306
36526021
42625678
17826892
-37814722
55055101
68484171
77310667
-68003673
74320896
88597666
1884834
51418456
34152847
-83085871
35160159
67813862
-11548807
-93215201
69433754
-71249803
46797827
62058126
-39204096
90815660
92299234
-8637049
76378442
-23533637
96562326
25467598
617421
-58452520
23191681
67293658
-20304039
-97066921
4196904
-92627251
-11623514
-83635861
-67708540
57433069
-68851383
-50713658
-98557303
-20207135
33739604
52372999
17128193
-88907158
16951703
-86590641
-57340114
-75630645
1605275
-3985437
-14636547
76759271
38648326
-48557630
-39804435
-8477496
-61607465
-58323277
-65389718
15806417
37993559
-90044889
-61347188
80027292
-72974660
52468966
-70797979
-11201019
4475110
3944670
35322095
32558777
-66475046
-39571683
-57861214
-8821227
-57411399
-99459434
-44087732
31315702
18206958
89424882
41552167
27208093
-61073741
-82686766
92648388
91253169
33417834
-41388339
-85845812
-22801474
74541727
11486603
53754991
83909126
10584501
94529703
-18820048
-90189601
-19784695
20462968
32156824
54135994
-88079589
-80245669
-19229143
-49293675
16381126
81202444
63046270
2671880
-47116395
85035180
-10461847
93715994
50117390
-85002200
64857148
7948451
-54830505
15345147
16960937
-58571010
-89497499
-59471164
55011347
12607166
88607
81207456
-8082930
61527452
-50111571
-7685774
-60464187
-20872206
58043004
-58234829
-40367586
2780820
-83241708
90920081
-82964111
86237735
52422348
-77637375
62019317
54379623
-41066043
30918015
-50538022
74420836
23027638
64600157
-30360929
43018397
-25119945
-88331253
46301985
79411675
49798768
92924417
-86847519
-51737937
-44185928
-63541465
85971749
-81644085
91448867
-37290501
16655921
-94228372
83042103
31530228
36966630
87701191
-88884135
-11148136
33387237
-3221905
21012871
-40220606
-77639626
59971751
31143716
-37307156
-41640964
45110470
91401919
26313705
-15214035
49888307
13373519
28275573
61916922
20251841
-22305043
2737181
-985162
63821949
14158896
54249162
-462645
54664740
-74286725
49226615
6797475
49861068
-16551591
41012162
-37284991
-50630070
15539226
29793491
-36055860
-63293050
-89198403
-96890092
-64895660
88748644
83697775
59959664
-55882824
-53051829
-15518855
-20750318
75473317
-98169560
28546306
26236010
-50585098
22604978
-20721461
-14732112
56695187
-10257959
96078546
79606381
-54971380
-74145370
65391942
-1385130
82393174
52499899
48779976
-52709225
95651309
-42203933
-68802558
-50615697
22933319
-30528502
-74406693
-2582495
-10674392
-70902530
27392425
-2946580
32950315
39676400
-56912438
6527046
-13295809
99403506
95215160
78746221
64052613
52773187
-49313097
-99675043
-95691659
64658524
44345677
6673570
33516465
25283009
24287321
-66558912
-57398626
23273197
4864963
-64616820
84533514
-50967889
-92195305
93604450
-22525801
32520959
27542127
-39772268
40510183
66240510
16796364
-11384741
60906560
84302236
86009406
-86172187
-37358369
-35088477
8667448
-60008603
89721142
14741395
-11811106
-17284479
-90768304
12338998
12175573
40003275
-24008247
34212749
-50271100
-27302643
-94832060
82615114
-31329250
-25426281
65131001
-72070291
-90933608
34057879
-98778791
12029303
-85600584
-19579925
37077853
-15647363
-93519743
24162655
-16631073
93315498
98859591
26787682
44204663
22388907
60528091
-84455454
44402467
-98329364
-94164904
4209573
-85149755
16028440
10210220
80454160
43008944
-18819583
-28090099
84621725
93878858
-79747473
-80570783
13233234
49864863
-12341177
60093065
29734134
13138015
-40596436
-46254269
87361128
-76925174
1732628
21871989
-62250499
22039007
78735828
26674420
-42023377
80985201
-60996133
47480198
-45570570
74524542
81136678
-56022501
61754875
-72669440
-92254251
6911573
-72780483
2324358
-87162010
-52585519
9718133
-51945912
-3597329
-7419885
-81138910
97568447
-96023483
-96583180
-37897995
-53691569
10744168
-80369710
59800881
-51532623
-20232398
-41072289
82296461
48042451
81295823
-82219903
-74382419
-72177214
-82867660
66776449
60040291
-79891839
-41307224
-91267382
-47111333
85515726
71476242
-5049996
61038260
25508765
18210451
65420740
-14231342
-39004507
82476127
-28641916
-44813849
57355682
56003694
-6427451
-95480204
-77056887
97989788
-92029464
-13454799
-74591186
-39322135
23363947
66271790
90503781
73286811
40214859
77214143
-20114879
-1152728
-5625591
-18214531
-13040930
-73914119
-44538877
77090989
91260606
-23932973
49649486
97728353
56086850
-12698522
80282512
35791375
18866688
-43875856
-3657717
-17430068
34505602
14061017
-47086020
74323426
-7079294
-92109292
-95120406
24446140
-73200069
47651952
-73818423
-98384640
4084655
-40644978
57416310
-9915324
-43932139
90600416
41251605
46050269
62626059
-94283733
11212257
48144173
21958720
19199692
51501628
45068277
-85419428
98775702
-2546356
-42576633
78854474
-26335336
-32609693
82629035
75999401
-56171677
61399181
-34494532
82243611
-47784225
31241806
-81100894
81792476
-89258134
-26542007
-61243142
-99285023
8642293
27051453
37953856
-96060732
-69347736
-83628280
49534570
-22441095
25671322
-81574918
42965587
80634877
39013374
-38738295
78682554
29183531
-73031577
-61529101
-89281625
-13021578
43571242
12635530
-4813861
1520723
43145408
-80166541
56180933
-59101516
-80097480
-86322208
-36952272
51134577
-75584289
-4204546
-99844038
53686871
-23865849
99531167
63520858
59813698
-31661615
39297435
-45638416
-76097748
89742570
84295046
-17979136
-49298492
-70370616
-39379959
97479547
-51629361
-79906709
13350674
-64557504
34727533
97796784
-84178637
-18338046
99666777
-87236199
-94917490
-69514165
-40187711
-53601
12862110
384751
-51289629
-82482638
19227000
-95444555
23568055
58450886
-81972026
61732413
-22379799
-10184680
-97278787
-10230781
22692752
-52372756
87313842
20847129
7775849
-16198807
-46494975
-7257463
31677075
40761839
-2346219
81592956
42930131
76848282
-40166317
-46948057
-58498424
80509779
39370027
7621048
24457164
42007136
-33075953
30118049
42749967
-68175451
15435157
10089157
19654053
25714525
-34014915
-87277205
16272826
35624528
74241487
3729786
58955949
-26796285
-64671608
24353192
-73663454
-53405560
95241014
-77090819
28059186
98316255
-67365812
-13807103
-84213546
-20748344
-4658862
49831455
27606082
-15238520
86954348
10127722
96625464
22910649
26662518
-22880040
78902735
-74225262
71513069
16959373
29290375
-29542857
29722520
-65890254
67299371
-27023552
53393177
-56179424
-56304733
-12579364
-22438653
40981565
90923172
-74773691
48151419
-78460830
-99865724
95714233
32572516
-43092770
62630913
87736330
6596359
-91072629
-16719176
-50834997
-82403551
-81176740
-97458208
-63186854
62657190
-32729686
-24070822
7781598
61863305
-78233493
55880964
11544467
16374632
-32281648
18292924
29107047
70309103
-63545443
48949044
3226101
68032802
-41020752
10296988
-33464387
-18660226
97231794
-33750979
98004884
67867928
-83609775
97069831
-71351863
-82131857
-40224380
26347698
2265668
-15999538
8600732
50251691
-75613884
93272209
-56879077
-95938978
-23163285
-18575221
-85788019
85937557
-21964591
38924948
78232687
-28801768
-14109121
-27652992
4070042
-358266
43431980
87294443
-51192916
65966903
21126183
-80835364
48341383
41001273
63453636
-30503056
93236742
-56974721
99798252
41746541
-8829679
78754317
20689726
31044031
-508404
55969410
-3685932
-85625270
-88310770
-68814073
-70017580
31636468
-62958977
44117941
61664154
-54746350
4885130
-20406466
-38199091
-71834533
59574382
34933729
71422232
-13784508
-4662201
14726253
-28888718
-33874686
82318826
-4818269
-50167373
95194192
17206365
-19870567
-22419426
66645735
71993879
89098543
-18006841
70352173
-82677390
11313352
40345631
-87755477
-71225158
39604051
-93017438
50002943
-9860635
-47195901
-59319508
53091057
35031307
-65846382
97266894
-36438498
53436864
46657601
-80454965
-7292373
96920245
-8954615
-84257324
43315966
-17533711
-71926293
-88989817
-21248020
-65994430
5052923
-45561609
87948769
-77416538
68178106
70939974
28697405
-75468299
-2399441
-72083771
-5785344
80355098
19959504
55621133
-99808993
-9355222
-98458102
-14429065
55181220
23442747
-17024236
22173724
-36442699
-77604990
-98113
-62540885
99556733
-63193764
40706795
73080471
-98236396
69898543
-68918185
12594122
42161274
64294093
-62272814
-12365834
71592608
-65269496
35539850
-30566922
-9841532
-3893828
36406341
-24306662
79874790
-5988428
34517053
-42366878
56299973
-44099715
68072999
48090271
97054638
-33236909
-10580146
12640828
-76708043
31385768
-85147076
-28140438
-91504859
16982383
-31954024
98422757
32526249
97321748
-32709372
6141395
22252053
-71971907
32511114
-46148515
3449897
-45029432
27165359
38309907
-16902875
18295545
-91464922
-39322414
-194559
-89657857
74808398
27242317
-70616676
51839533
-13246190
45945790
-18189355
-53113234
72752707
-21812235
63571597
69361998
-59694967
-49964625
28673590
-21938740
94162515
-28072217
-95936283
-30790166
71965097
-72592503
26223192
59351372
10499548
52850187
-75384695
-26347813
-67841875
-81607711
34849500
-85167143
-6616753
-1710197
87897477
47604764
-48612795
-2541011
65999987
-1052993
9456808
-676676
33167476
-34896921
-45699065
-95441554
-90808842
89662287
32027433
3865853
75394259
62849838
-17150913
-96224897
-63326009
48355710
-3837944
33535819
-1305939
-2016883
-82605828
-92239054
-25846004
12219008
-21407982
-79660260
71947926
-32573933
-77831912
54882787
-74333369
35535411
-5503294
-40302361
12490567
-34712294
-81618357
-94827698
-82052482
-83441620
96358548
-91209494
64383831
-44992685
-14751390
-22305121
-3643202
-89755372
2739031
32589452
-92755119
17592620
43510425
-21463119
-8992437
24471019
-56506053
-91654286
-91583451
2995198
49749971
-12223901
92705490
-62355688
-96646576
-22209793
-43239589
-1723095
-96135992
-91135027
-80109146
70369788
70060692
-66832557
99094324
74199463
-12457127
13109116
70405160
-91386416
69209689
36827320
-22501083
-86071545
-69196859
13044401
-82359088
-78931652
-32235937
-10453303
-85592612
58424491
-52811524
-58691642
7809181
40318301
34465855
59694530
-20695655
-2139828
-77040461
-3934422
-62666448
-67723993
20758655
-72748617
68865149
-62031901
-87778862
-81483039
-36776151
78087316
-17513739
24462813
57874601
-56484041
17436339
38018955
-71578025
13618415
-73760086
-80054563
89233204
88675812
-38021648
-56765717
2687361
-88623532
99130766
-97732451
-94539996
-67712566
16798152
-99341379
92120355
-531014
-33696133
56928161
-21800934
6144612
-27310824
-48942579
-88084885
-15149572
62801800
-14830430
10565474
59301700
15335091
46632359
87626563
-90225878
-75507574
-63940081
818095
-86273293
68082610
-64247115
-55252884
-71279792
-77221893
-12295035
5849984
-64857150
-962827
-22740772
76233449
22312097
86464312
-63882203
84670099
-89544338
88687326
-68655728
-70765495
78478983
87942954
-25460282
86499444
-88029748
-13391730
-58799746
-22533747
-17164231
41141161
53636989
70632084
10208219
88962126
-35212277
21809558
-94796830
23185639
89415859
-14875905
72783551
20613288
-70934315
96353110
45116928
-61327725
-5894613
-13686975
78644286
34753203
-82269023
23499992
-20605044
-84752010
93164229
32127683
-84100171
82750669
-20719104
-64171676
-34179904
68763168
43002173
51066452
47535253
71621842
1945980
-45702857
-37382758
-15369299
-30663037
-69967092
2901856
-87658677
-70086689
51078158
73190383
58741675
13008895
-36671160
-5834021
12660347
3621296
56433830
91978173
-66648565
-83516465
-99144955
-1387690
-37782582
50960036
47000173
-6699733
46257812
-60012606
-51505155
26759951
-85670056
64282907
92215371
15298241
-63272887
-52224743
79095754
-56278245
-83272142
-89195640
-52742879
17801270
72713184
40586089
-59093286
-33362694
89864991
-57963065
11573829
19548789
5543772
-44768296
93442042
22018473
54324969
11299213
74038980
-25857847
-2553557
-19801641
-53855629
33018196
24587571
-66090521
-91086791
-71262262
-88260019
90349021
-63529354
-26373920
-13603340
4761929
58601546
-66185113
16201935
-31877857
43263471
62823637
-9555312
-83986896
49290552
35008469
-45616635
77156703
52794835
-8385445
-78259898
17866228
87472948
-592993
35110818
99703993
-54660142
98506501
-9100283
66019369
61606512
66549614
-38618124
75705857
87517400
-72052095
58691674
-50060389
-89949907
-44540706
53298241
-94695863
-53586989
30180218
-90398115
-58574300
-76217421
-18344537
34178628
84157828
-43006227
70615253
89951073
79943184
81269840
-638223
72163657
-12594053
98914657
-46842739
87235041
15626184
30164225
43188546
-83786456
-10528435
38177980
-54812008
-50760169
-32987994
69766344
-51328033
55918439
45176822
-8106698
-96208323
-23820232
11862931
4144791
-27372027
-26669314
-1203504
39802131
-7645077
4576829
-10830894
-8648478
16346189
-95707752
-88134298
22667211
-32057393
61170704
32206380
-63506050
-4666614
-59026729
-99510890
20644055
-25459730
-84682865
34369202
-70793865
-96887555
49762542
21152984
65273431
18208533
-66355047
99054
-21665110
47663750
60592921
-94844516
-55946918
-18062752
-51217556
-76544693
59670185
23202463
27120392
62406147
81529415
-25722531
-55894843
-28558357
4399844
4725699
8460235
14166154
-3674202
-52157224
-76536464
-82233214
84753933
-89396042
-1059572
-88551908
-79232256
-60249781
87335872
-66669721
-66159676
-63108458
4346870
73301882
-70849274
-89043508
61179997
-97096752
25889996
83490009
75338566
-68109621
69853109
-79096618
12612700
-12184521
40925503
-7045931
-13925840
84774183
45526358
59451760
1201096
-83486800
82647744
-97188597
-14203695
-88164359
39318130
-83433093
49867068
-3283767
-38460318
55911043
-9180138
33806981
-80873054
-13332046
90954459
89602280
-16033815
-38671084
75400509
44583732
-80251886
-91323136
-2734863
42313171
-65607860
-19608453
-79694924
-43978546
89660956
-63351392
-71180972
-78235381
89973472
29942846
-33730338
19218742
10934629
-42612166
41791215
-88866291
11331361
-7288013
7379950
-88694943
79790377
-74617820
-12631943
4804808
96455628
19068988
48081116
-27758353
-82573452
-70119973
33528892
-85479219
86806854
-32399536
54327124
-94349846
-32745909
-45310065
47295665
14400262
7758435
285721
56875924
-82375206
-86514482
74064926
-93412079
28389284
-26453307
-22574326
-9281338
5835790
-8234478
-15734210
-60404476
-49223649
-63800514
-71336863
89278549
1455721
-4549007
-26011560
5894066
-28754059
-86704576
-67221019
1990724
-29250331
14717497
48189942
-70716936
-46221468
-68645799
34358860
78914916
-66111774
3877825
64564520
11179689
-94937670
-81857964
85340245
-57340014
66242656
13407698
82239435
98401991
60658589
35583355
-5583323
-52211181
52594543
16217022
-65948534
-7644203
47547055
-74622506
95948906
9096093
-50607322
-49451053
-86149507
-50824724
-21649318
57941116
77486022
-6090035
70803720
247173
53306882
46728232
-92246244
46376892
-76414884
-81162865
29626473
-64209195
-59582024
-33833116
66469558
-27701969
66182966
-66840996
86786752
-84143176
-42122487
25421818
-63855894
-46614051
65366082
73636220
-8079808
-92340627
51956795
-47352300
76748264
83014162
72046472
75619784
70311110
81965286
-63953489
-89154665
-85950429
-54216857
94567274
-96323107
-17926325
-89435991
40265401
-11170706
-71280916
48116411
31476905
-81373000
-72112481
-8000106
-57269322
69046863
18804889
3891032
-97996610
66091527
21488881
12080862
-6154592
-99042392
-82207790
-75168139
2894294
10385819
-41802833
67401188
1176520
73526267
49368458
-2761181
-95331118
-38837369
-90176088
42500259
-32622672
95700936
15475237
-98062758
35051503
96668011
26088333
-22743439
46884210
47517081
-82311166
12305994
60142902
-26210397
-8711163
86130083
28799249
41848185
-41174610
80437405
-37605209
-87051780
-10223463
-28032646
64518678
-48924148
-43553303
-80929722
-25738194
-24552748
-17296611
-55813876
-85209088
28992653
-95902365
54975680
48778890
78850738
95437699
-33234506
9392893
-70607956
58894522
-22341278
72640948
-59835174
58354679
93416226
41921854
-22631197
-80265717
-50201006
82704597
-25946697
-16951848
84080941
89976086
81866265
45118227
10720073
-26892503
-73566533
-2164253
4287429
64019172
-635453
-17912720
-19350531
-27199745
-6685714
-36888072
-65429581
61687469
-85806854
-7675650
96316070
1659098
-47111809
-59042567
-58762058
-25897207
1082966
12478278
3623694
66334397
-32413850
74234312
-27721002
-76907005
-86352845
-23666399
-51979245
69903667
-7982634
42210239
59696942
76142135
-10616906
17776452
-31311684
-25890359
-92014543
41338719
-60557859
548593
-13346471
-87175221
-45308285
-10254463
-32827963
63992160
-81295437
37297235
76606705
45569599
-50957651
-46282797
-49501328
-35658003
-52378696
40281730
-7048431
53129648
-70604815
57927381
18165194
-44359791
-27049631
-41875009
24772200
46719252
-38924634
-31939627
-8557219
98083882
-53279299
-82666738
79325133
-36494754
86152132
-16414366
61059778
-11782645
36200934
40664461
-59660729
-80615523
-887943
12198628
63523572
43571252
-81902816
26316175
-7180962
-99723226
-67949769
36188031
89640358
-61038405
20621098
91075060
-25216167
-15030796
-73564662
-12775517
-83087028
-89827383
66957915
69365617
87415186
86960862
-1104188
2527248
-70842978
-29619423
-57523688
2965956
-38869875
98140624
89341529
46074167
-73568362
97123126
6964462
-7371556
-15706519
-49753073
-77975551
12851857
38275705
58919129
-71947689
24961268
-58698629
-79806076
16380810
46930731
86974085
-29018486
-81635318
93511382
-78294638
62541104
-58682368
81807739
44584086
31731664
87065018
-93312560
-26287348
-96469631
71240507
56994283
-12360745
95888552
-20269571
94980943
-34545495
47982929
58689185
-62204492
84345558
-11618266
-76986430
-6464358
-86037303
-87109599
23574698
-59814145
31789257
29894306
67102689
22391850
-94891627
-95325717
74925474
28933313
52276137
62733089
72178787
-59931006
-78923581
-63218788
-80697649
-53087231
54147688
85440139
95980695
-33226638
59206401
16448261
7533934
36025295
-26338604
-6566711
-32367992
-49741498
17775763
83099780
99317928
-71229263
-77103215
48588426
46918566
-63053330
45364543
-43029629
-1996942
12802622
38229081
84939416
-58806313
-38968941
-44291159
-55033245
-49035588
-60646876
42384446
-27624563
-87004938
-81777164
1768833
-93410302
-25308158
19857610
23829195
-75479652
29421063
-10888766
38320283
65457119
4358307
11632029
65954159
-58338119
-88882074
19580605
-96180649
-95427973
-53950745
25331034
-5778739
55247592
97086269
-98283000
-1734466
-73841287
-94655100
-82678744
15201711
-78908277
-77763964
66441855
-89559069
6309371
54047379
-66787328
-88023883
-68161389
88605796
6124223
18090758
-69778148
-93484332
87332125
-49999689
-63286671
-25641567
-57582599
-13833537
27003918
52623077
-13840777
-26978337
-60587283
49576527
-35562458
-91988294
66415048
6582508
-81382017
-6093280
-98841944
-30155776
15561775
-92974830
24668245
69229991
-44117199
-88588052
-30694567
18667071
-46600925
14888593
-63685191
88628266
30516887
11977600
14807612
-21540607
90180271
-87647258
11823296
61292917
60310018
10148636
-67070835
56102704
90265352
-20668670
74163911
-89164748
92082500
-51273205
-94171359
-13745751
-10266657
92160884
6770354
-68194634
-86446864
16827577
89659007
-98752365
-1964631
-51027408
-60535724
-21690568
-64865736
28702279
-32422287
12862288
-92996900
43135967
-98341942
65020909
61667041
16052546
-83065074
-75695956
4174369
-33760673
36133655
17077083
-65037684
20331194
-57551275
29531051
59820282
3921257
-14107349
-28945399
-75437516
-33863446
-93089736
69014018
-21986124
-83502091
-24138919
59901239
-95150952
32922444
-57997047
-83252290
-68873263
60522408
74113390
40016295
13304737
59968049
-71478106
-12319105
3222191
4588937
-7421176
-33674546
4472745
81091854
36253574
-27710445
-21566650
19053147
96292255
-12521499
4842838
23904310
-36128936
-36917386
74107282
38692063
-61231409
5082814
70853322
-62358212
-6391498
66991750
63012471
-65279404
23174060
-26471053
95156989
87461604
-39590515
62911639
49978553
-40446787
-97111979
84334946
-88911660
72300905
6902354
63527145
89238297
-88570548
65877818
16041893
-55502935
-43400995
-3673703
-50562871
91056564
-14664252
41761990
14126414
99633738
-24258443
56488592
-67025566
5273756
-70212841
-43480665
-36748718
84725295
38857932
-52027765
-41083160
-29263831
97904057
-15007725
80245633
-42475323
-68870407
28059366
-25373603
32159673
26523967
63825970
-60912356
4274858
-608214
11328444
-38538198
72795427
57879327
83756067
-64974298
79075808
99469828
-61345256
-5648281
22890578
5338521
-12423994
57210299
22863968
-29825164
-25437931
50137069
85683703
53646223
59908219
-96433650
19633432
86192525
26197611
39800118
11482052
-9897558
32573821
33135583
-3539434
-52348176
18242277
-4607508
15710371
-15679557
-1846765
-26244236
-88124737
49529585
47006696
12530948
79100902
-75781921
-96893424
-26492911
-38282535
-64713129
-18345318
-89728525
-78465771
91575072
562956
83345714
-92690511
35337784
-9314504
-26391942
35209912
36697469
64908472
-57561352
-57556079
-73848063
39417777
-69161929
95447238
42064036
7636615
18677472
-70420205
53432452
44819351
-91983575
-75487300
44478956
18953363
-69483355
-11908106
-3445551
-16954732
-90298869
70437249
38807543
-99980856
-66957766
44400244
96741331
55689080
-35527342
400364
-57164862
-95185860
90232568
18225655
70930522
-18343371
3860646
14341831
358382
-56495757
83880673
-85778509
-34566053
72332786
46071881
-46580735
16173175
76146848
4174633
72402061
84822822
61027030
-31297223
-24942654
-49936289
-68335375
57499256
-96088453
-38237731
44719031
86678805
51606612
65713722
-2945577
-92955052
-14828300
37203985
-42433764
-41213803
-65977469
-4833915
63014124
74317960
48425708
-65911360
-78799648
-64851046
62657280
-79464327
19095
-4219057
63079361
25616251
23422400
77576123
-88652289
22181807
96753538
14160030
-9340960
62751554
-50736052
-96245526
83369050
-26211220
60357888
-73333982
30354352
10198703
-81573992
75984635
-21697824
51245991
77669927
-90630541
-63720779
44372893
-29259994
-6679445
-35693471
62744395
99643651
-73962237
20731862
-25255725
-78029488
91786431
35807433
-87633521
4368197
-68524994
-71213701
-20277194
-90353749
-8043687
-87465048
31183470
34189301
93358775
-7225188
17543508
-41372677
75789134
-89185136
78434963
-61683933
23940593
-82826428
-6545250
28186755
-30807736
-80697111
-63317259
-34007902
-95131734
25250130
59754519
60338215
-32188673
97127303
-83545633
-16854985
-16844876
-22894969
72052593
88843771
75339813
9879180
90039133
10530946
67496289
-55386209
-17510900
-24485837
-16191346
-39923420
63739627
-18176605
48579496
-51820371
-10604264
14816396
-76198772
-96535184
-77257640
88390845
12052254
-36062048
88935951
-54599202
-98723863
90414181
78757192
8402600
72890064
98282019
-72515329
414437
81469167
-37752476
-9406139
78281575
70199599
24861352
-50545091
89844166
-12548293
-50029068
9433145
11756111
-19970617
64508479
92387109
-90036808
-8824930
17291030
-33076360
-38150326
74446484
-77969560
12743930
70195186
-75390039
35684818
39743374
-20020573
-12800851
29178159
2905388
50850503
8024565
29195378
26008004
19549005
15891693
33431140
44138880
84976642
-59221392
-51253839
-10148971
-44301329
-17407578
-32363144
59955118
-96180741
16089596
68017551
11827935
5972436
79876191
7463248
-94136405
-25562149
54852899
61825261
-44483033
93240536
-87426173
-93577672
82377469
43007596
96580379
-91131635
56878096
-11163222
75042169
-64087259
12705160
-39580419
-40824332
-36853282
28116171
-29542895
-84905106
-89778863
57442492
-72751979
82666284
66921581
70006356
-44243530
-29181107
-59459191
-98906683
-2703027
-43804219
-82820865
-58901437
60793871
45922958
-68806835
98028178
43843535
-106261
-4058872
25574599
-4901417
47915114
-8570546
-86584553
48635832
82120563
-23823508
-67574718
59449726
48185203
41157672
1776246
-27457283
45687314
8375487
-21527373
-54772538
-39770232
86490255
79694307
9482062
62217632
-90994959
45475112
-75542630
56539748
-93078974
-82113653
-81446692
3989617
13767521
54342223
-85780964
-45387192
-97408351
-43088527
80648961
30534487
1782077
-52965298
50393641
75692211
98085656
63297679
-56726058
7652557
97463539
-27660654
-86750428
-44059932
-98222193
-96510706
19688730
77272150
-31043247
96174764
-18496178
-80699175
-65513086
-55807147
30945471
-9173837
-97536378
-87529060
42519800
77528333
81495251
-37565051
6437920
-10369077
70450906
-94895677
92348288
-16997948
85619772
-84492416
36906745
67300476
9101470
90654010
-1967892
23684684
11861082
-50005176
-15543602
-70110376
94084406
-12606413
57664657
51370846
-81453121
-35010161
-9660137
-10980603
90520191
-9253828
77110595
77984277
-92477168
35539940
30104925
-19119145
24256685
-61587514
-76755368
31604473
74276754
19622763
51338908
78427368
19475783
78533906
80740263
-23067589
-49614769
76758019
45495711
59508673
-42181708
-74280568
-1898457
-52049616
39731171
-75770547
-11447577
-81075583
-41617517
41742478
43769350
64704450
-95252754
43646908
-22884326
80447465
85769639
22409217
-75347422
-92958895
-5384312
16780439
-48350538
24425596
-51140553
96043332
38893408
-4244225
-97638590
-13296490
70000868
-54188369
23368950
-1149567
-67417861
61231432
78397334
31934152
96334280
79007284
83184278
45305750
53921618
-62814900
-48971577
-94306133
-83642338
-25380995
28653252
-93497236
-90388126
-21488583
-13326832
-27141326
74604649
50360824
-6300503
31842690
90470733
74438497
98337154
-83317542
-32543777
-26694683
-2056190
40164030
-17503627
-81628204
33832117
-99890069
7222044
-94685089
-66677963
-13748366
-49940356
-4660988
-21934821
-31290214
14841135
-30683496
63406496
-58777277
4066341
-15895426
-4516464
10851112
96021264
59206957
21119342
50334594
67162357
64344977
72614513
92730162
11200767
90015027
10762339
7866749
81697115
-77206701
64471832
-36303424
86805019
95255335
71440576
80401400
-12168330
-6022635
78664701
-85055256
91084464
-1805778
5105274
-12908121
-36247475
-4360297
77958957
47508261
72049005
-17298339
19123512
-53497578
-56188858
-64778993
62154351
17568895
93614490
43427295
49850470
-17553384
-83459715
70821505
96275324
-87983625
-5619910
62283885
52762040
8544529
-58315760
43482635
-34575265
-50925443
-26105987
-16129464
43242787
-72824321
93790775
-49571076
-93049423
58017917
-69232214
43701074
71624682
-30525768
-85345483
2733284
-90618439
-45646847
2634985
74904184
9941416
-21925230
-87536395
-25283813
-68747498
-91391188
-32039062
-88785859
44429678
78440663
40092708
-18320020
96957576
-68132083
-90566374
15739763
-83387970
31222824
16413658
74343007
32056274
25252240
8694290
-11034084
-59935895
-52598927
87815844
-6285439
-8532088
26902873
20472231
66623771
-43154648
5350461
44882048
35335895
-4134117
-44806862
2769277
-40283185
-77270203
-88514061
-28001428
95823003
-70319725
73962865
88577753
87432593
61783188
13960609
-20566268
-31386456
71638034
21089157
-75317859
-82743511
-40218178
-57072850
86593227
-95967493
-96447363
-19794662
-36352177
-26208214
16094387
17476493
-68679888
8196616
-29344689
50045947
33725369
58946382
92603225
-3270778
7188608
-43700380
22092882
55727735
76372232
66571692
82920928
28673589
-31470708
-97260017
94343992
8416169
75692722
-25074990
8856250
28725359
63077744
-85303525
63224476
-22115233
51393859
37960168
3949300
-50406319
89427392
90515358
96438578
85912956
-98425777
-24316606
-87328610
-42634124
-99050742
-41319289
-6727497
62423650
-18101456
36621851
23133787
44130472
45973673
-67246488
30074033
-65312500
-11275119
-26563845
-79151492
-62763877
-61152535
-67788826
6371133
71194869
23436848
-37093780
83823691
-1931712
8564539
-95948964
74919229
-20225346
-83663338
77270256
-17350182
54203925
57966314
71707885
-56359339
-1976541
30455148
72762515
73051736
-86292589
-4099179
-27313081
96904391
8425352
-96333661
-6325531
-66163257
-51303842
-76937445
-89587703
-72290331
-66861085
57504578
79937584
33654218
-93629769
60332939
-11342420
35613921
-94300284
14371519
74528382
-33969574
25430571
42363535
96203796
89151487
41524780
-67138203
-55618415
-79419189
-25927448
80544143
59332858
43648266
65887482
-2996153
-79217348
-22095617
-26255433
58890570
11959383
22862846
-30491189
23961501
65835677
-73835952
41932248
83756734
70281832
-44147566
-93751627
-99581809
-75899759
68324460
53496639
74667025
71546800
-56119038
80425174
-53247267
73873563
-829566
65352404
-89447254
33227919
6511420
-89269069
-77630999
95678828
-2521221
-27629914
14584218
19463036
-61954540
16080494
95931069
-31689229
67146145
14923624
96350898
-14082500
42132302
-71083222
63939734
75204051
5621851
-88864347
-85730439
-74304816
8016311
94013406
-82213974
25233234
56624496
89639614
-40656908
53645501
-76352867
29543744
-40265918
-86863859
88847543
-33512380
36778340
-83978235
-52556527
-33967126
7137594
-39919759
80609580
57560057
18155970
46052560
72621829
31592536
-81221184
-76183419
30559668
-6600433
-77341696
-84999914
-55974194
-88918897
-98333983
8807947
-7448222
-92503144
59045505
-18078767
-33897599
9123827
46638017
95077260
79868242
-3054217
-7096471
54990650
82469023
93971969
46577825
-9254190
-46100371
50432450
21865529
-425544
-48934706
73744056
-34185891
-43249960
77521053
38877143
-34888399
39887250
30275503
-26996825
29057779
-72579372
-24492439
-42848396
24765442
6696480
-49606455
-70214872
-88591827
-32340645
-97852669
36424022
-21814614
-15831427
78768764
-60718596
-92432790
-49209278
-18324181
3240631
4978333
83029755
-45771257
-67877705
36559313
-99701414
55880070
-74077756
24570284
-48239318
-20463914
-99566111
7921842
10783555
84309972
195609
85091590
33899989
-36743982
61039299
46816913
-21346464
-8618333
-56074039
25040884
12360007
62963836
83401887
19474961
47586747
4995977
-74693205
36209687
8170842
-15823537
96979100
-43027181
-31828382
-27437207
-88319941
39404584
21771192
81622642
55378559
-67807073
9184514
23909355
93592848
-42696162
-11410639
60412727
-59665006
6153701
56122871
77943588
-44948649
-17622801
-59573450
-47135201
2847885
-14140072
11128307
18833095
24117015
26323392
61014702
49581178
58610415
-42552621
-51660811
32752969
2546317
-80276700
70644357
-46771132
-86406543
-62037002
-62587426
58764600
39546599
-33023771
16649416
-11857143
58846680
-97944536
-75508465
-60861672
24625168
51769135
-24498274
-56613817
-80985658
98523346
80712781
-82107315
2057731
-30161618
-59315579
37943673
34811965
-40881904
72782264
10456388
-36555676
99898946
-76687499
-63571177
-92842918
19789461
-25880435
2246304
-87521280
8441374
-80169075
62353723
-28737704
99150803
44353524
7762671
-65771867
-93766350
-22463944
-69576166
-31508545
40833576
84317560
47051985
94147383
-61390187
-21628131
-67234272
-42150994
53777724
-36085838
29653264
-57042240
61138230
26262985
-77238748
75694388
33686470
-73334919
17315380
12873639
-4879582
62267135
55566017
12730750
77634095
78203547
45510502
-81682350
12068900
28750904
-83290505
-1848228
4636289
11395774
10102430
-23360774
70993163
-86657845
-29331025
29518889
-61141533
-51478224
-63722306
-11447329
-52806882
-61248839
-91409705
-22482720
9059790
-55028854
-43375305
-49902013
81013236
-20645269
-42835139
67295649
9487508
-66710826
83742568
57227130
-79445054
49591824
41539696
28043317
86752427
-86834766
-21753041
-50198299
7440812
-67585090
31283940
-10278716
13907371
84752189
-640988
61559063
-25701722
-4573266
-98510104
-55067432
92360752
26166078
-81655119
-44071974
82362082
-21981498
-19328974
-56711593
-2814684
83437505
-90222085
47748501
-85719119
-25621052
50924505
-63685553
-20458079
-71708833
-86673327
56828807
-37219945
-41915908
26865445
-81586537
-79566361
67473889
80290925
-53662739
29720871
-62127590
54845123
-57973734
-63205744
23517346
-26466830
11801836
-87269701
50444055
-97667587
64153416
29086649
-16527622
-39297497
94853225
-13511473
90224800
84960122
-38347914
-37661750
-89434636
80805110
-10318688
95930976
-43543788
34634613
64784536
27316675
-86800215
45029561
88656939
62884947
-14380397
32127880
41589485
-26280004
-8056420
60040439
-36126857
-33216282
-51276322
-19634507
-46292769
88715864
6799133
-19155649
-68802681
95036774
-58142327
-12597395
33105913
-34674518
-81213046
-66270212
49939866
66471291
13324432
-53130722
34013642
98418777
31091614
75384652
89331725
-41852525
-1650644
52106390
22231659
-47374881
-24881437
-1447072
-41341207
-79478934
66739336
89247104
-91558345
-98115147
63558872
96024868
-13273226
-20683254
-3389978
59775028
69077851
-97201062
86063925
-9919613
26969101
-65128654
71232269
-22108776
13169758
-82631266
-6276566
-94071077
52883528
24589446
-45986496
-4274658
88288715
53956278
-76747252
68596059
-4203821
-11424587
-85946708
-27621323
64189708
44898534
5353949
18041948
86713198
64762056
78329885
60920097
17796222
2647526
58230303
22439005
31107354
82697783
-52625283
93413040
-35013733
-92956020
-56358115
-23231790
85833160
-65597093
-68208097
-74606578
425819
-99197107
-58372455
35856314
39646035
23908967
71386271
-26532333
-72178287
40061120
35984710
-76472865
-46598340
9778125
16107528
99831176
-64518150
-28633193
-44000795
-22319837
3030401
70546489
12892200
-74223736
27590081
-58647247
-5727079
-26631487
-44435436
-44877538
89085882
-27089024
8882305
45219733
59235356
-47794813
65189412
24222401
30566854
-92328014
-81817859
64955907
86575408
78527624
68762306
-2317091
-88167995
-83501537
-10711323
39553245
-29647231
76617532
36890071
-61705307
94235520
41778153
-42937059
-70144479
5222212
-36951487
-67381837
-73606858
39217755
-25464926
75014726
-76198297
-92324629
-85450652
44669565
-72060949
32757609
-96979323
-45067071
-91332433
-80693483
72055636
9789140
98596718
3965239
-55809529
-17756593
-37885099
35307768
20132811
94271066
-94542651
47638942
-43598637
-14359393
-50470315
-33657448
93007360
83566944
90600602
-71200703
-12501638
-52915361
45078028
18985681
-34949492
-99170637
-68420864
50952065
4944436
-19092893
-27959845
48777185
90030896
30351905
-95411374
70947561
-52676820
80816436
5187249
26551503
-92259641
59360168
13972609
40660034
61433083
-88507
-30706426
-72617580
-98939500
13291261
-49105108
31134989
10017454
-25949133
12349235
88645991
68899735
39241335
40701943
22560134
-47346094
11938050
-11780165
9018362
66803405
-85206895
37203905
-49113067
17388239
96770896
-8201862
94263117
44102907
-18945407
29601936
53305290
-3061256
58538420
-24477696
-60514057
-5064421
-41478805
-59891165
-39118431
97584750
-16729259
87240116
75408806
75440659
92512026
61136016
79108080
46418986
-17211305
-88121562
-20329825
-60464441
-14713996
-46232856
93759440
-52090373
-54040643
83148237
31826579
-45589541
-78481964
-61381975
-21330507
36462685
42471638
-50559106
-13556449
-96221085
19162214
-78107576
23687551
-91026041
56046292
-46773604
21955277
-73936874
55380815
48328212
-46368565
-55355447
-2259169
61949861
32307227
7669710
-64315915
-94554588
-73776297
62601246
79904741
-17688565
58532146
8406321
-64243846
-17987886
8254479
85139907
62728523
-91037346
-27371999
-67568467
-8970949
95461965
22074095
-42605220
-9199918
27060585
-59275308
62610993
86890067
76090661
-42905300
49985495
94868264
-66467926
-40838147
94161916
23078218
8875885
68065339
-64104438
97109625
89691322
52836400
-12054451
17896694
-83417455
-55154280
-19479129
-60417389
-56336998
-53158482
-41413023
-66061678
-11868861
19225896
-41373744
58918420
-76724527
78121817
-63721182
20293789
-42307327
-56747363
80605263
89113453
72035959
20403461
47951469
-35900546
-88341385
63773976
1066677
-54665372
-85641958
-16969180
7223685
-1670423
82384458
71097310
78484116
85920284
18001381
44348899
-21946488
-60797815
81881264
73134247
-55437474
-60243963
-28386647
-73922134
-53303974
30706555
28749390
23766522
-81589612
21561107
-21765177
50567395
90021060
96240998
32266858
-24090779
-22233093
27597429
-20839326
30049774
-69232586
58296912
-14618271
-79534528
-8960002
13204080
-50366694
61190102
-48359622
21393234
-41492403
-88710694
27890044
-93705315
49581657
-45252705
-2110669
-7775041
-52505352
66618680
86101707
36802631
-21191790
-6203694
-14101709
98603058
65644027
-93644244
-89460836
-18239760
26841947
34667205
67993693
-94879834
-10202595
-23977075
68664967
7480932
86777329
-99844776
31641603
30904323
-32431847
42963800
37344619
67448917
53078017
-57546492
-35142298
52596593
65221899
-31773900
-7709620
4362866
5646149
62320027
-71473808
-70142844
-52046217
-32183946
94076625
78229419
-39152824
-85296811
-40907909
567305
-42395566
36856895
76516010
-31614181
-45521497
58871681
78242151
83492629
71149376
63934461
-92246824
24308332
92268908
-42217315
43562768
95423350
91707101
-43130998
-63594804
-16694248
18172971
69247201
-61888650
35926471
-41321194
12565601
-98504718
-89941635
95670109
-3026880
50896901
78507988
-11326143
55822088
-99156852
-81822892
-61604469
59404992
-71298083
88095947
-31306899
-92760293
-41328826
-13957161
31099802
45277382
-94307095
-9367175
41491865
67480523
86056521
65006828
24336404
20847429
81122664
-35002237
-53597915
76788704
41105550
-28881766
-83259833
69446132
-4315935
-88879937
5849534
-77474270
31501084
61957890
60127157
-30778457
31186837
-62044840
65222892
3556726
-72890317
79536378
-26128606
72060552
-59135064
41823783
63789332
-74336941
1398963
62965742
-74849790
31290965
-76344717
-19197467
-71975697
-32571453
29889327
29828697
-46036589
79678592
53713330
-34487716
-2470239
48380382
-74882210
76011013
-52041680
88132289
-55418175
90190545
-66817768
-4573226
-93332704
-58750409
-4308844
-56862999
-57168390
22544421
-60174561
-22331564
-68904966
-22699032
98876169
7287176
23745496
-72325370
-21236531
75950539
-44598727
-41762259
79253708
-43791375
-37888974
-50774435
-95894843
61120118
-88823763
-22785982
20776203
-89502087
-16163925
29982567
25745730
78893807
25626474
94503037
17743593
-73548128
48034317
94891396
-2310368
18648607
-28482097
-90771891
-56762248
-70200635
91513102
47202069
46843305
-43503569
60012392
-93544570
19424828
49754140
34200157
-49680653
5557819
-11739502
-69698674
20288623
-40816271
-33831321
-13313227
93328571
-27663984
-53279087
33596792
-54752195
-91711961
-64579095
32930051
98831491
78618318
69650574
99465324
-25286353
52854299
-94849222
55328626
-60606072
-86416030
-88057998
14775588
-1624058
-92640256
-10903703
61233540
96911837
-12393377
52097048
97301827
-69015455
61937889
-54029697
-78742509
-74717058
85756950
87812556
23551888
63735361
-45357871
-4430081
-10586960
-87822097
-2000986
-95953054
55143431
6294136
87478835
-81033674
-72729467
-38874124
-65519736
28367086
-39143179
43322046
28447802
90899427
-40098031
-44427524
-61576598
96615190
-57924870
15967859
-36341411
-38321655
77956854
36724559
-45641258
-36754589
-79779920
-8604701
-55802895
-54935947
-12708676
-98782183
-58637398
88572510
74620887
-69262913
-88683372
58752324
24642774
3404813
13754633
-65075541
36927759
80405148
93046277
5463915
-75356054
81955393
-55808559
39431601
-19856746
75644257
-61652444
76860903
3732899
-81091578
-88357292
-91319616
-98563773
67014102
-65220302
90899170
43190145
-71832105
3309238
64297317
-43792753
-56222264
17958726
20928693
86172683
-76437283
89423286
-65481650
-55399045
24924252
89878412
-60205454
-1068891
2117879
-78273082
-90335841
6025905
60651200
27786018
84751210
-33943879
-61784157
13889828
-88503004
-48083113
-13680013
-91358490
96039963
71594838
92375048
63446386
-84634247
51288120
-79332469
5503356
-93490340
5749990
-63680707
98905636
-54462573
60792227
-39677321
97599071
70747719
-3690312
64000442
56884713
-95775195
94064272
-73028694
38264774
59095857
-30902739
-90117064
70241748
-95422882
26654647
43055527
-62384697
62660903
29261951
-68956833
45668934
-982419
-41963154
98902962
74821922
84775048
-45551831
51436309
-42202134
10494922
-88234437
4032286
54023388
-74211292
-13619325
44273224
70873992
-26030881
30085943
-24528274
-52671233
71396188
-78343383
57219258
-6268400
-42892226
96790165
-32306318
25000997
-95516088
-30473819
-18837399
72914212
-40621330
-61133016
-58895741
-82326313
69324681
81339936
-40543311
-23526145
41626886
40149157
39023814
-71432447
-38531066
50477740
58320773
-629078
-46784363
40594521
-34675290
29614879
89356650
-36481831
-31634452
-8710579
24099304
37032489
51663879
9513355
92976485
61208159
-41772357
49448490
-87992345
69099230
-80042604
-61766301
35836772
44413551
-80290533
-58741945
22133114
53102137
32367710
72999230
12338453
-91826737
-10408937
8343712
49789561
2749103
-33239010
83730744
51145266
89744679
93667178
90747152
-78865042
-11691658
40919408
70683055
68352272
-63611038
69676231
95501706
-37940719
-68232517
-96396248
79613876
-41233749
-62311509
10752855
-60784712
-52437827
81466165
-76746689
75387634
-26948663
33415832
28349891
-9051927
-32122218
61532815
-50011871
56289260
-44043945
-46086083
-92966656
-48352595
39520708
33946034
-42340544
83933732
-67335832
-11193887
-84709367
48489034
-50007059
-87005571
-57680344
-40981142
78858663
18247968
-65583570
26578425
-6826946
-7115628
1418996
-69937872
78566261
9335584
-53467323
27795945
32767222
35869285
90306940
51856957
27504632
-60248577
-99101613
-40133088
-19627746
-22066018
90728359
54145467
89106474
27491119
-93709177
-76665814
-43872230
-13396991
78325205
-75455486
-16542361
-68612544
-19585384
-6246999
13572030
27185865
55211681
-91593931
-83986977
-61841983
-530762
-24027798
67815238
32460320
66475022
3600942
-45733761
47648283
-37165654
-6132992
-7471701
-69264288
-17580528
-89571053
27328193
69320925
21732761
50640089
-20676025
-99957396
-98665778
67829267
32074876
-1668005
-7378560
-62944082
-64217247
57654663
-95266936
93798705
-9357342
-75490792
30217175
21516505
-4896866
-44180299
35664427
62171525
-20971163
51910602
-8639729
-3718111
-71867746
-14460199
-85087883
35234643
-21240757
-85104736
-92248292
-60843045
87469012
153916
-96488027
-98956022
27928127
45839898
77990816
-44208733
93183482
-6438571
90638892
-7111818
1033503
-28723718
12791446
-62508069
43418588
-6520659
-91118045
-76807971
51073683
68840570
27776021
-8407242
-32219317
-6427291
1862384
-73220669
-8319646
18308855
-41176195
45363685
-55552952
-22966518
51010916
78527780
-807811
-51829075
-12624021
-93284914
80724273
-95823158
-56036265
61264634
64292071
-17690453
843788
-6860436
-84168165
25112479
-16004706
31410370
87126682
10696639
-50314182
20505921
95119823
-67781040
-90786048
16123066
67343363
80153437
-17144167
-18039199
51031853
-48255087
25214055
-3186476
-65508843
-78170805
-94364006
59789633
24278067
44638780
-46926715
1519336
-63806195
39229317
-28695073
-97023029
92968062
77436482
-1823736
13832639
-63742891
-71849929
45280236
-35760449
11004809
31359458
43395432
-8260986
-99865286
33123490
-68985698
4256882
-30607295
-2518455
-72805473
-81900245
-49346263
12531429
34573932
-77819037
22383694
-59038015
-38160431
40434394
42752870
88616944
77634137
-56279424
-67610839
-33984653
59005566
-86258247
75723644
-66682996
39371178
-8844745
27757946
-78167216
-96226394
-840766
-29890303
14908177
84221649
-71720974
87477753
1852455
92613372
-95465933
69327684
-4882008
-39033168
-57183729
11263750
30694031
74019160
23995093
28537490
42045883
-8392064
67468180
87635569
92278188
-5120375
-85399221
93231989
49542322
-30858080
62197520
12546229
27914021
-40418620
-73326590
49874292
81878526
91436641
-6359178
91017681
63374102
-6224665
46103455
-31913296
-71953933
37119879
84420753
70001780
76077274
-78054340
50491952
27843807
55884905
23961732
-34745475
-61644458
-56349985
60460957
-87227138
53814688
25183204
61966001
74822109
32003135
-12335024
-81719574
-88752211
72523207
-84599491
-12427374
36278468
15404587
42461859
-90876761
-42313470
-35537351
89760582
-40742990
-18324662
94123508
-56167336
-4064942
-29508762
70694118
19689804
96558928
-65568356
-73340199
-74101639
-81914482
8535307
-97039744
-15478791
-82461519
37926567
-36811155
-52632998
90123123
-23211049
4690452
-51480848
-27875547
-83950391
29375944
66305845
18433582
-94520937
30129792
36426055
-12754323
-51343053
84101468
30767341
97077716
-5809963
-13007812
-56112589
2563533
89312029
-8187637
-37556278
-58290394
-35615439
18862849
95599318
58948528
-82128619
-47506779
-25455186
-99298842
79045868
-38959979
-42712392
-57945530
92532488
-28355058
-1361828
32188285
-98049425
-57797362
50398745
-57444152
81360113
17053690
-87853365
-42700390
92724692
6618867
-81118785
-73419672
57710319
3407212
41927044
-23004981
8058440
32284375
21164519
-91448608
81926358
-65078683
-8744656
-61479940
-21407358
72091231
22804486
-89286148
5798849
86431957
39144186
81009442
-64647463
-25233682
-73650720
39369837
88011207
91699114
37244080
-30613503
15198032
74848732
-46991106
-45008612
-92410059
-21444198
38461878
57562018
92645616
-80536441
-75032839
-57365157
-45229212
-73925536
59702337
-13138726
-39858283
-87011669
-8897945
-91097119
93182129
39634417
-61401202
34336042
-39994406
-31222936
-44566002
-90233167
11843448
85398491
-21313056
62270554
-83279984
94574945
-12425636
-50199196
82025669
-77357535
73262742
45839994
21125247
49760361
-16130636
2323345
-54936406
11756778
-43483905
81233880
43141239
64756590
-96291876
-72697238
-56051792
-11930707
-79999433
-99196860
-50113631
-96633973
-81308037
50318181
-5921610
95329680
-68703693
-88874308
687338
-99144872
-69115960
-82059125
-35417462
-80180428
-4659789
-70087562
-27807483
-24296570
69691643
26398176
-12712788
-13631947
-58000538
76954753
12050623
32476887
26924101
-39705580
16863360
41724201
-71110113
-66821187
-44186344
45560194
96346625
-31329364
49457406
-40508188
22130862
57605846
96609363
-65535008
92670360
57020629
17808470
36533642
-84758161
-69582246
-84176828
36921166
-90716848
-85291463
-99763014
73051065
35959971
57879842
98006794
54698355
69205113
88097232
66695877
40584050
-35493933
-73310705
-52614813
21029124
-36422406
55505451
-68705816
47275349
-71485395
36564731
96230092
74966353
-52259444
806855
81328298
-83227960
-30191982
10257708
-77705987
40895115
-64741792
-30119333
17727767
-5483937
-22224597
-96533857
96625435
51324640
-7716602
-75513708
-19570930
-32603609
-4161560
76272235
57238034
-42239851
-40137936
-13347511
-78064684
-3314281
-40804954
-37536739
-13001155
88348325
-55203505
68982791
11388
-88826604
78773123
61869974
52715593
38420418
-24992191
-25205033
-22256367
-90469695
-47974263
-33194659
36554550
57323107
-62469769
21690736
95480344
9846291
13454739
-24181902
20720102
9719707
-38655083
-75253207
57664345
11961
15347653
63642991
-50910760
31524787
-82055898
10087867
722335
-56810014
52289321
-39416823
23778263
99076605
-3723065
-58085234
-9174739
53456760
26972908
-98662372
-9500826
-32348181
-54412327
56295750
-98719809
39852600
-46144331
-61162581
-8259962
-16292522
-61469861
83761253
-75017714
25885081
37206423
-83932051
44312993
-99784803
-61910416
57108520
97822099
62107936
26504476
-16927610
-3090205
-21213525
-93938032
-55029052
-88716278
92449525
-61634683
-20510417
58680325
3659097
-83885513
-41850803
10254316
-30892958
-45077593
-21435188
-31340288
-49157437
84075801
-64432816
-46353566
86451984
-80834190
-31749600
30452615
-82613545
1632558
-28627968
-2883789
-32965955
16225867
-83405902
2364988
16986302
37014883
-45502637
26338999
-62786569
3540289
63111725
-92483163
-80250762
95426789
-54655877
-29396289
-54194989
-51130469
-79890827
-90889125
29820194
92602080
-36471606
19474953
76082538
63330914
-6650787
73999246
-29702250
96700831
32842210
72277168
-32947821
-71299468
-57630255
13668380
-1108752
-60095614
71645422
33598022
52268325
-25963383
-5226039
-82723218
-59785168
80079452
-83192807
-88348645
21705602
-3903343
-63445101
94838580
-79819736
-69710237
-91864538
80793776
-57787416
-83274428
-63486227
89526412
-69415760
-49487706
-29334596
63147274
-95415649
85626064
19253056
93589949
75892756
-8869646
-72854649
98763096
-64996276
-76461842
31804276
53040848
51484292
-64166924
-24158348
45536072
-15256806
-49338527
-7823388
63828276
54848562
36301283
-97217432
72695048
46333702
57240440
-82552942
25243012
-76631204
50926657
73240034
62337327
-81544221
30977796
34670263
-93643316
-88630181
11005861
-82832021
27592437
36542649
-27926508
113498
69545653
82093002
-33497679
-13251066
90683718
-46242458
45743880
94333157
58841537
49668648
-43947355
93251698
59927928
54461010
-67508754
11666252
80861204
-61989420
-63183581
1440414
-60082417
-39671982
61336112
76208944
-43519737
-31855360
63912710
21227997
84916054
26382750
-14641318
9263500
-61173630
-32208461
43451974
61183017
-24772746
-76805458
-84587205
85845633
-77449633
-63529292
85996468
-56709103
48755829
59744971
44755306
53441241
45080086
73694444
-44183247
41223217
94746548
-37755976
48080196
33460141
68374740
-87631377
-53613574
15047340
-77775829
-33700984
-29810994
65598330
3924912
29727771
-38601145
-91321992
-71234338
-29720871
-59731731
97828306
-80836827
57598605
-24009823
-17093437
-4014511
96633004
10325191
-83465884
60881738
47495281
-36730136
58068554
58587834
-61539458
8858656
29374669
25391637
-31690226
23195344
-69337456
48779370
-72346420
-77512818
-72582602
66508214
72425442
-65028048
79735279
-8943097
-12392795
-18029443
-68224356
-52167288
-39559965
-67677953
-64848316
-12075996
13433953
99842124
-8890882
-7157899
80956679
18668892
37488969
22607516
-6293169
38231945
-3719201
-67012174
33185330
7693180
-74360387
-75664215
-64351286
-99838848
-73369771
64334223
-61667514
69270679
44488628
-61795112
-74953169
-33536775
93869296
81134158
12308534
-72822071
-83113514
-83380925
-2073513
-41300755
34026954
-70904125
-9214115
-19747264
-72772584
-46739886
-80205016
-96811701
30748983
55540194
-71632932
88956292
-70925103
-37462645
-52369403
-32702405
-17029909
-62968648
-50815578
-38618087
89490769
49775122
-44375038
55672403
-3769814
73844899
70969819
-49073624
-9711538
54912573
-24073031
-38949547
-62137485
-8154059
18145425
-62073584
35592884
-34801959
99121559
24939251
22137233
45042727
-13422300
71435961
-68508460
13140081
-93340141
-49052397
-53106570
-11585978
-70109436
-21625974
90911430
-10375851
-74437433
-12275082
-7591249
-11552920
-39142693
23942172
-67505496
-60287494
25873369
-2867121
43381212
1363723
-75923821
89059820
-54411324
-72412208
-41219289
20478164
16339446
-45482486
-52132440
63662972
-86295950
-33083166
78253248
-30864518
80961110
-13181532
-75655970
4351287
-33296242
48983855
51028258
94928969
-5483201
-65078827
98136988
-27600821
-43730589
25400108
-19367781
-19046836
76739745
65979838
-57533055
-2593485
-37278942
-32392133
-44026319
-76691376
63962997
74930774
-26266609
7758560
52742402
77030202
-56461853
-83327443
47792109
-18625627
81927149
-80709705
-8039510
-53716783
-51643909
21536171
-28259311
89510823
-77981225
-98779763
-358614
82998177
-96633988
25066043
4629410
-93882115
-54606777
-4236630
90911360
6152868
-32426729
69009658
-57223385
59454992
-81428914
-47244950
-27264810
-70299108
65428302
-36697679
-18629727
-96223435
16007604
-3060626
-32142524
82265722
62849003
40270491
3726688
81905174
-45497327
24150817
91445158
-41400153
-65088174
-32988498
-49621691
-12391966
92435525
-65580129
-44258243
20388403
-7647346
-57040924
50198561
53433258
-59324545
-30281053
-75622989
74719190
-99521135
-87174723
-26997126
-86920020
72489183
5603646
75424482
13105244
-46619049
-27167789
-5531231
93664953
94054001
83337953
36970950
68919014
34336203
-8924245
89590344
48568079
90117075
38899365
48036925
40506787
99671750
-31233827
-55554024
66255720
44345070
63220922
-65620125
69307386
52948791
-86343914
-75298012
-10147073
77631181
-15368858
87934869
98530810
756017
29328642
-92285603
-24904997
-55453238
-53968308
36234222
-74540643
-51027916
-27438714
-51212360
60123021
-4759153
-46484814
28061614
74337243
86383630
-69810190
-44870128
50865906
14631686
-58774928
1831392
-90707169
-22836891
11341557
49567182
28421648
-8682599
26635133
17378187
-73368924
62797937
56248258
-59270624
38196585
92219927
-15706175
-69584075
52158963
-18815220
-9376391
60142628
48034085
2974042
-75614864
59580531
-5484229
-17000713
-73006852
88019396
17523457
43109423
-33386815
67959046
-27164305
-6226602
11286083
-97818373
-42540089
-98908536
-25507565
-28577444
-62623283
-618259
81247736
34968269
-88604968
43752328
69324456
-25096638
48913816
-35730839
-90074168
-62047473
52752668
30742396
-54879643
79614735
-70434583
-73119130
25673201
96548151
32651856
-9264675
11911791
54881982
98418502
-3384207
93597108
22081296
-80980155
27921446
-92759439
78075730
-12945684
38545656
-67881351
98005456
-68595104
22618083
95090194
-24919809
51472970
-65621832
-3060878
-88379885
13050893
-27885404
-41800431
-92405388
36092403
13710546
-16929209
-17303603
-2260386
23093898
11804690
-19659796
-12007672
-39316692
23275012
-38956620
-77085906
-62473317
-85839929
-49095664
40396961
93100594
69368059
34379447
61200783
-29025695
80452987
-76143933
-22284083
21070841
56753169
-95370175
77355579
-36351059
3149063
75398229
-34018363
77122227
94568170
66921332
60600255
-12385676
61736255
-19073004
-89743488
68532554
-40398533
-32164463
47833796
-55494250
-99499882
-59306878
4291455
-70981962
-41991503
98341058
73106281
-65802842
-44884796
20418405
13246728
87585626
-25677550
55571035
-30436629
-73483963
-37589909
83945717
38591397
5827635
-24815757
50808080
-71600862
-7886869
27212002
8767679
90699865
93734768
98164182
33248677
-214903
5011998
86810883
31140204
3683755
39033809
33759333
52881799
32639868
17575710
-73818658
-22677360
-41118850
-75571957
88590430
-70892653
75358389
22393492
-79117736
39341381
60855956
79011489
-46692305
-17330249
74925233
-73249996
81135768
-3734225
42198490
-20360623
77811627
96991116
-20006256
-26151113
7639671
95884891
84758853
-56542881
-49188376
74387792
-96775375
-54439052
44182751
-32254404
-19379153
59485799
-54120182
28864071
61678842
90392426
5986616
45999170
10746343
51426573
3006254
40933730
89304437
76097917
63046083
-11933580
-76401331
-44101817
-74944829
-51761303
-72447298
-83963524
-20300725
-69242704
-13300438
12551736
88082431
-16385017
96322299
-22826336
79574932
-82408892
-76050890
-60732009
-58364614
-8848231
58728812
-83169404
-80740262
-92555368
-48187789
-3318535
-62656530
-6875206
67859755
20697700
39085466
-24001874
-38563593
80973786
-20194574
97184427
54347455
22561094
-64065248
47927152
27467813
63448668
34553983
-41211904
48705661
-712373
44593645
70084670
-33014793
78822683
-13631430
13809864
8106109
-9520133
71123276
82060984
19922212
-60497450
80018440
83914655
44678591
34119225
-12382911
82019153
-89799849
99750634
91225874
29056575
20357853
-15933443
94050525
-8566883
-53675200
59881676
58183181
-26860086
46843154
-58422186
32266592
76305597
-24713226
79511134
-96737615
-32994585
-16731756
-81946649
47165875
-21574753
7257644
39189221
78759650
-1360315
-5408035
37490405
-99029639
-26223832
5472628
-27430227
-42386480
-38122012
-58249863
43799144
24246386
-13806881
-88475784
-30355175
-94537906
-11680232
-68694677
47922489
54489889
-89453526
-62686293
54631794
28520839
-97808356
97472487
-82889192
-95114080
-93176975
51272268
-87400932
50785119
-44268611
83742686
91518928
-95861186
63788072
45926257
79335086
-67193841
-70902102
91286999
39744720
-97978090
-69708552
-4186094
52323476
47720780
78830986
24737802
-36091512
-69120557
80599287
47664085
47780898
-64985985
8929370
-85592588
-71169926
9132773
6073542
-84620862
-78041737
36679821
-18230057
-2051088
18123182
44252620
-54363042
45699083
-63551490
75450539
-49114199
78681454
-31698439
-73639237
-52394268
-7818194
-48079175
-70350550
-58255986
27115851
65691518
95085015
-21703128
-91056467
-67062532
-788782
2103803
-77710119
-37729806
-43587461
90933998
-20087255
31548649
55272311
-17296525
83496553
-37506822
-89873213
8027533
-90744497
-93100602
-19381402
73491962
17703665
-15590494
-42292872
-92785375
-37054022
41951268
-56702099
-59437808
69206132
79799202
-61719285
-52907692
43187613
-91722784
-72290658
-3635349
-75215924
-8345694
-14591110
-9805944
-85257424
-42309659
-37628917
51518391
-66710276
-16147523
67966208
30954898
-37520353
-45489475
-47213652
63119838
77580404
-40332873
35142990
12350641
90509384
94512404
-87535813
64444514
-12938734
-69643060
-64106908
-21228784
24307225
-53481245
53999236
20077299
-39112030
-88870067
-69389603
-63516402
8097123
50812421
99354054
29322899
-29528480
-35793261
83341723
-71259247
50346412
-49627052
-36902910
-64432757
-56452536
-94175545
82926350
-24095161
26064407
-92101687
37128073
55372524
77011587
84468369
3169672
49975318
84254847
70205725
-47917286
35460631
64069113
80597489
-72766156
-67756120
61831086
95271567
-18611527
30458633
90096643
-87546122
18770574
759291
97307563
99938963
-97746144
-64447607
51612900
92884561
67477460
14396399
-98736003
-23884925
1646697
-89653549
15269431
-80196986
39127506
92407711
-65852336
52456061
78231228
-2726719
75243722
-36153953
-10943416
-14856905
22449541
22660451
-75320819
-37623113
13894082
28638734
21985431
3833229
-67209033
-86918748
57087722
-54706331
-39374659
54021356
-14480965
9370654
89215153
-85903241
77451755
55786722
30048356
76661703
-4075843
26656119
-23367195
75926129
77867726
82834876
90704757
-99770932
-12480627
-62037401
23409540
-95002807
99796200
-65447491
-5173870
53601302
-1691017
-55561465
-28814856
-68521393
28490169
-1578329
12334392
-15780236
50530456
-89844793
98405039
87954198
63077625
21154845
73735580
-73051100
-18891208
-13981966
47380720
-923227
94757459
-66100925
-64710310
37579110
-84691517
-60828956
-7633297
78827362
18577550
84544262
-88224802
-15131394
89662967
12597940
-197513
-91961443
76022057
2896296
-49293616
-9851875
4138046
-61037253
-26771590
-21364155
12684121
-92054808
34130629
50762102
32366490
-48874837
52958191
-72746952
95822487
-44561711
59277306
232203
-45262535
-9956719
26420779
-59852670
-81713582
20651667
-38063042
14339181
-90984397
22869229
-36074524
-42145479
-27669927
79380702
71027567
62091310
48668025
67322720
-16049102
38393684
94065200
-80043684
-31488184
509207
18589285
-82097679
-12578194
57422172
85669420
56128993
-24705431
-43955549
-21276643
58814725
5529572
3897653
75519249
53813018
37941154
-57827391
68847308
3577390
-27558492
-55841275
60190472
39877526
-86527056
-34802039
23536005
-33752308
-85794443
-82158304
-71733520
39417854
30216151
69051768
-62530151
18549140
70076435
62997309
-79859454
19764202
71982995
-64507897
-7642319
-93683484
-87336278
-24989159
10961994
-45842300
19296719
-94393329
92361786
-78387858
-29569523
-1014086
8599969
84675756
49847215
-25059004
-24797427
33133698
-53113950
-38962365
52393271
56641613
45520593
98901283
14850967
-52585923
22212922
24456693
96169564
41304482
-89091019
-10545058
-19935274
4014024
-76598059
75090801
49163836
80039123
80744881
2127145
52401781
24570895
-20950032
-65178716
59636266
-29856262
51015117
-71474398
-82706553
-93338330
-43685088
-49511370
30281027
24407256
-54976916
-10599646
-11980621
96303924
92550722
94966433
-3402287
-19518820
-38526113
-53661994
-82172667
-98204729
27853836
-86085266
-6355157
21513408
-23817884
99047598
-96012556
-80711905
-48169717
-36592368
56990426
34081735
-8432939
95318034
7837379
87488789
-42175790
-53874523
51860722
58233290
28803605
61437520
27089410
68608693
-69165909
-87330321
30253532
-80957767
-14013748
93285164
-15405374
-50587222
76444078
-53061169
-1177858
-23626002
-87181625
92450261
-24118843
47505009
-57398961
68438233
58172796
-95976717
-13716191
-27595994
7947954
76144098
60776622
-98484267
-45853360
15463740
-48365377
8689995
54735742
23647800
-47613564
-65914437
16788416
14055826
95836077
-86861737
73062275
-73948210
8208507
-40442783
-45961006
-60422189
42326474
-55308759
61241145
83091
70856177
41260430
17897866
38255832
-13562292
-93377558
60418343
64355871
64874877
-8902648
-68634180
-51473430
-8082717
-92110809
86430959
-41214870
60185584
-68732433
-19165901
93618447
73485869
-61086285
46385062
-24109077
-20407959
-51012972
16345261
69752382
-40718944
-52597745
88318052
93901654
-22953309
12135729
-85170764
-89657304
-35517145
-96341385
-35577885
-36774313
44649859
-22222077
-5930472
-17707605
4821700
-29573315
76602647
16652437
15813634
-1956391
71224923
22274512
56804579
80335989
840681
52201116
27548587
-96446213
-39847307
-58169667
91564119
17599666
50360434
96236179
-30845197
-32660161
66079587
83781478
-1212911
78954915
-90377602
64704377
-76040337
31171844
49462031
55668484
-31057939
-42561823
-42427427
49772377
-69351757
-89639017
-95788585
-49620323
-96685696
-34945979
65059309
-69736955
3587191
-6787145
82827650
-87994802
-54838263
68809583
28591473
-44864021
1664205
-95111993
61397727
-96716774
87432105
-16745812
67231104
-12287681
58140453
-79524956
95947372
-15269646
4230093
61337554
-28450282
-31048740
-52160389
43834467
48294556
-85911562
-55652558
-25315814
84351228
-32858539
-37717128
-24891734
86867625
-71458033
-27076513
62618793
18997561
61278036
-34448405
4607496
-41947931
-58740891
-31899599
-7334521
98584760
30162982
-54229756
-33033900
20912456
-76421955
-72651548
56933090
62692678
23644895
31453971
-42371747
-68853469
8939930
-55754484
-17286236
-62946780
-39856464
75790632
15012929
-43567316
89483392
53818387
-91258183
-60275731
57482285
2283623
30906275
17988707
-6950893
-62338718
39348752
-67734910
-20723357
-94613595
-83179099
81753633
-6839490
-88896846
79795559
-77063942
-28094033
52156929
-81386716
-18234664
33372206
33035947
78104463
14457281
-47480650
1614516
-5489043
-34746887
-96204508
53381010
-79276869
-67615253
55017818
12980665
-12399531
-50551407
36816751
-36647408
19783555
69506852
31970818
-59734579
-51044881
53248305
89897622
22531175
-17242679
-36198776
-30921824
-4023819
-39336074
86998555
-62820499
-38700162
-14784446
24657375
-47484258
-24137399
76938208
-9697578
-11506503
21172025
-7248084
-54065651
-20352251
-33502825
87655150
-50432188
-36300451
87810186
17961595
-52199640
-44437338
-2669465
92051665
-5742223
-96616577
-19904716
-38610325
78562951
81741758
18649172
27643130
-69144981
-26235312
-74774010
46864337
65915121
-20342501
-92490579
41444653
11321606
-34315090
24027173
32099387
-56974064
-30108497
-76903783
-82625018
43304257
-95262951
91496805
-75144524
11023234
-55856120
-65378940
34567848
41531293
28131820
-24292929
-49716971
70171736
-15265162
66842477
41521485
-5927883
-84460261
-16889391
-25485127
86050451
-487466
-34943021
-5389072
32133962
76233484
33998112
59101490
-93904269
92160841
-89652437
-66117469
-3552689
68704833
64282872
-61303493
13590502
-626230
43600876
-96861217
-6396255
-7120971
14528870
3074408
-41103942
-73655803
-39473175
27062246
53050053
83352515
74287656
74112761
36825412
75742380
87810586
45012245
-26108289
-25122678
-95819611
93580902
-48586724
-19401269
-20647806
46016352
48680074
-16053169
69265093
-38304037
82195822
65399287
-24738775
11
-38242239
89821877
-50693094
-27226280
3514838
-45488933
-887240
78286346
-78910380
-58402156
-5959465
-96874965
-41599867
38065464
-2336540
66549031
-35558734
68396341
-28508580
20277444
-16607403
-63157863
72887057
-42633492
-95684545
-11424154
99204136
91827238
-55721482
-92700154
-99871266
47983639
-95320368
8514648
-46043970
-77542715
84644697
-53450937
84776824
-21614680
50197810
-6282256
47790150
7238137
77028336
-41515533
-46330811
-6019963
-596819
49394200
5939196
1921965
-194915
85864521
57213181
54470571
-42760840
-49513398
-14011409
-69347221
-16503205
-44601989
-89268736
-41710870
-81400824
-26762010
75401130
-59903244
-76602117
49574615
56189562
37450926
-46754026
-7455377
-45863703
67931344
56131222
37576276
2930547
53919315
95294275
63817575
85199297
45195965
69932197
-1692455
70113518
-98853799
56916478
-81900330
-16274049
74615952
97249607
51197739
91740771
-77498442
92443350
81313093
40412402
-32195498
78604396
-20357868
1706559
43760727
-46010488
15800138
-88142663
18313233
14691070
16626953
-72657941
-74496738
94357027
-48960829
40452911
-26988462
29022918
99599467
38212935
-59877686
-34530608
-45360724
11412949
74419813
64470434
12001261
34905504
12103202
-32417473
-68330832
-13496843
55256185
58793001
90830418
88719809
14947084
4267155
63447192
14294840
-3933840
-43047696
67800108
61905008
33714649
-13300664
-91320146
55598409
-90564378
-34773773
-99635857
-93604374
-78183523
51108617
95823005
-86003380
-18579797
67459988
4027182
-40545302
99272547
6707973
79701392
-45121451
-67451199
56979
-49826280
-91345030
-29889667
-42881756
38206515
-41820365
-65975254
-64264616
-34387301
77452189
69196382
43845924
56594629
-39513280
38810114
-78098549
-13851190
5875368
75997917
78441045
13053158
-92435073
42039509
29141047
74128820
-45962375
-66651274
-66550622
-4549837
-80862415
81671126
-24076997
-1774892
41501134
-24336976
81325185
-69547195
-19945194
-95509186
18916319
33856109
-79371778
-70483410
1007386
-56333189
71025138
69810772
92524626
30411680
-70149741
-12579213
94859774
-18025860
-52772695
67858364
-40097320
-71265242
-59867549
-83294602
53508615
77619423
74472161
29037765
-88354178
-50566990
83163370
75300398
-74480826
21719054
34538486
85613036
57684012
-63740827
-6917846
-14395580
-44211546
18573012
65102866
74651695
96802884
26293729
55663555
-76219265
-83368833
-25179277
77728115
88832988
-45532523
-90944605
-98452919
7940306
-99683472
-9461253
12530719
-45794309
-22220795
-81570449
-4094411
-90356406
-57866160
16912186
70301326
53424366
-23367950
-80112298
65466852
-76588420
-72343227
45233924
82459921
-40106998
-80158010
-20154709
-4870166
89824696
-73745446
55981136
23463182
-50070609
-83110829
38996400
26441690
45520939
-9339216
41804022
53768912
-49643967
-99735094
-79084222
66525672
77986342
-91843371
-50260883
-88623509
78053583
-49210856
-45741037
63502210
-14119807
-64509506
-12420064
45900110
-79665145
16567869
-68105673
-64420543
60077764
-89386229
41811469
41813290
73920261
-58672753
9269251
-34491219
-18318810
-8322173
-68753603
11152647
6456110
41255171
16409236
95367816
-54328529
43272567
27242512
-20257330
-4170838
76768082
-64840235
16539969
-79499255
15155571
16000899
2504311
52472574
78762481
93594894
64722359
-79624508
-22344393
1659541
9793833
-20135919
-74853021
54652968
84372453
-80161519
25854142
77026692
-64421083
99526123
-35521885
55514693
29507251
-25979280
-24827344
66171680
26895030
42501349
19709639
39825900
-22735059
4113474
55328777
17113227
52699252
-5358331
7506475
42798490
34540899
-90039304
74930973
67423739
58083158
-55787771
54493121
80595423
-20244626
-7793075
-24894510
-7212700
-4942382
15193733
-90053718
-26640020
-81488442
-74581537
-87102442
1409821
-3071957
-89759720
59809685
31010218
-1994179
9913306
-56251595
85529107
-96401647
18198783
6315939
92187300
-21887083
-54771042
76910595
-86003786
-71939019
60663817
14916038
91181457
-36417966
52687862
67803177
73100952
-86615964
-61608816
-17289299
29708511
-18361436
54139063
36887371
74963500
-97390803
21962727
94908003
-27067737
632951
-39383289
32254396
48455839
-45919153
93349057
62981634
-6528526
-60762331
70881780
-100456
-86070207
87955900
-12589072
-68144753
-61565799
-92778309
80267115
-58926828
91777645
7025074
-45530651
-66743870
-50267806
4726769
-16442063
40830698
-12646563
-85676939
17987263
62605040
64318840
-60620987
80061093
43487047
-37181638
-87069659
90461479
-60939060
74441281
89879547
-63434225
89351185
89537237
33405422
62520276
-59762549
11937181
58501209
-76122933
-28354267
-77957402
-37770518
59817331
-26014277
66858289
-79567798
-13076345
-12972814
-72762091
43039843
-56964266
66144586
49970297
32925808
13046519
43863053
58880275
-44726751
-50959362
73306518
37218974
-9808493
-27490891
63358411
24496191
-19346284
938487
93328067
-53699714
-83666122
-88028727
-49023094
-55639313
9601828
90359395
-53538576
-98615219
69705351
31547669
-2082149
-56224662
11355605
-72939096
-92933071
73739435
18867883
-69301401
-36246385
86584837
-14699023
94786278
70658351
22801891
-66513154
-30471162
16536976
85355117
-52586000
-93259488
-25452270
-95178143
29219123
65538186
-63773581
81601248
-81978389
71487640
53111284
-72546145
82744268
62801175
-81451376
-944685
-25940517
56181516
95190190
-4335047
-36402060
-56840543
38190520
-95740513
-83230411
81646829
-65191602
-4881650
-86372043
-95688790
37432561
-74762348
82912216
-60496935
70051645
-61552035
67012386
78999705
-82151276
18543887
14613482
-36825490
-95388695
-99530915
-74161700
33316133
89555549
9003445
67367274
-45953193
-38497447
6472466
55213070
-7443895
-33243739
45471016
49267440
44821541
78109338
-44869941
61538916
-13989271
-55784826
61358782
5470141
68169727
37927287
96475344
85898891
28381342
-5944053
34614277
-41688038
73829522
-95063554
-39700939
-82788442
88981371
-8552224
81420026
26942859
97248339
-27324375
-19064115
-83147317
-48001396
-93313304
49498459
47534012
-6172585
-48937439
47534140
-41179302
59326916
-17560416
-11089845
-87529125
38263180
-37225884
65182123
70563667
48234994
-60034661
97997032
59132319
61140913
42107179
-20250264
14601222
28271961
-50494795
70930101
61560898
-27649313
53802682
89388636
512365
1670421
13168317
47380583
-18693022
79283739
55698807
36262433
-88934997
8014162
34551586
-93263611
-6550304
27490560
79223379
16173244
14705302
-87764629
-86859040
-16002707
60915217
56805449
-47383129
-6640724
90212272
-33647658
80993049
-51586887
-22790140
-95422329
83167123
79271087
-86350308
7430493
-29431306
27894426
63832895
63062083
10626741
-39559429
66011015
15244328
79044539
-49351621
91131770
-41613891
1329006
24687876
-51428162
96055378
-40486541
-52448438
16740671
6085633
-35429472
-99730289
15008197
70900520
-73837937
-43906471
-40536443
34156937
-75475942
-76514034
8678831
7496408
75194220
-52108917
-35186604
94502834
5405822
-96241932
-35778343
64785821
-36579817
-66004525
-57950628
-58819102
46848465
-43499804
77642708
-42329854
-51491827
-5783122
-64431678
61233820
27889280
-82562207
26843709
-42504176
39870529
73420486
47434396
-73804252
13033933
84442725
-33349257
-79521650
5966643
78694454
-61182324
-79638933
96802430
-45241102
96872388
74378153
97886318
4368496
-37296838
-66698010
-57763837
21481575
-6157256
-92829256
-54649888
-83466628
-51709445
-22603332
-36743126
-5263690
-21120110
-20132588
-17616185
-6917826
-80665868
69699725
-86250335
-1784109
-62919651
-33271754
-22470646
19532548
58806937
-97301255
-8079259
83145029
50239916
236425
-94825328
34906711
19089625
-71714986
87607665
-45433807
-20922518
61176472
1733670
9481319
-41663710
-85125994
64236399
1870779
91346709
-80412401
-28700982
83937375
88623489
42170795
-84836387
-40407099
-82013004
54924521
83079446
-4309236
-85554223
-78658649
-55218358
-96124214
-20564906
78186892
75930958
16279036
68771484
-50673184
82973412
40660613
-75407613
5940051
-66892312
-98115653
-75186981
-49514473
12546052
-77254464
51968770
93971170
47393879
76575390
-67973862
62441200
68697033
-56308669
3000816
-86668976
-35603791
-14913232
-7459370
-69230973
84404913
-51999863
-6972447
-7016504
83531076
86296571
-17479122
56695173
-68875528
92037822
-58478291
90077832
65126538
71939440
26153351
44637485
-86569469
-44576323
33136304
19776534
-69863906
-53222588
25477455
-60269481
-71060983
-40905628
-86508788
-31936145
78747781
46802867
-61385022
90078514
-20676157
15402353
82871675
-42152548
90348096
-63071428
25291109
54736378
-59173102
-36316771
10470159
86715215
14704495
43853717
3236231
-1987204
-21345745
-68412958
89287171
41549334
63694621
83658376
21049239
71273078
12384656
38640636
80810673
28791667
-34552487
72726807
64636992
-23691509
93086642
12797805
10518421
-11487332
-79961102
10813529
-77432391
-3531050
65527211
-67619294
-90833506
-67302164
-23154093
36953635
-91888230
35067271
-38449108
-36549843
16146187
54733231
-21843388
-41874072
90854514
-47570290
54763970
-66950210
52304581
32634180
45391443
-36199267
51186658
-77585604
-27147120
-70891728
96207482
41927047
26520539
-89817734
71443490
-7948964
40174308
-90685652
22155245
-37645325
-73064692
-18672697
76467090
-83189112
58518248
3500048
97903476
20583550
35385587
21045854
68586299
-93387923
69261615