58198886
-12659338
-56847835
-63337299
-53661516
50003731
39854043
46401035
18583527
37682299
-93569588
-29037225
-85233613
54023442
-66062296
-15601447
-90506221
6047573
-95659792
28604287
-75061508
48566147
-61414619
-12151891
4054259
42281836
3147421
-9501844
20437440
26706932
19219453
86919283
77419268
97554337
-47295198
-19527149
24490276
-25399413
-82529431
-89307796
86838497
57163306
-16235389
-39867145
-1190011
70390219
-42379177
88587413
79044899
8716476
15383592
59035639
53843710
59618047
-53608750
-89060287
-69898245
-41291903
95049712
-59723339
75461972
-28739754
-43452809
91946828
51018271
41823282
37703442
-45506019
-16990639
62496384
7314299
-31454993
60404764
-78087096
-13356782
44533725
54941206
-89512365
41680671
-47340764
87682034
47798344
16340063
-49817700
23444656
-88118041
30594164
-11577792
-48636589
-9946120
85203143
-3509694
63843872
-64219712
-65463699
-14665895
-65669817
19588590
-19371347
-83368225
-22365927
86459840
-86256891
-66687322
61617301
38923040
3472471
65437982
-2185673
44618593
15102515
-84731510
-18458845
62023877
78835766
-86792247
75237610
28254399
44740253
-94405564
-17367399
32148803
40406856
45860390
34637802
98401208
7990512
53291108
15448773
-69920860
71047610
-48919738
64087513
47687601
-1714051
56660368
-96968692
76823794
-38418973
-54872381
-3716158
32335389
-62411963
63938058
73344599
17571643
-87340575
80489524
67042842
-23441173
-28788031
-40101345
-25222622
-41782741
71083689
-76785282
-88469828
-80667414
-38437115
-73290605
-80261404
22908794
-37557758
23375552
78920198
-8625456
-24103754
39334196
-42586747
35471382
-52182031
94436143
33517571
-94042527
-15783862
-32832005
-10176096
39265483
-1886501
75647229
-62913892
-55963711
76676760
50987712
-53483189
88353250
-49545062
30406068
-2249226
13565171
95981525
65807700
63424301
62167231
95401912
-40979603
80657990
-1174974
-75316075
-17635998
-13891850
-64908656
45786505
15081366
-42446213
85894526
-37477439
22417625
99449895
-23886753
-63454696
40726947
-83796032
44510096
-49068439
48374397
80880916
81899115
91608791
-51388636
95687443
-39334685
-15603385
72072982
95370239
-96540979
39199637
86760208
-22803996
-30870393
-90243586
-89345468
-93005654
68198288
13346965
76720801
36295357
51230703
12589534
48975024
43394077
8951494
-54841436
-15776802
94174873
57428667
31161869
-16606709
-77199897
-98442571
-14172368
-16097704
-73492085
29738476
99490405
-74000638
-38034841
86768664
96490673
-60893944
-65036214
24650572
-18039498
74030526
-28274574
54964411
-13058205
-34339786
72932223
-71619894
27437181
-4617260
26749844
4674180
51113652
-29624302
-86038703
51923974
56260641
-35722997
-47950067
-47866794
-12582964
-58753772
29555168
14371621
-36722416
-34609154
60866713
-798014
4140991
-34363818
34382039
19047928
-45750714
75349311
-79928174
-77078604
28292152
-7881531
50534961
39764483
92474422
15212396
-36633294
81105061
-49766894
68113666
4579232
88102252
-12345735
85644203
16563476
34938145
52309597
96243863
89679170
-42053437
-63326188
-30557504
69719499
81854041
-26984022
2578119
91035626
86563462
-26367455
11294896
-2764563
14234893
76649951
-93869478
62129446
96113571
27634588
-27742450
-90351738
8338304
-48190396
23461758
-97633697
-39388824
-6576035
-74304454
-71820868
59672287
61980419
26234299
-74070876
9122295
78970214
92312556
67298130
43324918
-28550378
-53363833
71585673
8040611
52233889
-24502829
-25369705
-88310441
-36588002
-69529785
-16783592
-72656422
63793758
-47461578
92757968
98105592
94514867
70272904
34784667
-23162055
20675796
12978320
38278658
72851432
98016198
-66311643
-82238619
41082007
18004794
-83979994
-37927403
-29802565
34478410
35803444
68415405
2915370
42492523
1144731
96959709
-81613848
51344391
-5505354
-97220201
55991928
76163233
17484265
89550168
-98050285
49786064
32450698
-52161691
-55071703
59350540
3451964
-14968619
-85356388
-67471944
-42973820
-53618783
53002286
-52765881
-27486226
82365404
97597505
64689177
31921595
-23642118
-4459406
-37941357
-58709391
92464320
81611786
44943605
-84949613
-78723950
48557234
14952502
2963182
41018938
-32316070
-53379756
76896830
64119858
50953762
52348786
-91906644
1412600
77238382
-42635213
73308164
94769532
43616954
91792112
52141781
69517315
13152853
-93306170
-83383825
-98878370
34835364
-92937328
34054351
-62082297
13212813
98899827
99716992
48693703
39667662
5044597
-32954498
80544997
38027855
8453812
50798452
-93427780
-87527204
-37142243
9184616
-79711377
12359803
-37386835
16483787
86772831
71530908
94936248
38188667
-15834156
82763031
76095912
-78695535
-77170903
-74924832
1011486
94132445
58664198
55912024
39887440
14387826
-52438394
80538136
-54134664
-54769874
20895115
67141446
35179198
89506485
-51044804
82197221
-86436438
-9382704
-92494463
77074460
-90440974
-95620415
18946785
-20696435
-31778082
-6368566
91564913
75230385
34830634
382861
-99350410
8090166
56573317
36392814
52699535
-72578063
-36234711
-45332680
38963346
51768670
18141548
-6286420
-57732711
42219318
48138926
33308099
51440515
78318682
-72734010
53852777
-33912066
12568202
-58924902
-23366405
-55532429
19147668
-95119200
41698646
51108469
-63060419
86823024
50846864
-83395944
-94079564
-43978229
-83367634
-43197597
18138717
25050722
47276644
8124909
41238425
-45439972
10753845
-31594547
86749557
86053568
-60090139
94273053
-4681118
89030064
54692440
6501653
-51993315
42454212
8662246
57063229
53224790
43920834
24580
98386992
31534179
59802678
89841022
-40912261
-64763682
-3978230
-83760827
88472253
-68837115
-42721138
33755208
-4052009
27446564
-28313371
-95561476
61227700
-75101988
51428704
20398541
16704720
-98936855
-99584358
-10125578
-12364137
-78085347
-59164890
-83625064
-78117043
50457159
-28506761
14734067
-59014418
-2908737
53281065
-96456885
-43937513
23013350
-44409432
-8430068
21763057
79973085
-87015457
86064840
-47686614
56648644
-48800628
42896588
18755946
-32201918
24552941
61267450
-14792660
-10786817
24131600
62822395
-61496222
-69843908
6653613
-12968046
-47071807
71685509
-1876621
33991655
-13026648
25327822
-79908165
-97435515
-71127135
14536564
88662884
54772820
48681643
-12611836
29878557
11969840
-98916113
-96472122
82658537
60934973
36175505
-10535683
-6587062
-42525697
52173580
-13542075
-50291003
-74261282
16298163
11313534
-84796001
-65087616
96640034
56813132
9019648
53910591
-38466585
-78113601
88260159
-82081064
-96928489
-38595783
10099241
-50939037
86843026
-90761421
-14919163
-58198866
34833112
97817729
88042214
-47725526
87397640
88729058
-90724843
-7761044
19750854
-37526921
-38008883
44807856
-87175861
53248703
54368094
-85981936
-62808930
-54975752
-4839506
-40172507
22453670
55922844
45410736
-17362035
-84423061
-92792066
9856443
-84549174
-35445321
-22709094
-60076478
48529921
86010831
85932342
41803574
87215555
86943910
25492975
52385545
-5700272
32944964
-68357594
-1516300
-45937598
8661356
47108296
-80518333
54173385
72917392
40533769
25433745
-2515604
49232392
12887006
86172611
17338839
-74471915
53267652
-78137937
17320988
59487157
-45474037
-41810360
66312078
20183059
-24520634
46270912
-58589670
-74321786
86086503
-45576274
63056947
62737891
67687731
85563045
35936531
-97981647
-82141371
7772917
-15692837
84797249
94435091
99780035
96801579
-30822503
-44243284
-98943426
-59176489
19407977
-33861629
-46726354
-71694359
77374420
-2812689
50019188
-24974352
-88071369
31809913
-10391659
-68730430
79308477
-75094280
-95442958
-33779076
48975042
35085129
41842334
31573898
-56102938
34085883
70624158
-72356727
89747581
-83311149
43381962
-50714411
70754329
-15368021
32759632
54351681
27724908
-10522748
22418174
-87356463
-4879295
-90529483
92001988
-61903363
48896839
18155215
-43044475
-93983966
-77500772
88262079
-34657458
51373074
74239089
34000686
-29916871
52345160
98727713
16993994
41020501
-63505591
94773717
73363539
-57558422
-76030947
-51385832
86415907
26506555
37741025
-35786111
-22575053
-76973156
2578253
35233722
82346833
-63829331
3858456
17820042
16893602
-25320488
66885006
75474048
33908103
-72840711
24864998
-89661332
-80330188
66111580
47184586
48141144
38186720
21705455
17530916
-18418856
-82188674
-25976225
45246324
88396001
20952055
53740556
73765034
-47508278
-53864979
92696391
-80192287
-73178922
-46712179
-19786415
-40418356
74861708
61948870
-18099062
-2461821
-73671431
5877014
1542618
-62706776
58582234
61298537
71203177
-74379878
2655933
-41118196
-72360886
-22954671
-8764331
-64620633
68526355
49176131
-91423683
-58060942
26134384
-8165707
24943453
-51227880
-29442931
-84690736
55320482
16265991
8425339
8533944
-66878382
18976345
-86672834
75128578
-54254068
-8758865
-83920764
-27775339
31430436
-53252268
-59336728
-95515873
-70591497
-2137450
89382428
-58540776
-64793399
41764446
-76242018
-44740223
-88564497
-2859031
65668484
-91231274
-86275546
-76307137
72651261
-34981029
36256790
-68252580
7016925
2403339
59616736
-46987364
7585333
-39310193
-91098231
90199488
58218035
95155780
92046349
30690448
-95864330
86153506
66025842
38809401
-19067770
-19654087
25382466
54480158
-68498331
96844473
12327256
42880684
42162764
56520652
40734452
-92644923
-84181972
-92183674
17334748
-94313668
98155589
26509769
7287511
-20700223
4165384
64164057
-53876249
-86145117
-82569140
-32467921
63422652
-33681817
-42039046
-97382978
17418866
66976223
-37798131
67519968
66064886
59094547
35221512
-74665514
-62318535
-9850763
51397449
-30781457
16168929
86987142
-25503672
-25379762
-46327250
54885036
-25748191
45507944
49216602
-26937255
32912883
-95659164
74689642
-42974443
-91086834
39920975
-65001020
-78049252
43280317
-73117439
-48242861
99693502
-32601747
-27632529
40004171
-60863869
92097243
41284316
87495222
-52810588
79505015
-13804681
49440394
68431596
-9291294
43949976
11777240
16497154
28712888
-51103
-58450506
99964358
-64680559
-2215620
-11955207
23841008
47698769
32869544
-67593574
-10078201
72552307
-6048597
32266128
-7342151
-14713744
-43640659
-76160479
-59063276
28319388
-24013782
-79457226
-70355564
58201571
24624445
84562099
-32722515
-3271797
25785488
20191229
-61428980
-13278964
68813321
-8351491
-3070230
-13020911
-72833095
10475788
51562444
-51905439
46320054
-29341282
-97085553
60830577
70708785
-34804569
-94915986
-4470342
80713381
88205760
-89388387
6747448
-21126066
63804960
31195038
-97898773
96807514
-90781276
-30321169
32750803
-20843136
-98358193
40776408
3849346
68480132
-45074881
-88635161
84427724
2522275
-52018607
40785064
38285353
-1201560
3836990
-81186116
37663258
-64547742
-4395023
-7967758
28131178
-89482850
50326915
20966811
75858589
58104477
-9873783
-31413389
-81773393
12550351
-69975840
-74825892
48646736
37020618
24139552
-20198415
44765830
117624
88347497
15247506
-77769714
-79842675
-51050127
-37806773
-3856404
-59859010
-69646133
-32841077
-31288412
-71685239
-65672293
-22336644
3922955
36346939
-14668849
-41190319
-15072149
-32809629
73531259
-97513495
-61345713
66841924
-44488709
35705055
40348319
93402659
-85205748
91306182
6778758
11028169
-5349583
78433771
-27139277
2505044
-13927798
-39285551
50354596
-36473428
45299028
78799297
-65521925
57590754
-92747921
39889468
68076067
68510511
21183464
-78708630
-95061015
18411354
88111153
29332500
-54443943
-40706812
-23862232
-10775878
29386945
37387991
-14631044
-22049169
-90807157
1861130
-58164831
8323439
42450774
11038297
99621997
-60702877
64224910
-26979035
7644277
-31769897
40046520
-78311624
-4687
-74129632
-52370258
81412763
-50160559
-59560106
55745928
53779051
-29750949
-19068618
-87561646
-86283590
-99236653
22841390
-44242673
16136321
69178152
2884469
-26961258
35666941
79650577
1189000
-6657909
-91557644
35942496
-80880873
72956943
-68848411
-94841889
-81785875
-68043930
-46358963
-81528276
-55268565
44312270
-96815938
31828977
20033128
-7181361
83928990
43460442
13984713
-23849347
-78005987
82013021
46521018
82822761
43381521
22192731
38626028
75346087
24608855
13413563
89445466
70354814
-65344393
48364762
89859353
31668834
-44746306
16667957
-98104930
-39234744
-6395457
-67077060
98601483
-9021914
97925640
-48940256
53567999
-49112165
42900589
-65462674
86695648
7777618
-51237193
-37111827
-25443232
91617518
-11279483
-88179766
88207902
-23770010
-87478128
-78903380
-86633137
4527819
74001063
-53757707
86538539
-8882220
89129579
61463159
-59776550
13316835
97487961
57566527
71397451
-94608432
-4805925
-2619315
-20871996
-79009722
37608851
26512288
-61388361
33853659
-79749484
77482904
-61877128
67218706
-22248118
-58102015
-86106136
97156025
3020439
-49038923
87067002
-72319850
-63568406
-31945686
-46068046
-18423075
31078262
-35623500
-50785205
99867606
80408365
-49409536
30508687
-61886825
-40410996
-38301954
29398209
-762282
8021209
-95071277
-55085969
25412546
-2626843
-73379064
-19848973
-61511192
56206455
10195877
-19084189
-34425536
65387082
12851092
-67984207
-23906700
73472178
-69238081
-86745072
44435909
27423872
-43008104
687449
39584677
-32014061
-45773215
4247000
-91480358
71681189
95703594
-90101564
40204048
-73600711
9228321
-97380793
70697766
-86141821
-49196840
-76641691
32488434
-70942215
-55557324
-46205789
-81858605
34331588
30868692
94490598
-18933087
84835528
2997530
80556250
-73052812
66006507
-97221440
-4860282
66389639
-70133165
-63956914
39405343
92698305
76548989
86774900
-37928439
-75353660
-31467610
-5520325
70819549
-30327652
48202238
-24098096
-90946168
-13125397
14058332
74407088
-53308684
18346661
-17542971
-77746813
28079106
-74172668
-84143032
35520968
2544241
76209800
-80140248
-24733719
4622649
-76809859
47738006
-46428525
89193121
36554099
7395409
65049191
59356512
-33279633
-41128279
20086655
-67484136
40661
-42081760
-77363269
74070119
-40701734
40155245
49158286
47912643
71926930
792300
-93059699
23604393
8955978
42636531
-6932908
-69756483
25175157
4550392
31141822
38436310
85118503
-30035995
99657540
60213751
20299984
-87345337
15520562
41032437
79780296
-6562091
-83394264
-81470289
-30296054
10380660
-85973782
-62137584
90922896
57409088
19269333
-19092466
91328475
76967979
50360659
91862667
-37271440
82455249
-24689561
74565487
41750097
27511321
81806912
42912428
65764320
-92929720
-77817835
25111178
-69772909
7936774
41963020
15238410
-89490690
10352472
9977720
-27508968
-1058306
-34400989
-95992854
70766121
27649321
84668666
-93281363
-71468816
78201463
-92128958
-31912854
15947153
6499628
-73978231
65312633
74438891
-29070200
18260489
77573867
-64459301
-45408581
77640768
75575041
-64796040
68540399
-53440305
-95123261
70860571
-81965481
-56489534
-84390914
1057695
94592709
29874876
15433919
-78804667
51553166
-85213506
-97472240
44581822
96968150
93914158
-62959050
75133195
-66805997
-25376459
-56223869
-88317172
-10147751
97509556
-6197268
5805162
-32593361
-75216907
29376789
94301584
41549778
-32294141
62026518
93401782
65622919
-59565679
63959556
8550460
-45983709
74828413
38247859
65421271
35709786
-30900761
-5063278
-44940230
88689116
-39685581
-63351103
1920904
-57360072
51220017
-45163382
82424930
7181441
87472302
-60430171
67343714
36362571
-21082746
-5923601
71252334
-27394889
-42429313
80337052
42368307
77189261
-2993246
35881820
44950252
84463560
-85042026
-55373394
-57308388
-64779510
-17803457
52791528
-40645474
-5432257
56317039
-58994392
-23678901
-6863150
35686637
65038748
25992962
19272895
6487019
-48980031
11181585
53248384
51811875
-44062457
-54894973
-36370588
30713423
60070310
3269978
-42910902
14482257
37948976
-93483327
36549425
-30241082
48993917
76083658
13451452
4667684
90804917
-22020785
-76917573
-7964741
-27364459
77318403
-73595955
-6219202
74028940
-17164294
6597813
1564078
80397526
-16513967
72370378
30562783
-74937811
17323447
-50113974
15860159
48059933
-45054120
76518838
45410249
65142000
-48027326
48575016
-90480694
77429897
93082190
68383256
41940939
53670137
-59118491
-3304275
-3319885
-74518636
-22600690
-28986708
-64551871
40834929
-72401800
-1487430
15635606
-16797146
98702310
33547518
28122029
97122882
36759327
81011872
12786161
-71489428
-92112590
87756478
-98029726
-61117029
85069803
37791564
-64016526
41944489
-69297927
-76021943
15355702
69514873
92220688
70938326
-22448528
29797654
89986351
97747245
29658171
-59143492
-7125308
-36836443
-7141842
77343204
-15198104
69034289
-60667314
56154834
-15475716
15188609
-52669389
-88272348
-89878534
-11182706
-68099869
-63308653
-73994133
85079051
-68469606
54659273
57244349
97724496
21939551
34518043
-92695155
27032183
-15349844
-70755840
-77163653
-77333752
-4409337
-96627910
72889238
76539889
-61455165
-95407810
-20406523
61473744
-37013238
80905524
3769836
-45394043
83923648
-21484941
-75385320
1343987
-72436656
58362780
83285744
-34725627
-18190912
-14901790
97452555
48030404
56992220
-41269349
-90699561
9355017
95879855
80427430
-97765620
-37071134
82638523
20508420
90007866
-50234512
-2745423
51806668
-60836204
-50016854
4248453
-11729102
-97579145
2282177
7212279
77172477
11870734
48058618
32697669
-20238883
-43601297
19775379
63309721
70637374
81102494
65963220
60544626
-23007075
8255987
-61015502
40385830
40054778
-690896
-33533640
-27386480
-73991755
-1330646
16210222
-76771377
60317265
-64040908
-64859103
89443714
71907319
-90240281
57869022
84695364
-61063161
38402090
77458107
-74741252
90331419
-95744818
-87009067
90232559
89250665
55793490
-18465347
-751467
32872078
-29765705
36271578
52772768
-21515041
-76497011
31848804
-61972788
9389929
-12797630
81939972
77615453
28407520
-8979231
62654665
-84501521
-61377179
-1268139
31075893
-88295171
-95503124
-1354182
9834503
-57936244
73662381
9325033
9696591
-48712319
21089715
-27994286
-90260929
-42971348
14973712
-60087529
-73235784
-24902181
-94846370
-54143340
-42928038
71372020
-44339000
-74146412
-78695189
-33044139
-41943252
87390359
19995495
86248411
40797861
32571146
-21657729
-17595044
47477620
-61881426
-98836997
45054013
77667386
-95394971
-17230416
8313328
65073409
70456995
-83201570
69047357
56512649
97559405
-46399716
6042733
-41761088
4719606
-31283236
-61097040
-38247842
93884330
38349146
-74845822
-17597070
-47585524
50052289
46392147
-11361955
-53412845
-41662954
70895690
4108724
-64135359
88475058
6277122
39975491
26077504
55327595
70796195
-89891017
-54779843
-54605839
60077313
68832186
21355507
-9997467
10038427
38881843
-24967212
-76060861
22300462
-61580446
-25792108
-34215803
-20182744
-51071308
-65670557
-58280859
-34954294
34582108
81801979
69084196
-92990812
13928274
36868059
-94929598
-98653951
-86223825
-12123114
95217320
80055175
-66027957
74812177
-93756645
-28891800
-2648842
-40190285
-51379640
40344505
43097018
-30984167
-34242057
-92241370
-60843678
-19819858
72173194
-65859668
-72609316
46284274
73398441
-45662315
-22387377
37158582
33354292
-12386918
-95154010
-32199948
-91448560
63506118
-40251519
32192816
26893601
30042573
-95790843
-42374810
-10716569
59967564
18305145
47095834
-57684648
-56192905
19135664
35175660
-19212762
-20347865
7134720
48747886
90680651
89958921
-28651914
79005142
-96338491
52826049
94249433
-34980675
55670777
16703094
71215928
-14064648
-7003476
70943539
-45653529
63597769
86745357
81507966
8872663
-4000237
-27808015
-87387033
37491371
55892542
35843277
-37822927
88013311
91696668
-41040226
19682107
-90271238
-44079223
-9916405
31293898
59289699
-33919511
42155270
-35610755
91259459
71034003
75172430
18698137
18092171
84297240
-26709133
28635016
92163244
52502050
-41647347
-56579065
12303435
-55817963
-67303366
79528448
-11832967
79040496
99500011
61379099
76307272
47463527
-35609680
-85720186
-78019216
-3216864
68890665
65989839
-23285457
-55811926
-9131780
-68803293
79168911
-70365498
30095330
41792662
59684451
11278944
-43098792
37659658
61388600
63089386
48102326
-68838225
18872349
-75704804
-73114395
-58309977
-33944659
-60956541
8644149
23755275
89011445
80475258
66098704
50027114
-40247505
-89864695
53326034
-60853180
-19036084
60092969
-29938147
20081938
-93358759
78298711
-42411560
-78822806
47761643
-16348763
82788821
65936834
-2183469
7959899
50825033
35269154
-58964230
-1264230
88093892
67843425
-83800662
98096903
-12928867
92824892
28561428
34296346
-90493911
-27867166
-45820775
-99952139
-63809833
-89362837
85999834
22197857
17920901
9013406
68273937
84488218
13404089
-19751597
-15656537
-72618460
15278259
72263322
86089241
-62709793
-8112473
47129025
55307930
-70888931
67979707
11138558
3118415
33553227
19099479
-98320145
-35595028
-9565288
-16498486
-18653911
-26060894
47635843
-61082196
7735056
55645443
-71822424
-73620127
1462921
58179491
-76605827
60667782
18207488
53186262
-88254580
4007866
39406686
-450319
95343659
-92599687
42673193
-91001540
18079774
-70820095
-15709717
73484393
39819655
-59270572
-25596521
18070184
-19589932
-89408806
-73597321
-78830112
83907871
-73482970
5419788
85155114
17522490
-48393408
-60601298
-9806988
79356157
85721161
-52907038
48824175
-23964707
90799835
36824640
44285633
77355160
11011105
30865330
39335879
-15857208
38195190
8215954
-79286733
69800855
90656982
82175400
66571588
-41877280
63383698
-99501097
-54459113
-45598756
-53495457
21557757
-54350898
57051622
2582679
77686990
58066095
-69080733
23184288
99535755
-95737518
60103032
-97740609
78837619
35426562
-40077787
582789
51043144
-34166093
-97384048
-39828728
-41055799
-5563655
80305624
-42638889
-31741646
-86935520
-91423101
-83293215
37641148
92217119
54531043
-61569976
-56036172
47156361
-84043854
97634103
74250365
38143487
-85092380
-23658073
-85855224
23576220
56926284
40867923
37388686
-98200443
83345689
-33884446
-85719600
7146706
-12261825
10972533
51988117
-63325990
-15494137
99618793
-68656354
-6948730
-97607197
-51046348
62540216
46487506
-67846278
39109538
96123581
-44215601
12077319
-75660942
73632860
74501974
12104526
52226774
88512067
82557180
30591619
57286818
-37860573
-67667345
-81459096
21579610
-10359839
91494419
82977964
47236488
58731355
69990231
-80256981
-42482490
-22763357
96252813
-77194877
-53416852
-80990262
39956553
66688867
67340083
-99922790
28506240
-65674663
79949213
-33442878
-48002467
20160629
26264499
-79745257
70579273
88708476
72904644
91463541
-47191239
55028913
47752085
-18486918
-33626836
-71218210
-55106604
-95372217
-82706229
26731001
-65939120
-83835766
-11323979
-11298898
-66912167
-11413485
39104154
78586095
-36460976
-1672673
-97029288
-84048386
50561620
20943607
65192571
-9006707
-27488840
-19270100
12093255
-24867618
35676714
-58837148
43400790
44897890
-38687370
-85739847
63116539
-85078549
-88718163
-49165302
7275790
-8899677
7403383
92722505
58567054
-8544136
-44222397
-5766600
75396537
-57553077
16495330
-40328441
-60369711
13812686
51982875
-37092830
97072310
-28346969
-52569774
-54896358
6074535
85112731
-94039668
-89293086
-73714899
35297580
-49224143
-75233575
-91605959
57358312
-59328693
-12896492
29741098
23434012
10575294
-16400392
-92293825
-33754222
30495401
51502269
44867544
49759106
10738850
-42995455
44735293
-38100857
30030799
-34807584
-73402458
77534922
86400165
-37734443
55287364
37207926
5325336
90852100
87232923
-88006047
-8087001
2129506
12421326
-7745260
-34818035
-26311719
-65112378
-85577244
-89766250
-6050543
36881485
34589869
-69135898
-61473845
-15420675
8339317
3307437
60038658
7353506
30741305
63573223
-55814868
-14929871
-22202504
-55138634
90686455
64932694
-83133115
55349067
-68379691
88941277
35832602
30403628
-43099392
41922598
88865845
28901930
438288
67627082
97523499
46799563
47786032
46202358
-32761559
91281559
93341700
77682847
40284878
72176584
-58180101
-90352001
20248780
76978233
17321059
25020574
62982295
-61514999
2051308
23822416
60025929
-25926872
58562845
-85601898
11699700
11946360
-37731067
40405504
-72341966
22367512
-17885769
26029426
-92686483
-75075976
85205066
70913759
-80946575
57052567
99731744
-81338326
58842090
69185431
-79537554
-87866744
82714551
15193722
-62617710
42007698
-8187706
83921777
-7629639
-84742496
-45495537
-95547835
8817384
-90109373
73866567
84051767
-29549624
-81040136
-83840890
-50029963
43805484
-14143654
-17539060
-37746006
80837898
41989014
-34694613
33453773
46231471
39455614
-17241946
63721373
-15746652
65728904
54173315
59500219
-79236104
-93261318
-57119527
-21081866
76505080
95066929
-13454102
50533547
-89793386
-34519086
-48440204
67215388
96793860
-51769479
-32379552
-68625232
-83446845
97199276
8015449
-48682291
-56341663
12412681
-91484999
10212905
-4712483
-73266546
5438308
98642647
-27759155
25435826
-4643108
72254744
39139246
51610944
425602
79786335
-74174579
35128460
-84970772
73188225
6142095
17192330
81016120
-13134327
72863421
99587421
-25124923
-24115069
-32557876
-58154893
58259376
-59769286
98203742
12616097
26504607
16273874
10275435
72875261
19641451
-43929916
41888531
78124069
25891865
2646621
6510750
85183351
-70108313
-94100024
52367811
44732244
-10669547
40091364
22864963
96536268
-1477250
-76022027
-90661053
-72667880
-84747320
-71137877
95604657
-22915468
84570555
70752754
2072597
-31291445
-14361870
47695149
76936673
76064208
52230976
-64567681
-61310777
79146212
-54939652
94552110
-14758056
56642164
11779711
-35042544
-81389227
-80783067
-82267367
82508332
-46390854
20680806
-72465301
-46405972
2014277
28201700
-91099197
-19287169
-12794173
86001750
63610820
-76757124
-82424841
66886733
5753813
56426896
56856524
91632643
82688076
-3366686
43969501
90753437
10406617
88847686
37901017
67498553
59002905
-85525064
83501034
-75767462
-11257072
-59000879
-96442165
-51545427
-61158536
98256040
91200932
-71279775
-7455745
-28627663
-14669110
-6984605
85865179
-85536386
-63616008
62422688
75015439
-73158675
-65986945
-86816831
-18670992
-54668073
68218107
-80104002
-7016350
30353327
-50383812
34647039
92516096
96952646
-82396609
96695389
-46509884
-30846312
-8435222
-77091352
70593011
76651153
38477947
46140331
79324869
-14400188
98370069
-53229490
-47045279
53827855
-22883840
-37049910
-45626152
-43119342
-11054454
-66209011
20796051
44271049
-77179579
-28857681
-96694546
83477568
61032730
-41365031
-52031933
29958964
75159483
24722245
-52952401
53758523
80464855
-69059085
-64883674
-72747828
8827307
-60210207
-91273229
-66759695
61598420
34292572
-15410520
-63884318
-80870845
57904815
-24172469
-45576505
-10758708
43372925
60788970
-20287466
55400079
-21863368
22540595
-72955218
-55138891
-50098731
-83331549
42251913
-844254
42219935
-66982176
77231376
-49367397
-71788817
-18179133
-67016948
-94193864
-9707175
49960253
-87865612
-70377393
-77799752
-5665670
97852341
37982854
-51311180
-96680299
-97735958
-19179771
96560788
-11267397
-32361275
21983352
-96521880
66686135
-33128565
71105943
13712650
-43541676
-96776236
60896655
47717869
18325136
-33477412
82854222
36094446
-40563325
99082259
17736011
-56350430
-89785207
36240223
71785425
-60032994
45081704
-13968657
-19923729
59595780
-51899779
-36613722
-52931057
2953410
61313562
-83359354
-95118271
-91238402
25364009
-85179480
16519107
37120191
36747493
-47648305
-12191132
35622765
70332919
91267508
69973335
-51878719
14165019
54238122
-69424106
-56720104
-37235299
-26933388
1801769
-84682114
-33791411
-27215362
55189585
-90829459
35799906
-85038405
-30731260
40786821
-14809522
-91599392
-26006487
-85829857
-99127601
27522466
85446630
40444395
15862854
-58645333
-23585047
20689001
-6192699
83238313
-42246524
-38211791
94724562
-26646596
-20846582
-65330431
-89706670
73744719
5693431
-75603674
-74538079
-54658584
10490647
-6185059
92546502
41678917
59988872
-48412512
32244451
60005215
-69213189
32329908
-66505548
25393679
78123978
-95435273
-24402991
10559986
8163842
-54543587
21484282
-10367694
-8196864
-32690988
-65143414
-56815608
-47665049
86253523
52303408
-66457022
-76853402
61039102
-17958612
-80306497
44284930
-69509503
-79714537
93304433
-38873709
-77802439
96846239
3942601
68902963
-14512387
-15481779
-87019465
88719282
81733445
40812477
-17225796
-73118423
70988947
-75030902
-6136692
4110343
-8030536
-6183241
184099
83309087
14867763
21556471
1065487
-61004565
60728232
-9821165
-94517323
-73199437
-30371501
56864359
6684468
-63828822
-16697315
-37793784
-93282805
-23332285
13537147
83553905
-4171871
-15033469
-51436361
-77982947
93633706
-2598509
-36268899
12404504
18245745
-8586501
-43474514
-16316312
68484055
-30512415
-6029221
13515416
5313581
-77471985
-3838580
-63310004
-71821617
-42860611
-79933186
80615529
-48579832
18895609
-30827080
37670956
52609992
-87622257
-54395763
-92444023
71258087
36348837
26585658
62072464
20251320
84166030
55463417
-74885256
72680294
-244570
80706302
29279756
-38022767
5712042
-82722931
-2520116
18226251
86167667
46138086
-27323993
-79091470
-64708760
-3539779
58656423
-83671281
85654977
-90236264
-13833339
11335529
8286282
-43950923
-98077813
17622361
-8923011
-26892733
-91046241
82660025
10798853
13643732
-81167330
-76279133
31084496
-46310708
-9184453
56139448
58555611
-87933720
7139388
-29796570
64354974
-29742320
58576636
85554426
-27535141
72495657
-53405585
-9780360
61120416
15596833
-10697387
-8627775
-61090289
-97550837
4865886
-5952079
-87546486
-87237744
64579924
-19263054
-9069026
-66079885
62894465
-80400355
-18376546
52222247
-70000303
97783181
57587376
73845834
18652747
-45562690
-53448290
41546264
9414110
-74077243
-80238099
68453732
-1014175
-13892596
44269845
-68432660
-89395902
92030581
17077106
-25443120
36308705
35910870
-3512927
-8807557
-12526737
77701859
-53771272
96516165
-22297697
64602041
-20115810
-4314942
15740702
-2413163
37787398
-917908
-82364565
-56369561
98401337
83253134
43568736
11570868
-85694819
8213011
39882031
78762926
76538483
89927543
26297678
38145843
82345397
-48530601
25284541
5243655
-66739931
42923561
2872372
79537199
64068147
-91285207
16708223
-76703868
63843458
-95497221
-50588654
61902682
85621317
-6834855
38851383
-77186389
67695098
46278721
80317426
-92460021
62645416
50554156
-94867860
-68705473
64335825
68244370
-63411043
-38120731
700583
46201319
71867629
99202636
-21152181
-24774689
83463206
35202214
17235536
89805032
-75950270
29917994
-86922234
-52208504
-9941808
18459236
50014340
-83355865
93851109
81414312
59875601
-4671841
95861163
83076203
-58171526
63674174
7615071
-66107306
-39580418
-37196162
-78989581
83302751
26386288
-53681443
69089863
78622416
-15761443
-3377160
-9117973
-46437806
-27511349
82750656
-39465703
66185311
-75866343
-79896605
-69578899
76547148
-60731527
-16806694
36571281
77016019
7531285
-72340346
-15644858
91946589
14287410
-92133979
57463771
41166867
62703241
96106657
-74516692
96608957
-69564718
-41923742
40345163
86538838
44714568
-39345975
-43492861
-21387002
67934770
7351842
9699142
-74657669
-56067319
-3012912
18449973
93232222
43703606
96746704
16213439
540194
38319542
-66297280
-76358175
-22374893
58119590
-68967222
69854224
86261883
82253940
94798125
97866890
-62779112
-80843507
16134310
-74961266
79098250
-39087984
-97392215
35389848
65086394
91004932
-29919705
-37729897
-36590411
36694533
-56391298
69647519
-70259684
32301650
-59202548
-53067987
80166534
-19070501
85540486
64241154
-29121508
75102900
-38999868
72199950
-21884919
-41466837
11020848
26674966
26701470
95017247
64985076
-6345969
-76317596
-5671262
-73573310
45028061
77320484
-82942062
-4595851
-63963751
-94023258
12735986
87468930
-47130113
50392298
37853412
-79481617
-68912262
31714931
-76005833
-64402185
2648904
55507201
-2907924
18432349
-45062392
27919007
79695980
-64383595
-86283700
-31501721
61694345
-63872399
-73655758
-86218281
61556488
-47341600
-29912551
-26652405
56133214
20005972
75662405
-73614998
-67202389
-80749769
-12984716
55561832
-74288632
-78040708
70910170
-48137014
-2863668
96159739
-54581039
-35139153
-31698064
-58138781
99022260
20653834
-70331731
-39906597
58270136
-35613941
77293991
-92207967
-69247130
-93153840
73401017
-88426561
71134256
-41857610
34771279
25090847
51978578
6574142
56305745
63932123
-6878625
-23495537
-6791081
-69981490
-14906975
64609219
-25906056
-87745278
99183190
21918086
-30564468
65077703
-39605693
6845900
-50640180
7403905
27693427
38146230
8350341
28059233
9258170
97627643
-42543865
72805805
-80720152
26882769
32903001
50185394
-21233650
-36062977
43318918
3927118
-75432695
-34300950
-9746262
93468623
26332730
24488535
31170648
-56670373
-62537755
-33880708
681016
-74902080
-47947227
-45032844
-57351851
-35542230
57964085
-5481836
-77595305
66475993
-53755153
98315032
-93614862
45151993
16192993
-10229710
45439882
15627943
-72956652
-24437790
66013934
-50633087
-81550471
-18893303
75788198
-99095754
-62038458
36902157
-65579298
44523234
-45173976
-30211876
57716869
-3849216
-33606265
10663574
-13242990
-6975239
-67439854
-3474421
-75518571
-36377591
90240351
36027533
79115188
6275119
-28067655
-90000088
-57853774
-44835796
-30814978
-92996057
1722659
-98360714
-42168598
-51292726
31856570
40835635
-94929006
-8659548
-56284999
-52226611
96912928
18565622
-42185031
-26202094
73244872
79233346
-17345952
86624093
-36160395
-14376191
-17672879
-97511214
94328427
-62413505
85647812
-12893348
-19133653
6648911
83003934
-52672967
-11880649
-1238795
-36217679
39863570
-54947258
-43174657
-68363039
96768162
65549804
76212582
98056630
20665953
-62057262
-70735194
55456064
-33169246
-43191174
-79512955
60914621
-59081463
40138078
90944622
-90778249
49233128
-5504130
86138026
37378748
-62321653
-10824414
-91655341
68980095
-97691041
-6249784
-99837769
-68951634
-15185200
70656899
-36148419
76990658
-9340086
72278111
-35753854
-21222925
-75029350
2478928
-92501952
-38252172
-67672121
-1375347
56691693
25730819
52878699
-99155432
21287791
80077259
90346892
-37257628
21870098
4761063
3283225
95122874
1545847
5317364
-96699628
-75974078
-36666530
94851142
53240354
67175403
-38304655
35919607
-84289016
-18801995
-83393970
-48743505
-10087896
6412723
-10554584
83389950
67276978
48428427
11930165
96767653
29722249
58518420
26244764
52558822
-35526326
28662285
83448508
-35222527
-97030578
-27058693
-88836093
30773739
-44214021
85374277
7279702
66298352
-93165955
54571442
1337364
1713343
1582640
-78171845
72362606
91985627
-51693474
38227354
-34944573
-70246731
27002482
7237502
86818121
3492990
-22222375
-71414253
91451539
-83386245
23354305
-93309350
-32755555
24431759
-40266220
-85281223
77040431
-85710766
10472842
-7175429
3688379
-28002842
-75435399
-90426765
-64063870
27687215
-42980808
-19554651
-68846214
57391588
66389500
15752275
-52193405
21142500
-34699380
-73958371
17655394
47481500
-76437329
24124981
-41144589
22340413
39507296
87293774
-174837
46290736
43460529
-32886666
97011036
-7737180
-72170842
55135241
45969079
19942737
-47739858
-69007023
-52514534
-21581774
-98416412
-56596643
-77152589
47308562
45523238
59919533
29472837
-13636992
-7148152
-80280153
-65543188
-46327394
92113059
-619620
-74870933
-7739191
49652671
-26447456
8417279
27668118
-63236321
33094005
28874729
31523513
-44562353
-64480373
-90578130
-64258718
33019508
-42446280
79220214
-53645472
40679468
52666060
73025828
35416157
76509926
-10273990
62573732
38559068
-16361619
8289947
11471853
-34984360
-4653341
-56562074
51342077
-62143841
50604159
-99110719
20068151
-86052047
72933098
-38873451
-9342727
-56446133
-80573032
88269589
-9308035
62971794
80096747
-62703377
65539095
65545070
-41593178
93101400
-73952877
96909160
-49587698
45504851
-46554921
-28658113
61538754
-63946860
44895002
22348553
-39560535
16819160
74678695
25583943
-77019011
-67870798
-11078898
-30184036
-80069040
-33302007
19139854
-83444490
-34944203
30706249
52617239
-92314364
-17389870
10964749
44320273
68146523
12959
82012408
51762887
81721279
-20107199
24550135
-9619741
-62014810
85326021
-40549975
-76301340
-337832
46013572
4539860
-90462947
-40464917
46064488
-79224955
-63624731
-6507458
89051682
-28918596
59524183
-2772157
-16069747
2096553
-94875350
69994859
1183523
73934825
-26743312
34405171
12604312
92759017
40156810
70017170
34937869
-46744125
-3598601
70755973
-90760626
-12316802
-81945312
53027246
85397667
42279815
23371517
18195230
72408226
-8837694
-56055854
38748452
50441725
-60765004
-1725609
87935374
89807386
6481070
28296821
-20331524
-74787459
-23122626
96975084
-21647023
20528385
-12648300
77172295
-16614012
6390121
-30045050
1007809
53135196
-78493845
-30889092
-66002982
39580432
-64131696
37979759
89579236
41579782
-35022627
-14113141
36256
35787140
29045238
-86270806
85500485
31662598
-65490112
82207241
24371949
75076584
53737087
-43977552
49319762
-29095495
-10219415
81507093
66152075
-23352865
-30877999
-61514204
72288292
97431078
-2622106
16800023
38162714
-39099200
-25353962
86585272
47532611
-2938333
53965867
-38432103
-31951780
17699352
-44434171
66071428
23818217
-74486822
-42366689
9099736
92966512
-46679129
-51765941
83400039
47562452
13888541
47553189
-67703051
69801927
63154402
36974751
-71530982
17663066
-38128189
76132587
26937985
-66337342
-56590861
52056903
11836931
-62353724
-36621612
-92491331
6727616
43184487
-71068476
27180513
-20405983
3325195
88907419
-13018068
99519419
-6891765
-83088602
85070165
-5466872
51488705
51359711
97779247
-47206921
-24839193
2915254
32013007
54647036
-15905897
-34813535
56341272
9174290
-65099419
17409140
-18922973
-91437345
49360560
-53880798
-95775215
49764421
47866797
96159932
81769494
24035307
-91434992
-58827488
-34014714
-68587119
-80538650
62492486
-40095447
82141315
-62727242
97794851
72084999
32977846
-12540762
-89288217
-42186224
-86346126
-28707924
-32056500
79847557
44507786
-76206294
7007448
-55599791
67412374
-1323162
-18867565
-14898464
21821018
-78333334
-33372626
-37613600
46189777
29913192
-11113148
-46135370
-56378657
29337087
90231340
-65091251
49766069
-46808096
1743933
38027267
-66269590
-52789795
15491920
21013540
-88448288
1484967
96925617
-7068982
-526794
-30238389
-8395516
-27996866
29914512
78664397
-16202824
97768945
-57154638
66986533
-29043387
36672495
11190635
73756271
51778360
68934177
-20510828
48593921
54943501
1396495
-46128818
-41968783
69304761
-67253313
-69655252
-29778161
-29719896
47619577
-97488693
62916108
-40212855
7133509
-65323745
38175274
83821996
68141932
6709085
-31537878
-40731662
-47641675
-23221114
54044890
-63383452
-66404953
22951328
26176657
-59133842
-69716823
-60844965
-25781341
-31028533
-95298359
48624292
10618152
21204983
7728316
-3709301
6736489
78712866
-57373958
99796247
-5698255
87205690
-86724669
80157027
16739435
9587179
97566387
-63085909
-5080409
-8262940
-87595271
-11916110
86426319
-71145146
-42084084
64401168
-58077376
13403870
-25489584
92829439
-68462939
39387178
-50976285
-4483693
-10132219
-53096555
9541028
-67938058
-63317192
-38345545
14855216
-55112195
-78651848
3210505
82632466
-32307592
-51181959
28673101
-83488217
-3169754
-16450613
96455266
-9060594
30955532
53042941
28340997
80187312
55887088
45979558
-17345301
29385703
-80687131
80775257
83383986
-58114454
76304845
65385132
-50423960
79271095
-50843823
95372662
39528554
94221855
-36911704
8892734
-892071
85761507
-69089835
-78811980
14103398
27014856
-75104126
-26899391
64110903
-19360608
-66820556
1531564
50623761
79677562
86374614
57279699
508463
-32604269
17828911
49622016
1521256
26266878
-79138887
25996352
-97993152
-7088489
29927665
78368082
-96489141
76364886
38234728
-27338894
77210897
92787431
-75451014
-80562223
58109328
-30167931
81223645
-25011629
-92454221
40196188
-92910739
7937373
-29739344
-59142955
-71579646
59933430
15266798
58242669
-80110716
-24142425
-99611411
5193188
-86395136
89181314
81634741
18049431
-99034232
-94244299
17053743
14079964
-19466576
-42902188
35413818
31504411
-85440616
-55592750
-27745267
55690428
11719974
-78822016
-80083424
40537100
-46302915
95312462
93150634
-58108691
64419256
-16011460
24496453
50911938
37111908
-69167690
42021297
-11686569
-27414754
-17989778
-86022795
32390603
-10007962
-61347479
87245836
25507403
92386517
-58290740
-6207969
-22567299
-70326689
72973999
-66895613
41908570
-31002609
80143029
49565927
-28439751
-38467371
93861764
27606589
-33873335
-4293381
50365890
78949871
-58714789
86489120
21830513
-64140808
82458149
-59391634
74388555
20299845
28776939
44492549
60160795
-54383809
17017124
49620956
74537470
17756084
-13515797
74359252
57243196
62741548
-74334008
84103164
32223108
8331444
-26545552
-91914129
-60297530
-56636631
45591205
-43598347
94964089
-5190986
-51604741
-42937487
-55704445
18464829
-84324994
-80819192
8994812
-33282325
-69625703
33225424
-11885780
53324581
77257659
-40562223
-67434574
-73011726
35457226
69896009
54962758
-58410820
31420644
-10036302
93831991
94798872
-31618093
-87930368
-40091106
19268029
38117097
9403865
26628011
62037886
-81468012
-59975043
-47166729
-50834060
14265750
98716642
99018540
-80450646
41612858
20013178
-49153472
49209754
-35025021
50577773
-18017168
93898803
-3923832
73501544
-95102405
53667566
-24717795
80646033
20028305
70457066
-96216432
63905991
-8420026
-79611763
-61455223
24667246
5540775
-4807962
-94087733
-11682325
-76417258
-84454002
66603504
-7914163
-83647429
59807776
45540352
-32973574
82970229
-76284390
-33350042
-21168946
-82252868
-45385197
45163776
-46725360
-56629938
86205133
42477854
-71909661
60296614
24949079
74949618
6351971
74875798
-99794979
62428853
-8069539
2067587
-52392782
-91865232
-88694367
-60744805
41740413
-39530652
-64360972
16625768
14066159
-48987931
72969795
33042965
57238352
94649772
28706073
62806990
-53309632
48126266
-99745442
68902365
71212614
62630478
-85405774
-93612577
32293700
-23391292
-26014169
84808387
-98275887
-12583971
91344075
3461742
-12770141
75907446
-20278261
-27433539
-10572032
-80298891
-33390484
63886678
-10031271
66345662
-39991698
15266488
-96162240
-71285130
32359760
25470908
41118397
-27928126
-30991548
31022797
-77973378
-47984886
-92226848
47380048
48268759
-26961357
-71887008
-81073472
-4035748
11309979
-48057753
-34565199
78153735
68665012
-32497538
-37695842
-33401448
42621504
45725771
-67867446
-35737418
-86151125
91823410
80628248
74618393
-99704758
76074918
-79624711
-42275157
40448709
24830026
43745655
49531926
-62603258
-29431280
29248147
-45175531
39762290
59969830
-43475910
53678778
96543814
-92432403
62992062
35742194
20248984
-1248965
-62723425
95186357
36156048
-58134640
16884225
-95792016
35193314
64714543
24821302
-31798800
-14676410
-82818528
-33381478
-35627710
39474076
95245752
55417863
2509302
-22200630
-98032408
70854538
41388273
58752292
25019980
-9785468
90231197
-52674136
-76522403
-54759261
-65839769
-84831525
71517689
1219197
89889607
-83715403
71734793
-8293541
-93030169
-65184829
79039645
28790410
-72110648
-57737239
-89043535
-59506789
15688472
-2846009
44381442
84379840
-77762421
71894819
-74712160
-18474120
63049317
-1805984
-80148345
95039277
29239033
44861759
-18439974
-62947054
19619108
96836180
77738140
12965197
-10997166
-86137186
18534711
-15968622
94942894
84095399
-24341984
11564994
66700167
-2977899
-45658174
61783224
-78573477
-26506128
62079167
52940414
61054279
23233856
39672908
-67713607
-35346989
33906796
65752051
38842833
62578648
-56850406
-30612293
27095707
-7927289
-91610583
71226732
-1466956
-50892050
-77557041
26898129
20586124
-33656365
60079315
-46964825
87691163
-94237230
74485369
-60253183
-26383934
-69971271
-65524527
-99299052
23518745
-36346061
-27402602
55188007
58506339
-79733713
-77361041
43173283
-8151573
35234050
-7267298
63012700
-2019311
50898195
46364861
53097179
51279431
3485707
-62824862
-357760
-16355949
-94209547
29107459
-19335756
-21393476
61960216
16816910
-6321622
-88851648
-70207103
-10899321
85759080
37388769
39025094
24041872
81960806
29874619
-20284913
76333209
-31289577
94284068
-28131883
-65155015
94407748
94788353
-57952720
-23395122
-23691884
-71338517
-60171505
-36095130
75603880
-7991869
72631477
-74529119
-53602275
-99832327
-27806988
4508387
-99586049
66622103
-761052
-40015248
-14470346
-8872042
97490343
-93235459
92060967
-21499078
88725486
-64105764
88756938
92045922
68871145
74491607
-17025056
-64097133
50076163
-24943289
21110441
-37887610
-62815489
6733524
44392538
-69680651
-92250971
-96881182
-49208152
-62780662
413656
-6169273
-5728399
-97373006
328095
-75786846
-17807197
-33944124
9631974
-28460536
-3354328
45972171
37130063
93805072
-95385909
92446487
-48987029
-87230178
-351697
41141566
43994927
77494923
-53050459
-81468948
99374695
39160252
-3290837
97561266
44867719
1640723
46692505
-45985590
66909672
33153180
8311798
50631078
20482793
-27114670
35230440
14039339
55469221
76314420
-10395541
20952857
60588623
-33511159
-75892075
-21254311
-33869256
12814653
-6280761
48647870
-54397142
-81369480
-54994670
-99899305
-45435010
-18947510
60633263
83898886
-97155293
82259902
-9011048
71485317
-75875947
2623607
89401426
-82360759
-61278255
79486844
-27533069
-4432777
29935711
24249554
-74645176
-53561835
-69098359
4878533
4985136
53685824
-19303986
-54174321
-50374924
-3658119
32633934
82201823
-39537222
-94316961
-60955316
-6823924
-35868044
64529691
-12165346
-50112127
-16763548
8565551
-28384558
-85240995
96931896
-57097107
-76147896
-51050227
-69602584
80076791
-55422928
-77975466
-46599921
51717680
29198456
-26886929
73378808
2508101
-30182308
39418853
-65670303
-8608932
-20261087
-92523618
19776155
23134510
-92344181
-57877692
16625303
-81829729
-66207303
82859817
21520990
61015480
-82855858
-60724162
71907980
-71202342
-96684234
57089938
-85348470
75001754
-52694210
96928716
-21685848
11982183
87040293
83482323
-36594362
-19346064
-29712499
-88541388
33369377
-69321770
58225427
-36352049
74832183
-30609741
34399745
-87332486
-99829398
-4544683
30574808
-51300462
75993519
12103645
-87780954
60302191
-61446033
-1422878
-21124962
-44335191
25114769
-17377046
42412133
84962852
-28327481
-79494571
-1534755
-42019111
18469107
-90835658
-17133716
-17638251
85890484
93443676
97151183
-76974191
90109944
-46871744
-71902046
57364937
-25005379
46898306
91925356
-2672884
-56541795
76275748
-18851610
73966647
-80146712
-52447369
-63106065
-92009951
-47669472
54437232
47868394
-20599674
1633857
-27334663
36241696
85459456
53010753
74272772
-15542592
65915972
79786064
-70395058
93944379
21167056
-38817417
-57640182
-66663219
-9824520
-70531721
25433201
-50494352
-50934557
-94387671
94638540
93354029
52690698
23651116
32900998
61283051
-89507145
-66003893
85894089
-4585305
96570373
-65056255
-92202589
-39204922
-85349996
11663797
77906674
21329413
44048513
79241260
-31310089
93272425
-27216078
59659636
71317602
58305665
-82867249
-69798615
73642143
88052968
29877318
-49433215
-21448847
-27505338
-32080597
54121145
98606272
72796048
71659849
-63174070
580484
45750846
2303154
-72099907
-93555333
53116786
53019003
-70507954
35566607
58104444
-86168431
-76117687
78634006
-363566
96958155
62158243
-96899181
-32921497
59856785
-59263750
-53941495
-60698774
-42231473
59026344
89256390
-1807859
85686870
-33830451
-88415841
74564656
-40858747
-97241514
48488913
-23148861
-98836643
-17919324
95253280
90531326
-30666759
-26335992
44210581
-7212549
-60605819
-82644985
-65865366
-19857174
64357391
93031950
45148179
79284517
-91006496
42030931
-69266552
-49423083
-3719244
20304592
76745116
-42467656
17914918
-53544429
-85098872
-47456873
-90111770
-33644468
91829670
-69262061
90006461
47833061
-84727194
-13754415
-61081707
87986332
-22999944
62218881
-58189077
73989463
89652333
56108070
56115909
-70369983
69208346
-82472053
-86728529
-62401803
77648966
3795326
-58500849
-5740261
55555727
30206702
-73807283
-36142580
93297322
-85290530
-39307296
71064460
-33622147
-88456998
-19615910
72739190
-31609186
40214199
-73617538
34291119
59978576
-45428454
37780499
-13948738
17219381
64216170
-59223964
-80437319
-75393715
21664352
22165090
-13899046
-53554364
66277902
86773295
77783269
9069332
-23619032
66668568
23694490
-76021660
14763826
-94872930
60378819
-21782059
-33206346
-86826892
-67472426
-13644534
-57761877
-70011746
89892666
-85484947
-60643565
-51486319
74695753
69695724
-47326428
32315464
91251884
-19459674
90402742
-30055155
-17380414
-5189045
-55671547
39240086
-38635960
6493993
-87308368
-66169797
43767021
67883208
-43690520
-98300328
-91251827
-43923162
72002637
37494459
48972353
-29506210
-71208188
-50935463
63586528
88624676
-88623454
-43582780
-60948551
-20164241
-56992300
7097686
43979262
64138102
95645103
-14094340
24050395
42425137
-79532092
65554033
62836218
85792527
76956795
16761451
-62131572
74807647
61550027
43762914
50000684
56423616
12797383
6539462
94575382
-23121244
-74611722
11002699
88010350
-49480361
6499140
14555126
-91796898
-6730951
97894070
-91013370
-97013572
39160518
26185826
81847937
51232712
-48152261
84971360
-71234500
22865472
-94368838
98672215
63960908
86450048
-85529870
22972168
1737897
60297982
16853084
55871985
-62052024
76635227
-76588359
79410986
-51347974
5794234
14760757
-90457746
-8339970
6728479
64377026
58151517
-56022281
19903149
-85846238
46755610
95224364
65527065
19595487
-32938028
13774996
-29719949
47969716
86816093
-44652573
-15721992
-29402235
34669246
41991144
-28675724
-97567225
82734611
-32827433
88152095
-70353325
-67222806
79439097
28262909
7946469
34536289
-62608691
-47547615
-29124663
25807140
65035590
63922721
-10169511
-23312842
-29674065
-54162677
-56352540
38245080
70926473
55112129
-66174262
-50085965
-4452912
-17328122
-37213903
62108081
3181525
80278198
17768986
-99482742
-40374069
28916776
-28423925
-11439471
-83769221
-66196031
-31731047
-21319612
39972734
80889322
-32430220
22329192
-79358839
-38671581
-33738574
-57227496
-13982245
49038477
-67652659
5491880
28860085
-29096520
-8163947
-47119943
60531222
88509779
-51592339
20826729
-31160517
-20337840
-98417792
-41246381
85883832
39362497
-35728575
-1697734
-16756969
58641168
97515244
-15073691
-42348429
-61256838
-68170965
35738958
87751467
72637275
-20708886
-53744811
-67035717
-96474918
8253243
8504492
-76502616
-31068545
32543851
-23083591
58208517
26132693
33380226
-98058967
-57928576
14395908
-40984001
51155149
7669803
87714342
-22130325
33850365
-63984190
93841445
95992309
-1632084
-92476976
-69250248
66529416
-67613430
43175036
-90944158
77818253
-29432574
55797035
35421185
68212043
-13453359
59126134
-31439962
68226753
-8405074
-94085104
-20634018
5600892
88571550
-92842965
73461294
40388591
31461887
64426552
-79003525
51402920
54583760
-36960073
36119112
-29358135
-88487073
-21358241
-1040286
71063081
13056630
85173383
74339559
-68440618
-26329746
99806327
11669545
1344376
-10175354
-95389274
-68855906
-83620413
68429702
-43108794
80092416
-99058201
29181848
-87578387
82830543
-18434071
-48820103
63051086
-75957041
-13622987
-73214190
57040288
-18955135
-88698448
94142342
-35616639
-48990477
-29297761
4653375
-28163590
56486693
15399629
8881165
-46071609
37854805
-45912968
84571623
-44352989
-3904545
53214698
-13757279
-73562616
-8155238
-3526357
78056778
-59161702
1782272
-7785959
-29574938
25430189
-93378152
30211660
20200639
21215960
-91243214
-37098513
-87025831
-80946752
-68891718
-29256579
-26356389
73074097
87685299
6254307
-5777805
-3905257
-45408699
44423116
-26570104
58625114
98685909
99362952
52662506
-93700983
47211259
-71342627
19597831
-98431589
95316470
-67505217
66711488
-48448474
23984943
-58320519
28220817
12914256
-79062425
67571385
-94823583
-48571038
-18008602
-1353411
-82250039
35803666
-53454272
-71659170
-24737480
-10891859
-20677872
17631180
-86506789
-56843648
-30295901
44854029
-92077234
-48757925
93329153
6799517
-34962718
8055869
88527594
64316462
4395032
25205305
84796548
-93476759
-24500626
-78195650
-38312858
5851957
65953889
77172454
-30705841
43429771
-41241176
-52842390
82316577
-29172446
-37644823
44250553
-58823814
79754387
-38207293
-69813012
33273250
24925203
68257019
-24227407
-70045705
-42459211
4719756
-40524402
55677998
88923039
87922188
-67123169
70336104
43439290
91886115
30151328
87511565
-39429941
34272292
91821061
-52587616
-22034226
35277404
-72998956
-64551037
-15591599
90131325
-7321437
91248973
-91535649
99652670
65262365
48452516
-8609108
54012471
77151926
-12089654
84372843
59645553
-1077485
35729855
-17688543
-33794634
-31694663
-24520151
-815846
20587
23037705
-49514860
-88955095
74777068
44445962
81469840
97201341
-83102784
-5133439
-26653335
38230410
70336101
-3053517
-32092060
-89990734
-39917720
-30926280
43935638
24415164
95883188
52742471
73001109
39438866
45169896
13525634
-62035061
-42108651
-43256832
46659056
-27898115
93162910
7077267
79708700
83572235
-56385117
5011703
-35919044
25746638
-20252146
98224807
-43849253
41305724
-93847674
-31706601
73750384
-91075309
-46882505
78198831
35670497
47915859
-15283027
-9778855
79777925
-76949637
-81114441
83952461
-20944462
81177019
-97826984
7322703
-72973706
73648413
21876258
-70667233
-79176816
838377
6560711
91652370
-98223530
-91027403
43881237
-55669629
42164678
-3754970
-24977970
38829807
37583396
44839166
-31895622
-99741703
26512745
-36918656
63783640
-35644446
-5114982
-80841866
42124986
23016744
53458747
31769915
604676
17082939
94364858
13141894
65035502
-29444184
-36150424
-95097018
-40877629
27885019
-68316789
-81365483
55792911
-40783826
-36453301
-48529170
-63052411
-6839157
84460729
5837285
-32231922
-8139784
-93528882
-98094208
-7720420
78955867
-43631963
41352796
-27098071
-56214944
69445833
-63074551
71938059
-53284681
26776350
-62308841
-20050307
78533985
7153037
45497672
60106093
-77145566
-83508068
31791085
15948531
-48131216
-1129661
-8636209
21243857
31251557
-6064544
-20938596
49548820
-17204148
12752666
-92803950
-74919164
-66794656
-84792911
17258742
44935639
-986970
20975454
96156697
46031421
14494144
-90002872
27890464
-96710969
-36264950
67622693
3642752
27661296
45560008
-52238033
-56940436
-65654360
-46100572
57017567
85029506
-11909624
-33496977
-71436446
-33404215
43497532
-77245088
-74878685
72791277
11668814
-64551592
98030613
19966093
7203816
17470629
74911578
38357424
8137351
-60797614
73580456
-76770542
38339314
-53710813
-96020553
16496286
3771038
-54873191
22234960
89465869
-5793367
15826309
10091715
60819844
6586769
-39818785
-87769979
-5363045
-37607185
-88837361
41744618
-85523679
91529467
-4755801
78519151
-61081340
19899555
-82384400
62514421
15057755
88249380
-74035339
85031618
-26739921
68922175
-61589388
-42435352
-23224828
10288148
-41308907
-29322842
60719413
50787929
35826649
-46776350
-46307318
-85198419
-158669
-27151659
91194173
-4689009
-14476991
17704458
-47438620
88106244
-44601371
-75974736
-90208443
-19909320
99183167
99419074
-83701681
48250466
-19241646
-19540538
97941475
-17227430
-86082267
-9366047
-13232197
8560886
-81076497
-89478814
-26110163
42839619
-62713313
-46188564
62629975
30418847
33466591
74206098
-66624708
62076363
-60912875
-83103762
-45443385
75343179
27219074
-54018006
72482849
-31872167
-92750461
93989540
2903105
67619043
8481282
-83598810
-20142900
4854206
-91413239
15250463
35887193
-28017011
26053819
-69402360
25494696
11528104
61063417
85589642
15114535
40550924
-28476226
93374831
-86743615
-92786584
-21204032
97288872
39677721
58023229
-54276096
36075295
-25188721
95505971
23138041
-33526487
48634474
-72432409
3363855
-21539861
-26397992
88926308
-25171525
-55510291
-48867296
68545997
81410236
82494025
84426581
-50741180
-63533139
-14394705
30416353
-7422464
11482330
-29745336
75276460
43477190
79590142
-98007663
-82715057
-92699853
-8513141
37030067
-66767804
59630802
53399411
-74169199
-39051386
2863749
65968082
8419876
-29232642
-50651227
6686408
77262847
-74960038
55438318
-8602131
3955373
-44922415
86616779
66063517
-13851764
-31703685
-28528850
96419458
95286288
84754578
87416730
4761821
-31944175
-28603085
-30180420
93717352
-90886909
78381089
86671414
-75361448
45671053
-8046792
-41862675
8018254
47750023
-29224451
-49985960
-64780183
-75595369
30750887
69102450
94628438
-49537836
98518555
4009061
45527898
98948120
-31914927
38967707
16316712
26188627
-32560976
94196821
91928413
-54471916
62235766
31816868
52069964
-86239853
92100580
63089964
-98965217
-1349030
51983429
70697796
-61597571
-80014274
-28149478
-46523610
-79621567
75472482
27582056
-86334704
56727379
-47737611
8239493
69564621
-96335822
380053
36195430
-49815734
12736604
-37983418
-68626269
-29447037
69971710
84074341
-69820298
-36445319
76411453
-23952447
25291882
80024173
71937642
-99437058
-9622692
16506386
-77611728
99033874
-35144506
-93344671
39906006
-31066071
-94552559
96076044
15675478
31362719
-73028439
38507413
14507100
59568287
-64358715
67264781
78006138
-91330922
5670761
13661046
-46191881
-97911444
48437444
-54277155
82583244
-65331194
87577929
-60089012
2280187
33798690
-31917975
95692766
75421096
49100197
31902684
-35852311
-16886395
33045007
44228708
-38710874
48459925
28244355
54030725
-32549125
-89568817
16178264
-23171632
20365722
-39348961
47999418
-56529640
-8093791
-33448124
9454101
-89063213
31875078
77931610
16549222
-4855566
95147721
-96804206
-93633039
40606658
-69416224
-81296920
-38094707
-25812174
-24858378
61883185
-39704831
28027335
-53307809
-77475262
-9692064
53212346
-32659114
-53212820
5822834
62683372
-18020761
-5861347
-23646248
-69624393
-25946188
-23605847
71438128
-63938450
93259236
79458382
-64417935
26445762
55155190
71561288
94580360
2595815
44087717
-71238424
-8037040
-62153250
58243742
-32667346
-78392451
-79665931
-65344073
29974171
-62062860
79674134
17214104
-72131181
32181170
90072901
45335689
-32747209
-37982838
-13299884
52145471
13331288
-31761451
66656516
-85004610
33114574
53562921
39223845
3735714
-67870303
-49721142
31338878
92957016
-15848085
57991269
-83015460
66435932
97328092
-35004300
16176373
92892485
33672963
-47137863
-83933545
57303327
-10641336
-48915756
-88899658
-77614365
-43157266
532289
-12891627
-47886829
-83677359
60012514
3028300
10371651
-75052980
99750637
32562472
14110916
-9963068
-6297755
45710404
-36824338
818983
-92850531
-82097470
89930870
-29820787
32872750
-11855603
34699655
-93738271
23363027
62694149
-6609884
-91730760
78690746
38845693
94881581
3498293
47232964
53814849
27503024
-87850951
-27349967
-46933757
82886627
-66402681
-23949400
58953471
35985258
67531643
-38008049
-68240298
-74890922
-59150533
-72685780
-18991778
-53182066
-99487182
55965748
21031602
46572289
-35540094
6396543
66980824
-54164709
80130573
-11968215
27878634
-50476586
94058253
30721933
-58209857
88571292
-35396687
85712917
-39505634
-14389076
43351660
-47871261
-23865421
-40143240
-70025030
-22931517
45496270
-45148139
47220335
90716749
28424877
30765736
-98598895
-15340307
-14839257
-98761152
-49798075
93823610
19397010
-16913849
36660089
16238119
-58199878
-38704176
-22278420
81202664
-54299494
-61671500
-5757527
-26240787
-30432507
-58343944
-89031414
-82851296
84382920
67009918
-89122533
-22097351
74569917
3475314
-49656455
13635316
-75763144
-12531514
19536478
-72893533
97893355
-88074618
13022583
69769549
69833635
-25864696
11923423
-56307524
-91823234
41036503
-14919622
77193079
-75331317
96151637
98320014
-95535696
-33343986
58893437
-57480660
74404967
94610537
47469360
95107831
-73215987
97842739
4688134
15462302
-40197251
-4260029
-97121447
-24347394
-44744843
23155432
68582342
-47842124
64121057
-41467450
-28599947
27530610
50005500
-9857053
-77241520
99135798
-5225701
-93472902
-78889850
84959364
-61305448
49386351
1479356
23238197
-40162324
-92223610
88450879
-7559313
-54336686
-63440211
17165893
25697373
-96448650
20570830
35691129
62803375
-55910931
28679771
-46920075
-12656662
90594028
29030791
-9807188
-26173096
97997547
-59599723
29047977
20187476
51081691
25187559
94378097
-21266042
-1390843
27740343
-41952368
-44931408
3988039
-76753575
-55622409
-47472950
42775643
14682146
-71429535
-88591565
-59580305
-79742485
-52697044
19884595
-37888886
6180179
-81145023
-57109438
-78002436
83828925
-8427754
83163462
1047929
-71270243
-48269374
13862301
74015846
62021514
6161529
18798001
-80440853
84669149
-47132428
-47874113
-97105485
28338301
14754364
-54719052
16362777
68692164
40775887
-2969482
-67891694
-36022533
-8543421
38558903
-10128321
-64934314
-41554518
-44436512
-49905918
72743188
86972476
-78559610
-98865648
-66459138
61105740
9382763
-25768372
95263334
-51348160
16620645
-61635621
12194298
-78292841
42363999
-2558327
78628992
44781485
-53897908
-74398370
-58845317
68224510
-15498111
43489190
72666042
-1212618
18467474
-13427690
4145598
81191737
-83221640
-29123281
19800327
61285444
-86914872
3100523
30139193
62426422
-44201902
-97438776
31238138
45217720
-32850578
57643546
17061929
17404271
53909215
49400279
-77223178
-71439192
-36770954
24192685
-44080033
-59723827
-86488809
3466642
-64845941
6662155
85436584
35648421
-7978371
91190065
-13233058
10503525
7983779
16651994
-75467818
26489178
-3410570
-54610744
-91739647
-3262087
-82431616
5204091
-40034043
-30079527
-97358781
67576530
49723230
-80796137
-55942348
56883616
2530354
-49119464
44979702
25008169
97937026
45550723
-15327132
99735658
70430607
-67352122
-7080595
-90096296
7164751
-86214672
-12170427
67626262
-44558678
41843875
-59119648
-23140550
53450908
92618885
37830003
96479143
-86503261
62956906
-59326932
-86252350
39081540
-57198985
96617770
95761423
-71573686
63849559
-72447869
10088696
33063010
-74662856
-83323459
-25210256
46910729
-1211818
-64616780
-87728506
-45910946
-31856407
1691474
-28528827
-61492782
-29861491
3159038
82375545
5277357
-6944555
-27896057
-6971785
74682615
-38339451
-68532935
24610330
-3675897
64988669
-79614113
-7605286
49292094
-5486737
10099357
96347409
21177033
97499889
36365517
59769636
-4132823
-76248009
-89161013
1205682
-95632543
74840555
38805700
92222245
-94382679
-8236119
2298844
-63994643
-22614859
64570733
46903751
53930602
-41556031
-37404150
-83350669
-46492310
40918067
2472102
-17474990
-94917313
-44190809
81518451
95306231
-37071426
-60463075
-77428346
96386185
-44171721
-67810538
25635777
-26967595
4134620
-30806811
97999106
72447742
-19549661
-80853150
-4974297
60143808
-97174475
-34837439
-26389125
-2594720
-12658544
23042307
-78947279
74382095
21326821
-78865262
-41335080
99695706
73262051
-82320241
-44244951
73972424
-8250064
38174733
-2087226
23504284
14094364
7845188
82930939
2705520
56011554
-30611283
88443567
1181828
-48052481
86924058
36797348
-63130123
-66195973
46158217
34740875
-96251865
81834507
67989129
62631765
11587078
49666224
90880736
75858491
21681489
-79892095
-10709819
17921572
71959235
-59949430
-63013123
-40959457
8302337
-74337473
86848598
-56699740
35431617
-79990557
-40096166
24076784
88279626
-52611662
-34742694
14198256
94461935
8242230
73396271
-8990408
-5578168
-74914778
-24522889
-28766792
-93070195
-46771441
-18031945
-44131185
-37281313
55006207
6318455
-42552772
57985008
42980155
-83572863
19119723
97163522
-26444176
24661285
7760112
43361339
-88972616
31014362
-8624964
79281678
84094048
-38151595
-85988616
-36956221
651428
87370186
83201446
24895517
-32841862
-78531304
10683013
83422552
74277916
-99824535
-57343510
-56337109
40831203
-29161988
9087020
56324665
53987889
-19994941
-89251689
-44185812
-14642005
37537018
32882039
-1796056
49324335
-15067867
99156561
99893606
71355025
11534620
76188601
-62334327
-49842695
25700945
98293967
96736644
69547883
-36480156
93337423
-79977075
-19618228
-50102981
31751445
3957631
-21897402
1315895
2487794
88048824
57140722
-34260011
-92517614
-65349276
30851509
69487950
73908118
2549438
94361049
37999624
-59517512
50326122
88993776
89516842
-76226760
-79529198
45407556
79198603
-63191555
63258730
3287136
-64947771
31753222
19999874
-7445795
-45349878
-665735
26784261
95584961
21024045
-92001571
-80763967
15630195
-66870939
8034310
-36473606
-69748312
49476246
-75102541
41673811
9538224
-90635165
56175067
-34680980
-7832973
-31670334
58434610
69558512
-18883036
51548161
-95881363
-92636793
-19530143
20735431
37359793
50314406
17583404
74630737
-7003150
-25400702
62948138
30251991
78884446
-53085130
-24973646
-91489289
-93123998
63474311
39593261
41721655
61202331
95226507
-45371906
19169651
78605697
-27088783
-74333404
-85632685
19906125
86265217
-29770485
-49615048
81949853
63355467
-39486523
75098177
-34853843
-51528459
54958254
98326510
-25012421
-62043279
43397591
-53751430
97824951
78450073
-88133795
-36004268
-62726672
24670541
-23152032
-10778680
45736614
-66263616
-56168292
67643079
-23246226
-72992756
35923054
-77565493
-59387397
-70146107
-38006592
-44630510
-20353687
53264717
-24445964
40601530
-812762
-22460695
-83934856
26767399
83524702
-83820182
11176631
-96437840
-24725143
-90990728
-86290564
-92227093
81925973
-41545979
-86225347
-21786622
-91725643
-61751714
-6283095
-80922
-17258378
55940287
49176032
-9886859
45503482
-10290796
-45445544
66460117
85418835
5539687
-55155376
55216328
92521548
2847059
71814132
84327558
-85876172
-29575632
22853641
91090180
-45146129
-10534832
63085658
-42447829
40958761
38449393
-88378739
67430774
-43210829
70311440
32278765
34130027
95285660
14539860
19899780
35982406
17990710
89194247
-57241355
57513794
93306490
32169762
-65092858
-78517045
-75356807
17010147
-4749298
35678291
96702064
-32112312
450848
32998659
12186779
-72983699
95665009
-89855597
23744196
28531795
-49013987
-29925097
77126576
-72526536
-22920889
55477905
-50956411
64563395
2188149
-21198336
-10375400
9342099
26356218
-40730625
-27292596
-82574668
23592036
-34122154
-36299593
56199264
64501624
-50559409
-68070589
-5387087
13734193
-31227317
31873377
-22760570
94193697
-36699145
85928281
49284638
30210657
98431369
10652066
-27039349
-77670433
7140528
37938953
-96622894
-9601653
19006977
36604344
53616313
49511243
2733238
-77071006
86451712
84189977
27546898
-81420109
32704657
92345093
61488374
-4143571
-50794506
-94122036
95378134
-45403969
56044827
6614491
-44214713
41171510
-24136540
-31429821
6690142
14813178
-22040694
-23229721
-16133648
-25843434
45412102
86218232
-29872576
28272159
70547808
-11714077
80537773
-58842800
-69147783
-39568923
15398833
23325455
-26425844
24687089
-50827784
35284328
63772557
-21835319
24815652
82473631
-99642396
13373793
-23786044
66298294
-27949431
59660992
58210034
77222113
12780852
31361918
-19710717
3331928
-75320103
57997066
-47441413
-90979658
32942151
-53726538
-19134036
-4202751
92322720
43047580
-28264466
85322847
81562015
80462192
-76275269
-13308205
3389659
-83243191
-87570742
-59865211
26116466
38674340
-90479481
-4940210
-63025864
-78840428
85632667
-54821476
-29904102
-67012266
53027803
-55536072
-67974148
91035180
94373150
76156619
-31256639
-92463561
14213512
86639350
51280000
95025107
-92415891
-73961040
24796889
-8009804
51911143
-45814668
-41932250
-91851659
40652858
-89275131
32000676
-37680738
-8428558
18315904
-7183113
32293848
62926116
-36214204
86550427
-35600910
-76588430
44603083
71266472
-13852476
-55002537
-57000837
25074629
-27960253
34534624
-75059822
7550766
-99015485
18139708
-95546593
22117745
-91756969
-59802646
25656146
14011623
-77300672
-13433151
-33002767
-11284421
-25453478
14389159
80069303
-40032309
56508056
-297193
97297457
-7357240
-27241072
-99959421
-44779236
64108053
98517944
55705235
-34990832
99676653
-28729468
82775961
-33939296
-23982726
22648329
43951251
-17525226
-58325070
-44892345
-13852543
-71901903
-39121574
-25912166
81222018
-59638658
-46182101
6801837
-50672785
79864662
-98733148
53381452
-13381651
-96758000
-36703553
42247683
69861632
-20108106
68952873
80092964
-20432589
-46751881
48324083
-33779809
39101346
83487450
-68122298
-17380060
-25469632
-67833782
40094712
41611207
24753762
42542358
-67868372
-90268348
-22026700
48816808
92487467
-19043476
45629782
-12028664
-48598272
-70091749
-88508294
27788411
65516542
24462073
95922470
70661567
-77255229
38868079
-95403760
-34472228
54603318
-15767367
-62870736
98987142
42881434
5388393
-8574022
13929490
-3874772
55189230
91093079
-26407399
17397504
-15949934
-90214751
65042605
-39559669
-66718456
-50321308
-7449817
-242419
37189778
67956431
14939306
63271303
67639545
-39606687
50930884
-45601604
65899926
46314134
-92113733
-46141766
57387811
-54257223
38668808
99762163
64405449
57847626
-84710582
-10287222
-59308031
-48997543
-3700588
-20843364
74359556
50574486
-12582821
-93141473
-2810869
-37470447
95544460
9736100
44006274
-24403157
-51755103
96493367
2487113
-17174516
1966759
15381951
80603904
-19686567
-48504248
74577466
-56686721
-53091572
40096002
49956511
9550338
-23817187
-11444835
39137173
-90044850
-64745508
55218001
21563855
2926562
-4258380
16652001
-82243323
3727027
-63223839
594675
62515337
-4248963
-19672972
39951673
-1692292
55452480
75863877
90213072
12924019
68301338
-36737578
-83776386
-53711008
-76767201
90322429
-89194806
-43199081
-85446367
-55250324
-93921001
9645871
16828419
96046393
56748548
96845060
66532305
-51051207
98681735
88266323
-14834442
-46811659
-71765678
-3742802
20468576
-63175648
16694472
-35312452
-28664822
-37949356
25789175
-1513293
38492456
-36567886
-6033736
888939
-96259439
21658733
88918577
10012129
12452045
-95154564
4874934
-65794501
15763183
-55629484
66661338
17373237
-95231957
79721028
8983144
48551104
18526603
-16570850
-70160055
69373802
-84991252
-37060356
-49649064
41958373
-73029479
-47067952
76645822
99927491
-96751016
-42609094
3177769
80972165
67915124
-97477061
-67156733
7812422
-96393246
33092269
3487781
31349004
82821822
98121472
-58287259
-37357196
-77992125
43062341
97847465
59752164
-75650035
65308592
53986724
-98356090
33700229
96716559
33248075
86310453
29655902
56042104
-88880639
34410789
40579883
-59553221
-64855366
-98074874
-72392392
56295958
24254963
81354490
-76231335
-53080713
-10794888
83603789
35213701
-53394084
56861028
-68302801
39930430
-88436409
78564687
-33409338
45156273
-38597883
50031986
-68780772
28031613
-68678766
-44917340
87332039
-16186900
-44582747
10980492
39753451
61333577
81809689
42847632
-691162
-17808253
-67399508
68947936
10807689
-21588036
60377956
-7745126
37114802
-55159939
-61027917
564327
-22543151
-40210789
-80628729
-19881214
54914103
-82774375
-8905713
45894517
95752207
95554083
66796281
-62024309
-82447494
-41336151
91386516
-39769887
4616514
-8679378
-59142733
18504278
20915249
20910257
-27499193
-10679853
-10696237
87497459
-19325196
76900553
-36595450
-29310636
-41216347
-78605428
53986570
46221784
-99524300
66030312
82369050
-981
74550462
15509099
-51984708
-31183150
-49018144
-61850232
47874183
-35395535
-45565223
-28905033
-6667987
-63715244
-76038636
58756458
-91925365
69748490
-49069725
37094357
49406173
-66951042
-42341812
32249548
98879631
8100832
77660350
75452273
-99833338
-28777505
-39552695
66447752
63362403
-36958176
51115091
39502071
95819967
-96230833
-49836988
68622930
-84213262
-87185554
-63414196
-96205093
41601019
-77995327
35998199
-69631217
47053
-55239533
11871277
-70472601
59561707
-20747527
28661396
-94166775
88920487
7921744
75204693
-66139678
70358652
-69155885
39667515
92907880
93305255
297098
-82876229
-78161161
-6019054
-25896099
49987984
-64532981
-93380552
62320725
61790748
-74405376
395876
12677349
-95711435
98496375
46685373
12570969
32582592
-36073927
-74117934
-37784742
53566691
26906837
-92923441
-11200328
74435527
18999949
-82300043
99168087
50281372
-66862856
51231003
-99107815
5882872
-67917630
92317926
52193596
-95329977
85730851
-68044435
-2437635
-42749571
-48639165
97642095
-24166791
-78155986
-59163993
96386446
82864968
-17738246
42760173
28363096
28499004
3230077
-77416378
75162431
-44280257
59102640
-38381304
8945175
96044811
35926541
-54353977
-50592621
66038804
-23479657
-23701308
76247986
-52308528
-12333719
22974386
6426380
52352405
-96657126
-23596346
-95964371
-9399711
18670739
98371631
-40935371
-83709164
-70225211
34488692
79487350
-48037078
-79238949
-30388687
-25167798
-14469098
-52796886
-56995150
-79635912
13428916
-20220437
80660408
-74700866
12674876
37581621
-66195319
17366315
75352611
43695036
-366309
35946527
-64083038
-27992696
25602249
65305441
54939372
66564554
-79888458
-19761311
-62591098
86404899
33890331
84535513
85871357
-36044909
-17358012
-65155480
-28104831
-94484063
7451005
-26130349
619494
43513
-91607447
58374527
-45476731
72511183
51115198
53507628
17661216
-75579443
18203506
35953801
69443725
7016464
80403081
47346561
62408001
12564759
-40048671
283930
79464656
35841444
-48862933
35159588
-16488270
-16806408
-25462735
3149446
72408549
-93313626
-16132336
-55172693
-82356488
-56128987
-84622601
21623905
69897270
-95088746
71864706
13249575
-9030298
45701437
99332007
-55412304
-26886575
18785374
-77361551
-9445675
-71992104
6100752
20620736
74356390
-87917483
-75371023
98359315
91168413
72922025
-17262278
-13539927
1609653
26717255
-44258930
-84602635
80539815
-72104189
-19054354
-51762486
1292566
38581342
57219383
31729548
-69318757
-73402496
28046425
-14056658
5251946
-30071146
74723729
-7125728
89093306
-15045412
25972567
33387331
-3334645
86866175
-13959900
88038903
23753680
-21616111
-51256836
54184447
76707348
-83495420
-68527395
89452260
14319109
77683631
-60548775
21890906
72757498
20823870
28983153
-48126152
15639014
-93614599
63199690
44291949
-8826186
13403428
65939940
89983034
27542545
88976095
-39169561
88277349
69553568
-63454847
-80671190
-81811189
7663933
5215375
41247819
51258262
-17878902
-66907536
1106920
17189134
-57558697
-24799318
-51399425
-56798336
-48657309
69520052
46287823
-66157006
-1093384
89973659
38559381
-19757476
62444312
92025854
51256490
65115881
92634205
-46485283
26240379
-36191971
-69634775
72531719
81571039
-25227087
-12976920
-33074922
26730310
24124612
71298713
98364421
-67623044
88687667
70965811
16015226
-33645601
-76990784
-29450116
39448247
36441997
-75553895
-81019519
73456388
-99670840
-23301394
-56561691
81992400
-9960612
97696426
-65278807
-29936484
-49610666
-1881052
70382454
5675562
-78129244
41397546
-79101494
-29350003
24698625
-135651
-287121
99502817
-37277424
-25245670
-54356087
68807837
-57522670
47747553
-93901174
65129660
-39392396
-11054843
73782160
48446643
-42837423
4992709
-39402938
46326604
37094262
43695496
-54707178
79879812
95195213
9246331
-55661366
65789135
-95510051
-91764849
45129020
-28352409
62071398
49135661
27746240
15647358
14057346
39436494
70660761
-16863005
-64886586
40527505
16834544
-92632295
8762259
77744902
-56873010
2579604
42877228
-31489278
-97077185
87290703
15351739
62976967
-50951954
-34707493
30089993
-25078445
-35907010
86379813
78107778
-58465020
-75036717
74223892
51462630
85139509
94588229
28912503
14241412
80492285
31058868
31159514
31328430
19391039
27936310
-74584495
-8322962
-57477002
3095904
-64238034
97274739
-55948637
51507300
34658599
49448816
-60472450
-48777163
-47550817
-87002422
52628837
61828004
72197693
55132378
-13280880
-90167100
-25418302
61764780
-49327817
-71272597
92964285
-8110630
-15284737
-48863900
59583706
22525415
97236489
-37548221
-16793803
-20305844
41975776
-91493198
-57908911
86683124
-37049610
-87345059
-44721527
68700923
26761041
96583056
10630224
-84211354
98379025
-66119001
-61972560
65490792
-69793126
70230989
-64830247
9629025
-44602378
-67513692
82343728
-71373432
77890957
71921744
-34712381
80530719
-65358907
-99260291
-72341844
29687626
31313356
88142458
1752829
85687158
-3306582
53543304
-66672890
72361378
-21373148
86243159
-96840740
36506094
3484173
55598426
17475240
83935735
-37223009
25327816
-69189274
-60123660
31489214
-46102609
3447077
32069576
-98609937
-94800516
-10234301
-81308883
29477497
-63321021
-37334776
46789930
-4294835
-5809651
57909261
-6372134
-71181405
68383948
-83035258
62272534
-48744046
-15110090
-35729054
81519039
-67905482
73631183
-454968
-61288104
-58036552
-16993573
-7051117
29350953
-69852725
-59337142
-33436068
-89437138
29604757
47492110
66499493
25917790
-49357016
-22526986
57934547
-66792392
-22905736
29652155
-18616415
-43104328
23112875
81062152
29218307
33067913
21005744
-99401273
3313848
-50948212
-22892245
-26184646
-13390295
-44817532
-76605557
-48790724
-22887550
-25339262
29753491
41342941
58994170
-67737223
-57201112
36000385
2711895
-67802572
-42689860
-79349475
-23056486
-95744620
77161585
-88932426
40104757
40925219
52608859
95876089
-47293036
-93655038
-65196663
86126735
-27202610
33144867
-67778653
-67497943
-32127459
-95619345
29853853
-72360859
48684064
65573013
1696266
73652796
29324088
86370161
43314595
47389872
19064293
98320067
24917592
-77584834
-52403292
6611711
-46671712
-61406411
-64749048
-75294130
64718581
31892812
87687897
-67701291
-68837860
11591420
25909150
-94002248
-66148859
-84290434
86221772
-60216925
-60607401
37042816
-55896970
-90276410
-47875716
-33105352
15528719
14659826
55727516
-42576577
34381593
-21198180
-5609075
-26663616
-44948674
-80045997
63587
-12130114
-85114063
87571209
-10400596
-75136994
39742239
40205730
-58122287
-67968564
-79660623
68186559
-32911266
19910103
82084684
-4868703
67260918
38693150
-1478496
-64990845
39438260
24472938
-26391186
89624730
-94559612
-7386628
-67954076
78840165
40252055
-7833773
78164705
-76102176
-17842230
2180409
-99031201
34838641
-61964289
-66404653
99532555
29833957
-99607012
31374738
74715033
90388446
64699212
65724881
-1610338
12577883
-87162087
36214280
85303146
4528664
-42980364
85778956
-62623592
-89985919
64114069
78179334
41821432
25812991
4760974
-17932088
48476359
-74443159
98690772
-5945420
-13051103
-4644692
40208864
41895712
-83173396
-10061768
-31649453
23315534
56051481
-95719052
-35930083
-36244571
-1473376
-52119368
37395281
-55184014
31022906
52272587
48517151
-97126508
-14608230
-48351312
-20302801
88660897
44539204
28014532
58368552
41098615
-6470507
21209549
-98041644
-31638136
14442895
3214691
-29934692
-45939385
-24104180
-43960434
37739909
-36157183
18031652
-49584338
-57835499
68888760
62577970
80922000
93106185
70997995
59237666
43412035
-1689300
-17710777
-44538891
1160189
-9816154
-47448649
49204769
29952882
72230688
12070720
-17989288
17167780
12943073
75890886
34820635
-36064388
60386136
-92525412
-13571625
-33827711
51988274
-85610838
-87141467
81750945
-26347190
83331234
-54421697
85288842
79263227
91830975
94124782
-86518165
-6114540
8322374
54977533
-71960049
73609410
-54628109
97518292
62628223
48478686
-50430820
4793294
94028909
48870228
93726915
-52687980
-44284336
-69214130
-27775903
-98108894
19022009
-24741850
-97640489
35467109
22622131
-37308749
5426940
-6976903
-27954762
21694070
38936391
72602773
-77888280
-84327100
81005308
-3839364
75319909
31949458
-81895730
-74903093
77043435
-89182078
-82003934
-62212323
-58412491
96423958
-13692317
49382821
-12032689
72749258
34157388
-96626506
-75529095
76453869
-57226096
30548300
45389110
-8927984
-27322369
-30279553
7096199
73491887
-15464054
40057884
-34211568
-65223465
32696155
-69562914
73579119
7824574
-90182684
24199016
-6558221
65032551
-42216854
95420086
-68649162
-39387327
87967620
10971612
-53492161
-75913833
-34388544
47164431
81393209
48938167
46256800
-56608931
-74552185
15244283
-32828886
-87165636
-10362397
-53646044
33483786
81802146
16855449
48756590
57395588
48333922
-2238736
32698455
25025994
-57629016
48913406
-52974324
-80456857
5685432
-80034546
83224644
25290629
-82784292
-7079046
-94826120
37967762
42716231
90998961
93600317
-35232212
53898053
-51772038
47497242
-43814174
-5707640
-77390049
62381673
70759932
-16300119
10223745
-34886298
-84063535
-51566322
14237524
-2619644
4763350
49524119
-55325492
94015682
-45494341
36137215
-55297476
78869283
-4055200
54171578
-52140257
34017342
-47556252
-26898083
-13352345
-79458873
74705472
57819792
90428514
83434368
-41060833
19464026
-19184069
-83565444
-39382530
-44726780
-31432161
80265188
20384629
-91111906
62135658
87090102
-83199390
-97800624
-83119026
52187747
-35139946
-42418639
33842759
35978482
54586824
-2508999
49224643
-33982006
-51283556
-81899535
-19316989
91699214
23653289
99135503
-63984629
87406022
-92615201
12591837
39285709
-33028996
53600472
-50073391
87722008
18311295
3401805
-91226825
-93879102
167885
41474428
-16618961
60472203
-80946306
23897931
91739753
97001323
51131120
17174342
79475277
64689489
47580711
12480130
69765956
-69459317
-63855427
80371673
-32281491
69286456
-42089169
-43446564
-4069158
24221379
35544087
53854380
97643176
-77881841
-15026189
6596645
39413623
-7015765
2624121
75660310
78158749
61653777
81992362
-97173337
-89685756
-35793920
72613463
17496769
-31735654
-39432579
-87949139
-92978885
90072829
59033390
-75797829
14685631
65600976
-82796579
63414633
-74485779
-28507785
87503841
27792095
-69481
62464015
84750019
75147409
-88813790
36549147
-67648238
-79663622
-57435669
-43182870
30214372
-29070493
12525478
-37579290
28389653
-34081273
-12538283
-81318871
71031796
-44118020
-41491737
-39748319
-15668595
4181397
-76592560
-27921035
10237923
-24719724
37631355
43955919
55918690
-83087153
92748947
84125168
92029751
15873715
-39540405
91577814
6766117
-79385862
-45127603
89884441
52935972
76985478
-24978994
-86118844
22309970
20082031
-41446583
-38020512
50631662
38561291
-46737331
-47177057
-33031032
-34092241
-79759780
-21160404
-1104103
64363625
45351453
18007805
-94481999
9203143
89718645
50768161
-5563999
-92860645
-73003796
-12535171
-62673811
-76373787
-83807215
-46596218
-73947573
39542562
15174921
16448089
-19364548
61116242
84899433
18959331
89673838
22646125
-46183129
-37621570
87982688
6427691
4058321
-47566999
-87351026
-76009910
57937986
95715317
-19155677
-15620609
-34270943
-15575440
-8992679
87000849
-43400487
-96575875
60067219
60457080
27500080
64795451
40802901
43362133
67664617
-79374857
-87387131
1249464
67552546
64438459
-72085936
49824381
-7129380
78827009
-23348740
-34718611
-1754959
-37823340
-5852028
21012678
-23449266
-85404110
22290778
-95538690
-93537007
-13907281
-51783281
64585991
56012000
55000770
37985020
-38825773
95615778
-57409889
63443048
45525128
-47224904
-95605427
-53049409
72353562
4145800
82126065
96763464
45678314
60014099
39155693
9386708
29935802
3087347
42602559
-13623565
-7570625
54936755
66727889
81171673
-38129317
-28183386
-51246960
-49615301
-52370457
32458237
99516596
-35385322
-2074412
1545008
-57485587
79056088
9926636
-44550872
92655961
-34694812
87590467
68986173
-90488863
47135422
-51258813
-65029701
58783352
96890696
61269089
-83160074
34850474
-97392559
8363247
94667558
29691534
-18504460
-50358782
5562502
48164904
19111652
-98072678
-25806320
25092036
-75178478
-51170836
-83485570
-53505612
-79839569
-92138794
18842523
57468948
27381462
2203587
19547696
69434984
-47781047
14642946
-28963865
8239490
86883528
-13406805
17840114
71211294
35311323
-48591104
-2577979
26342537
22934460
53577707
48212635
-50449841
-38098481
-63360413
-97114032
-53288194
13728246
52962707
-86906084
-13504385
-99234905
-12116602
64955625
47044964
-57115963
79765315
-23501974
-29556554
-12641665
8932221
93613743
-89282074
-48071719
-99446362
-37906009
-88948765
93469868
-63792001
6749309
58428138
76839369
-89191803
6952736
-48090126
-95015675
56682615
-79147259
-65621550
56557051
-84783735
38145090
85375745
16457111
84688551
-44039206
77902830
41370030
-34581799
74750806
68170675
-12401319
-65833408
-94930720
-72474910
5530754
-44079850
-6113961
-42427668
-67311064
4317981
33007650
76518934
-93826650
-89382564
-79492427
27454827
-28178597
-67587543
-69440300
87701317
80875513
40007902
35638571
-83852245
91258646
75955397
8657920
-65786794
-51682395
68465323
61372527
70480292
-10669302
-10876617
86118399
80088868
-96272114
-12213343
-64712863
-31609999
24741020
11411582
-70197978
76448826
-40642391
-47950215
-50629111
-92240641
9205288
-85588076
-48699232
-60290853
-67503521
-82488807
-36577541
-14071403
-30946322
-21724201
-64653388
68349309
19190447
-84097609
51251850
-58659129
-7546988
70841610
80234746
-17702457
94088213
11532099
-12703752
75708033
-94686914
7296439
25777594
-28997876
-6071241
7110532
33342143
-36247850
-83695243
23621367
-58515372
-89982170
-65127850
8991708
5290276
-29148322
-65219320
35369182
83833046
-72715120
84820231
-57386760
9384453
-83321334
-78896618
67399958
83594369
44877773
10642330
-89878103
52299470
1908364
88265229
-86914171
58479507
-66636487
-22047099
55972830
40942370
21001564
-30790217
50446342
-99222216
78324383
40531740
-92132795
-91496397
-45379682
-85872914
28429195
-78585685
-92747504
-77837981
21324229
-1034547
-35803712
91723519
11050191
-87649802
35855021
32105466
2808791
-30433099
-59685173
28108216
13330908
-95664709
-43828724
-19352652
-14146030
8345978
-64697094
3975872
97716318
-85954543
-8450629
-72312402
-43090110
-9738744
-24757191
55747027
-35077933
54190619
43023468
-9132470
-13243020
-91986774
-38047770
56401469
93341287
57717680
85913562
53799763
-83226930
71179806
-83185297
-21598553
57610171
79984835
-53460076
-61775314
22184175
-87507699
40312145
61868670
72284182
-67931106
-76191938
-56612457
-90418264
9936255
63010372
65423111
-49726671
-9411744
-18226971
85708058
50549769
-49063713
12775218
81158570
-93551758
40594308
-90379313
46026633
69268043
55213927
-17942138
39504165
-94502124
70304080
-44759976
92251173
-77134827
-93854293
-19903859
62152708
46622864
-28753141
-98761919
-38315399
-96535632
-69740173
-52233118
-14702468
-85954584
-96158935
-32761347
-99414571
69526923
94046281
88858326
61991471
79956099
-84208105
87750458
-73343749
45293764
10638450
38243856
-54928796
18953387
69564421
56291063
-90809303
64053400
-964142
18026661
9951184
55136371
19938678
-25141515
16853909
-89544531
-82598221
-5279951
-26547981
69444667
84690059
28342296
-55827546
-15564528
10369958
7792124
81494477
-97694636
-54808207
13286806
-92523847
9061252
6964827
-78662415
29001752
-4928628
-28533761
-87911564
-7328586
13949015
-76009190
66417838
51960354
-5584633
-65223056
59426015
43445939
-35757156
-54353123
-47339829
-83998811
41076573
-88420595
95015425
95750591
-62060915
-535117
28488325
-20156797
-59093801
-43938831
21242611
97989718
14435584
48061685
13451597
33842472
-31400546
43386947
-76439407
-21955293
51907389
-73073009
-85135915
-25802446
-42109156
64807699
56012856
-8811943
-14458181
-43181219
-95552456
-26203094
-52616865
-85145947
-13502237
-42810201
97229607
-34557980
-89824363
46996506
-12991150
41318047
46572333
-99871484
-66610901
-72255511
96728184
69761379
-14639979
38932710
-20118983
22845287
59538425
20457786
35051969
75562726
-46391196
-45566097
11078817
24736997
-90907440
-1869617
-50950475
-66208869
9295868
26731285
76621427
79149473
26340206
33154188
44125227
29858107
-81279757
35827935
45588514
-91477376
27583851
1103732
10138056
-1113634
21687772
-23368188
-72783303
86718110
83712906
-39574991
92948537
-90763206
22988414
-56416830
64372651
-89834682
82946346
-81962405
13198943
-87427335
77715605
22594554
-63864737
96605579
86202012
-17328951
-57601666
48122161
2442347
-90300814
7320034
41490279
92477533
-19632728
67758203
-4601045
-93827967
-18755099
-86486982
55307031
30706915
44434556
-95871716
-21670005
-66473966
-98290046
-6851360
68514977
45926632
-94814961
30554264
-66943572
-68023366
-94391945
-8793545
31184417
54973393
-20004719
80544462
34501735
36328768
-74818009
19366741
32560555
61418758
32930135
12595464
99194746
95179999
-78158828
30402095
70902852
31227397
-9861950
43109607
-93289687
12733061
-60373923
27622943
-40415519
-83038779
-92335173
66275056
-42842790
65839442
26644001
-61948517
-40323412
-7032294
-64603293
-35127035
-26290621
86246105
70000504
-79565294
-96801376
-88175339
-59334148
-71860664
71552473
-59034051
49431466
-97656412
74417568
92077975
-47101770
-31462101
76970347
25944668
-72599165
-32466002
72176979
-20729754
26398695
72623338
-1524512
-8650755
-64954193
-96072153
5386818
9674301
-39763241
54261453
47040201
-34878001
-15337599
85923855
-37471680
62154368
-36877450
-61337402
-52886156
-2939511
83163439
-46068600
7665137
-75932095
-68850484
28060812
-5514537
-56285310
-40583136
42700856
97110733
68688823
98799888
-87777004
98032921
53470099
-44855306
-18083187
-74106452
3181393
-11174537
35692706
35118743
59556891
13266655
-96825178
-5245692
21595446
-53460324
98624115
-7362184
-81640005
26019741
6923170
51156010
69956137
64530006
-57569633
-72302508
98414660
72506480
28134894
-17431386
99466726
90946362
86439710
-89175660
22582067
21679373
87242251
-72160009
-20423960
-44251824
32521704
-2896419
-67415469
-87749626
95145122
-41928670
21021422
-38780316
-69062363
-59856776
-84591710
-18551181
3947552
38945677
31140859
-11824806
-81337905
-54831982
-10146712
-80001552
59651230
72233331
-88790568
96974019
-54827607
44203846
11268581
-99513845
-87827548
-14855192
-71588740
22962547
86529594
-39424593
76783943
55607065
14428864
-72137606
46951473
97594411
-99786130
-60764602
-46894649
25642541
-93116402
-37373161
50789047
80705236
69866962
16042341
-90800958
47610981
88431357
-9603680
1739845
35081061
6187784
-91228791
-21534091
6890222
52711663
66913536
-86174413
20360476
38340273
48427251
-95339353
-98436971
9797199
87373330
-7933968
43686552
-24732897
-62018188
40159399
76241205
-71884511
2345231
-15892371
97122126
89168350
28523994
-38026487
66231484
46466597
-90800806
-54898997
-92702156
40414388
35829955
77564141
-68608125
22690493
-32721595
20185850
-25812240
67087609
11329662
6776178
78603497
-52914541
-84418522
61317595
-67936639
-31366095
-63278218
92645988
-94302334
46524232
61406582
-68032881
33753660
-67297092
37224475
87299235
32621054
31884164
9393952
76452544
35765663
65255695
73223943
40679678
-96480456
-12768724
55434189
-29421626
-30511172
46747722
90571394
82796150
57402193
-51759514
-45502936
47238364
-76075232
-28714120
-3611729
20536107
51150787
23071373
63827198
-96982841
21496746
44769406
3336470
79752572
33580940
-82976944
23148397
59948890
92863731
-97252070
63134329
-18985132
-55975610
60852958
-17189594
-76119962
70563939
89911901
90478464
17785193
-27773866
-74479447
-40681641
-86322304
45567935
20597161
79629958
-37057572
-47008523
5052809
23125027
60476491
-46295393
37784240
3240235
49507658
-87363413
55999669
-27538094
-39346996
-40985971
-8353163
63171030
-22243717
78597260
-14240750
-88508931
-2065646
-33170874
98174249
55234954
-51586714
-15074370
56016125
-60692661
-58440296
51096431
-65155162
99873423
71056806
-94387654
20985861
78324616
39664055
-18094273
77625355
95418852
-16340137
74710504
96734842
-33785253
64253394
49596435
-63420044
15960552
-76340277
-23506754
-12704632
56106331
3516166
82198406
90348134
-90777166
20667702
20312302
43266517
-84019508
-5161723
-60786319
4859851
-1539164
23332460
-45758314
-46853623
-91340223
45463603
-28237788
18676865
-48607830
90353222
-65125498
66261231
56198847
38267765
49402666
-2365225
-93454415
-88184822
-69736646
-50119488
98162163
50099101
-83051804
63776214
-42827907
-14108536
-88854120
29345243
-39055954
-89479552
-99467470
79077021
10595585
37990170
29940347
-94271417
-73952161
-91168156
-23066384
11669942
-33814785
-5833166
-71814790
-38237805
-66074616
-78550956
6076490
-46163299
-18366893
-16611421
-4196779
-36514531
-34058985
87568494
30431688
-64657902
86668308
51552607
-37644722
78911841
73368859
-80666539
90989153
-35600159
89589153
-9722416
-25481702
-21698535
-93531117
-60856591
42492836
53450413
-12974926
-76106400
-24536889
-57619174
76435743
-80647960
-70584333
91396287
99754677
33625761
-34228904
70791565
56892558
-34221645
-80553130
13127177
41560599
-57879505
-36786886
-44097454
-56782709
-49143060
56014727
45499120
34816821
-42440150
-58136582
-51808526
-5165727
-49477749
86723559
65532924
-83881315
17552728
37507318
10922290
-77530538
-76863748
-25637762
69452847
-28065235
29616986
96017208
-34465832
-88504142
19320126
-69146779
55324463
95452347
-25995790
-82950321
-86388161
-61846800
43568877
69410935
-36949627
47022506
42335673
-15067553
-36470708
-88830784
-70892826
63457833
96302446
-17794694
-83088602
87394144
-71944053
80546014
57268111
-8240650
95514188
34954710
-47731252
-69603592
21366661
23162341
-90578270
-50459205
80619966
-23379810
-17020809
74483974
-75605974
-60549386
90515125
-2907161
-24149915
-81985372
-23104173
-57193679
-35516803
14816226
-64127203
80972828
96205215
42444296
37306158
-33010359
99694740
-63651160
51788506
19017899
29417837
-42909112
-92944811
28669955
-52788412
-92002974
8607770
-9152672
65998506
65061077
-80509606
93334434
-14198634
4497822
-68264434
-25161542
-65010511
96632797
-17109774
-58198729
-26048729
-83721669
42701152
-9693519
41934340
47878109
-41009656
11386276
23960493
50625092
-282347
-65341449
50316380
-61526052
-41512729
11599170
62867093
70019521
-63788261
-92883696
-66705792
-24419330
97904240
88878694
-46262764
-39532070
88896645
39629250
-62496177
87032987
-38641512
-72760314
-28136811
-51804945
-94501237
34084754
-34987522
81898486
69534648
-60833675
-1483717
97438632
5781806
-88130970
-29967940
-33698398
75685097
-25267075
-85331949
-54333738
-11275858
45391634
85441037
61480827
-50675653
40168571
-13867288
87694784
80897691
-97894127
-11313044
15825750
-35790668
36755708
47589427
-29192005
-93358614
-35175785
-25175259
-31574694
78583865
88262745
-30686611
-36519725
33830948
79444618
-15381750
97041010
11563536
-73493739
-1560947
77577720
81523427
-39124162
64124487
-2180502
13543460
-94331876
69672230
-89708235
-93888483
-17458018
-32518145
35125050
-93446429
92291280
-45458958
39559648
30415779
87502877
85448484
-14110632
25440987
42976134
-45076477
6825396
31534228
-27486620
-31525595
-55277669
-87826655
-56936529
60709257
-977095
3797957
-31500522
75142650
-72108178
2601864
82615191
18335566
11958085
60446622
-74460187
-17121210
-66106137
-39758739
-15423592
92092424
-34520472
-7193366
17518059
-84834319
-23982105
31397852
95010918
-58917634
36577475
35018662
63534897
3597450
-69892031
57026298
57410603
74667305
16984295
18479591
69371065
-80485524
-52249677
38751499
-59494321
-71039413
47474485
3547896
4558253
52412131
20504044
59641204
-8343456
79990130
59315631
-77322779
22283873
98580038
-89841424
-34833325
46711952
28262435
-6893694
91985731
67935909
-3793487
54989420
-24507581
-16597248
-25221978
-9604641
-41705463
95006476
-32515420
-72460340
-9228672
68059692
-8146948
-52395884
-53420978
48273290
81089790
-6476496
-54018898
92189468
72211178
78027448
58432555
16963123
17794312
9238972
72548015
32978894
-57675084
-48903173
51537984
69244277
26359703
-76182803
-92999023
51684390
-63939956
35031817
-99950359
55509983
-38261323
90667316
-70542580
36160501
23821373
-403040
-85025275
-13776830
21175821
21458161
-96269297
-64868089
-50318743
-97602831
-5804408
-54327315
-76417074
87988885
1320859
30235132
-33121202
-97588335
67577910
70189414
22427523
-46120141
-66397916
-93437934
-12812252
-6210810
35042112
-14134671
-72034266
37780870
9887670
-58316931
56090896
37964300
56472077
63462328
34619128
32031993
61768540
30687460
30539668
-10906169
-36037676
-83701627
-64914800
85098301
7197285
-29036706
55077610
-60868966
-98259175
-96815727
15759056
-24027669
-78398605
-46211666
31724613
-1091007