58006511
20563497
-48565522
-83993968
13883445
-66932017
78788429
66156933
87391661
94369929
-83860979
22848095
-51216750
18180854
80779474
-40002148
93137445
-24550092
30115008
68513805
98089072
76895647
3611153
-73358151
-23652830
93806734
78977010
33039272
-13359118
34315766
-25520448
13339220
-38856267
7423832
57985860
-28766948
63464875
359488
5270859
42572421
-19199792
80240397
-13716586
41372378
9401869
8592600
-6021131
-17529842
12020893
53498926
55699373
58039818
-62483467
8064609
-99911151
-32707028
-91836539
87938736
49423731
-89627195
-98904283
-5178353
-59666922
80122338
-90992323
-7315602
24956728
-55238508
-70584489
41319181
45559449
88269901
-75838838
29731275
-59808876
27989644
85585513
96464338
82430674
37237247
87756151
-14385375
-38257203
73752279
-44343130
-4577948
67172869
27749308
65858549
-91628022
-57361716
26619685
-75191655
-28951792
85465438
30623946
98691883
-27958900
53407061
-96858148
90367311
-40116676
-85129719
-32900572
25536344
-99339511
-72611845
38756860
-18141296
56334281
-59647567
-65696250
-43040067
27067975
53455887
21481255
12247370
-52144994
52551389
45396191
-69820157
-72738179
31512177
-50583521
-20417692
-51633689
-38962457
87025592
30544751
-97917059
-67782650
72894907
38002728
89029101
70284293
41290885
-53557884
17084312
-10718409
16453618
39403586
-99225200
-78271729
-53227469
84418941
52714688
-41408781
30968166
93623463
-18340075
91298035
844293
16875150
-94009465
-37648219
95994990
-6362786
29556133
97579647
78690844
-3953694
29660553
-1669865
-66689859
-22175887
-27305010
63247190
54321028
-12278491
-1191896
57095791
-53687439
82900599
19517084
31064572
-83634639
-40196147
58308152
-79967159
78875081
20308935
12725095
-22378757
91833691
-80927702
-38250273
-82923240
5987484
-29890633
-1153164
-34980498
92183290
60987199
-1774558
75485753
43226900
-92709232
-4227478
-44795036
-78547325
-67945769
70362435
-80791998
41432033
7232354
-97082690
-14344787
28787243
-89153042
-1046469
-75528660
-92022138
32759538
40907122
4424109
-20594210
47533463
-58758046
47090024
-51437660
84513726
-19746344
91821508
-15962650
-79751250
27769272
-45366720
-63999797
57352729
47131879
-34523086
-71063954
10721108
97994126
-12068459
94069071
247139
29195802
70366363
-51566685
-130499
58185856
65309833
-5899681
27710876
66231178
-11379639
-44811145
-38490414
43709470
64533118
39283851
79958119
86273558
17849035
-43965623
82323310
18632291
78209572
-69096924
-86863549
79447893
48853041
-81245921
27462449
-45725727
72684195
35018881
47679761
-38874324
-39642966
-45353921
70436819
66738651
-89597553
-61492059
92026723
18090934
14331652
72564794
-79295152
-44110001
-47379977
78123964
45917790
67350294
46905855
31066018
-63086734
-69818823
38844700
56771703
-51002317
-34480015
-62343894
-16426785
-68629320
22995770
11845029
39414702
-77141356
43867845
-65529450
-58419919
-51380732
-19249367
-9750236
66431616
-60418194
-52264378
80457369
36608750
82811193
-3623824
61526567
35731342
-29535860
-4592006
57646157
-86172581
-59083334
46192097
84831513
-59855631
-62609621
75784993
-13635113
-24557792
-98211152
-50034343
75631969
-81970365
48176678
-28083577
44433901
-20293702
-45596545
89868864
25446570
30372275
-56440717
22244413
69667847
17836777
-18217175
-35152021
-97354949
-59164016
85131532
-11214443
20325481
95801892
-61710143
3347657
42937581
-62683084
-94977662
92067830
30189705
38142395
-79447391
15235608
55701235
42032617
86167642
-70263857
72813760
94576754
-2569780
-43844355
-6814392
2941694
-83699386
-97553822
-12311445
1627837
16440114
-6135500
-93153173
65500125
-69659710
-93513303
-24907758
30663904
68288828
62476225
10693733
30347204
24995448
-57635890
-13837990
-90200933
39295020
-41787550
14967303
-99803572
96678909
43230013
17192127
39497813
-82621084
83289795
1911022
81641366
-15953487
65704972
56823840
53113099
-66597649
8910342
73792045
-92061590
-29615965
-59128709
-41927504
54774571
-14229573
78770245
-20562754
-35680586
13488535
26202913
-31391487
9530522
36989877
-34759703
-9876488
57182098
65305269
-29768534
56116695
93540199
50774315
-47382065
91969491
17767088
8700076
-29262276
-62607654
-89479987
-26780770
69725736
23631213
34802025
-22727198
-55191819
94151809
14884493
95343322
44758825
99451912
-75750854
18629193
-11995520
80136925
-41558020
-2435561
23776762
22589448
-9707998
59657097
91245415
-12416732
2476961
-81880390
95674406
-99744877
-48044138
-69304951
-36755112
73078384
-80449982
-81711010
-86469598
74816768
69190268
-11910530
-93813572
-91419085
-73157952
22296922
80423614
9083377
-19439452
-27705088
6839984
36437698
99338537
-88104186
28957316
615181
-99510021
-16563971
-84485715
6426599
-56967563
89565311
36517628
87825736
-45776632
-46488475
-12148157
29280169
68215205
-17694552
-88099806
-76319442
-9548910
84064751
-57901173
75569005
-51955184
-44297690
64141176
-54035689
80244944
-21484370
-81480708
96131092
53975580
50329902
59742294
70595962
59438295
45617929
14859211
36570487
-15899412
47021764
6368014
-43610571
-44003134
-11210954
-701968
-79403141
-1529211
34664057
37642495
-61679697
-90700594
-85816232
14996225
63850334
-54849334
1774409
-20510105
-44655124
-39504487
-19012560
-28871406
-19115386
70467144
60471242
-1207272
-84352087
-9925167
40253047
7071277
-79033438
93148443
43814759
90054010
69330410
12757655
-76893877
66491322
-6263791
-56755400
12150702
18941512
-99474414
-49503151
41920781
17782885
185970
39607461
56433057
-2458711
19228189
-89196366
-39603611
-15996831
66265507
-42390072
-87713477
27703912
76583474
71233750
-71485583
-50281047
63907379
-53640297
-26918726
-38390974
42819971
-64962675
-55002838
-73588678
-91280023
-55791166
23585181
18858738
-10408999
-9533790
-8525768
5354699
-38438614
-28071375
-67674440
-93405517
-95797251
-85366762
-57949592
70000922
-63035929
72638621
-81687969
-6050700
43761167
69467729
-19129776
64827851
-35043913
-52591580
-32153437
39530461
-74539031
-10239477
30721119
-76174308
-22390746
25480846
39747410
-45433584
-73722219
-96702753
60900447
-51727245
21027141
15117240
90334442
-66156975
22913208
-19326582
-4026508
26251166
68051089
79795868
93979721
-7451912
-4306557
55316749
-83866908
13452492
-50934960
32667998
-57421417
15093184
-13650839
3078196
38561565
-24289156
-43157660
-71269201
75821245
-65872511
52246569
663813
-77249330
38953506
45967967
9649601
79747122
8611659
29633003
-57377331
-1723442
91316615
-76903359
82061752
-75229054
81089645
52501766
-18786771
-79999778
13224999
-21683778
-39149432
-45912260
-35266061
95213196
-38598085
19662821
-1424135
76947730
37143047
68562859
19445796
-7142735
80937141
-19020996
-62754848
96262413
-35294575
46984695
88047561
17586137
-97788002
31745850
-83472382
91738805
-29936958
-29196023
8317625
-11048385
46823067
18411614
39549777
-55872687
18094012
25332476
-12484697
12939301
86813167
-38138535
-45493803
69426904
-64352554
40828651
15239555
49535941
3428479
-87648514
99706770
-54515856
61466774
-28478901
74145257
-50294226
73722661
47507241
-29659310
-73296038
99059803
-14299788
-70563278
53162122
-80582583
57667845
-67595679
-5236272
-16219304
31867906
-60937752
-44876441
-46550949
4729358
75475206
-66281267
46053351
79254270
-67971696
-97435963
-88844718
13888367
97127886
23546871
-31431644
9162533
-56932027
-53115916
-25549211
11199440
-16047385
-3836222
-32820878
71639655
66633147
-62762323
-36738822
18111692
93716774
-66456544
87624031
-73073507
85773528
-89892628
15793538
2377505
16646538
21851940
26187706
92662209
-44958520
-90491097
52534689
-90148961
10564507
5349941
8282806
3733532
93807975
76836136
-29125607
-60825038
64961630
-2803232
-94386189
-12669698
-38084266
-97047571
41212577
-75741673
-47571698
-93243750
46448100
-73240569
10923911
-49423082
-57389977
-4892664
-94093249
-13674900
-52554892
-60251981
-99679570
7255138
-5611846
82669519
-23558422
-99874123
-74338933
29516504
33598981
25788415
35433958
-23258546
48801820
-82805075
-19448624
-64490680
-31736379
-73582511
51677986
53135660
-6953301
-59484517
-38054896
78368603
-52921340
92783046
37890000
11280521
-6022557
-22213611
29622985
-9024432
59056246
33118031
-93107427
36716929
28860048
-301984
69769344
-53787724
54946330
88400275
-90061240
44869658
-92787562
-41659887
46735067
62757846
-6706859
-36437288
75555854
34074734
-86325594
-80231062
-17884039
16286939
-52209209
93105209
-15764868
68398169
-5432966
-11851869
53343974
-36481143
-53008599
-6023506
-81256202
-12787829
-44398437
-15458285
59581584
11139443
-66545519
31191383
55894351
54114182
-51567724
51160625
20777260
-25045542
-80081985
-75614456
-60709855
-31192761
19789842
87195913
-91469129
69582514
-84968968
-32613215
-88699013
42736410
-96182140
81982511
91022747
81999356
-88160483
-36801822
47919767
46416433
62270296
-88715838
11328296
-94788846
7409472
23715841
-66915527
18284742
-37448814
82446129
792274
-52737315
85613048
53861103
47544955
47980396
-79759413
-98663350
87942736
82445423
-80029025
9986762
94518301
95656537
-55162275
50601463
94598714
-10308683
84501291
59884142
-29872199
86494095
49137585
98894569
89846604
-68117775
65746743
44501876
-4630516
29671067
25997965
32978867
36120124
-70881158
-36698400
-70464823
77085884
82379796
-75640772
34284098
5908869
84379264
20547061
64554550
-96443649
-52599908
-93896493
61153706
-76474851
-6482958
64041140
4910327
54921735
88152009
39481473
5738895
7690632
-36444079
-3353300
-17080519
-14829292
76651257
-18064851
78125037
38844870
-98219730
16084710
52880375
30891527
3198313
38018796
-20479435
-70444985
-12163640
95546766
38631925
91257369
28211327
-9606035
-31634407
-68705151
68386749
30261798
56591487
-26336617
14535433
-79696408
-53163440
-23149865
6134517
-70956999
-96423664
-12159170
-60868388
66090485
57591780
-37454221
51542087
-89246421
62647346
41859354
87953465
58735376
23089646
75260996
65713825
72343523
43959406
47639384
-55826175
-37085647
77068801
90798719
34702103
-24873269
-31607050
31785994
62671180
51505325
15419825
-38394405
2505349
-40222776
-10968916
-89945190
-37431784
44686727
-70264614
47697760
95809186
-46352470
88188181
-52312412
-89820558
-33234799
-1424931
-3327407
17748064
45812607
48936369
-73741040
33499369
15181040
-21683783
24391662
93713007
-12529339
52492991
25217847
-57857761
-52881624
78833749
54992076
8712116
5383204
79915505
-23055162
84104293
-30372732
73053652
-25016375
-64432331
-52910735
-59815128
18716861
-2528831
45711769
22894200
77112805
30818646
86205401
-54944782
-39067333
-66056349
-31917756
19981398
75673841
-75066945
-50129727
-72438502
-21539647
-98784989
35257004
-39984682
-77972017
37887957
-58915445
84920509
-27970751
-80284552
74099901
-7695865
62875508
46633173
96990918
-99677808
5037798
-2422004
-32172887
42128951
77456917
70398848
340223
-28851090
-29751226
9634160
23027882
-43877070
53148523
35234437
28758378
-77487618
-21984033
-18325763
-72319946
-97877153
-17133273
89584023
-23542644
-55955238
-39235154
82503016
-97986788
30351584
-84272492
-7855424
86054274
-18416254
-84594484
-7337909
1260274
92032565
-77876188
14160239
43707490
94737256
-80559527
41621869
-19030630
40240018
-74999342
-77913978
64343627
50140858
-22956398
41481334
-49159115
86901836
21728287
-88700253
1354627
-14820111
-62285415
-28178262
-49691326
40010662
-10029642
-92141274
6869695
43675881
-43893394
-69764728
77325066
69665921
-89226120
43901233
59836431
-18163930
96503895
2616406
86922760
94460205
-78851812
74394531
87100657
-94759449
5791470
59307077
-57535711
-87244193
19188274
85946335
86431529
-17679356
-34780291
22426290
87669806
66944624
51413511
60474854
-71926137
87049098
-33659519
-71275868
81753767
91999404
4584538
-45308006
77777364
-55550848
28979744
-44691939
-11400593
82309122
-81037638
-67226015
57201310
17224678
19457215
40700333
98667221
-256204
-24225834
-66700229
77207025
76135490
7357122
17307778
38968533
-17575675
-15775707
-2478762
-60398153
94889679
-28102067
35870275
-44673651
29218200
-38153656
12975741
3450923
54705428
-87034612
-55114565
1449765
55075095
37326535
70020413
-15627994
89992169
41234453
2328888
-67064213
-90366454
99370971
-34370243
6480845
64892687
-70852972
-86401379
-98140260
-34623
-59567272
13494415
-37802521
-69106457
-7128252
10070672
-48446013
96846173
-9058808
27006926
58354025
85676458
-80882007
-99306501
-63890947
-35096202
-23056614
-48810114
47473225
-42145499
74971583
24714958
95959485
48210952
19973163
31426628
-64197315
-26727835
-54302973
68849757
99339912
-90355041
45592259
-55168273
34189123
13768878
-14000133
-17206618
-70160793
-71936904
-96281477
36035454
97227218
-52141945
-45728837
-36272746
-46734700
70866197
18129486
-91190734
22888545
-67897633
78710493
-68710773
15242364
-92315279
78972009
23708670
69755543
57868229
45874719
-40699696
-9614249
86955940
66727997
53893144
65966181
3164953
86703697
80832772
-28700488
-50036185
-92579707
28170395
-52841106
-33758860
81966571
-63502212
-23599765
-78978802
-43643799
8824118
2524840
97973514
56618797
-34980827
-98251448
6444047
-79782617
-91827368
98406848
-77781207
41757954
-38260260
46359698
3365146
18997205
-55473511
91726414
71221199
-88606587
-28237533
37863010
54868953
-70226096
-47267567
-21374475
-32777187
-27800686
-54523715
-39783080
17098675
9148546
939657
-85104729
24036755
64181239
71706013
30251645
-95085777
-70173725
-91587850
68291883
92049275
30635384
-79208481
43526888
39693901
58843440
4345179
29115794
-38585327
19867219
30601200
18675750
-33947520
43758926
-83498421
70055849
39052618
-71411886
19333717
-31498785
70043233
-56203017
6448918
39543895
56106960
79647775
-52521720
-41827409
-98425568
-23008040
45475111
38619816
12759922
88689311
-21358674
52627337
83493296
-93245157
14433341
43804039
-88473791
88551840
-39318375
52727162
72456923
-50365396
43179441
90871075
-68083778
-225801
-31168255
11479622
-37657771
-59853409
-57401950
24007831
8958239
25287816
-94241887
46190295
-35512662
-54822036
66235151
-39500027
-65666683
1720412
23043488
95745704
-21365131
-97887487
66831380
34410555
53997380
26108724
-32572070
-87358822
-31347153
39843433
52441237
20914227
45927619
-1601052
-18747880
79573940
-40921367
28415630
6256470
-11672678
83309743
-38541941
4840485
26889344
-6595750
68684596
-76390736
-39567590
32632802
223955
-81046799
-91881434
-88069548
-53701568
-8348538
1776845
76047238
83158026
16740746
27800771
-69228417
-2570453
-16497447
-21411988
-63422114
-73870264
-64075614
-15862892
-67761091
-34367898
-1508308
-91904573
-50755319
-8804466
53946967
-90702080
-89983844
49440760
64409516
95736566
-82473999
-24859097
32481485
-3457952
85139745
-93818404
40654396
-71804877
65116409
32266508
-38046627
64038124
-30458096
-5492287
-28776822
50017945
-88979194
-45400018
823241
-51878270
7966064
-50407189
-15293502
-71484708
-21021132
-90674027
89543804
11715895
10597676
-33645498
-86869043
-46833922
20462952
71544346
-92384366
-17702371
-8218869
89365812
1588495
-97832235
62711563
49661220
10112952
13969626
-86696604
-5221715
58033675
27738268
27317250
93054560
35656025
-6862322
-45658467
-42219701
-60928788
-13311493
61106587
-42284851
37588174
23289101
70274598
-51317900
-8184099
-22369737
-57899251
-73784783
72440306
-87880942
69075069
31914458
-36882398
-84868635
-14303585
-52014998
29432174
67333060
94569897
72637796
26759146
65158103
99009627
2745672
-79660302
-90421876
75492685
-2225469
84477654
-58157299
76105094
-5855933
53595164
92862594
-77708523
83087712
-62362556
45242291
24378197
-18579001
65108371
-67141332
24988132
73045392
-19786198
-44916398
-27132826
-80888499
-32137290
11426158
-75764636
-39491346
870321
76732925
45551206
-23208348
-73449832
-66066881
88870609
71080064
-56592893
63374774
-29285176
80772227
-7222643
76228473
1080806
-47093892
-52351917
-2428636
-2578463
-1388596
85898317
79714933
42674440
-42301481
79652050
84951316
70034698
-6157077
-52129816
98762276
51018099
-76680236
11949479
-37308465
-12073945
-86914496
-35529408
88256398
-8241643
-2545079
-88342566
-28865221
51798943
-284958
55406206
-11404527
56689329
-2778613
75286295
-67571951
63671722
234613
-39755893
55857749
-33941852
-3838966
40908310
-40920971
-93372520
-28444198
47956325
-21630181
52675828
76551845
58208199
-86827665
-38492317
47747440
-26321522
-65696288
65356642
34978499
82555116
45374809
-28534667
22867944
25710743
-42554999
-26209808
-90466558
85946708
-9935773
41076747
-94262399
76539312
-66562787
93475810
-68297704
40807691
-73526655
50565290
-27555573
25462918
82816037
-69857322
50600575
-91203670
-60438146
-92751838
21020830
82648153
-24111934
85800047
67341328
-84672443
-26604018
-89238534
28227937
20942625
-35137662
91934866
72725000
81477474
-24725756
21396736
-91153541
77911833
-41977798
61525553
-20315149
-75471474
-8033163
-2365887
-90816810
49181473
73884600
66127120
-53940765
-44579816
88049639
74294278
-3333768
-42950414
57991948
-34231643
-67295344
-12052488
-69767265
99074859
62827440
-82426675
-43347460
86460052
25167382
69478578
-66160686
-33794699
-38889103
-98997683
-61757269
62176421
12573873
-57568864
59221467
-60714956
49487487
32867130
76978819
19621475
-80365697
36218894
-82657617
-32566245
-59582964
41346695
-20997365
-79553912
52355897
88177700
-3131577
22726632
55096076
-65859174
1416366
65442154
77492906
52651305
6786640
-27585427
8427782
69880566
1086606
8322180
69194763
67441050
13191360
-65121045
-54241118
-72968528
57347024
86403786
-3892964
30334901
-75634396
88935181
31383175
29702854
-24027466
28682461
85378653
-33212987
-54301456
17332088
-81889556
11751773
75556386
22580832
10039901
-37425750
1642430
-93607288
-64694537
-3464037
66258627
-24250110
-53828493
-52757462
-96646945
-64775127
8297137
6494625
90069150
-2620246
84964328
-77768213
-26114222
68500904
-47102314
-7783699
85832877
19633539
77812091
67980171
56480585
93025735
-42051130
-88400933
-41577780
-84124345
42578338
82042336
36258067
-57823526
77532180
18148906
38206971
-72735018
-30094646
82661647
-34923053
99258346
-16656436
-32903914
29819944
44365193
-64280041
61822573
22966946
83987724
-38606843
45851084
99408164
88662188
-45054249
67728930
-77340695
85021813
-26418578
-51623044
17037521
60593110
92528717
-44957485
25830581
-39564204
-79375504
-18316710
83823914
-63632089
98029712
54797909
15807221
20543001
-33836684
-10567296
-53874314
-91384637
19550176
-56592206
-19012266
-944133
92359596
-8036688
-51116220
-54644612
-8275184
56579303
56835189
-59342990
-35564577
-13678666
19682982
-84117002
32270008
88100526
-5091984
73309629
37959144
-51153325
-72704417
-69396861
56497260
76121867
79430821
-11625313
-22459660
64660271
-47447300
67187351
-77320691
97944979
69559534
-62755339
42637042
36808356
40352562
-91878398
-87728909
-82896474
-78999213
92025340
-8232364
-15625477
98470014
-25304864
70283592
-9128185
-57603183
-32963732
29463199
-59281111
-43685225
88108296
-64196203
-7064103
19798483
98766300
-46809396
71825393
12211
53642889
-21557553
-25021021
21890859
36426278
-11027313
280230
83432266
75143245
-81422042
-20383008
-44592212
18692874
-66254211
-93256007
-43686569
97162424
12767951
25973709
16049056
-21867425
68384455
34627650
78429209
-48837029
-23288469
56760120
37249161
-58801792
-16181650
-52979886
42416054
46062318
-98994686
-13151561
48908988
36941716
-84438086
-76388238
-34194936
47105365
69541583
94088183
-16702226
-6273110
-5720800
-55680150
83923755
81999352
-63388275
-75048284
89313390
-41441876
-7328893
22471830
-33266131
-82190930
-14507670
46387086
18816887
44383689
39926907
-70389239
-71728369
81743694
-1400976
-1112582
-1477281
38331817
14652553
-94786316
-9584992
-13829450
-23608115
-59538510
-30216327
-6114101
80914141
-53142047
36583594
-28153396
41920595
-44258749
-18857350
86096011
-90535661
-98394288
-47510282
-28583942
-75612954
70825052
-4798992
-82367445
-60186016
-75110536
-63358542
-78151128
-74926149
91551742
19261150
15017726
74532105
36631802
64173585
74378665
73747582
-28657060
70044760
-86376254
19094791
66536225
47830529
21361638
31694339
30144753
-69854185
-14773869
-33585393
-79306082
-52266842
-7752734
97344382
78407292
-55400013
-67914215
-43742827
-91588938
53202580
39661644
54053134
49191888
78603951
41580091
-29598214
53169519
-31988897
-9171844
-52236412
-4893864
43602426
17120256
68783098
44398030
92242610
-85623250
-5861587
-68017490
89780698
60558861
-38698757
-18785064
-69728470
21846889
-15711379
12346189
50538655
36457243
-7378484
35677324
60133213
-28315229
-58741518
95403195
38257575
-4909903
-5102147
85125866
-60322987
-16231840
-38024021
-38810060
-56653950
-59971130
87619378
-79186307
-90749016
-56867408
-91708947
39435926
45669113
-44925611
-8403902
-95043186
-72139421
48248464
-15698932
-57063240
-61030860
19902347
7888382
30858650
-57132412
-53262210
61693092
-55499351
-45655940
99281388
38300076
-62829849
-5771798
-67744469
-87885232
-16745444
-83515448
65621003
629752
-44364697
36506999
35346915
-77744562
-51898364
27488380
31127173
-87277769
1434632
-66181350
21058369
99867212
98139993
14893330
1848899
33519574
16209096
30585739
87838735
66219951
86981436
-74494787
83641733
-64610038
-37394596
-39601697
34381537
-46711985
-43677900
-40925157
28571810
-30887855
85969169
-75060608
94344649
-34214621
42905473
-73158279
46393179
-70489960
25787187
-11401568
60480493
-19917302
2855789
-4081416
-25305089
-62951638
-45483998
-75310815
-40790180
-70440502
-64891000
-41308268
74065747
-85915263
66847675
-32793519
-59412997
-2925498
-61225548
-38976025
-37473930
-43772413
-4898904
41035940
25832419
36854111
13079733
-30735890
-23468874
65250332
39754461
-76310995
-10988886
-73793506
-72993803
-10044095
15899936
-31043483
88039778
3419194
-68698722
-29637489
80626341
45655216
54370421
-9236975
-40351880
32562732
94208937
-23434215
-21143123
61568929
79523452
77167754
10429448
90140479
89806513
53220096
25421822
40857136
56234625
84396258
-29024233
47678097
-56720272
99903748
86083000
62890492
7349308
80234004
21704648
-85094403
-12667502
31100662
-4761247
-27562355
-1981661
-62169732
-1883271
83681633
-38910159
-26753813
43833907
-78951181
-96257149
-15051354
-67895345
39071043
-63689666
17761118
56328365
39502881
-71669985
-24060163
79418241
98875104
-11669513
11994135
-53429225
50633634
-71089121
-66535874
-58591461
6354927
-77514653
85034918
-42686750
-1015628
17058014
-44274031
-15762640
-89043161
-5339422
-5042205
-31847960
-66795997
38688024
72261062
60553493
58014272
75764207
-86061642
-3893233
32692336
1632208
36711489
-74013845
64867643
94257580
30151269
13944470
86683366
-31910787
-89358305
-90872927
11320301
65910484
-82855594
34320661
84386122
-34408431
85489393
-98885169
48295044
-79549250
-23750423
-57614859
32941390
-27122917
-42581651
62302245
-51919367
-79608063
-5138133
-28880701
-89920121
467327
25301581
29808535
-32203337
23600800
-67213259
-81876125
-88233946
-84016293
75647091
3988485
21351862
33926248
-10058299
76254154
33213938
27438083
99208360
37695806
-16583768
84084476
63185822
28086673
-54841516
-83485985
58344464
-77159272
65813521
-84690903
723577
-23567996
-26929148
-34927456
21767986
-17403827
-61985839
-64151280
54771202
-56323493
35513751
-73249427
97790860
70220282
-59478159
92500132
-7073756
69397530
-1700232
5876797
51772753
-20957485
77285831
70662926
-51488147
-50391594
-31786329
37138355
-50329891
-86698008
-37679752
-62408917
84337739
-76337306
-98503238
20953434
-45416477
79062940
-61668091
44762971
-39212216
-75273468
-18791334
-44999453
-85238406
-93779857
94863003
65384337
19203584
-97904450
16579405
35497313
4471552
23740120
-62586699
51569761
50020154
66989693
79491131
74813544
55332951
-55672791
-71051760
76553612
-91352562
-48109664
-22349976
-20224339
72828202
-95668574
-54573169
-51458487
76956602
5053702
11173789
18672286
94001318
57499125
49080573
91680783
-55228398
50668449
-4262653
-60308558
60860500
-18383869
31415023
-7997740
61331391
98179957
-52006210
-61448576
83055742
74636986
64921174
-25813428
93528543
-27558515
-74584583
-36425252
23157796
5507289
-74477653
-74860758
-85413226
-8170830
76793090
37074816
97165328
56126663
86623604
-63390548
56655808
44960340
40223652
96760099
-13342319
50620657
-40811007
-74732767
-79074095
59531010
90276819
37497148
20050567
-95257182
-17147457
-62054847
-52826202
59467817
98190297
-25447516
-76218372
64639766
-57169511
-49662829
72854823
-22341096
-75812253
35280390
12110639
5083965
-55038219
27346788
99027857
-74033117
22271147
-76107053
-72303432
41734493
-82903016
-35799997
42710662
69309954
-14798490
53066691
-33478893
31886679
54351949
94586644
8584240
-27004328
19931069
-40190962
69347786
34921964
-70883578
-59350401
-95743365
66056908
-67843328
-69333751
55543110
-44894671
27494493
-97160775
-42269007
-49333422
-9521676
-99228476
15441642
-52149984
-27542541
78330893
-46305557
81621659
-87072358
33019676
60521193
5025671
1695569
87783654
40802746
20850781
44029128
-99002057
50628637
-22053078
-80319483
-52443061
-18073454
36624369
69450870
59928701
74279527
-11970636
-62019503
-32835256
9948548
-48214996
-65305116
37708812
42814433
-38513153
17414430
-57558442
-30530125
-96008754
59887897
46800872
-70093052
-37086317
45891694
73033234
-71717160
26937564
29166710
72913688
-87122527
68542879
-40829821
62068537
44995491
-51685076
473674
67516031
62783437
-24030745
15311926
-69296291
-55579826
-87603744
58302125
36854780
-56171823
-83754195
80651123
-91457933
-30122333
-67517258
-57321900
51917124
-99526306
22338214
13984383
27199817
-88714475
24958289
-3638695
29245134
-14911754
19244232
-47636513
47598808
-74993956
32087061
17940913
86475793
-66883978
-82132713
4277949
-65558910
77505456
-38552951
-1297368
-32957859
36649007
-97511860
-1718011
-82313920
34641339
95933946
11171032
26260225
-92446081
-13570782
2017644
68099187
75570627
-334074
-87463105
87609677
-97975732
-5048559
-41085525
53061147
84635206
-47417606
95966001
69607416
66227563
-87788777
60682268
73816856
-80814529
94909143
-98947018
-19699378
-88854279
71817688
-38198856
-57594395
1452192
58750981
15367589
73059800
73401938
64426915
95804150
79740613
-6664540
-90805895
99927217
80380574
10677553
-72892809
-84489011
13983664
82950684
41473097
-25983421
2499025
-49009541
8057208
51482565
-58380339
95708233
-5489199
90612297
85446507
-63765610
-86685436
-12964278
-19983901
-33144677
-35080527
37379199
-96314864
-68573775
2728749
-99224938
-42120760
77769406
-56284319
72046178
86677858
-26984413
65291609
-84101834
76781756
-98717239
32850446
3448300
-17029466
5820948
-34393579
-89127095
-14686017
-74465697
-23974563
27457510
-34655477
-70910543
31421573
41996549
441878
27014473
27967672
-59953755
-1857798
78686870
-44378659
34671501
24458398
86801948
23981512
-39314268
68940025
-12856981
62804443
6757974
-38592046
39113870
98592610
73049335
-20642576
47399455
-98570690
56064222
-75409700
98135912
-22651062
-19329997
94513645
-23442376
-52118885
-13094417
-75117703
-14914098
13039211
33339138
-98586075
-66863501
-15887577
22208873
78231849
17209265
-84087801
-46232601
-8835628
12162263
74257149
51208492
-61815285
-87006487
74549479
-30231791
-27183742
15871118
75190905
-24014119
-41649655
-60623444
57066127
-84726145
-84017071
-84742352
18959329
-5082732
-914309
-87963863
-64680924
-5059783
-84519762
38613795
44093884
-85359208
75066992
-64888915
-92236332
59960613
-37680179
49309576
-96423131
-43991685
52571963
-91104296
94734738
10960006
83280672
-63593831
19323571
-14379264
-42595015
-38028271
-63456183
-75078584
27168091
-61188087
86152437
31062177
-28434377
7088028
55054217
-65509894
-40239005
11289786
62623040
97572696
68718091
30903764
76893698
-49447470
13062720
-56202534
76907366
18928417
99951886
-40834495
84421051
64159508
-32625204
32153013
48252688
725338
4308894
-62767724
21518660
-92166768
12834664
73247859
-83823563
-17118619
-7201490
-32673678
57253085
85554922
-62671554
-24926497
51298265
-53877021
48439244
-7381004
-18650299
-9329459
89962507
-70023098
76859915
-69903130
-47690084
-63651929
55098914
30958755
-66707169
68556310
75595660
-21199379
62779546
-58841628
98556737
18821395
-80044140
-80697283
82361536
-25636941
88032955
10590009
-65630934
-32008214
10793283
-1417170
-15038215
-79788429
-60626376
-37958568
55854413
-26698223
-86875491
46889275
-86209823
-30880330
-92468304
-61128024
90479340
71124575
23883398
48501293
43803930
31286954
-50469961
63776034
56599735
75724420
-39064729
-65172193
-90285175
-28259527
86511260
91667669
-12642842
33351053
-66099282
12675232
44395351
-85141526
-42831591
-85444780
-10166061
-43521483
18845440
75417621
51001987
-11471331
-98421768
-57931809
71247809
98936554
44583928
42127997
83860125
14568319
-360262
-14927468
-97871073
-23545513
25553095
16978835
-86408653
56477508
1213478
36236354
-82784509
73137527
-33776974
-88037201
18499741
68516965
7559321
-7566504
55031755
865461
79262653
-83122912
-59361479
43872941
48785176
21584631
-44794481
-62076594
-11965601
2884566
68234847
-34621542
-56963044
46614511
51879886
-15519169
78552690
17610127
-31810033
-81766366
-75089812
7486299
18406609
68998316
-57289941
17227585
-94130486
83709442
-69663629
94792691
-45524573
90523737
-58779882
79501759
73075020
-30161558
-28191205
-65571250
48547524
31102568
-49713256
-82998427
64579429
70281054
-634024
95357997
35096740
55588400
28405494
48722300
-27214199
-69326442
30640472
90855436
-7386360
97471649
78168671
-52492945
-65046298
39745919
42865277
-21140921
-89322232
-34938730
62094295
-69119581
13566932
22951465
-93598570
-30153593
98847671
-66236335
512843
99091519
-57936771
43642322
6402266
46932419
-83088251
-92240163
90851155
42586862
71134422
72000063
76706414
70183820
-29695731
59967960
96501511
-11584163
98728519
-83738556
-47693782
4625114
76987068
-63908469
-47612779
-33614721
-14111655
28859863
-22333471
43654862
-7385552
74336025
-3225496
85936273
-45266194
24577021
69729289
-57816195
39309710
-23267610
37205057
97560094
48623051
21012120
-28451710
-35482873
74034358
-93192006
68607414
37365168
-97358266
-40433945
40909535
-66429270
-59340385
-73011620
-27063348
8919671
-11098408
-8554978
34611704
23373403
14562559
-53585116
14915613
42797565
70046062
-15072627
-26984815
52965802
89077360
-59366866
68644043
77841559
35230840
62109159
2659435
-46486301
-2396377
-46406954
5503040
-2495636
36439315
-33691132
91755825
-32958224
-497113
64667548
-57324510
-50368238
9766856
-29065193
-93510983
1128062
5348188
-97398907
16350790
42497801
56730013
29947217
96016678
-37833315
-11144538
24979744
3287660
44444661
-52602076
76776126
44497322
6989459
31952631
-87384149
-41940437
-26241802
40616677
73459643
-80343843
82531787
99546603
-79182703
59686233
-22731147
47906362
71154078
40836328
-28539933
38870803
41300157
27101231
79689099
-90633916
79239393
-63432666
-48717149
-71444198
-39972858
76988206
58674974
78875217
52866620
-55616765
-57649379
34943715
-66141738
-25420543
-4352975
-69190960
-88300604
-82539606
14740155
35247326
21708650
43670743
52364043
63436643
48020980
-60358451
42999462
-72771760
-61693706
84988876
33400532
43266994
59826627
72567216
-90327712
19165169
-77239321
22091739
66139479
-92049646
-32967694
12788593
-97590794
-16904811
-53525376
-32230928
-29072754
47139593
-73071484
-68356726
-79894358
-46434293
-95771894
27245480
-29926426
64790386
-21324036
-42901800
-90833079
-35197618
-5609328
34530061
-99619734
54804029
-57274408
-82019089
44065621
12694490
34134007
34335600
-28783060
-47805039
34015681
-42135147
71694050
71893461
88691914
48075708
-99308048
-46441467
29645933
-37186210
26640399
69108758
80863133
-96760746
-48772992
38597338
68670293
39528964
76973864
-12757297
25557325
53328591
20410253
53517058
77037242
-5987026
-28911156
38136455
51114260
25345453
78219763
-58442458
41889897
-65912803
25320205
29209989
-61247197
-24891549
52328525
-5326738
81294182
-89600324
-60029596
15572675
-50809240
3020730
-17232248
15216865
5562002
38725888
-4263588
23106418
19184352
-15239401
85469947
-81284674
12336230
-21988574
-79352780
97153604
11472354
-9512358
84471662
-45263575
40981801
-90713392
-18710195
16550821
-8498059
93997691
-42303035
48479422
68037650
-2459733
-19273123
-25757119
85180684
-36406453
-71557865
89215531
-48376952
27411049
-29807438
-31147254
-52761861
-62568327
23139769
-29601316
-95836965
39863479
95562411
-26822579
-22621512
-78692162
36740494
-92941863
-25348475
-71120858
-35484722
43792285
-63052211
-48366300
-63791441
-10412662
33503665
59160347
62405379
-40873162
-22034511
61664611
-82075600
63494410
29931292
96899047
52098516
14867062
-76844906
-3874043
87548701
-22396295
-38192390
98942354
-68011302
44283
53110814
30213623
-9187639
78396220
71902280
-66807820
-70268598
-55963732
-29932718
-4563161
-87223012
-16832685
50355975
34509460
15877953
88018988
-56727853
-24737798
-82839196
-52793559
-1761643
-80865009
56629525
-5241742
23121993
-81898810
8339627
80549812
13468931
-68035313
85463758
21406602
59998326
-16586310
84258525
-77156154
-55148254
-72442265
80451481
44845921
-86494319
-60650510
26656135
-77401437
-47014982
-50591301
-56647439
23938570
-28064767
26608755
46017522
-80015200
69648821
-35248807
-92412887
-24955090
45435600
44605936
1114734
74233535
-53061778
41102419
86757606
1763244
-7587103
34365934
23892856
-52714593
86368371
41931885
-39011787
14777317
-95322759
-60896116
-26761440
68658561
43703714
-50024068
-35383894
-83314151
92229619
-27407867
30854074
4063195
50987655
57896074
-54068515
63412950
98940704
-72475933
-47311008
-99799991
60032291
61023528
-14638243
50073462
-98295598
-88880570
51643532
-25105249
-11595794
-74318701
-82722709
-29298270
-27971916
56536920
62694852
65578216
-93604916
-47460880
-55774930
26155728
-10319350
43634879
65491604
4061763
-33728068
95957732
99141401
-89585331
-82927285
78122013
81115175
-50067678
84858437
-93370713
80982499
-31865621
91081586
-49425113
8766426
-99356222
5521736
3264678
-83689924
97660803
4874603
-14443785
48156120
-54819246
-94030339
-35226240
-2737120
66429461
68080399
34605696
93539863
-9945843
-73362177
99544618
47314962
75301786
70249460
84612644
-16379904
-22755273
60011940
84468697
41000306
-14072251
-17059780
-93495579
-84386024
26860867
46013767
-40777613
82340447
29838131
-95944200
-60056609
-12822204
-57936421
-84484086
92867127
7777564
48153343
-41349469
93086183
-71989739
45501941
3350824
-20286085
-47689276
-61171103
70971219
55523826
-15199605
-37032686
-80595684
31163874
10248383
-96492535
-74321401
22883115
-24667472
75688984
-29061564
-15055505
-73555481
58588466
45991280
-3553022
-37983109
48798084
44193140
-75061455
-57854529
-55913450
-21703341
10132310
27071305
-1227377
-60459278
3517368
45192536
-62140703
34305304
-17703604
-81915297
60784774
64401067
18497281
-70248272
30912909
-83787384
73545008
-4412204
17948163
-84117928
-52820052
-1082444
-46881308
60508254
-11249914
92826185
-92017429
-56810343
35350477
54256668
9732553
87645963
-27224311
54976942
3040444
-81333718
12574273
75533288
-82601613
-1162343
91406523
-37703747
-46842921
-28608086
-55699903
18143204
-47820329
60393456
-50832314
-83521942
-53563836
-54067640
63166272
-89562676
79645966
-92579201
7276037
-58067584
69485621
98271392
-13902021
17793185
60407928
26583485
-50350323
-79289943
-87357863
16209333
59805932
-93783525
30290191
5922605
-90076324
-25704493
7460859
-64742984
97781149
-3913526
40526346
-10317209
-68449100
65509815
51285530
-47637948
-84367988
76287622
-2859995
34037432
50732119
-74551256
527454
-12402645
52227582
40865099
4795162
7241778
89406011
-49516922
-89609356
-41045210
39996773
-17464039
17736925
-92776002
51568543
-92556640
-8200840
66074064
-23304527
-68233710
-85293107
10764049
-73604548
-36236842
22891987
57961643
13986160
82455637
66400152
-27489453
-49541
-24438017
-32321404
74588282
-15407049
-40051788
-66871030
18414666
-37478861
87783924
-92883987
-77710265
75484167
95601715
17621547
-52784215
-30017118
31594300
-42739156
-98424187
55603360
-46615267
2513233
97943908
-99174155
-90491077
43946729
-94621454
-90504353
-72937816
63268837
-45016846
-13824701
94652155
-29088003
-80990695
-39778733
81246328
16067260
-39681188
-37767120
-90393961
78012885
68254533
-72918541
-10649614
-70342389
19322857
-86679632
34618612
99859
13350353
62679163
5600442
42936616
-83405549
-35538536
8713542
-50380790
64322571
35114187
-8933485
-2714943
88086221
-21406548
80724663
-16665259
24071903
6960662
17010339
-48475659
78299961
19019119
33612728
-15730647
-65365620
-13643324
22903648
-26245245
-53414404
-89462337
-51547361
57244929
75753313
75051766
30784866
-57457576
43340046
9376599
94106873
-86859766
-13982150
28847755
91265809
96832476
57481050
88909470
2955114
-66091605
86087749
-26780322
3781064
41752126
-22279974
2280265
5815704
-27910580
-31852920
-94690011
-95959971
17338800
35907067
97787667
-14882631
31191704
-9341914
-15103337
-7941076
-83169567
59121904
-83790377
-59455678
72296861
-5336618
-89405805
-69111540
41350362
47366131
31396419
44756366
96289302
-60343678
77530652
-88385966
23465227
-67683206
-8373491
-27864462
68475921
90002340
32383494
-42146705
-8620739
-36512810
74084984
43483341
61558737
-51220268
-94224241
-66867830
-81534881
-61738648
-95270527
21758578
-8041451
-68487942
-82633991
74595330
-15041071
67411816
-90646142
-36774375
59296424
-5775240
78763744
-27004245
20345815
80258290
-57554281
-49043715
45497911
-85300161
-85724839
-84941686
83104633
93339642
-56479110
75056214
18704206
85426487
76243389
-9802849
-88216962
49500
-12455884
-37733808
72134565
42001414
57478672
26873382
-3606805
91794409
-33860359
-99663258
-71126688
15013499
11565203
-38721004
-36261492
90324152
-2987506
5596641
-74371535
-68884703
18897484
61316266
62513716
8324818
80529502
3017612
-86779271
-32967252
-83300152
66817192
14429985
32621480
63391652
6589880
-33385329
-54241968
-78137610
525473
81156637
-40356543
-13541909
2690209
-64217361
-78099289
-95743726
-9091986
-99790191
69472429
43992413
86370207
-77281086
-80192228
53350154
-42583402
99966816
-41417321
3562236
40042750
22734332
23441493
77117225
-10322993
-29593685
-34668770
44654189
87494096
-29258438
-94800118
-6445529
55378562
-20655368
-97028078
41903445
86746693
73615217
-63984696
-72302018
-4340780
2289028
-4793287
21697207
-65166282
86684985
76738718
19299742
-11570862
30175184
-39994410
-14348567
90157663
8735078
-39013586
23473845
60081841
-97526157
-62377337
49519976
-9631546
53096154
-6441667
-41808290
-3555544
82753802
-77842230
-67491134
-44684247
-57323220
84499415
69025051
34888298
-71992401
2046947
-6119581
63229636
-42668624
-57756906
-34560794
-79228733
23211217
58608790
57248146
62590801
38839533
16653226
-53897309
1314804
-88700448
47355529
-82959034
-2162053
-56164145
-11200833
-22086800
80690642
-20766175
11210742
-7619436
-65556684
-17316420
-32825470
-4199548
-38321612
-13297104
55577035
73612840
-45143773
-67047605
-41087541
97388209
50892018
46519437
10777093
-57550791
-9523231
-1357783
67878160
91610145
23562134
4770271
-20777759
20559830
-21753102
37671319
-51777078
-74034909
-53450803
92288778
-13564923
70233973
92947604
84258254
-93000542
-17843895
-9592315
-69632054
576134
12022398
27153256
-17799939
11622303
73949649
38640630
-65614141
-8570063
-40647467
-40762683
-69941547
-69077003
-99215475
-66875216
-5476299
43429791
-75346733
-14222317
94258128
63198819
-95455552
-73795775
2471523
6380769
12649686
4983977
-1016383
24801996
45644379
-63023491
-95774527
-12759986
-18416922
21549598
-27681602
-45154842
40029421
18946849
-35787754
-95790876
-44962866
-68019320
16847524
-77526314
7218945
-44026797
-25963564
97357236
65309578
-50471592
68054193
-17210522
-51852279
-15801769
-53817230
5678109
66335081
52484336
-72316058
-73524294
16749006
46878723
-96905495
-10006898
1740541
65711217
-71967597
10641779
-83214965
-71260446
86951543
-37204035
34664399
53734571
20982788
81896714
47344730
-23894172
-55979496
33729790
-73380448
12062521
50194004
-92055773
44033746
79013170
75919440
-16611313
-84158989
-36357817
59308039
-24343614
3765510
-35685150
-99332275
72976559
29324777
59990376
53351092
-60795806
-71719137
92379434
-98903511
-32489212
14104760
53055516
-19166414
34661908
1882676
41381606
-20804404
-8166862
-64256256
76900867
95735291
-78484140
-41786094
73038148
93200974
-10114037
-43642849
-60736847
-55683246
52744398
75744057
-67723035
90097881
49040658
-56770034
-93529933
-34102316
5796247
-99603538
-95109412
-50722682
65614942
-74872022
34527717
-70258605
32820152
33797481
21913892
-75440972
40281037
-74144549
36156089
-71867419
-49919220
-34574686
89155933
32847888
-8308981
95989577
-32943399
73350229
54750693
-50741618
65347738
67475244
13498191
-28280016
67095093
-21081896
2709193
-24846145
5393035
42468419
-51259332
41572642
10658616
71633281
-71777834
-57104963
34949342
87213060
44018182
-8659444
80491932
38204884
47162238
40172072
6194493
6308971
28736629
-28011369
-31064932
-25826576
-39570231
36826430
73741655
-88291912
-92927252
-77163629
-51499346
20653475
-97326140
62188740
-41703207
-11518683
61769434
3448994
42057815
-18409343
-22619063
-40557120
31446065
-25276903
57245073
17944956
7278235
-32967728
15592485
-65120384
73182063
16847471
-51938665
-43194223
-83339875
41410378
-75799144
-53599568
-22779199
10048599
-2002719
-31738019
70548795
55159055
22423434
-89198913
-32864269
75810411
-73759586
-45979862
-14063514
79284810
62862374
95051578
83552367
39889180
85859569
83434476
81457993
60830440
-24180178
79958884
-98713985
21930388
63453423
16395104
-68427635
86659398
-97800984
-14009827
-92071210
-98418685
-81794704
-49329643
-27724694
-73516044
3527280
20311739
-20637081
39240682
-246573
-91987744
68324981
27076314
-46029485
-64558158
41672183
4970625
85825131
39668807
51998713
-74956092
59501704
-89168159
41029162
-12627195
-77829277
29383183
63162733
79861114
-7533765
8636740
3630648
-23517131
-39393116
-89028036
76911671
27565232
-93148238
90172904
88973531
-41373379
-58381058
8179649
82748217
33794040
57980737
-53413693
-25333262
-68080784
-99462899
-61256068
71399903
98845989
-90247139
-47632907
-29399811
53697156
-62837831
48389681
-52550204
-94001227
90700752
62968864
85258873
-19853961
-92424678
56092371
78745973
54897512
86345313
-64395574
70944453
-41534169
95284332
-35126935
48614130
-38993744
97318236
4339452
13947166
-97300054
64327744
-13461830
-41170984
-24735062
-43101510
-71491704
58800099
-82438554
95680072
-85462921
6603037
-15225992
44269601
21462193
6249436
99341295
47305461
96688129
45966434
-66154496
12290803
60114023
76374172
-14440286
62519755
46848601
84083197
28686361
-91555627
-80475309
-7905701
57321254
54254258
-1405039
-11346535
-82951191
56947059
-76784529
25299408
-48975633
-87376244
16832939
71461963
33007784
38762530
98300973
59843777
6675941
15998838
-49664596
92725827
65422931
83929949
84393994
-20441692
-69747365
-22293901
-18109794
41551647
-37211969
-54467450
-42927281
-52137298
55870637
63058435
-91619816
-98032584
-52353076
41645513
36528863
33724178
47598594
64464416
68652591
-46495346
-89241375
89468791
-64402191
-85673072
-20016783
46460533
-97809474
67424605
-87784550
-51321028
-1731748
-76316300
18300202
99367200
58418412
-43533325
38546785
55606936
15403821
-66044663
-25883918
-47170548
62910605
-53005966
19385929
-44154554
-62860692
-56748159
-41669159
13711601
-95000768
-51723756
26815517
34266536
-97367316
26899085
25595184
364564
-59798672
-12515345
-23704206
55216280
82313756
71046927
74864643
10824700
25133565
-54746363
29672829
75273761
17038218
54543420
-55749352
9490506
55049035
-24981932
-7524510
58435319
-16460668
80502654
-63956666
-65114659
-31904075
-65426311
-30089196
-75869173
49221913
17929359
11135177
-7180192
-77571390
72236455
-70947983
47512862
23367775
69315006
30705879
-98598774
-71970219
83825856
69347258
-97816252
99951107
69403363
41424501
-11684989
97360058
88292022
-11921936
-19711044
-56234061
-32116599
-29862329
-61447318
-92550299
-93510973
3812114
-31422252
-27043666
-63547520
93173513
-83807758
55204063
87816192
-60154175
-94303932
-33198186
80980374
-77671985
760827
3202682
99467681
41776379
-52703117
-35832829
-93870292
5290953
76323086
-88552948
-25775578
-70404509
89578891
-21269622
16971738
-31323557
35814318
-13646306
-59902613
81448004
-46453171
79003689
11915941
26106889
-51412037
-73848176
-48451004
56903738
88442530
-66229506
-62993760
22264934
-21309191
-15392707
59562334
98768169
-23028325
9929332
29745072
51733528
56055973
-76069067
97324648
18858224
-99979822
30034958
15154158
-72986206
26653937
-83475114
-25232443
23833818
597207
86116731
27546348
-90388041
10425001
919982
48634968
-37298065
-30286371
-3006538
68216722
26324828
-56976966
6036455
-56081849
-48222291
19019322
-99217306
-25668817
46216829
99778969
-88683912
52870702
-39319448
61711214
62028063
93942142
19395567
-18411939
-94940844
9673730
-78992299
61319072
85239891
92865720
-76611800
-83389228
5896942
-88861095
33444812
31198935
10073542
79180603
-79677765
97273233
-76290207
-18453565
-65844699
16803025
19952767
-53532028
-7964360
46143144
-73688646
98779001
-81268176
-41799363
-2801674
-86469280
-12919084
-2040304
80320510
16241526
54229790
76107016
27771054
-3815942
98612201
-48869613
5275794
86639524
42181610
28072128
-57569502
-45777729
-6177807
-75704183
-15924849
39024573
-58464671
20727722
-37353481
-2264310
-54067180
92122957
27010165
22847907
-50783263
-67320890
-33229817
-77429048
-52608803
37293031
78207837
-94729718
-92504377
64438067
-44866643
-5714046
-12775590
24301685
-5304759
22972770
-97248488
12589224
96876976
-76343606
-85526279
61301241
-15960822
-14337303
-37631558
-46125141
50153987
62386258
-78842973
39167997
-35830638
87993944
52622295
44275543
-45332294
32325434
98951699
85400505
58974812
22200408
55119905
-22856930
-70355138
-62952418
-5409648
-28893913
-97001153
42778854
92368166
-2364640
99603040
-53031734
-64815813
69556838
-8235352
6171497
88320471
94792699
-40545130
-93721851
36627763
15346745
-4402659
-23762757
60670336
-404959
-4499355
-81981931
-18941303
-88063089
-23747155
-78111873
96230841
-6249798
56088624
32004620
-89557757
-92081572
-13169330
98999344
-72272808
67338229
69870535
60353502
-85152890
-23134254
56291343
-75603612
-1722120
46936469
-31563314
-79790142
-65172706
2997918
-97948838
46135277
-85234655
-21821227
1502908
55236426
47768716
-20764359
-16761298
7617338
-99255690
-20451091
77375583
30196169
-95101626
-2804194
62824547
-56736882
-22134769
74416427
43083009
40718988
-65008446
-37815821
-82123788
66514496
-67046997
-28565193
-99246957
84698359
80358349
77356554
43775023
73080307
83818982
57211249
-42294261
-90709253
-85860922
17140810
-71893764
-53175076
-39926119
-49709929
-29688023
57805251
87285182
-30072800
24710406
55584779
-30356401
23093009
23721447
39870631
-78918541
-39193461
44984843
20146959
79278663
-94201489
-90587980
81759429
22472498
47710166
40245399
-90015121
25998362
-54966492
71536626
-18959533
37798952
89359644
-35307022
70415084
88155313
-94757886
-17611275
-79677158
-59386828
20485570
-91439637
92678546
54971075
-92355995
54279994
44641339
-16613397
-31098556
-84402368
-49025818
-87158628
73624481
-37058325
-56632599
55266532
45167132
17399236
83655666
76865492
-92755093
70414421
12662736
-13541576
75508828
-21699146
31465038
26422142
5342503
-16802337
-3171123
526276
3063126
84844395
16481503
-95760411
-32726741
-90304283
-92921370
92546553
-7812279
27090702
38980884
-40113112
-76251237
83489796
36139165
30919783
94003026
-77038596
42241147
-22077280
-52799723
10695187
47390408
82438697
-7030166
-24651242
-81917794
87515274
-98149290
67405596
37390365
-41584376
73456045
-77228752
38261292
-5879823
8257310
-61339885
24160490
-39641394
-83497891
-64682572
-27059284
88987116
78354807
-59487208
-90525023
72442574
70575871
6083846
-65239048
48393244
-40745725
2682693
34652864
69064081
76182361
78698665
-35796046
38944294
-70529274
-64669889
-34029869
-68581104
-87255201
93864741
25468499
-57022901
-782755
50514808
88918868
41639674
42209756
-36432539
-79454448
95326389
-89777135
-48083685
86314870
-44364967
-36497086
-12881323
50928916
-82957511
-77952285
-13100796
-67630694
3918572
-20296135
-4110528
-25840867
-63742424
-4884223
39691573
75068181
99217546
-93160248
22848685
41049531
59839726
-32965396
-98871770
-71598809
9664359
-10655165
25892247
-12449864
-6249738
-54016460
36655644
1131218
53514149
77006803
-51394501
-35847493
9164288
17790042
-91855308
-55524914
-40025899
4211748
-60264402
94193689
71950134
80056763
32907491
-70313185
41118425
-57854903
4986023
67503435
38923014
-7372482
44497675
-31006422
33497122
11823515
84000819
-18469992
-34483292
-91224556
61161298
-17271412
74464174
22536087
-10229409
45070184
-36022165
40002181
3609974
86435403
-1132201
-28753452
30383291
65923286
-47211220
48961116
77537613
79606201
56623944
87706568
38576187
34939688
-64812748
32389750
20496979
-67638357
84362755
46549049
-4241250
24753550
15166998
73582274
12412849
-15523220
-23016351
-4231659
-87312453
-84051349
-48130599
9734615
13805121
-4583981
-3784803
-1194363
78332990
-48072793
77680371
83815503
-82521678
9926334
-72804366
-37677903
-40610529
-5206666
99331147
-55375184
44006048
8055126
84103456
36506641
-82477088
82746144
82795907
11399808
-32188573
97275813
84995406
69606057
59480486
-12953139
-35496215
17591280
-83473736
-82780182
11821242
-24675529
-74900125
44000857
82749568
-46118889
-51580030
-4372904
46034505
-11643411
43926231
3074384
-84997518
91862926
-11526738
-27711684
9248629
30354923
64365840
40244782
-61795690
-96233020
-93867172
-73090083
86295280
26551000
-70206185
6012985
84002160
-88135919
74743842
7906156
92595562
-86634121
69793599
80179242
10249994
95902294
76980422
-12212339
39328703
62201798
43239759
-86915449
24126172
55884507
11612676
-15533335
-14837031
-44927446
42254968
-98515306
50682543
-4579001
66337693
57204642
70523473
-61796350
-71049845
66055596
29680256
-17841707
-76468323
92932386
-56302458
-9558299
-90260087
-60282888
526999
-65421313
-65633714
67262675
29897108
69534162
45723572
-65645807
48782752
49358149
72558562
85754802
-42354711
-17457264
50215904
-459372
-70775629
28273753
-51459117
24404484
23983851
-48477644
-11021774
-13562015
79806598
35998271
39889720
38040838
-67780541
-76942670
-6994695
49889538
61790181
30498546
-69282823
17187913
-1633315
68056246
13743258
-75434000
-49967086
83895490
56528767
42733801
-9077475
94631431
91985159
-82925015
-90104886
60396892
-83716677
38641860
-10342581
-36230124
79333417
-80383904
96018088
-37471043
75148911
-14516386
71529540
72287817
52414039
20535063
58354291
-20935060
81968383
89671829
84507425
57656284
-7613104
71681419
-5029962
-52404532
-94910335
15920133
-7795072
-29950328
47382437
-89638438
-37509394
94100693
-44726091
-6660390
-52435606
-54595337
22228689
-79359288
72870377
-46137953
12292016
-46234483
-54917755
38817657
-10185923
46159452
75765424
-90864252
-54407813
-29094418
73346939
19401742
-23875819
88563066
87488562
-41666862
5774920
-79417639
-85035899
-28156048
4441726
39504654
4215384
-6192542
22377756
-64756002
-502015
16515496
29275367
-92329004
93246195
25376342
-81690904
-84314688
-28668320
-87297594
-60892519
-93058479
33021437
47950127
-86400904
6498917
97420317
50048293
-20338736
35951294
-88712541
91570202
80341645
-56051938
70138662
75431951
32320020
-94606361
57638702
82271208
95582962
64702787
-83575945
-15637954
-53127209
24478674
83268981
96033246
37101156
-37790754
34148574
76464783
-2038746
-20499795
-71861424
-66167296
-72155365
87886403
-95002754
40320858
23567290
25276602
-46394902
92273573
6002827
-18157653
-18595660
15212438
62342148
-94437915
84902893
30600296
-8098663
76438047
-68462045
58370993
-30439365
-69823553
-37926949
-62501968
-40938243
-53763483
8359163
50533492
-99297562
-48063945
2354328
-679027
17132357
62409844
13369269
-93411977
44767966
-90133351
56428303
-64521475
51163647
84602947
27565174
43191043
-12259366
-61260599
82689266
47387436
31283094
32152845
-51289117
-62879849
-66265596
-8556552
95019546
-72236422
-20208433
96134514
68921148
-60968137
76799498
-87855382
33425661
59169492
-58847405
-83145617
-47536296
-43630853
-68022082
-97387947
-5720104
-47684320
25688886
33117717
-17524730
15080418
-73388262
89568290
-3916209
-62793741
67560258
-98158641
48038174
-30804302
5268577
11958615
31782696
-84378009
-73498512
21460903
-74439902
97361825
-19171763
-79109139
-63249
43889538
71881317
-32183492
2005712
11056369
-41508843
60944206
-69381551
97061324
40285164
67739045
17532939
-35765675
-61607171
20429627
-58848663
57224143
-10828094
13570816
74516960
11683193
-51802067
-23786011
-68367288
-80202694
-4967617
28718795
-41538141
-27799973
54313438
-26551087
95834289
-96071808
95853973
54858625
-51388475
-71067752
48903289
-73279525
28341421
-11748654
-16894665
25690008
46954107
-67675807
-84591004
62985564
-32103194
14840513
51943296
48549429
-88934302
-72573057
-10826435
58418696
-31992060
63035544
77027718
-28402202
-70226575
38136661
9447322
-61288869
-58221185
-38169602
9862113
-98220298
-21959936
-29516580
-54047629
10169001
-70372008
-98158637
-9895263
-13116583
-85466003
7069235
-80101175
7384820
70231144
81876779
-6499690
-87865568
-66964684
93784025
46388443
57921819
-72267822
-75590343
-91451528
39889759
71161163
18834644
-18185626
-64306614
28330497
68569218
72896705
-13904196
-62393064
-79602706
-58276832
36676747
-55069010
38477785
-78724335
73257209
27415706
3828204
-78324420
-29963568
18439179
23001600
-53134682
45802231
6378561
-59121701
75380640
11419677
-26302387
89838034
67539788
-8432155
-22719022
26662717
17115764
96489566
71577219
-39543309
35208039
-17132644
-59566605
-36773170
-52801329
2594435
38405319
-97893949
64442723
-50707009
9138243
23900337
-63089349
99388316
-9393365
-61174477
-91146080
-55252226
-95441250
77773387
-38433573
82039759
29931093
24232248
7086770
-15381712
-49572987
40703616
-50204212
-76688547
183396
28067609
54564719
-49983853
76373570
-60181892
-76553419
91535126
-90529537
76724084
8643388
80684085
-13126768
-63746844
-59136468
20316786
53694565
-56627442
-891079
-66582383
-66222311
6043312
-1398417
-89578878
-65396836
43222858
-71883391
13604502
-18490424
-84620884
-75611487
42588937
88957015
26910609
-25950663
20711087
-93254682
-23224473
-96188177
51567580
85719111
-74055019
75595779
-49431051
25933136
-42404969
12593194
28755173
-88208098
55764390
72268581
94086581
98764409
-67644495
51869899
-10131485
18119135
-91023443
12084630
-45920476
61094906
71327717
-41030108
85680482
-93002557
-84581173
-58257788
31884189
-16751226
-66407083
-29999974
-43311720
-15265467
-3700108
-41703964
-86526020
-74236721
96454862
45544725
45113161
-771526
67141044
74662079
64793769
-81004375
-4867783
53621261
-60466672
-84268777
-6832032
-74626537
-71473641
15951392
-49467864
11626904
41578960
57484429
9519788
-59537811
52601257
26295891
-3349424
-77697844
65736025
-7997927
-49024189
63529957
31271242
-59691584
-64349985
43182643
24202433
58947853
-73293466
-7606886
77787988
-53836949
-78946886
12227294
11554205
36591087
87038269
70288108
36025034
-27720149
99943886
60562880
-24592520
98646444
47644682
93366463
1578405
49873875
-26386600
58704847
7164619
-24105355
44600998
-33982184
-26311035
-41369602
-9562418
-76183928
-62945579
-41834470
-87440408
-93927115
26224987
43906575
-42427566
38864368
-76045868
1650303
54250619
-84338828
-9291854
16192453
-96135114
70857058
36338108
-38323516
8687637
-59979863
-84585607
64501110
-85505573
-11905916
-53744501
99200943
8153149
55993521
-54270439
-97247985
48948757
-10804078
-413527
36993773
-59745565
-3593777
-37052046
-11110146
-42508905
21159828
-36492671
19257503
-76367130
95830837
37482538
13943332
-76806456
-23868852
-96624281
93216871
-20389712
-63305800
-38020517
78016834
-58049284
41174236
-30601937
-25062919
37428627
23611748
-14179158
56561634
4593847
-57180210
-76947521
-90180767
-84420148
1435078
95197190
70884820
-37867034
35031030
-47581778
39105265
-17061571
72604380
-44365055
9678765
-85766755
88694725
60388866
-85177669
89669975
45970977
76556722
18809204
4407814
52327108
-42275284
1111505
-37816887
63567167
-27265923
-93042698
-47330270
541297
-10736311
14345910
-83857993
-22266226
-36994138
-13552645
78810472
-70604742
-46662261
99398454
-46402583
-38754279
42119750
-20636997
-9382470
74717771
-14389816
-43221081
53000347
72108799
94213091
-20106933
36714835
19989785
4575030
96812978
73348656
91390170
9224715
-36870364
24601834
53826619
-1905973
28550568
48055093
-79766194
-66191191
-50742094
952881
-18685001
36196441
-32268237
-35884055
77343791
66909017
2189966
36279730
-18839491
-14243338
72428083
-49195680
4692139
-99485207
69381200
55312634
13800356
10713747
65046691
-80261307
16998085
-77396140
3618381
-87189747
31927824
93851184
53498843
33800291
83445759
-22692987
-47067866
13008990
72776427
-64414540
6435942
54202751
90327528
-31783311
28726367
16767857
-52647651
30652997
77605673
-46100366
-21448960
-18050958
17017463
-20206529
2044635
-14925710
44251324
54775474
30046820
4226044
22369342
-62627924
-6914598
99672704
-44956664
47756705
97915090
22035537
-8953549
63465056
86504289
79900236
47882491
12098436
75322996
53156023
81184721
43963977
80678590
77015496
8501121
-73770381
4258877
7699330
80253108
-34056682
10937183
95724159
-82001566
-82943190
-44243809
-89882461
89175855
-49486656
84580528
-79316898
-71190173
79333421
22328521
54134427
-68952823
61433881
-4243439
46815575
11120347
-15147575
20564100
-88496326
-55543189
-80246020
78633693
-26410732
-40243109
-59038127
21016452
-26288545
-48454749
-91145131
-62766703
-77672560
96110724
35030392
40888716
57029648
10238508
8922737
-39101761
-65393819
65695696
92381974
64233086
-74649459
-21602655
-19390905
71332198
24765108
68808445
51564573
6989537
-72941726
-43828524
95829198
30264074
-13707594
-3172058
76668468
58087420
-38311737
-58285482
71107596
-10633179
-38588693
-83596257
-3469136
-84484104
-69651798
-10081710
3261058
16631890
-39140317
-24931131
-2527234
-29867980
-91524033
-72778153
-17765245
-20201964
34343164
75028168
84544069
-11519787
90085306
-98335082
-30717088
60774478
85264459
41851469
-96566358
-53782777
-4210561
46075222
10525622
-82949186
1925974
-54879589
41823544
-36645717
-40143082
75794306
40824436
23355874
19631210
-95298655
-59399567
62977140
5251287
-42270301
-43628219
50895105
39244836
53541127
14274180
-78548565
75895572
-16580164
57708911
73278504
43143509
-11026738
-59659685
60011590
10188568
-70275591
29319434
-88864400
74201819
-58741611
-97016641
6162006
32939806
15691191
15491163
39690480
47157677
15770316
49458890
-2256823
29863341
-35999874
-63267865
13145857
7660765
-26269923
-44088677
-96031037
-28475581
-29021119
97182534
84362921
20218944
63157829
-90862865
25753092
-985869
-30114190
-33158465
-79875775
-76388873
4806387
87500642
32813348
1263728
56772662
-58142683
98874503
31470496
94400455
49410533
-92613286
-28206046
-58828108
74019695
-42152772
-43151406
75843226
53111783
64769437
32611357
-57548130
48665607
57975874
21252626
-51231172
-47487248
25229339
79450234
73632398
74885459
-68976767
77098667
-92865789
-78337069
11719015
31510386
-58337508
-84383211
35603616
-18346231
870879
73322334
-86838003
-47088029
-20876946
82380604
76861591
83694057
67663979
-34027576
-51700052
27116871
61487476
93852143
-26782342
21026273
-17769490
-47898335
-92347791
78196741
65360249
42557329
-93314560
98401370
71844117
516798
-84409081
93736321
-96695699
-360416
60722146
-56472571
2350967
-14967395
-57729807
25486228
-20600815
49513801
54361570
-17615981
-83550380
21144155
-99688116
-47735551
57543919
26099091
-23534399
34100946
-69664935
7954239
31268876
-65989350
-7560105
-28405899
-66518664
-5637157
95614013
37498288
86869744
22028144
35519913
88818475
-58442961
-32415503
-98839832
-26643452
83633135
-86528794
-87178520
51375065
11593754
-95731718
77527507
-33038033
83378482
18392594
15292484
-15491296
5358332
19107422
-2316569
-30104991
27139015
20175028
-46728384
-29615801
70187030
-34643456
-53815797
-24608866
56642373
42542726
-68651593
69975775
85164571
-29830478
85911847
-32667044
31390522
-51462905
-96690042
39095971
17184830
12817335
-62412425
-32258732
-45292167
-456251
-5913156
67870056
31458987
-82600075
33126315
89653779
-98825591
35584462
71486483
-41914356
93947955
53598847
25326948
-88585204
-64325630
64123893
-37933793
-38387177
51652279
-76809151
-61538802
82023429
44917322
46324128
-47145689
-34959947
48988288
-13889472
-78592348
77552914
-52743494
31108777
-62434046
-54386318
40665330
-13663022
-44560282
-18837070
74710960
-19306512
-97792108
20576640
39009675
-81047764
5856531
94411501
82687250
2581980
-62539421
6913580
45561217
42073509
6383243
-17753219
32134743
-84515943
59147241
-16324877
54512113
49489654
-97101292
-43586869
94796153
-74216096
-26770832
54003275
-48703092
-28422126
71087469
10693897
-89647514
-51654581
-51456645
-99404324
34690863
7675513
87484203
86557923
89818789
94949829
27216118
33291304
-88475610
-65062936
-18876999
-61819313
-91013906
39677464
-26287122
4591128
98520207
83501121
-33275809
-67255496
-41463653
77870376
-64579306
72475179
-33553092
-38957174
95504872
93475686
5124527
-15942190
-35174167
-32607832
59234045
-77061209
-77080981
-51640982
88915362
-82328140
52872307
80960367
-58714690
-81066115
34031148
-73486735
49063870
-67120782
-7796075
88709149
-67538977
80844032
-95789310
-6724941
-85317574
-63477023
51835206
-36916102
74257244
-21679258
56574856
69316010
-35631244
-93683488
15082374
-85063889
46835208
12414419
11639223
95427647
-73469379
20506975
74977513
12594299
96861037
97718782
71150535
38665928
9689703
-47724166
-46753521
2040235
68328105
-65024470
71917098
51375171
-17837203
-42632153
34163073
82773496
99226666
86395780
22058212
52313374
79924130
-55443183
-76096896
-66639134
-52710673
15352544
-30102662
33084988
70578881
98051621
61069192
86601937
25198989
-46801271
59235427
-98054087
-72893707
16453550
-51152152
76537519
69867478
-82410068
82366103
20433879
71977419
94179149
-3599215
-76346482
54586569
40402748
85220291
77181261
-14451990
-44008052
-17378777
-19773618
-35471723
50198978
96785571
53592781
-8135894
-29906662
78380389
-46164795
-9722776
-76653106
58243480
-36670122
-49294490
-81131520
79714146
-2894248
-87946128
57568224
-4121217
92774902
-953615
-18280243
-51129795
-24636444
-21578424
67014468
32119187
41792936
86576179
39595882
-69912085
-23091844
-9173871
-14477533
2310810
37320173
-20982027
11273617
-18463843
-61318369
-67901016
96508699
-58922789
-35307414
-84059516
82591725
-34873282
25429201
-99182231
57523612
87579645
42195039
-20655114
91937312
-9322774
-79007552
73961459
51330190
58621938
88918229
-56507516
-79480113
-87176900
-73561129
-87664038
-40789427
-67325620
-90517908
48157690
6001007
-82110280
-1016638
-45830226
57120531
-89927315
13840145
-9556761
35529960
-67560186
-21746623
91159104
59531364
52186341
-49381324
-49485583
61189610
-90001226
-11211506
-46806816
-59799738
4930536
-23977585
31932960
46079370
-74515398
63259446
-49402299
90415062
-86066600
47124219
-3791894
53698584
79376848
20374055
65266156
-91250
79079180
53520414
-86367880
33994272
75407282
-71710645
65971501
-80344073
35689819
-34458711
95993192
-11388117
81150363
15801376
-50831414
-9383773
66104233
73940505
-5011241
3158295
-25624978
77681677
-79316801
-74099560
85593260
-44373324
-72571136
-14266524
-64300142
-98598749
49517686
-55842509
64967256
35634020
4354190
2084098
45636228
-41423444
-82721782
17416429
-30283995
80054403
-77309449
16450918
10986183
34253060
-81332913
3783103
-62159625
-72774281
97999919
-81694508
90145557
-35929516
79581977
3346150
-52064474
14795961
-9794110
67394207
-98074720
-8297628
-65675283
11471445
8803779
-49136943
66506212
-1191835
27849788
24959530
-4870301
14945044
51292584
45440410
-80365517
48063273
-60088754
40371016
25139094
36956637
-34900329
-19355558
94382102
-15742039
71714832
-2139556
48279182
-20184465
125193
-74540378
-32922938
-1764679
-99587347
-41675355
44599788
12431842
30238911
11194984
-52133960
-86520581
87106562
-36645972
-20574501
5455325
57305934
-61230420
-65142790
58189272
-5445672
5147026
81135157
92681561
67184783
98330871
23858034
-44762279
53754681
-44633220
47828762
92000137
52117128
-13140113
-45589531
69056070
42658551
21222171
71213031
90315080
42127409
-81237999
-90435812
-96830512
-77238531
27294305
60100860
-67658194
-56757529
10033690
84437353
-61710999
-45657078
-24635538
85531441
57755091
-20444622
40053229
-62699682
36305914
-36827182
89790943
-68304070
50054264
-71983997
7061305
4603408
-85290051
-43822013
16449802
6182899
87578149
-4607034
-33858893
-73356818
-83352056
90721669
82234400
-20699373
-54177901
-19499233
-8466327
1967364
-42383093
53015499
52726118
95404380
-2196363
-27894068
-56635811
-66388372
72712028
17522731
82639258
78667543
-91882822
-53940165
-84123641
73205837
35738609
11688609
42518923
-74766833
86428993
-23830697
-51599789
33133713
-18254754
50350929
-63807007
74792560
85833816
9232228
-1174636
99005372
61706469
-42570536
-85282835
71657889
81210937
75685284
28509844
38124683
-9558129
-26004388
-15007279
-64656479
-90145527
-84417608
-50144490
-80645354
-57388134
73291739
55294653
-68990256
59827423
7453485
-98203970
96536043
-35644055
-83423027
-55117114
34596521
-97610497
78369467
-58559185
-15965886
-56186155
2227576
97857849
-4952841
-60382657
-25211030
71508582
-69525962
-68100290
-70545189
-48007424
65392438
-22758959
39001856
53440025
96616431
16886690
45196310
87566047
-69467012
-15511695
43742279
7271322
-33976222
18799219
-99496108
78214313
-10155289
75015652
-55310654
-8967149
91434587
-36423691
35748629
98749898
-73205742
2296875
20508887
5435491
8799432
48544883
-21480868
84694349
44658061
-88278059
-44585547
-13051469
-93704927
-56801801
-3755373
-19053147
-70757544
-45020959
-15958776
45748686
-94431388
75967976
-65061136
-85069703
29171112
-1685060
59439679
-97293888
50592978
17822497
49372063
43996124
66784684
67555901
30177775
49765167
48469737
32692241
-93799820
25150880
-32651127
59851906
27151712
47719135
5764311
46004360
83045731
-76108680
95355847
60310003
-4313609
87163350
-83399526
86934243
47329796
-40212095
27178530
-18194683
-87942038
20989806
-46135355
-40559200
42181566
-4122534
-79046940
29925089
-72013804
-20379505
-93738729
-45098967
80209452
60722004
-4579060
70429106
31972399
14157299
49632199
59788550
-77552032
-46829678
35667656
-73891085
-61874517
72670235
53232694
46107024
-10217362
51861377
91723068
27199352
-26171135
39461747
13975859
87554549
60031528
-10926319
14139750
43910167
25186069
-61423831
66748405
-49555571
-19476057
41544240
-61737492
12168182
4097232
76121966
-74259618
-73633613
-38713808
-83128082
-97274145
68574602
-95347812
10785092
71851554
-57203434
-97838782
-61515148
55181425
-14098526
16130765
65426667
-81025716
-35551975
-99810288
94391639
79436747
-97553547
-72074906
-3921994
72549091
37195016
-59633283
-72590778
80123523
95516468
-96380008
-67412985
-59285130
-68243632
93788555
-81748659
-20060513
-71447514
70411021
-41760535
-93346966
77454871
-77196830
32272321
68117834
55659560
-28949922
-28806849
-46189854
-25997630
16250988
-29011860
-22490669
94160718
34149980
-43507428
89970754
49504069
-70490065
-94846826
-29094519
35810656
9975930
55714665
87640845
82849599
-58014858
-77295115
-41803799
-24255083
66941025
-35060288
-53364604
31249881
-80744895
98791914
-14938489
-68114113
-39710867
10796480
-87821081
19703772
18370668
64937030
61055487
97230090
-2677255
95946280
-78129208
-97707703
71444965
28625527
-42393001
-33712542
-8631921
5284849
-26241982
-70150565
-98115852
52795117
-37338809
34372793
-24402631
2396091
-4524766
-89342222
-47298995
80637469
-55453098
-92292422
-36441703
-56178995
-48888513
-46742065
8678318
51461641
2652462
-39200382
-19492006
-75633518
41847736
23053766
-308298
-87831220
93527531
-26891288
9543500
-33008211
-43641321
-60179713
-37784974
91607151
-76210884
41571783
93149366
53818716
62192846
-98457018
60693887
16582442
-51788107
-72842463
99993494
-24815987
-48302286
86530633
8847418
55193992
-70675185
74569108
-52678453
-81221290
-82821666
-69747525
-26793951
97772887
49666654
6440269
-56813442
13736462
60290298
50548996
-58197694
-93336466
-79101301
-48003542
-80608634
49356406
-43072276
-62302397
66963506
-7576372
-87091927
88917353
31928348
61388524
-86756342
44934747
-69511371
20346375
-46332777
-60191893
9275439
-10914227
-3296344
-26966863
34127835
3037661
58118104
-16292219
75386708
-19516127
-34200159
-11797123
-78083857
-22204206
39843639
-84050705
-6615051
-51941589
47523444
15289376
-47633918
44013526
-8206478
-60038332
44466487
-68086708
-487591
-782402
73583337
-80929348
-26072435
71445139
-9683247
79506342
26921610
-4911059
50674823
-12557444
-59969081
-98247849
48686989
71898387
-15315282
-97626640
95801185
-25649885
-64715599
60107044
32982687
-9395893
-78323714
54023756
1015519
-64380492
27825406
-19997945
10767753
62621210
-24758469
-54225192
90437514
-20421087
75673724
67749853
-86786495
-82350197
-38140460
-49853876
39222041
-28153744
-30689335
1052595
-31674679
77716734
-11710981
-55379082
-86312601
22575474
30628016
48730310
-93668137
79414070
60476099
37415261
20927882
69430325
-86473740
-6677958
77137518
85058795
-71753478
50823525
84512279
-4426991
41078244
27587561
50531017
-49885437
91124434
90874155
-69080575
-9562270
-253357
18476990
9116830
37541880
-44412325
-40717284
23350981
95528698
52632781
-22920627
58937621
15454102
-34157482
-89366338
65507226
97098692
-21180770
-26430434
-37126735
-57428273
-76311009
86591808
-21622284
25575656
-91564416
-67015005
22311632
-77521131
92360961
-48205021
46629709
-6840647
68528713
-45542629
96630647
-32539047
-25429047
-12333895
28524989
53113381
-66365866
23377491
-9879219
49074512
-99694360
51156880
51369847
-84735352
92316732
-90319409
79713814
77305145
-740448
-94555418
-49797003
-57384158
-31451606
-33808248
54819426
-61771163
80113759
9223143
-10321102
70550164
-87038057
79332396
36728570
-90795987
19911028
66163816
54473184
82203974
-30579253
84756617
-80831511
93210809
-43279771
92028203
-877925
-38376667
54569753
-8278975
50603629
62407446
-75290453
10570058
94476319
-68711052
-1953319
68140313
-83793255
77062868
-34477376
19627888
-58430846
73576463
-70356743
-28157017
42950170
-24748330
80895283
-22258262
-54286682
14613499
-94952762
83007088
6397992
91272566
-34665338
-95686934
-63223364
143482
74126664
10132091
-90409318
-70940557
33997028
-71700425
-3567812
-5866196
71018828
-22943549
-91654453
-82273683
8666442
-62743168
24331207
54170960
11129280
60488941
46098465
-37559252
10078574
-51395282
-77436303
-59675643
-80897533
51639537
87944458
52648870
12364778
75248988
21199948
8840650
-73432570
-84703619
-91783149
78003858
41349673
-80860575
65298422
-76118243
-3402253
905748
-63325357
36842688
-3532665
-98990899
57287749
32403089
77549837
61307314
-36284140
-94167760
65725306
-27231085
73752983
-25610289
-59928556
22844084
-82718674
-71049548
-98193597
-64722242
-9813172
97054610
-56429726
3296371
23454498
1242314
59493256
46183489
-28688833
-36845490
-56903182
34528830
42659952
82067341
-519870
69001692
65963365
-71841116
-22497889
21859368
-13287161
-37268063
-73003546
67974078
-70325144
58393649
39367381
86568983
39104886
56979341
74516082
-6241861
-54747600
-34665613
29766605
51234861
67701874
43132025
60003549
-86208373
89630428
-94670744
-62710697
47135613
-60494198
33292754
67365486
97774413
62158061
-84190147
-84339102
-90330335
57042327
95780413
-94091195
-71002652
12349660
67336068
-12500122
-56933755
-89392448
-36770782
66687439
-1234646
57195500
-36323647
95562453
-38583821
7623194
-19708592
82612848
72955385
51636425
-37541006
56454969
-70753264
-72738489
-98358984
65370670
-6157323
42278893
5988536
-87692829
-32488183
55841338
-64866730
19462783
-92670106
38295848
28839234
47544745
60544945
-13913360
-89889579
-10511738
71932771
-26201422
-38777513
-18493192
4086433
2140959
61283189
-23872675
15825363
-32982621
86108286
34743112
77627353
8791628
-83849638
38741941
11082409
-80690935
-98869776
97784941
31959540
-61991441
14835474
-40494424
-13616276
-10989345
18127453
-92731018
-94998691
-2292572
-59740466
9721413
50981357
86413622
22576077
95960252
89976305
-48946761
2975496
-83252532
79941722
-8336983
54157157
52649501
-65184966
-28945303
83723004
-5763736
20219214
72492144
-33477421
-21565083
-61157504
87786272
65482509
-53109764
-6588089
48721074
53248136
-46255814
-21772745
-79391340
71299566
-26793349
-33549493
11930805
-28383039
84456603
-46357056
47398976
67433663
-89958924
-72527438
86161358
-4141061
-53449546
64880710
42553260
-74741997
41722683
20382882
-37371618
16303135
-69594513
85699198
10035182
6798866
-2278081
72943216
-22027972
-1623973
16776504
-90005788
-5998848
78099942
61424998
25869610
-39986554
-46454517
-82204345
-76983770
-8319641
48380608
-83458455
-4555127
77607929
48989864
-63483247
-47256024
12762449
93538626
-97362243
16456329
-86249659
56701996
51948046
27660864
-74506534
-18719434
-3416805
14486113
-21838296
-14339774
-24432057
99849372
40222541
94144423
47040099
-59778296
76405135
-52286115
-29938043
69027217
46174352
38843480
79441077
-11254887
-81913847
-54512573
89419936
28550958
-38495456
-23433946
68840198
62846108
32981284
88406550
66381622
-91104332
90263534
-47518589
-78709885
59529506
95549277
-31953804
24721900
-21270712
-22288675
38278275
92871955
-1433926
70000399
-81188997
-11071817
-63492341
-43317970
-12310057
-59627776
27250338
26879516
-33971981
12660185
95285244
35172612
-96449918
11412686
85902220
37570823
-59767659
3022493
19829637
-67368216
55693429
56104775
-17755215
93559301
81371649
-69311722
65693072
22320528
99542453
8888931
5840047
-13149254
84552318
-21140111
8925412
14938762
16146163
75477593
-43493002
4677513
-23318987
78686161
-17139937
71840558
-58389508
77274286
-72883583
19939148
64466248
78286339
-70637395
81035089
67005810
-4031502
-70639709
60874331
78719570
-27495967
-58918962
-49175210
-83070555
95769758
28704197
65823405
-18245545
-13900304
8769680
22618007
-32796222
34787561
-92080784
-128965
-7212311
14379790
-23268744
40235159
-71973957
-85424360
-23511721
-40337757
25155298
-3231220
19653085
-79495545
-74933427
-14213036
-27235168
-66824441
53327550
-22167109
5484
13087246
-83006467
20297426
26632383
-91575972
-43554439
47356611
36612089
25318379
-52198506
-71917935
-72827223
-61894214
86951803
85814331
-81209047
83718256
-90450002
7118138
47411193
31562001
39714470
1578628
55671980
25666527
-4469957
21616907
-90220771
98877107
53829837
-22795933
86748098
-63777287
-5575368
50822474
-64710086
7753505
-5105839
-42887843
-12168663
68762200
86733077
56160128
67589632
-90602009
-22259769
99155055
-96304442
36351851
75258382
-67368475
49854267
-37926393
99532635
38252121
15234915
60185225
-92690671
13921225
83700403
35984205
-78424634
73467574
8750989
-11465214
-57590070
-56503519
-69218025
27761563
-47356278
94999938
10869142
-5026869
-32523667
30245088
-40907021
-22786557
19409795
97862431
-6600121
-14574464
44243084
1700866
-42973371
-41250849
-54777142
46105770
-39948703
27709972
4868316
-3252786
34328239
-20195008
74787793
-17419192
-65223833
65133814
81497757
27450235
70699174
-15949190
43956
-75444444
36382617
66538279
-75910996
45248984
86367349
-68153161
25596093
56346614
-94439789
-65450342
-37616401
-561455
-1038276
-40860280
-73147041
13017092
-59650847
29739013
-87113417
-5850870
88514773
-38777161
-46749837
77423033
76696737
-12727593
10373274
91046541
84828490
12881279
37448481
59638841
-78035228
-71048342
-71425405
35795650
-32463780
8500876
-96741593
-92950303
-84080295
27835913
-2559662
-94506022
48053794
-65860533
-33333488
89275773
82079325
62409761
8512468
-93155795
35397797
-10455869
-78314139
46779069
95369021
-93424217
-76046348
-42907010
-13933249
-33051643
7892992
-77292844
86793060
47010501
-65285097
51031629
-23397964
-38232187
7974154
73992128
27726826
-19002401
20892796
48601312
-83399256
23466650
86668010
-24480463
-6732230
-23367003
-95207744
30006039
-25275863
-47185691
92811091
50640314
-86366769
43951730
21324974
-9416166
89908722
95286673
-24625472
-1563884
74446312
-21058640
20936778
-1589025
47634119
-48567637
39183022
26924903
-63861009
56726076
-33469819
-28672750
5299035
-81684078
-96071563
915506
-53369016
95379952
-46843419
52171641
-372362
-94928604
-21111096
66317923
-44755525
-6430422
-51147707
-21086310
58630865
-76752419
78245589
-4842463
73729010
45689623
82531466
-17538731
42724182
6739759
60737876
23828293
-20387003
30146749
-85254647
-26038762
-80161644
70876565
-66727645
47784046
-17223169
67714963
30149016
24371316
75351245
73112278
-75006943
-32160706
82027793
50174105
-85672315
-21668322
91511885
-71220409
-39849428
-97304447
-66894536
-36989760
-51060415
-30511950
78313304
-81246896
-92488962
64248332
-37510238
-32482882
38278059
-32287782
-7815635
-67205394
96983700
-16387902
93464268
-72344528
36827639
35550055
-45987804
-5427697
-33261191
-28035869
80508740
67970011
76766234
-62663269
-16649842
-57275879
89187097
-47773930
9043773
56802318
-54767537
-51333103
73340855
-51763738
-9185240
-61750059
-68419687
1712398
-78528298
26756616
-91791675
23803836
78711227
17567269
50533778
-34714477
-40576769
-79107653
-56546753
68523353
36213230
-49892983
-1290131
21031511
-6923060
14677332
-73289448
-26081760
24533564
36064020
58053493
56693898
84636468
-3474186
-34509406
25490756
22897742
-84802185
-42875601
-54075642
-82403793
-91947295
-5158225
-59380121
-74488773
-94645473
24829500
-21372277
76494061
23523730
77578797
88287434
70051400
67466031
44128692
-94090036
85588121
22906714
-37664643
-79080696
32670986
39756220
33177048
88494676
15673458
-78335972
80080972
62593480
61724508
41329185
-18351314
76149066
-91619218
-56099148
-68545190
71010737
17773905
-45759764
99473624
-35780554
9680133
-27576933
643655
-14777752
-99770879
-28813284
98076632
-1899589
-66541895
-52686510
-8314927
-13156148
-97416206
-19523381
-19875409
45844135
-61054807
-12192173
-50749093
28302794
44787632
45707739
-69984872
-93689799
-98660535
-42003639
93641662
-20564565
22736760
42117530
-8219671
99525283
65946317
-8530849
-50748195
-22566763
-19747748
-49591366
-96885654
89376330
-78049591
89306364
-75631141
58886513
23828096
-61536231
14557274
44755434
-22507235
42610034
67682063
-21779541
-8090031
-83977260
-13795742
-16825297
8755952
-22951549
-9446595
26996371
-38446939
-21807314
78180818
-1424598
-10491225
32994155
43009646
33928497
-10033853
-35096088
82705119
6277120
-62429940
97242760
51121323
-11838406
56060883
12384481
-89139798
29807768
-18519849
65070759
-29408730
-33098334
-45523958
-2480441
-98293286
-59809208
87587519
78091633
75238735
-36814163
93690171
29441100
-31021636
29454648
87040944
-66079146
-76637440
-20306498
-71196832
-23623535
37075840
41998079
-16212934
-25173073
2081153
-12399300
-95167330
-68408134
-76872767
84062757
-28079410
1572406
24940475
42621227
91046547
-30824228
-70529157
89091492
90504420
3085077
86313169
-70990006
36331963
-53145285
-73865844
44648723
-44682604
-5100056
57356872
3608297
84891388
11982946
-11702441
35401313
7764316
91247953
47894580
32524763
-25483025
-21485936
-95921971
77957344
-96327399
-69078437
-20370865
-69102405
14015654
-32880247
2752172
-7226150
-37986259
-61224601
27743862
-51534157
38926420
3235625
48441379
44543983
57799659
-62747221
-18617492
-7604265
-84018030
-32907737
12205052
7300083
22158200
75633947
28105925
-16530127
-21177289
57139766
-9574713
11080633
67304443
-20851076
81265392
-2770609
-9062316
-34562160
-63923469
17422925
12395714
83893624
-85415586
78619195
-45944303
58150186
-10276399
-20998663
-88247262
35830572
-89270289
21997211
56138868
-1543405
-83043302
55511419
28751477
5705417
-81280925
-45387678
89341606
-83211613
68700376
68348278
80741258
67240215
-14333550
-72316816
26840097
82057511
-38889998
38988474
-36947529
-85111574
96408716
-60690999
96599902
-33736828
53350654
17915550
-30209065
-68703878
-97187938
83751946
46702039
-9630192
36732024
-1307543
17296114
-86740072
12188219
-56741456
2939157
-15505698
44009495
-14119982
34125321
69467007
-30653586
17365830
63479561
-78028034
-72650558
86224887
-28039545
87146502
-74467646
-24102387
40987347
33112768
32914633
-76112953
-16745229
57733623
7658529
-98443188
-15607529
93728288
66064090
5177004
-48869041
-97174688
38623295
-96728939
41050399
54387540
-33747691
50102814
-62431571
-44946337
98911741
-23337967
64436301
18058559
75773394
-40707872
-17431729
86162547
89712179
23254695
-60618772
4479353
-33258881
69339518
57183720
53154419
77450018
-98012398
-45697933
13405599
33533459
6863716
-67501256
-59390688
23511746
-87650009
-48747130
43039958
-60611745
50905340
-26386129
-89980171
34658090
-36632785
81399964
-51591000
59482531
61150022
58585086
-86682810
-28600310
-54822420
-82396884
-13394659
-298071
94662398
-9977161
-91588474
-2261303
-85523214
-47718834
-4503504
-42245291
-70356062
-17108370
-24061677
-4517430
-88430024
10637030
85995560
-33946979
74767909
-64513425
-35301497
15789436
-325794
-82975281
90420648
-77413974
-42607679
-24439441
-28057463
-86833187
63168368
-46240489
-70358488
8137589
5064469
11750020
64804338
-62512083
-35693528
-91103788
91977929
19292500
19451952
27633641
47160696
9675267
54511652
-84070517
13259035
-97784696
79203647
-13512486
-619095
7428505
4681336
-72061304
53636073
-10216037
45119449
13319977
-6571521
-9048883
80158492
95822852
6360408
40602807
33786525
-53436443
98130995
-67950174
-20439990
-62955538
-18285301
81516665
55738574
29489560
-20413860
28765119
-95348938
97178354
24552070
32578001
76827314
-27215505
68681477
-52350666
52127039
-31960461
-48118542
-35196290
-55191375
-74289021
-86299973
60031636
-34278943
18052713
333648
-97491311
38029332
41996363
45831427
47780200
48533207
97522426
58193396
-80576329
51683268
-24909441
97969393
69551917
32518030
-98593219
-95372397
88510327
15762911
40713960
-74520099
-50515737
-15499205
22254786
57967199
-89544321
84022003
-49524276
-402074
50197211
1293032
57998334
43958100
-51484430
-39514269
-59853180
-70278513
-27450027
-64304166
71508449
69716949
-4606352
17563331
-78508309
-43894998
-39673170
-30998637
-18687503
-57517645
-25495614
-32352294
-76565843
-54475936
8836153
-11736772
-19160397
90685947
14322782
786036
-77957949
82544805
80000084
-9309171
4627611
-64231182
-13540816
-43619174
-13254996
65316361
37676337
98083563
32820534
-50850406
-6019838
72138540
-28409356
-85033972
-15565619
-56317904
-57008784
-7125012
42392431
81636052
98250686
87745850
-15588151
-42299960
51619487
99286424
-1623500
-30134444
9267681
71974453
360602
-93003791
-57044577
80449227
-95604440
2770014
79966160
97096873
-88547730
52882856
730592
-23774930
69111639
76718278
88409637
-12293895
71755455
53484941
47313880
78733117
69268344
-9240709
99317534
78268490
27936889
-61429511
13834383
60128177
42977309
-51160338
98698882
-41915538
15517022
9146806
9174248
64475031
-6726379
94537197
-23084948
21835696
91215070
-24881405
-80009753
-27787602
-76517308
5776186
26814515
-16898943
79976997
-59619132
98238163
76741184
-29164067
33468961
-36543767
-33884702
-90979547
-68521560
23767604
21344838
-57012202
-10023131
-49310587
79879533
74932770
51950660
-93027418
93432779
-72283772
81794838
84771161
38862352
91807199
-1938380
46292639
22209667
-35345846
96000058
-33380330
-5339292
-88617377
19990340
33944591
-41286372
-57103004
-59426657
-91351318
41454415
-35300569
99089093
-37483878
-16346237
-58182865
67137280
-53342191
21370439
-57814855
6478609
31461122
75194817
-503810
-7317559
80299399
-74504603
50887051
45038533
-76040438
-58641168
58089829
-40178655
64707301
-82627601
71516332
99357019
-10795427
-7521011
-43070386
52692184
42011817
57446706
26518752
60972709
44483928
-66016084
17187443
12031137
-30805728
-56234498
299173
71609313
-11174239
79399903
80936544
-63276981
-78112577
43254080
16922117
-86300771
-57608369
83713605
69086467
-5853618
94146495
-92212705
-72394708
-50822135
74567649
79322392
-76848554
-31952793
-9717153
73215600
-50610295
-91317524
51891354
76953614
78419338
25219149
-51937877
53574788
-69755829
-16872250
-54408941
-57389298
29986082
-17640227
11277934
3865243
-57690879
-33310770
88204868
22487309
41031073
-39679520
-31969843
75303229
76694860
51010016
-17826916
-44415301
35881578
-94067273
84218517
-97081645
-16821143
-85296214
42279908
53762068
-1646234
-7777209
54111660
93772068
-5599691
93926676
67232715
-84578971
61742157
44068743
86824076
-41922254
-34206662
93828842
-32305148
1269187
78560668
19085509
-29764407
50152073
-44568071
43444195
33260419
73936104
48606709
-59098559
-76245421
22771500
92329471
86418908
-28503087
-41870059
49882888
-56952932
-81911598
12817907
28493795
68260142
713031
-95334235
-90113772
64078916
-46851285
46896090
-22057272
-38071887
-18194481
46912902
39289558
-15312624
-4854621
64139115
28725542
26113346
56710550
-56359094
-13941409
-11511478
-66328022
1249886
16400582
-42615486
19003193
-96967179
98832789
-67317914
99442164
52489508
72008325
-44060463
-58633189
-91155298
-12505315
52833781
-58510724
9416766
3793885
10604966
-73413703
53176206
-91551384
-19646889
-37963587
-80470592
-97220284
53540233
-26308188
-5884011
45933639
-62654092
-30779488
-37056222
10876497
97385047
-45300823
26122507
10366480
-54063757
-22410767
28868420
-9931753
-49418402
32726310
82073854
-23460443
-51240731
13127036
-66091311
81779536
88798968
98712836
-63052567
-80469579
-49948248
89396700
4086633
48657583
-41644588
-90621911
18561566
60792874
47666408
-40476673
29537233
45177734
-44070777
34541381
-84265684
-88918785
-23115335
-63854379
-78930641
89309735
-1692574
88145718
-284469
-4902438
-43530743
79297541
61949604
51415857
71997114
-39726323
-54018089
43924345
33181839
33511687
-23269506
-98183110
36624997
-28839464
-60473923
60674676
52610134
33222671
42626462
-96931461
20220743
-33146381
-27259856
-53077583
-98072249
7906315
59603844
88801564
-37801138
20402824
-60237193
79274469
-62471073
16525010
55148952
-58459804
-32575612
-12975419
20581440
-83236694
-9327122
54074272
93725910
57311526
-82682021
-66144227
-12302296
-97210662
96544798
49171925
89085915
-77611064
-85793835
7272158
-21942434
-27940706
21570803
71339287
12638687
41098510
68866914
40710351
76844636
-99405233
5142793
99712287
66150449
20136243
6137694
-51395742
52707600
59030643
10786543
-77177674
-10810612
8499732
-10713914
-81392644
35372569
-46535641
-10233169
-96686724
48319320
8811591
95426534
-62036207
56088558
81289337
-91250521
75418166
-48529094
-1382376
-72454065
78381589
43736173
-72181505
74938128
79604488
-43290905
-78248846
12312911
-49569616
-35320881
80025903
-43646586
-34529315
-4038185
56949395
-54325464
25947872
77262374
49371687
-93898034
-76363129
-52530678
-45406005
-81201497
48364588
83054567
-7771123
-44164291
30810378
62024887
-82413679
-37703254
-79194167
-11350208
47134051
82511036
-25218888
-35577428
-43288918
61120849
-98736937
95321359
17629580
53894070
-44428966
45479761
69506636
33110976
-40271116
14975547
-82721123
-84031190
-81373825
-24762573
-48184534
33955286
6878877
-95649442
-27570400
-1244679
-48383273
-27640169
-92084862
-72584723
-97976178
-78645924
-44271656
-36876285
-64034742
-87408801
98525210
63671065
43750879
61867839
49628489
-39610062
25668383
30535786
93715723
57582559
33172289
59246249
4026841
91594670
-6116839
73745750
25476519
16177630
-56511518
-35771568
16329203
-61574642
-21518422
-90080142
3454775
-42517193
35391546
-79697952
54279267
67214320
54359701
58439314
41871931
58463051
-1339012
22330238
73425177
2714656
-62769273
39920484
96474800
-65924332
-25270405
57913571
18105173
-57700753
35770100
45974700
90810637
9633939
66214530
-98363078
81661296
-30065360
-55224650
-16807386
85701191
-74867429
-27284455
2399218
35689142
-85485029
31608389
62186303
-56800768
-65665893
-6708778
-39050214
22299018
-69616854
26087751
90415187
-25926287
-71902544
789250
39399273
-26666530
-30408926
27296724
-4181611
-4850050
-54942091
60526242
-49403812
56759259
-50097016
2227878
-36098189
57752166
-45777040
-98789785
-16335408
-53328640
99641539
-83367608
-91951737
-75793221
-863878
-88248761
-95383160
64878792
-98847518
43348771
-32599380
-33251560
44839450
-20899669
82302012
82068063
68641300
4364542
85844454
53776175
67290703
-16547863
-6139009
-35244520
87628796
-61429927
-86297991
-6617329
99427860
-54026238
-68396343
50223563
-15508414
-25208469
-65500312
-77495428
59914968
77110466
93103867
47461157
-67777552
-709521
-42777194
53149197
-69986212
-40520526
-56037310
-49378116
20915586
15111718
-67707396
11822447
-55976013
-52639177
21070748
-66655279
-52920603
-73921196
17640872
-32632092
-3264817
20118065
-95470774
99718478
-2096287
-56270751
51629370
-48311909
96335678
4980617
-10051966
26486727
-69873131
-99723779
41910642
73316512
33444202
-10931236
-44645049
-8164480
-89449644
95144087
79244238
4412433
64609013
46969320
72503795
-39648239
13187594
45523458
-12299200
-90572731
45245949
71456569
-27978625
-81684788
48116845
55347083
76149227
52692192
-91781748
-72383242
98673102
92231718
-79056239
64978866
-98315230
56699142
-35035391
78976479
27053726
-908194
-67333699
23039090
54886265
-64800742
37005631
-45258426
-58732402
50798941
-71641738
-478490
51059486
-96702123
-68006138
92105968
38904334
-94380090
92315929
5366882
-68598153
-22669200
34412993
-43154320
-16096149
-56667225
46132478
-2243749
-8634882
38513078
85719460
-37557331
89317313
-99199752
-32375604
30947571
-97011066
-32812614
-14615640
-46770161
-16169936
60080436
13984755
-61865258
-49083878
-87901022
-43659233
-49493473
4028464
-62299302
73126283
54487839
-46442452
-26665038
-41054023
-50957650
-22362782
24579205
-10370226
93725704
27496399
36969575
40746755
31734278
65579021
18832319
-49494652
64252013
51302328
79300960
-65151231
-16280107
33285651
-56680620
-96787748
-85365507
-99639888
-29193056
66316900
63448429
75226934
19968928
4735887
-31463779
-67711146
36733514
20220838
-83022291
-42421014
82658637
-69930653
-2595004
-11688389
-97515056
2701025
-36791172
37235863
-66883969
-59523761
-90815619
-59049240
-94513652
91096662
-47754153
43727222
29113683
28149865
88887903
-10412832
70270136
-3839455
67654107
-17474756
-24440527
71876688
-46404671
62097862
-65588576
-43304532
-56996518
92893521
-83417734
-79685144
1402915
-12107510
74727378
-11004238
-5018152
-81270793
69065197
-53996005
-72544103
-3329470
18448168
-44412946
5897291
97613610
-74286771
-6365838
72291059
-35970420
8615988
49857809
-9230334
19191793
55669229
-45534140
-3788743
-75011558
-23956758
-62536943
-75908014
5156023
45902797
-66445525
15673573
8161065
-83182049
33261605
80571563
-96857250
-55975620
80729274
-51921281
63948835
1905877
-43205535
36789512
5642060
-57806942
-60703127
3963775
83035523
-34563252
24154042
60594233
65853621
-4787506
93210647
80722839
-95814506
-92765797
22748054
-76890786
-12859109
9347707
85526577
-64588531
72687377
54319819
55806434
-9576513
-29570271
39973755
-52956961
4795393
77387096
-96146794
27546808
-66616639
83525695
-15526075
61073463
-63720366
-69624169
10778696
20927459
48166414
82953678
66936992
39776157
39941199
80199771
-69650252
-46023238
84235802
48885862
-45054659
-59126340
79197496
12167007
38793436
51641273
-80832201
-32198210
14109985
-3323128
-87568174
14455931
43965190
-96092791
54117702
-65362287
72664488
-72043534
-6892789
30064588
64407514
72431859
-89081214
24784546
73323927
-72646412
-51744355
-70019978
-93903309
-14411752
67659038
-53027044
-94825965
-44449459
-51896946
22655075
17589943
-72716332
-27590830
51486860
38554615
-70919639
-1506816
-93310334
-81715782
-54819532
16569272
-98088667
37707733
-77574736
30853674
63727323
88209536
47946459
27972190
90145982
-21314522
-36399675
-81078373
-81438049
-86469196
35479982
14862014
-68527285
-44039074
-24115154
-51240658
-355282
-50527609
-31360294
4348682
-71740849
7179321
84836955
-22702863
67956316
-10290204
21324441
85631457
-52249359
-39722613
-61555555
-24507791
-22131855
1439434
44082589
20359113
-3978410
-92855418
-81983009
59992216
20006288
-5583918
-28076744
40004549
-26744205
-79390680
15087290
85580387
-58281511
-64488641
-51011293
8954424
-11836222
-82018884
-93947216
-35077691
35424912
-49192284
-15034781
-82540091
-74730714
5505327
-91632884
82934491
59243858
-37065996
-2655802
44781954
-49098559
-93109198
-23979769
48736167
-64559134
-86224881
13031864
-95869862
-68018960
-8909858
-22966656
-26202175
8138343
48890645
31165156
-69758148
-8665953
62187526
-50981479
-32766405
20626251
97404075
-21615677
-44236441
16810519
-14460408
-92304139
62097578
-68515452
-23458012
-16272128
-23789710
35662642
59838626
3775106
-35332933
21392050
-28804324
-92779719
-15300347
-19982289
78597205
-6705593
-81462206
-18555776
-91490296
-589728
22461246
13485330
40067308
-74785844
46153779
12615963
-30416004
-62107934
51689906
-88976473
65909376
37321949
98938162
32472519
-10427891
57859119
7787621
-47052707
-26688764
19724720
-64287621
-99118917
23644964
-1777787
55925975
-4091462
21380957
-85051548
-51686223
98191372
36155888
41780096
8069258
9450019
-83626472
63671316
-77664759
-35516311
48850404
10661349
-78190016
24640648
-41120224
97053119
-26064659
65857071
42295502
98564716
86639131
-9540389
78330458
70350886
86767102
-84724452
-35282907
11068160
52355218
-14025079
393264
32691524
83673333
-94665911
96009895
-33938893
-23521684
80895080
-78450021
-64426297
7428350
95588204
18549553
-62062984
-56574553
77470989
21577548
7811686
59682875
69082883
-9675237
-66218287
11357712
-78788574
-95976725
81746071
-2801042
-95115566
-57783268
84869329
57282014
-40920986
76287115
57526298
-3673336
55013058
-23930927
-68022188
71205500
-97495722
-23995398
-56227182
-36946380
-91434547
-19902763
-62482273
27015500
-25567097
2645957
-7291918
-91580085
55379847
69360589
92415567
39839618
-64677861
-11315569
-8414090
69179836
5766389
-11231264
-66515316
-29335173
-20177054
98231652
-78559551
79682830
-20664488
-41877479
-78723530
-68976494
90096515
-6682799
14366770
-39118196
-80755410
-83331129
-53973584
-35569969
-89475703
-31639362
98901085
-63681835
51413120
58178701
7271398
-41818067
-36625727
57856016
-77857614
-32815673
-12400726
-4200949
-8083908
96010786
85485167
61907181
36509476
-7570165
-18417268
-56240512
78705832
-43653691
-72576274
-57083956
-69776906
48175370
-42223926
-92772553
73367293
4534743
13943917
-19663138
-56514769
-75545301
-13229359
6136870
2412854
-13045310
-23143336
7066796
53264722
-92921493
25255792
62184656
37855428
11378527
-82476830
-63999857
85704628
57921025
-6820495
-89482938