-8814718026171683864241001913423685850877970855012937564160128591566530844877494255479253426147909594
-770217251374753472105707846713758852106269068123595112907932498843930358553376895056630363411518402
3659755540493901575319009229670943074894865344633007373640125457780396592331151694332619320751647489
-9536183310133401561939042177742041286557911285996243136425681230624738364221506259050428453654156093
-6619775984564466592823073279812944423320173388382331365185863903370912740823299535572237609206793779
554549349103442354420689150105178812399646020561089044748334644612824494514189313085403042655353840
4294948970760886017621908285927801443164895415865858380456809689396602063580203711872698271560860552
2130306077848069409660119953945136587772666778211249997410756897628839272698373796414504175892042802
-4827391284823920755916999055323820310081306377094065299657417933042863767450985479835434314931237010
769880784067728256857741826086643245476242480635375282564460138404525381809551508264925788710425798
