-1098256930521384951196660954613379205594608186251694792785829364429500798843367652450364667985722322
-823827980326187768201706276894293313909423195770324374862368571522036166360284004411364903870247281
-7989436041850625519743695343311618514073148068457116033901187093718054440416670585740097211722205871
24986092928610501983086281837416902844490186156049761989724780666766642164806211400914296408465388
-8929046201882479894474630231202387158388717932616983366018040525399486554750643939500425057115857473
-116342464835809578491675680519595306034764172695840683742110351690683526384464426165964152790497290
1532623463186969622394191763236135037263788472761948685394392848651539823321725780424110281069671720
8728658374510522470545000293265501756780436058041678676754759172121696991543937943002860746809382852
43780683928850137287124852547367598180759891879918291964428464737830320408318580287404972920519953
-251474904063576799164745915177637354066931278631281758584973048363521498026140904859997162927112314
