67432859
28478812
90706554
-28669869
-67089381
-24261789
30010009
-13944404
-23818436
12305872
3036058
68386506
55904691
99275756
-6787471
-45067976
13933496
52714794
92570283
27984677
-84345342
-43841292
67237257
-58805769
65626789
69448655
-89394127
93801274
68108545
34736550
-47908701
58784749
-90653016
-57767105
-5347883
-4254878
34048670
47953361
86794739
-48942974
3302290
-71102622
37690151
-42694880
-77152148
-14423579
-76769914
-55104364
78111734
78625749
-35529043
70372356
70163395
70971820
21715739
37701526
47432430
81016566
60955534
64512861
-36333282
66856926
-988389
-5248607
89846729
35064302
94185686
31718871
-58416073
-26263810
-83282619
-76015457
39954071
36682022
-32559805
-51115698
89838146
-90261869
27745569
-45467836
83497316
36044587
-50015276
93693248
93092478
12234495
30263250
-39370446
70523353
3152733
-49719879
77156453
-27538051
69806888
71670619
-83670172
-1508883
-12914005
47784220
47611775
31988616
-81396794
-19946729
98428644
72230820
-72576693
13589265
-88744037
81148829
-48014378
58462806
-91714000
70766197
67383077
420988
37096904
-31916191
4582331
-86486963
-21327737
-69822696
-56913990
18091164
12324332
-77787005
5838383
35851249
-84410218
-17855833
-90281680
86118475
82082709
74535340
-68187756
-66707448
-84178552
-55092578
-72824570
-80846669
-61180882
-58710003
-24574170
67677572
48911697
-28343482
-97851748
-6149541
12655062
-28253585
22253186
-65846545
81709876
-75138668
71430238
-4522390
-28371785
-46301858
59810696
-66863368
-88766103
28251483
46618649
70941605
-28859317
-41422676
-15784583
-23214318
-49036514
33606747
25475509
-10934704
-55674145
58165513
86490625
-66268407
-27854075
67854807
28597243
-20077153
-1498567
58128532
-45355026
-50182770
9021543
45740671
53787984
-22423108
69894738
-72338270
49701934
-17372949
-60292338
85650726
87126271
-47292282
7786746
-86040628
30017341
-42355414
62632520
97746780
13329542
41088956
-52888252
16521853
-94390681
-61591991
-10426508
35103547
61390090
-72057601
10638484
-29376310
68191067
56023885
-39394109
58387447
87964566
50616542
-59603789
-93833199
71186864
95702222
33297802
-84061654
-64353954
41398431
41724697
-90581103
-12815776
-93682292
47965590
895841
-71902407
-23150995
44694895
-82401145
-2102684
93935149
-30915293
-83255749
2322386
62010822
-81433392
-5934179
-16775166
3576405
-51364508
-98475730
56296162
-22118690
-29587660
-13781549
-25921253
-55106456
-16447825
90621049
12964985
-89187100
-99615719
61295465
-20070176
45163787
-66610883
-69221946
99065051
57143983
-30779061
-42368980
45634384
-13280674
8371709
-28836910
-31600940
99540844
82233467
17845509
-91128242
18955838
-73801396
-97044160
-8652207
-8364596
58054766
61493091
85687850
36641179
-99905030
-74200332
55986489
2881637
53926347
23177545
201275
-78165876
-12348552
-68575302
9925364
-91077275
-88579474
7429351
-21567099
-43241503
-87646042
72358153
-31277486
-62249172
-26266478
-95397042
30228907
-24363132
-60340539
-12263716
30902154
13695091
-3135348
78047860
51463717
7132889
-40220872
-97265660
-69876612
8449712
-80477951
80365078
64584001
90721962
50579979
-26008197
-57156176
46456485
-8174577
8891997
-35275254
70650163
8467839
58441321
74624679
86160181
74937963
316
4127551
-49880159
75420734
6726775
39888110
-32505706
87450672
95120817
-25666955
32038945
41286495
-46050158
-67386077
94181228
-66299797
14815957
21961524
-2700190
-50609813
-41613654
97554449
78721786
98939
13154051
76763095
-74129586
-71833792
63989291
-3538200
28306165
-53446500
95435855
36025004
-74052777
-37595304
24471638
99591269
29848429
-66649938
-38684872
-65539980
-59978011
12430937
-67092956
-81328261
-12036053
-38616550
17006457
-66453323
-1881822
99324847
96131550
14058290
41562598
-26584290
91760933
14277798
-24790965
-86373733
15816682
-18173742
66793144
65170684
72654814
77550717
-68594442
-77778939
57267356
-49540979
17671905
-65619489
-47613755
63548296
-12053649
77782438
4221459
22932228
14966978
401985
-84948152
-62794589
-56856544
93263149
3243496
44175559
-12783302
-39010594
57831198
97129258
-51674859
49818048
51914369
-37770849
-35650757
47481581
-57565808
-72407725
46902662
-78062405
-17989940
79934391
-48599260
23610550
5384799
-69835178
89197045
80391538
85218017
28462458
-65812811
-27310045
-78857869
-27460133
20274725
54072610
-88833357
70359430
76356126
9819104
39075180
-83270509
16324800
35262480
36910625
14288331
89038523
78521770
-56275942
13696612
47096298
-4147972
-24266622
63581355
-90289437
60688043
35161265
-90103255
5073120
32516089
29627979
87783054
34008204
-49915046
-62546666
46240757
2052390
-47415645
-1100233
33225270
86248085
43162609
-74169025
74645447
66305613
-97472325
-57885468
-6860285
48665731
17386583
38605632
-99255657
-80488383
48783617
-92176193
42846027
-9020116
-25930243
-59733231
66519927
82653223
-1404837
32663297
-76626794
58367360
-44067843
-70581744
-46125683
13267504
97505248
-5435934
3331392
-9975837
11460265
-53991722
21749711
-13234602
-60695463
49636136
58740680
-91782868
-2460630
64700517
59898437
92411811
31224230
-50550495
55725878
16837798
80821197
67126070
76586322
-38483960
-62915091
-97682930
-45517635
72001258
20903359
28821811
-69945238
68669101
8845381
-19260094
-98744401
-25737376
65189016
95029356
-44528233
6037753
56605375
64550590
-39889952
-97702114
42052803
42335730
74711178
73680299
80811760
-20902048
-39696673
82629865
84272125
-21386729
-1614445
-88808453
57993445
37498918
-38437949
3178944
-74919476
-7022827
98664430
-69435430
11400302
-42624596
18884673
-42008311
-62999948
-13420757
-32175641
89437375
-56162417
-98573248
12167406
-45706023
-34572226
51268753
77751449
30201655
-99546752
64939399
67303426
-48323166
-99094347
-95316669
79276061
-70466152
-11795998
-50706501
-78934245
68579979
-57483287
11530257
10739017
-82502488
-8556586
83527118
78885739
15527557
-72945455
-93723914
89881027
41027267
-94116211
94431555
16460517
23057881
-35083715
36398915
-80158528
83910423
85895289
-10933269
34233410
33549706
-30591848
51068115
-74251133
-44074997
-72944864
19635544
-50287932
58293638
84862682
-41424402
65600515
3349613
84040644
-56252816
69643963
56423423
40776337
15737018
77218577
42740093
25893983
25900388
96668829
-34305981
-69504422
50957669
-57450041
80194895
-67330545
-1128050
7835584
5377459
-3123130
68055889
66611929
-30653771
-11414650
56918475
-64177645
-75644039
-55169155
-54637040
-39724630
52040733
-48800370
-86279606
75920437
-54192205
-7053200
-99777008
75342589
-40006172
-49348086
-89766063
-25257232
-41332019
89084656
-60050525
-62789480
99580577
-39893064
16417465
51575121
-19390498
-58579886
-59053845
-59466842
47913554
-63925768
59371828
-98569528
61621901
27371682
56012445
-62254056
10442508
-79637571
46332276
3306571
66433757
-18881711
72509215
-21223537
-22921109
45103329
88695936
73998734
-37010081
-2703688
24688847
-74522154
-45177637
-76301888
-90175950
-55203050
40221180
30637768
-85619972
-45027561
35803830
-20587121
-72824765
86593837
30688849
4621624
-45490372
5094298
-53800868
-23262032
-27675099
-35399427
-89296415
22949496
-67960342
62986507
96027708
5842439
58587456
-61044335
19012380
3783297
-61062182
78946586
30640690
59310428
-47942991
-39565551
-1123399
-13001147
-22126474
92517564
-29354552
-74827955
55275373
25919210
74023416
-13659714
-71052132
-24128656
-86011907
-76984263
-63456034
-2125051
44958557
-86377950
72483089
-27744857
-60228247
77707208
82764379
-95900450
-81974744
-38752015
1224866
-87417509
-34411304
29772328
72994003
81595984
-52757273
-49442654
25497029
-1034619
12256935
61018340
-33545499
33899728
-5804369
72884169
37084403
16167000
-73889592
70333752
-63173482
69200261
48364663
80340619
-11641199
69310272
14663987
-43230034
84561948
27786830
28304704
75315076
86505108
-76931042
-85760276
9721119
47630716
66510042
-88755361
-41440067
-99879917
-3330597
-22840941
21951985
72598764
52835056
80897656
55317435
63161415
65914391
-40402348
-52385083
13829711
45841510
17413015
76951825
95308468
71918958
-50451219
76231543
63698696
-88306179
-91144399
-88939577
-57966826
32923147
47980169
30646179
-8926753
-4431531
6456364
83108955
10742631
66521635
-73432985
13161573
-61727679
24953264
-68220011
60385557
-85454936
58313261
64096653
-49067753
-86618282
-15077246
-13491369
-66857945
-29794270
92758660
-89350012
-44063705
23719840
-53191251
-50494713
96123813
-94623262
-52204112
97423309
98965027
39916618
1362770
-40177196
-10227920
-5141390
-10814059
85012057
-58218706
-45506543
20050423
34867091
-57392310
-95017572
227313
-99578948
80711537
52097469
22488606
65845213
-56939185
64838297
87851018
-55756381
33053192
-23464845
-45943703
9535659
84299220
44970924
-45166666
64050432
-57663011
84837877
46923864
89647631
-98773357
-83640742
-10180555
-35572318
47639261
35590544
83353369
-78282915
-95053274
69100301
97623563
94955670
7104089
11757762
-97716126
45423962
82881666
72002129
-20054769
30698185
-30896949
-61014327
75573832
-11989354
-12718825
2531468
-2219083
-40200071
43908766
453718
59210274
65383622
30508667
-62060618
-22958232
248615
68058398
84014184
43046686
-45745021
17996962
77530133
-53573119
-91878663
45276459
-23205055
-18828926
-84539296
40166266
-49922378
85092887
80656905
70518902
4523400
30465330
-49648520
-73554138
-57833955
27076065
43562408
-56845490
-45449699
32616383
-77676687
-82728765
89340307
25024406
9063631
-79126418
38168156
-34229900
-33097783
-81579958
-64901059
32424656
-37907458
4992127
-15421946
81972233
18278279
61300325
45871400
-3354237
9250965
-29089234
-51744940
15504443
-26898709
-63492638
70248117
-67629953
24968933
-82276873
-11674999
-7301154
-4130342
-88948089
67442818
-95418759
53940583
82935561
-2034615
-42488954
-71633018
65857199
89126675
46277470
2023245
52021921
-76286360
-60646956
47643475
68591524
25791928
-44621647
-42983582
-75613162
-44642108
80277602
-76231665
-64785154
-59959635
89885844
-85601287
-56683633
-43481385
-63368468
-61217194
-17043716
79422013
64565183
-87285517
-65879456
-80377275
-42954574
67219886
94709
56245316
-50864647
75337797
9719759
-92407896
30145670
-40480289
60628934
38477063
51678067
-48452615
-82942655
58466986
73593230
24879830
-63374990
645970
-35490341
-46656070
-36248249
81872973
-40215322
-6124643
-16674269
-45938371
-71758632
-25441720
17708559
55426275
-93496240
-6111069
-86448931
-20562547
51617723
34918289
81835168
-14205842
-70810200
-2475672
26855179
93669822
86319396
39321415
-25988775
-81633629
45702462
6865222
53652108
54817872
1395087
96415763
47846393
-80082263
-73898090
49530256
85600171
-25837118
24099830
39555615
-89744304
-19980782
-38070420
15091614
74245667
-44284535
28245602
97006107
32847084
-31539708
-82856481
81637688
92265568
5752128
-61593992
-86261827
29723924
-91267605
68115695
22487152
-44564200
20394758
66315058
-93056115
73790219
-32167222
-69288816
79761822
36490072
47235664
62262713
-32714274
-4213138
-75732548
-89416662
-63863908
34354199
-7354668
78824784
79755287
-62070561
63530321
57778207
81966041
29629454
76922926
91241988
17212197
55485200
513271
-89502010
38724951
-20782066
57815050
-54086117
3513122
-40879039
61951656
16011110
-14576352
91325968
-47157210
-21364736
44304798
17765463
46115848
55441598
-36605146
-25390683
36664249
-58847100
-65085875
44347429
-65508459
-30445299
-2356355
-88899674
75047167
-86447845
30687830
25614184
92955734
94742940
-45106774
57478262
25635401
45405365
70659768
19575876
24348345
87872419
3666374
-13303589
-15436581
25471918
-27643458
65796672
-2023791
-69716773
58241643
-43344946
1537072
9243024
-58707593
14698821
-11671167
-37847339
-76766704
93581414
-94726829
-42498042
-73153953
76096677
-13083434
-86930701
75511415
3970205
-42772685
40166159
-81027103
-61310055
-98520028
-56840282
-62984374
86381079
1778659
94955328
75994807
96646395
3055090
-16583582
-24907832
22958764
-92469550
-96502177
-34838497
44690493
47250273
-31630023
-71383864
-80743741
70446351
-85444449
44964928
25145070
76035300
7709909
-59425901
-51085055
80988722
34372058
-34709254
-41469771
9442711
95770131
-58239006
33693449
-93981885
48721170
16140800
-9580044
-34507803
-62218262
-42020422
-64967028
-95236552
-53633147
69403737
84446009
-80735818
-99232888
39736148
-84279041
-88834394
-98367371
-68625777
-71021972
-25364563
19825088
47093531
89001172
-9316593
27923420
-60698543
-56042646
52273333
-39240326
66129818
32223049
-12321789
29444659
-35367941
37143909
-39762173
-68075085
-89710911
58793900
-20446271
64560578
-6054909
-86354710
36451458
-46392035
91221525
-47723290
-75140665
64207718
76599108
78811291
-32485199
-60677399
71159371
30958239
61101491
-34805982
-62348031
20104477
-12413713
-89286922
-24531886
72853062
58092819
-76841182
34191835
1580213
-7304975
-51366614
-51706314
-15117246
4647170
98650195
65440368
-33181790
-4881671
85869989
-26524402
-64370624
32347848
28146136
-55386518
93035775
-95185844
-19788860
-93294994
66774093
-22328618
22358929
-14853926
95507479
43740268
83332548
86360376
-43758110
22749024
-43402143
36385210
-61998976
12999913
-24009311
-79042306
75615676
32960960
89622817
99442790
-1790051
-80671393
-85188876
45491273
69379794
-20830912
76051135
-66993765
-74856313
14313157
56065319
-93848563
-63982504
-29507918
90345687
-9077952
-21985117
718728
-54080261
-58093532
-9551579
-14852610
7691560
-26707214
82541635
-21910091
25462332
-99867769
7774285
23021688
37535504
-58696967
35874859
-45072763
-85634871
13732164
-48276126
-38183740
31266850
-86458449
-80052932
-50834228
-46762604
93112691
23063808
44211036
-15103013
-64547779
-64011551
16709597
81117012
-67226550
9133017
-89709223
-8544801
39624076
-75883179
29086484
-47280755
66529838
23514095
-10676961
-8298605
3275261
64456337
-51222144
53797462
66176323
-88176610
-39652099
-74260679
28019724
46985820
-48185779
30772667
-84349623
37262230
-93422300
-30182493
-39258127
-77808333
25226711
-45170215
-67133541
74426353
54199557
55629984
-19331520
13784119
47660088
81115252
-8115771
69920254
68004001
-73817562
74657928
-87044337
-5344523
38475338
83216523
83215779
60129420
17333578
-65047474
-22559904
-4314677
88292010
-24644660
87693760
36752231
24164591
44062003
-38512920
-52570473
44225732
-97857199
-18191752
2750265
-73730971
-91141785
92050021
41874930
-47246702
-75139163
-31289715
31247310
63549945
-35042221
40213231
75249557
-55683930
-49322920
-26520167
77569017
-66008550
-4905494
85514661
44676609
-17718793
69420014
-1993396
97142982
84783081
59283586
-35250646
81868010
46437926
30532327
-59393200
71381603
-4707912
41615751
-54013823
65230048
66864157
-37782810
22826510
-82752337
95200591
55955119
-29745752
39295970
-41328631
-41721899
3985017
29837449
-12020775
-96566015
-16123379
-62865556
-81758303
25819182
2836152
-31642854
-16576012
-68242272
13290505
88021555
-30474611
-41335184
48262918
1812580
-85475723
-92655411
-24162707
-27776281
31620783
79369981
-24953389
37619010
58880120
45576393
51001497
97644308
7033047
34500840
-68701195
67151710
81290848
54306056
12574104
-30077143
92296745
-91508232
57765626
90156878
83281703
-63399886
-77099251
61699552
-75446426
-70693194
42210810
28678733
-46368097
47359865
33061507
73240099
41726947
-60743927
52585112
-36186855
57272716
-99378815
-16883147
20540063
-65411508
8908361
46541831
-60164530
-4628526
89891516
24063144
-54740694
-98025946
-29182100
48470436
-29471837
21895272
45228251
-67630158
-34860204
-34141803
-90712633
-265133
-13094513
-33144718
-96326598
-45495473
-73579397
-11156374
59942273
49266107
7521939
779100
88353607
69630046
-77212270
18461078
-84066917
48324564
-14669089
-21431843
-97425387
-73964748
-64396010
-83952041
-21219662
-17455670
85454829
60230693
92792171
46292490
80379699
-53984430
-13084552
80045154
47869491
-7367202
-13448472
16589583
-5979998
92075304
-3974899
-30854609
-31886271
-73875372
-36076433
-64677172
-89709976
16160826
53475672
-97906913
-88205575
-35050018
-38989504
61902445
54958853
68665773
-23490560
36963870
32671821
-28043672
97325326
41914999
-67050194
33043491
-86437990
33782408
10967797
20481902
-98274369
-86139596
-48059264
-41132081
17658091
-96391584
37982401
-68765974
78424382
-19347447
-26261468
-49571975
29717757
45562324
85228247
-68474085
-44120158
94121755
97394733
34378256
-31457860
-66968317
-27185886
-37801450
95390454
-45654381
-44612282
-73675939
-64859406
-8328763
-39781041
42760005
-89297029
-13068571
50361172
26677772
27903996
-50557209
-22249312
-6281980
-76525405
-4083727
-6376168
47731135
-72977330
-36693849
-32778465
-38217377
-53135095
81414790
-75606138
71632441
-96371240
-54278361
-66097080
-99879721
46526075
-23661231
80950951
-670401
19312291
-55719552
86688144
99590213
64069319
-64186830
35510100
-75270930
-31220503
-47600422
49252794
18867725
-56628550
12475497
77354286
-66171455
31519737
14331577
81535496
-15731871
-73494615
-62006543
40962291
27590951
-68733051
-73564304
-8174486
-9571135
47732343
-54812204
-66659948
-60781512
-67798960
-2354029
-89264559
-99558443
32662690
25706245
99952398
91526527
-44583713
-56904439
28521998
78959384
-54929659
87461552
26841892
19141330
-92302344
-66901731
-76213525
-53460244
86182528
-50812237
39348021
96144025
-31685196
60702934
57112107
65935974
-7008258
41846191
-15908709
-43867214
64667639
13005689
42748943
28754772
-33317778
68570054
-19718457
23846024
15626156
72729804
-96971706
-49531397
-50469076
69144424
26344978
-97434494
-98057756
-59457178
-834375
-29863657
14811306
27303856
-48199468
-24621342
-57944977
57444191
17219397
-8290387
-9678313
-38448267
13960585
-37012522
-38136914
-62705706
82983911
54103122
7930986
-67077020
-63293393
76966349
-99229634
98350832
-8346575
-97096271
90535951
54302655
-27988842
18954455
81495404
56883117
21067170
26699054
80984960
71918204
94416359
74889536
19841307
18181610
4542573
99533765
34591215
-3273730
-47085849
66532895
95874094
2808807
-71857287
4002510
-50804674
49612145
22055353
-99654885
-33044381
60018502
-95671551
-38754145
27865833
-23324552
82403311
50216210
-54016779
60477014
-16006314
66287401
62255087
-47863523
5672079
29725394
46637897
7592613
67355411
-69991969
2290981
31314688
10708999
81747045
-79821141
13454799
-84895857
23754107
-80840107
-12290850
91043860
-40437360
-84505620
46078179
37479332
52865468
-36942155
-90125017
10147988
88818685
80905902
-10453997
-34585751
43442849
25160538
44431635
-78993261
34470962
-99796586
-90558159
4974117
-36087806
95828275
77952624
78409167
-79031084
-71366825
-82285909
81903219
81688142
33957059
88255305
92296534
-33967633
40753580
85075795
-35853603
-83202897
8245660
52746501
24127281
-76544105
3434208
-54691293
29536407
-65610149
40348657
-40141835
-79967060
-73291161
-72738217
-88948562
-50284491
26270589
-3286636
25985112
69135818
61520215
40384146
-8106578
17513459
2627438
83262188
42773822
-96374331
79735621
-82754584
73277115
53808391
-72676764
-67088649
69953853
-90549014
-80041792
-58715857
-13221709
-78952325
-61210130
23164385
25473817
90005305
-44744352
33315132
-16299932
-81585946
-44297744
99875360
17007660
-42012860
-56288178
-18051056
40080756
-73396943
-58516758
-75386869
-62281843
-36202361
-74855411
46572716
54063038
-34459562
42854141
11972338
-57572450
-21262073
26863964
28113967
-40978557
11122911
-78376296
-52822633
-53999783
23681327
8612592
-38641714
53465508
-81042776
68978695
-20344906
-61558207
55201526
-25394697
92196155
-59731354
-81915522
-19552961
-67376049
62456998
96012056
27232005
96888887
-62244228
-76403423
33575480
56320670
72225560
-82087572
73152337
12926206
-60207510
-22550143
81806415
-26462128
11717450
25678610
83507716
44408929
28577561
37058393
14516714
-74679880
69896067
-54817761
-37890611
54056684
-1937187
-75907865
2823848
57670920
-49222546
7014138
-89508316
-9745144
47206309
13557266
-95120029
-82183050
96424252
-50921149
843892
-30274390
5187711
11447713
28579756
-67379194
-49755341
34190023
50008738
70007707
84460757
80633650
-14572070
-62872250
40414671
-80123661
-93052556
-78722550
-48410867
22470730
-64431098
-40066398
-52973700
86118479
20454941
-32869063
4788921
56133969
86013187
30050575
-15080289
-11909644
-26638583
41464611
60752175
9616792
-83561839
65886270
19333649
-96234571
41745576
-9300518
86833725
-7141421
41581243
-96901786
-19806354
-33515744
-47231621
-17794308
-30251637
-84961079
-40323728
49016125
-50711374
75336711
8757445
49620136
37170638
55739567
62822749
-73287802
54508559
-176220
-9249948
-24782169
-45751431
54895929
80941429
-55350427
-91301600
92396095
50231857
-34984995
46079224
-78851363
-87386303
21115283
29716364
-63391995
-69280083
-13126895
3681977
31755800
-15518654
-57590199
-88499512
-25669410
-70520799
79332064
-31682374
74960474
-81231583
23009547
32978373
50114322
-35678616
-13928581
-30249997
-39857472
-83331414
47624647
60086767
-55808060
98580122
77537418
-13552296
-68882253
76895435
11666049
62420753
-14946014
21271101
-14011110
-77641266
62695918
-72900506
65395394
-45805679
-58524455
12733822
-16188699
-99354933
88952530
-25472177
-90627350
27136782
-14569588
60756921
95284586
23173379
-77314026
90667939
-50202773
41916467
-64611643
-13846480
70812152
-21005627
-67975836
-84786566
-10881880
-29842231
-31491953
-11008955
-81138462
-31343108
43109316
11328410
24899381
-27626841
-73364833
45206821
97800966
-14617109
46783761
52519698
31831553
-34735697
48822525
70093470
-81274349
98592871
-9686878
24841267
-42742524
28822526
-946063
53307452
36001982
31139617
11794878
-8055145
-10423996
70611766
-76410183
-53064037
-24499467
27026658
-44857436
79524639
-2840682
-42854200
83551273
70233315
-7709696
68581265
-80780640
-23929474
-91538180
-87265118
-32335463
-20009000
90075377
-48573749
-41541699
75055713
33179478
-14446101
15466090
-33673892
-80416380
-28275420
68920459
14643277
35254752
-84439618
-75408353
40332587
73901511
47886614
-23168659
-95248133
-90550574
68621993
81708723
-26999729
7279910
9269525
43882378
-95547621
-17348399
35360176
13286623
-46347661
-1971571
50470567
33698494
-95901790
43280314
31862873
61620506
46827721
-55097395
58911796
31175922
-34362303
-43637064
-56360389
-91799323
57927868
-1795542
98908248
-54795224
-3767942
93750992
34781425
-77002677
21717329
59862990
92408256
-15645503
66447185
16953071
11538163
-80869603
-85592558
-68728356
-19789802
-1564669
94034929
15701052
12652503
-44213782
-90706331
-46849242
-57215961
89398005
59078398
46958584
-6064521
-54391418
-83895172
-49993912
-18318124
-42340830
23311848
-73938248
-87066806
27020080
72583877
-3888260
-56076374
-17958387
92862991
-49417474
-8213129
-17453900
-97474202
38475723
-63823814
15520538
19013135
14205376
-30495021
-89458938
-1951997
-34240030
91864694
4052286
1013178
-15001307
-53368785
-74103010
-96081912
-26986830
-48326578
31845747
-64135634
22202549
11251218
-35749360
-3830221
63318455
-4992860
668145
-18160027
87475271
-42339369
39925024
-21777003
73473956
91750463
12059525
-16697926
69416736
-8974954
-92312730
-29440527
-79476290
-40557358
21676607
-16775175
-19527134
-57231305
95117636
-4204365
51570387
-76408802
29050759
92301118
-75666422
-86393194
-72051703
-42035727
8137184
33370890
-37839652
-51716445
46681308
33400207
67566877
-75954368
12029826
38588249
-35109397
31459815
99417251
37080171
-77922669
55095138
69278109
97758018
-20989687
-73092989
-2009179
34735202
74690211
60388644
41369157
-6980315
20101792
-67296073
-881976
69393602
96611169
36128897
86941489
56144936
63891229
34212745
-71372866
71896662
-4097764
71177703
2377749
-42135685
52347678
23359506
95178049
-45068146
-25555336
92851055
-1154858
32022428
-37289523
-19111210
-86255249
-72339271
49380008
31868502
42164184
-80163956
31053092
-3512588
-54930970
66370014
8524776
-6999544
-72637933
-80712192
77703523
54859301
88088429
-55622310
55592713
-84826760
821024
-95368036
12352544
-69667909
-92444293
-23717430
22106434
-72865968
-63177025
37739691
-51262043
-44137345
-42702595
-57780876
81670700
54126622
-61015386
-98475627
50090470
30461667
79236005
59933842
13965437
-27204540
19199819
23134438
-26671163
85207081
-69599087
-32811680
-98979972
-46812682
33614647
37187649
-54852038
14190242
63372137
-25783639
-93990870
95193020
82838055
-57481223
581004
-52802064
48490473
-4941908
-31363972
-6847897
159470
18664103
9352524
-37308200
35476127
-43688308
15376960
-99614410
-79977905
-75605569
-81270418
73802473
17544224
-20274216
70959280
-62752764
-70424994
-30490513
82480951
9856898
-57736474
-96613571
37203491
-33607402
-74782030
-27986905
45589477
-54092823
-40871713
-57747442
42056354
7732756
-26299590
-55862660
-91418269
41139791
28140680
77542140
35132352
63112590
-3723856
-79168687
-63005772
51895986
59933096
-63683788
-39085155
32707220
-2444405
-20337792
-29562483
-88643362
-18861600
-46422923
-61933355
17002973
-77774863
92349407
75296720
60761042
-17112987
-48981861
-99900033
-38506868
47850144
-41858265
-57279986
53624272
30754097
1477362
-47246410
74900293
-97840323
58984148
70051848
-10330953
-783746
60500577
-79997286
34092414
-73666461
-64053372
-83026142
50033296
62868412
-86640275
-45651168
-1363873
-48644583
-79571040
93833353
-53645544
-84652575
-32795006
21430888
3529802
-99594884
30651585
51500310
-55086521
74240295
96004245
-5753822
86870643
82084995
51003707
-73512833
-41969325
-23924309
-18381442
-59711660
40544254
55069531
-43625194
16661150
-54731913
-34145562
-5162224
-34400950
-69898667
94375821
47650932
26494793
71767646
-23530907
-18756309
-88888720
-74111908
84378261
-48779118
14643261
40371140
72750985
-43465889
-25962586
99124554
31907719
-98493878
35408325
-92686989
98342834
-97709406
52126258
64905533
67955649
-34625548
-6194691
74974955
49203054
33321958
-92958819
-77634829
-10476371
84672712
17303710
-37622272
-1292225
24397174
7515669
-78170537
-63923484
24042652
89935870
69775644
-28041941
-6140923
-55384451
-23477031
24428717
22952246
-66758279
-11938306
-86636419
-68710876
80298569
58740945
1083520
-49362212
1971530
58115845
20383770
17093014
-16040467
31344365
-72572996
-94069860
-15952740
-74271647
-84148798
-68689684
19532597
-64349561
89668238
87627235
-34471586
4392776
-23702833
9532977
-99486118
-36221676
22459648
-30695000
-65112391
-99738832
-94779828
82135477
52558872
9917462
48400823
91977366
-48590944
88909380
-39344815
96666054
-39642640
-77683969
67487048
-63893315
20750345
68265822
-95280503
63161619
71795266
-42800157
12859465
11998358
-3685896
-26823126
-7129908
-40807397
-63112447
-57937562
-68526965
63794377
-11178578
-62315573
58443304
36543057
81171705
81162255
92472779
-84102507
-48152568
-18761110
-71607440
-43153350
1836016
27826018
32784672
22054305
73682358
91104668
-11333774
-65680933
-91386991
-42926950
-76071463
-37083027
86424286
-39254565
-64338639
21838503
56640405
-73299247
-72220542
98305176
-4893990
-15599251
-12407432
-74736210
5468734
-27582143
58762134
-52769550
80749257
56513361
-3351801
-71866658
-62221159
30043270
41699269
22352079
-67423071
45203182
12438080
-50790197
49930745
32358723
95707437
17912245
3270318
59307817
82154562
-25633079
-6129150
93600835
-66877308
82481003
-99598703
37745052
50382867
-60922028
-82665422
84639249
-40562602
-43743106
23377905
11306337
-90577662
79677558
-82299318
98478194
-80209255
47277401
-81789060
-61307889
-91220326
-44621488
-89319994
-61645854
1469388
96559332
43014934
78247025
-62866662
-88177018
-43472862
-23368620
-97466583
-3982856
-55953529
-35903818
-80987562
52566635
-83115675
-54844099
72117471
-17277864
-57099439
86264401
41322612
66678963
25069474
30478325
-89057112
67962849
11753306
-59954290
72409156
-3564782
66211626
-88366970
-43549439
91315004
75070694
-30568990
-61488721
95815031
23186292
-39690479
-97405354
-21501950
52431047
38612325
-51380401
-45977481
43767095
-18461842
-90519158
14964291
92208935
16492743
24773846
-24732951
-81536913
-85582897
51866433
-10968695
-91632010
40431407
61818786
-50441873
78723501
-90417203
-3461598
65105945
-45765572
-24277612
-91975155
59375387
-83349983
65632125
-35328714
-1409524
-42922871
-1831891
-27215623
-97606169
-39769704
54251048
16964366
53611941
33764640
32674185
-32616949
18462526
83827921
-14153200
42617849
56095761
26078045
28372539
78395742
-96081680
24661286
47987346
-46572383
28072591
-26205887
41383644
-81558716
57950982
-93376139
-79273272
83491493
-50257386
-22644076
7142389
-85956089
82312131
83999718
84606145
-63322051
-29204549
17738336
56590697
-42066040
-84892866
-30459680
86248088
7589941
-70650589
80653022
8821484
-44721152
-11272034
18043786
73836289
-87814832
-12845307
72691150
-75859643
-25686374
-3286547
-4067807
-73116718
1795703
-80604858
79202722
38945710
-77087410
36717655
52351029
84252312
-89479902
-26110795
8430486
5248747
88198391
-18923851
125688
31374130
-85332352
8562549
-41504346
32210517
12809266
59392951
-55715189
-72749503
98140934
76574950
34697036
41835416
92132572
95905152
86709228
-27501717
-99087231
86374222
-59543005
-66954512
-58824865
99259042
91103270
-69349011
80408134
20879124
51951342
53099153
60768098
85987586
95469454
12187089
92870259
76903997
77977989
-43675423
-97351701
54112803
78530800
70076520
55449238
-25074560
-23727799
-95957091
41096866
-23547711
62848192
-72783261
95706430
62747441
-21842296
-10409903
-77867765
-32657233
-96162908
-7209125
-27834141
-64264664
-27796340
94459738
3588315
55562417
-58268389
-35370448
-64139587
-18642397
66983809
-13591638
13806461
78656883
26061094
-62310362
-51867275
20184166
-6975208
-23727701
54076619
16356157
91530342
-97009546
-56394807
-27989157
-18722546
78033392
52626485
8047491
41961166
-73719974
-82040490
-46426843
-77184077
-52942740
-59855935
-69805697
-48680150
-57082451
-54930428
-73179809
-390909
21130272
80082011
96413571
-7967119
-6355739
95403963
-29171791
47436840
36432866
11529205
-26719738
91099277
19638003
-60928579
70711007
-55183443
-25880882
-78072411
-39699663
46171910
-20479321
-52474466
62154895
-14528810
4146270
74114644
1537548
57937821
-18310531
-41169619
-7596335
-29182454
42377300
-49192789
87934833
-63969724
99081277
30335162
92384273
76693652
66549083
-86203048
-22778092
-17317160
25948555
-50957985
36911085
-76363963
-76431592
-33280328
-70184812
34572371
-25626398
-63689186
-87314431
24875724
-82155493
67632099
-29406815
2638221
-42308272
-29964660
46748827
57533348
13279261
-57566641
-77780330
-42082104
9216873
94110461
-4111384
-45913729
-73215241
-80472407
63829590
24882839
41641815
28810942
8685846
-833134
55453019
64925993
7522781
96565817
-44801716
86094241
54903817
60550282
-18316139
-68726368
-10479451
-84383064
-37182047
41708579
85096782
67792827
25944748
29129300
-30223389
80212533
-53149137
37626208
-5586094
-24132038
34514425
-7813810
5656185
-54884045
-3554206
-99048197
-78993817
14985855
-19780762
4490106
55582564
-91732827
-13421212
79592762
70965907
39703797
-86383061
-40989437
55248514
96032582
94191561
38607268
92865224
-93362854
-55495225
-35329640
-6692595
95547542
1192738
11011611
-63395936
-98514124
-51351049
21081627
-16174178
80835034
47757812
38918431
1745349
27929099
46768706
7058974
-16703975
31487932
-59051404
41527340
85733166
-41627468
27212846
66565944
35333720
-95586030
-94650240
-49070850
56749936
42938491
-76802641
-50584545
97782566
-56225092
-75226952
21422578
12614481
50270129
65313056
-87761871
82272565
-73341767
-26547596
80167924
-67084870
-11303131
16557767
-60048243
11614511
97464892
-3917207
-34289383
-46189800
-94423437
88570636
-52345449
-11103343
-85308837
91863336
-55392574
67557201
-15769944
34128170
89978805
-57410188
-90711647
21395951
-76613278
47427203
88584692
-77489619
11455168
-49338806
-37450997
25240535
-99524221
76930098
-81814189
-91188970
59099247
-55484465
-34930961
-99202188
-19329738
-10145088
-79059378
-10053360
7488803
-11926530
57608097
-71543123
30850471
-48378622
-40137387
-46693858
-61336277
19972649
38584199
-51879033
-22469155
-41667804
-3142991
77423885
-13326632
-71308134
-55259740
-62329491
-46070507
9213905
14837867
-11292971
-69050167
-97036386
-18266552
34380946
43163859
50717007
59181809
-7899260
39699479
21000928
-5949720
99306723
-80519849
21150980
99781363
-89333276
-47852886
40909491
-49206632
-92738649
542632
85672060
53094895
-21034903
88500045
-73797831
-6663089
90871928
92732428
-81970598
-86704482
-45091796
72587181
-48962819
-55037292
-32098290
-2635391
81892953
-21572900
90867703
91044905
-8055047
-51362675
-69705414
25548021
86137047
28228683
-96947946
-81390694
-52446237
5123800
27889538
-80386403
45614967
29183935
96348422
-66237796
-84217330
36061135
50433877
32687989
-61324177
-69117936
82290064
-77406800
46246684
-86461796
-11219068
67881730
-6245926
82182867
-74391596
30697285
-6764172
31406925
59943083
-40093685
-26516358
75752896
-49554807
-54572758
-58546654
-52318282
-64096819
-7777378
-54496573
47970272
68255142
56559696
-7062658
90095845
92751498
70361124
-85778937
-70414339
-27237119
75482364
-85941926
-8772871
86120084
-8080169
-87373980
27619048
-3197727
36073199
48924917
-64923103
13920654
73044052
61568492
96313002
-70963348
83727010
4205243
62012069
-49532638
49428438
66511297
75837320
-69032426
-86543048
-28726728
53134362
-76484859
-68118794
-98620490
-72590366
-7085380
23731208
-37623526
-47742908
11679842
50634968
8591776
-6509417
87995956
-15515204
-91760133
-47904572
73857865
15552456
-32477459
4482150
13168741
49515414
65416924
-967852
80168905
68636546
-68363236
82389972
-35570116
11672268
-50943442
-82431322
-98493001
-49258845
7839332
98099588
-88854457
19177604
51967882
-97058682
39193801
12625612
4985087
99434054
-12685020
28739447
82648116
-45593950
-65697127
-65563776
21139536
-6745291
56986208
66277454
56462001
42593497
-71837328
-40209980
90226926
-53240997
-53747903
1577299
-90046554
-94493065
-2679425
25622174
93126460
-16605567
80938395
-82266153
-85017912
24052172
45656544
-74580128
50151393
-93639043
-88911051
-62638637
5852123
11717619
79424866
83480736
-22088825
95591095
-51875988
-15842317
-57758075
-65302732
51053005
31960919
74298104
-20668657
-44316859
-68405556
89004706
-6496130
-47235200
-88455629
-79486850
81045692
-26821535
75946294
-7183470
46290646
-83526984
64358513
16497520
-77370617
81254089
-64985811
63454889
39206959
-79634922
-57066888
18128864
-58709303
26036750
59874082
637771
-27324308
41238835
-56412358
-7824090
67979990
6520013
496642
75532471
38245551
-75049092
91171033
59754384
18168221
306572
-61766606
-15398560
-75698268
67458659
29132893
-3593546
12209322
-40270229
33869688
-70832554
-6565197
32438351
46644495
49266479
-89595919
34107401
58270388
-61526644
83979915
20840826
71818952
21354386
-83390309
-9581045
-74687998
29449583
-89389889
51581545
82845059
81278696
69421864
-4348500
10564419
12363398
34061600
58287698
41761006
40510733
1003889
27271228
-78845995
-13738233
86664513
92687191
88046631
81586788
-72095844
65236237
-60605218
-94130776
-11241548
34179314
-36732568
30543947
10779484
47013380
24758373
15159004
76972765
-34635792
17388320
-96180662
-3964174
-15573599
-45709260
96194017
8060514
-30234246
52596213
-42827416
-16174781
69128714
89523161
90846082
-73106523
-53799328
68755959
-85354526
10517113
-77037584
-85998166
97121884
-68087765
68013049
-86881381
80470379
-84385130
93015145
-20115837
-93104907
2780701
-95136498
-64612801
87112445
-25137356
-51385059
-98380153
-18803667
18157424
-72758779
-20899545
52079031
-54334584
96518428
70185545
-83784985
-53342344
-62285571
-72249469
74912374
-21966249
13319628
75637556
66828636
53331699
-85018692
-3919234
-93120568
55599147
79564082
-6843769
20296471
-26559686
-40951681
-53879201
-68654218
38631297
81527961
-21040650
-35354656
97497635
76260455
28321259
-79310766
12498204
-67817965
-58878120
1819367
62000401
39561917
56830391
46239866
69665827
10985008
50018898
67452324
-67239969
40259475
71379902
-26057802
66792593
-63164989
-18935081
26133756
27877399
-76871162
30881313
-4259891
-99918762
56290097
15474186
-31959231
-66247143
-1050121
-21192579
-70591789
-30236693
-67936092
-46918382
-10790480
-28680822
81896509
31762097
-65992802
-55304369
61534693
58429050
-34240239
34270168
-67784612
65951430
-49830556
57934852
40453962
55806990
96944659
-43256437
-23409023
-5556701
59722781
19059454
87737091
-13152536
-8000053
70607257
-45396643
-51187489
51309015
-46043055
-29541247
22707475
81698013
-57438297
85146638
-20489127
3916091
9141151
-22270790
-8859427
-60509906
61724120
-69389906
13787091
-73033004
24175470
-61217921
85876327
1455257
4400849
-70903370
-11996572
8662052
-18645127
-57675363
-90690705
-94445962
14872495
68955709
43924546
-10912889
-74611678
69801443
-45364115
74928985
38496615
-33112557
-74070319
-9512730
-1808333
74614442
80391309
-53047149
39151793
-54590020
-99681688
54380249
50048738
88223583
-63597015
-30208964
-62639391
94006805
-67168948
-45583927
58231351
-93019558
-55148639
-64796840
-42388285
19049722
53517276
-87465406
86582445
31815833
-39953887
43891705
18385464
-25555329
45087893
-51022623
42223322
75398379
41610207
46167791
53408105
69160837
19313655
-54440125
-37740873
-50119385
63246123
-97379279
-95012333
31008161
-19861233
31441719
-25120852
81191220
-12123797
-19175603
42844226
-95618754
-12834182
63861540
-79681504
63526527
-77199810
-36635191
94080902
70685547
71744671
-42470044
-84617543
-41533662
-4481384
-87842637
-85911374
28764915
-50217913
21507865
2925316
-83366913
-95408339
-49581036
22042768
-7858141
36709943
-63504256
51391082
-23425179
-48049229
48520379
91927864
-75900847
65010035
-37002800
26514583
-19980277
-17699797
-845542
-43541757
-7906755
42779768
-34187503
-918800
-20341303
34500587
55601670
86031232
14027802
-13571661
54336118
-31261322
5902846
38460342
84406584
-71396652
47204768
-74789429
-17519004
27806020
54552399
11546185
-17461427
32955592
15583402
-55442596
62460634
-14348665
-40424970
47637977
16830221
15478485
61717754
43860902
18470730
7562005
-22700739
29625178
-74703663
-23935792
-16308755
-57066622
60990167
-54145087
50397016
-2894191
-96564756
-85554801
-95885908
16295248
-96263463
16206319
-2769147
-27850159
-59603865
-64654901
46101633
59307195
58570772
-51348547
52087396
-42400126
-45927647
-67813939
-28462750
4822969
-46439243
79974436
34499466
-58957339
36856505
-26510032
-7021865
-27306465
-41188149
32139084
-72383155
-70637387
64359586
-89848165
4106401
-93562270
49688560
-30055387
71280717
-5332202
12006658
-97107690
75145130
-94563706
-81240368
48306365
-76542905
-22332370
-14669306
13410131
-76335046
-96338642
-67224779
-832194
38369435
84234634
5967401
12236534
58837057
-91981547
-20895660
1242692
67584116
1378755
50664832
-16847329
29333277
-17001440
79154839
59158618
17840324
-65310979
5756403
73767078
59809403
-19685445
51842229
-53968404
1322015
-14429072
22104563
-19415860
91652989
-92284882
28577405
10368081
1894583
64289261
48326045
26675628
54290430
-70774869
-36011407
43295331
-89432816
15882867
-27662020
55262566
-22782300
-93965871
61914866
-43470036
7025427
16680452
7078740
-31873620
-41842752
-99964585
-70152539
35501546
65938519
-24519585
-21106813
70995668
-14246022
17966279
18947542
-60865657
21008400
-59640148
35746534
-28541435
-71394765
64943522
-35954053
90396579
91853311
-82206615
79640005
9645327
65896840
9277789
10099861
-97936530
82269600
8576398
87594125
-40491560
-13745662
1148981
97376393
-95622008
8633169
57664035
21167528
-68835481
-29438402
-5308078
-98766176
59389138
-2976388
50041389
15646811
-40472777
-75713355
-19530537
99179027
-59605187
-36844640
-53989015
51094421
-98114932
41858379
-93757911
49765813
27673499
398922
54508483
-16496581
69347019
96941392
-8617043
10839509
82265290
8548462
-73554772
9034584
67401610
29046027
-26476178
77113028
3055391
-51420053
-45481645
55843788
69395185
21385950
-79025831
91673610
14474933
28724600
-77912838
-43111922
9328287
-92840584
-69828185
-52181101
16518875
-99726065
84162292
69400807
-43048755
67102796
77645652
5857249
69176100
11433358
-7744890
43699432
-99805229
-97718574
42778705
53040476
95507773
-44483748
96664317
90664769
-91323627
-94051351
-45410261
-59765140
-29916206
-34124021
70419463
-40178416
-70905309
-86271967
-36336583
-70694324
-87975889
-11167542
-43794721
87552120
-9468005
-86214499
66489588
-28883152
67200952
-38908812
-88501935
22886435
66503023
-47800428
-74877350
14665924
-84089293
22648539
-76317933
-99401925
52687864
26556763
-15725833
62250840
-71027947
-60916105
16503377
-83129912
35102715
-57133440
70650709
-52278945
29395431
15894770
8897989
81349207
-62984699
6755772
3691338
11565553
87548805
-34340024
-41083328
-4724219
62678439
-16820154
-62955184
73139033
-81589251
13444503
83109396
-16525955
-73788721
41764711
43370001
86658575
98248696
-68386025
-4466647
14163011
-94664206
-81970255
-79915500
16540639
-5625353
21144993
-24382416
-99296127
-25901476
75354959
-94662612
-3609186
-16225244
9972314
53084653
-14824455
69026814
-45673963
-45552144
76327352
68637713
-48840548
11721855
30419072
-89434478
-12160185
-83195830
-70156596
51562965
-45896572
27812909
62063979
-25327517
53477694
93593382
-4442612
56910559
23853287
13826268
-84740055
55027438
-97782948
72863591
19822757
-29167839
8867940
38590935
-17507979
84347616
24363514
64954833
63824974
52402819
-64756095
67455100
19317590
20209585
86873404
9334530
87829010
-78265638
40761950
57058658
34971279
57772917
66232213
86844248
-73301660
-50916564
50638217
88277112
-72320374
-51484985
-74097414
-16527448
89783288
19363736
29305201
11269007
-56449253
-27810469
54437810
-17662449
50079196
99851530
55294838
-46587434
-9659548
-19559603
21709077
-67774983
98292840
-62657707
14849074
-70916091
-445414
-69342659
55993271
12609102
49110209
74100743
-15460295
-80397379
-10166577
-39728784
82129094
51460542
88843179
17214574
38042703
62880348
73457894
-95185376
2543733
31388995
48967800
67415146
19913296
76812245
22080487
-68920266
-93974032
39617444
41435330
82255951
-40611263
-80237353
-23273542
-36503959
25143718
27310713
74377735
37002292
10307829
-71708109
-25820122
-48883579
3179342
2614845
-29057961
-51977636
-93097046
-48539596
23239587
-74782141
4250581
-3800719
-60854901
-65509037
-68325032
84049393
-60132377
88118159
52615489
-30969078
-87602707
-55212434
-6717580
-57509793
-4219548
-96502452
-77803583
24763149
-77584475
-40546026
71155776
81510327
1553423
-44633457
49467650
80043236
23637023
-13597210
86279044
29201705
-75777153
-20044790
91659689
-87308960
33704591
95735993
-94576267
55905238
2954041
-86787385
37499113
47446082
-58502968
4731122
91805314
-86746265
83437858
-13849125
61075343
-74971465
-43404927
-20660364
48096281
-57647219
-28942710
-64785869
-51982645
34279674
32364617
-45896911
-89079215
61650958
35965168
28321873
-59750492
-96527037
-89931433
-94021493
79422232
-66032198
74911623
-41603711
66447438
-25605228
40039017
-14192180
-90745779
-7079815
62555365
-23041729
7197946
-60684964
44707318
-45923479
-94631324
9579437
-300202
91719578
33611190
-16475095
48367958
19939377
-83848789
-61686091
94207047
31997037
-61927936
-35124199
21239743
-85542355
73902200
-60815859
-74130569
-36327389
90594108
94748660
-7477221
-37291654
-6887507
27182296
58838832
-83371920
721862
-47159636
35976649
84297013
-89278179
39252410
-44469639
37583057
-44219800
78853575
-37801687
4624490
76989802
9903156
-81036607
29305328
-44473306
-77392670
23037871
-15528175
45317476
-42727446
52366104
-60321528
6194137
21829118
-57630956
-18666851
-18871301
49465754
-71544765
-9952980
29072995
46453366
84630746
73770112
-67209173
-82317251
89924073
65819148
-88293600
25255163
71110950
48148252
-46351758
-33680029
44639130
-48060024
94430898
34228867
-30759728
-16366077
-38655226
-68509801
12649611
53161443
13929863
-72061700
-29202393
73985184
-72793841
43853951
-76537400
-7471469
19762819
58200905
97481709
97725849
-11555409
40359424
-44103489
34877283
39986679
-95373839
15866295
-13490846
-6837895
-10274729
23040396
7782558
-7023153
12921829
-67471719
-10523738
57149847
24435057
-13176704
-69006407
-44564006
-26197505
65791620
-86436127
-72344882
-33875374
-5858421
-46341344
-18327831
-78577557
68603260
34280841
3872164
-28401732
45786976
59828556
-91685579
-86517919
19527291
-5894241
59388902
-76551357
-68976307
68745721
36957378
-93564030
81641070
-60213942
39532197
99334493
25112007
7667968
-92260300
-74002868
14054429
-14817758
-67808607
-91406451
-3158032
-35276715
-53918228
19332380
50194646
-79311291
7688160
37406266
41160178
-22872995
44575219
9793701
-68828966
29189265
-27012278
42266180
34635387
32045085
-55531582
-73702965
69755462
-15486146
-39608015
17504373
82241631
73222084
-61805665
56720066
-31609668
-35101195
-28606447
57475967
66382105
85998245
61941659
3892530
-64045658
85280891
-78902417
40186674
37602747
-82020700
20377
-168908
-80853182
85469695
86786517
-74613386
-82124589
-54257031
99950501
28116642
39303992
-83077667
75727997
-41719479
-99724751
-81788609
50955676
-68717593
47626592
88474758
70758504
21247100
-26048214
80884589
39273323
52050877
82491961
-69777724
-89355114
20831579
-47226600
97225093
-33129310
30058284
49687081
7057041
-51444960
-68151227
-17024056
-72659221
58069860
30700026
-73689292
-98743599
-81473456
-576992
-83339516
-17839604
99927364
-42011419
53368587
70044187
667621
96986712
22611175
-35075367
-21732174
74962343
-45027137
-15374173
-36659999
65681271
33920519
62497071
29034796
89555918
97123756
-95374814
-57253010
-27307083
-45112719
-11364391
-58340614
2920438
-10650324
33739234
58543541
-73468874
66154834
-69496112
-84970035
-77089066
-79873786
37406328
-93466393
-89025845
56757723
-18949450
-84602905
92349134
54431853
-36569135
61953106
-43808988
5425506
90237029
5329143
-93930922
20167296
98500010
-77994884
-81692360
65896692
24486268
-11688539
-4474894
-89597171
39746226
16285198
-75304675
-55806187
-21558203
-79608634
15361074
-58088884
12378152
19203578
28112596
89431556
78590304
-8336859
-90543056
-35214458
48175583
85638607
-43068486
-65449553
-15775946
-43247665
69355745
-41918373
-76991901
-70050195
43912601
-39023930
-47989655
-90943576
36220955
34607708
78813836
35953994
91559799
-80417167
-30679923
-88296319
-32405660
51897325
-93121550
-80345474
-66745264
5763461
14312442
-54277607
74537992
-49757163
31464846
78596901
88830132
-87529350
93185152
17352384
60949849
1528342
-20659120
15925540
-58105835
27222446
39751504
81446637
29622981
-80501026
58038812
27349452
44156585
94464235
-63794978
-1669295
75571844
40217772
-69852386
-56917912
-2191485
60306624
-29709062
-86899914
-48886355
-51462733
-89952841
30850938
27911392
-48995178
24032897
-20156050
59846228
51492441
12288797
-40359187
35306253
45394742
46654033
78600198
82590882
30727288
54653395
58749987
-86867238
82628629
86097881
64711367
95430623
-15540624
24836404
62281449
36668333
-437687
-37970643
32853243
43681057
-42333406
37819619
44238792
-77148159
-96336665
39670219
15288444
63822037
17451056
17722550
-34120290
12080584
63323600
32398397
-10621417
15636574
8417809
83514350
-62868934
859113
16470119
-29468282
93352064
-26143279
32670742
-90901852
51047302
54750218
-96956520
-26470232
-11474998
-71440475
-50251900
-21902812
25517555
-57841902
-27845898
-14556234
18235015
-66737615
-56909361
87214012
-16921292
52479528
-18158163
6087502
66851768
2443220
-23878072
3415080
-24077388
95788222
-97285831
43502497
-55522071
-48012940
19071756
37931087
-27797574
-42410809
95054926
78720130
74830154
-33378389
4342680
79810133
-1336726
60977151
44271148