71857471
-27208285
-93516684
5756619
81997141
-34242257
36166351
27919448
-96808625
58525275
-53791919
-9210987
-70111691
1174307
-18580509
50887104
-81311653
98297869
6760531
54922809
-76274030
26553702
-34416024
19425645
-10050628
-87453751
84060247
-89659250
26931538
-77403721
-30244027
12605080
-47872089
-22625651
-28489118
4113143
24513361
-41985716
70444168
31918927
-48409524
-6932477
-48418635
39462188
-44077009
-16735324
78441206
-54083082
-10144403
22103980
-86147650
56574604
5850919
94935464
-33747113
2434446
-32491858
66889017
-17041598
93949139
42221788
-18187176
93508547
-64937710
9680095
13115191
-92350925
-66307685
21450467
58012100
72797055
38602982
46668747
-57888622
70035202
-44951764
-93163534
-99614352
59631640
-84708746
-96690935
-70897675
794940
-76477937
13375184
43027233
-20242237
-70923813
19562670
4788045
97293580
78587063
-11628683
-41452188
-55191797
71298750
-51980968
-60913953
-65420385
-61408304
97179967
-10943704
51259769
-77923745
-30433385
-81009103
67608477
-2232348
-72095951
65354187
69096112
48258550
78548265
-20094826
-50346867
-85691062
10464547
-89242717
42129619
28552911
28159837
87100380
-55524646
-80270063
-85107227
58217094
44646563
39184152
-62506500
77250629
69750612
-20967281
-44152902
19141728
34558022
1258343
30488050
6084271
-24040424
-76214107
-89396911
-36432039
49411810
-78867425
70253175
-21906929
-59970507
15603487
19819968
17553577
28183372
7401627
27008912
24253758
36053978
40974278
-93368897
79886173
-17930496
-12978826
1375070
99430271
42616742
-80652300
-91008940
-47780278
13925327
48405945
13291471
82176642
-61147044
58007789
31768359
83238646
-99517613
-8294320
69294198
46872923
78855216
20389053
95138326
2396599
31446767
-20020943
69327009
-77505359
99354615
95519744
26181476
4350528
32077556
92965057
32150569
-90407692
77063763
-76535867
70254301
-34774420
88541063
-5840835
62009077
35876678
-72172612
77223964
25997324
42702283
-47510211
-80152548
-59414382
19224018
11738519
9840712
522152
48634882
51302970
80313368
-82861796
81335769
7501751
56188200
-39184214
-27809004
92299689
55070639
65367254
-6399470
19825500
15046992
12319676
-35248758
-4855080
8773907
7284987
90743983
96656725
-20546480
-65293113
48089810
53504966
-5154063
82376641
2908690
88159751
-78410943
-4232745
-7866453
39592063
40516609
-75421995
22994891
145605
42388565
11189525
37039562
92177083
15040874
-99621428
-29860563
30560410
-22164393
-84105630
-58227570
80951637
2038191
94911505
-41214085
96475632
36580033
73511954
24690938
55769849
-25428575
-86300680
85880657
37044734
7447560
79538679
57837080
-87864233
-38640275
-26504853
64091226
11070887
-70267503
85183722
-52835785
78503523
42563099
94812740
-88217821
20700477
-15246273
9985952
-58051544
73366833
24213413
42294575
-39873221
-9731127
28957561
80850670
46625336
92158515
73809387
56478089
-90543427
34830576
2980657
-81555135
-36467827
-48174053
90534237
46026259
20573927
12468316
-800807
-86055437
-43323961
-85736897
-54933718
-95292375
-21378896
35329717
-19245862
-66173265
76092195
84356514
83850099
17084155
14848196
19297609
84292280
-92065151
33378028
68950621
28585918
-78969133
75721722
36931794
-38752404
70279493
58583417
-29724461
21394683
-92897693
-83160737
-81839336
-2420097
-42227507
15868080
41560314
24584649
39745505
48335037
-87030273
-18123955
-41967605
-45637598
-52664455
-10715404
-86366611
-47838488
25032565
94813838
37017431
-67279504
-25926845
-98137036
57514960
-70418719
-76660342
-53552136
13027820
28192937
2454242
38806675
11228710
66906935
1913386
87309954
72636654
4797056
30993621
45698639
85204159
-71563261
-57784101
74758447
-46869131
41456934
-61082520
49702213
-19574310
838588
17238375
-93989176
-95384360
31265283
-96984532
-7820384
-29462704
65222614
31357658
93637847
66569262
9832004
11384201
-53246588
-36601068
-2942070
-29609788
24257406
73087781
-3888011
-84470586
-22978978
93711603
88063244
-71902414
84503209
52367002
34341251
-30276144
-29907866
79926829
8587700
49276353
43174876
-57450470
-76650528
11579904
89956815
-33546474
71288021
-98928459
75857068
4631341
-24010699
93300757
-43487292
317006
43485906
-35902169
-17268559
53305129
-28129143
32009209
-26809551
-29708136
-8669944
-67043870
-92092734
61130131
-42255470
-26458531
-13625302
58484744
-17052086
91496384
63044527
-22792486
-75964746
-79353342
-1312711
-72536726
76525864
77592240
-66412600
-22088591
82637055
-67748496
97204297
-1938267
-81426330
1817898
75843726
92932869
-17402101
12417521
50771243
-63794564
-20363332
-71500486
-63109201
-40434776
-19844211
-76530948
-66830352
-47655502
92496333
-42571926
55533370
3751243
-27858136
78607418
-6709109
39619745
-45829057
-58334721
-93394034
12234678
72454235
-54085194
-3971124
66947970
38526317
56199874
-61528484
-47610470
93085121
22036976
-42962760
-89837256
3925077
-10760621
-31198069
-4469011
88384255
-22684952
2417891
38024382
-13646214
-74960314
-48368145
46722621
-84428607
98184730
52982818
62897265
83774335
28076680
-32324771
-18751297
89345797
76422864
83580479
-78035377
-82759034
-16601085
42732440
-44651971
86987872
-32986903
-14558937
68692785
54740923
-55545824
71742812
69816287
3530365
-32554037
-67445065
-7257949
-42679637
-86916873
-41652794
-36796424
1370836
-17141275
57616447
-6470699
-94763299
-7527838
72645752
-80580234
-87790994
42842036
89603141
-80657960
68536219
76557846
-27434211
27242677
-69890859
85518490
25273458
47952893
52497431
-21435421
88351441
21532324
-34770370
25867770
18323141
54629716
97963897
57653911
33070286
172545
-12650053
63887827
48604428
-18700393
-83466401
-55599391
-66017027
-10380106
75674904
78452983
-37854854
5041235
-39758699
-74350957
95176272
-39877472
15352941
-70694662
59905442
16412640
60250259
33502085
-4103511
59764860
88585657
56865545
50137193
-54986857
61114349
33389031
-80674308
-42598126
-97388593
-8890760
48325368
-52034187
-93901871
85479648
78472179
53247967
40005356
65400270
-26410481
-84207550
-31513761
52175987
346526
-70694795
17904551
-26326504
71650384
-83429245
-94143353
-72575337
-99301345
24114398
-96145823
57438487
3700697
69659299
15402707
-13153999
81574154
-4359065
-11301566
60453932
51216552
7738036
-11434932
79579104
-50660233
20990726
91359693
-85106844
-29669186
-43343344
94109010
-86354327
-26875449
67388745
-32760852
-41858941
72935762
66604724
99999869
-52354091
74996270
83881116
59481633
6898434
-3587168
67216884
-2768831
76459212
-75925792
89066365
-89008008
-22364709
86854625
19889621
-51771014
-95362853
11919584
-28462354
-79924316
92700183
54490024
-53002151
-81306111
88709848
-30209271
80414768
-62438867
-3044230
-2087632
-62123155
17881840
-73610625
-52393491
-15312153
46237367
-76749599
-80244882
-12031978
29011266
81198483
-19953849
-3834103
-71150036
95903200
64919910
-92511651
40886081
33351449
-77196579
-69328359
-37862306
50572994
-8376918
-96434023
-51633247
61170040
68263550
-31294081
-71387865
-52291592
8386540
13317173
-44084123
-26075120
-28414518
79267311
-95134288
57911229
-61923296
19055468
-53109455
33987282
-74905828
-88079690
-28281860
71748123
88970245
-12375950
-27609323
-12025949
-66265983
-40387777
25369064
55618380
92777074
-75334242
33262002
-9441042
99852620
6298002
61132130
-26887859
27509993
17107144
22902295
-86427960
-5902237
47336017
94400629
65054229
36644892
13100901
62762553
-97347230
-14998625
7318771
21369535
-32352892
15815908
-66283010
39914272
-1801503
42811895
-85440934
3643917
-91070175
-5473034
-219993
-43837200
60523815
-61255329
14486704
95884752
-371286
-50716170
-24732040
84175111
-6056448
-39117549
-86702
-2745916
41823092
-4260756
-61321871
78395301
-5639895
-31010561
27985726
58756870
30614979
-13261120
-98292855
69394800
-48627465
98066463
34370548
83460704
-22446134
38566117
67892312
-25365771
42260151
-16100428
89717287
97190372
70494727
4775093
-8210842
45354183
-10338115
-80937373
83489113
44446567
-91317195
-98188600
41175302
48998972
-68843271
21503785
-1071772
-11307920
27815051
-14616538
16407456
-23417280
-76133210
-93968761
54754612
-4506418
-34996239
46039041
-53745655
-70121860
43441524
-50489877
13839449
46401691
-53122276
-88913238
87919972
89115830
9660668
79320150
49028515
59090813
20049403
-67276087
5456701
75581829
-3557944
-87094763
-79142899
-20138312
-95799396
43226803
-2622130
-1102717
-10757024
85375541
45409094
-19508433
77123085
-62561979
-5423625
-19848984
-54863380
35972169
-39756878
63047580
23901707
-38368654
-95212148
32721244
82434189
98304719
-78639491
-63821221
-52322087
6270442
-29805681
-93770738
-6115960
-67749371
17878916
71542904
39770317
41008320
52609119
47885397
-81987672
-8649856
-76625142
-91494425
-57400380
14992868
90486562
-53590166
81384981
28125957
56493283
78436156
28297078
48263047
40505803
99130144
54263320
-11015037
34807461
17498288
4802757
89168562
-26217675
77894518
-45666268
76038431
-47534029
94867234
41740811
85578401
-74224022
-91061485
34237448
-35368898
-47302842
32181701
-96041810
4060671
78146567
-22357001
-22734266
-30886106
-78440348
-37239680
-92962819
-78191108
-57736136
-44234596
79677181
-93709454
10670264
-92851932
-46717542
-12168193
-53010893
60350488
-5450035
-11477368
-39544945
17252590
37987228
-63350618
80192622
-99022476
68096225
32377526
-88532309
-14766718
36842319
12122376
99662569
-14723754
98709640
-65454955
-49840530
-28114619
37640448
-22362142
-92757746
-50234351
99882666
-5630925
51287533
32192778
-58303444
-38733933
94106125
-33255536
80356764
-77878917
-13979381
-74406040
96839732
-47761613
79537989
-9357547
-22036911
82585642
-69210662
81532968
10161503
71753088
-45320290
88660927
-12663698
50719256
-99251422
93757770
6464347
93164084
43434695
-75395666
38090499
-45277635
39482330
1892518
43883260
-15528184
-51696469
-43813875
-34376611
-40946091
-14069362
-51081046
51692417
96799830
-86594967
-60543018
-26848349
-1447409
-14760750
22312828
15200330
-41170635
-75534110
61419522
-75135538
78454495
-97203564
-8006552
-77466073
64125911
60479671
70227158
-61988006
-10629091
59112621
-55634253
97850752
-61923415
-47259859
48034882
34006183
85108442
-30922890
35118875
36909433
26525271
-84119772
-30485967
-30782760
-2786527
96917061
2405427
-58068809
38951991
-69582081
-92167076
14019344
-16757153
-26749203
62218667
-73254182
4068903
49755767
3140952
-64888937
-38695223
-24980972
-76875895
-76067614
-94684452
-28224323
15611607
8292013
60096879
22843542
-93007697
39822644
48879722
54937803
89597625
-98102734
41270840
85272784
-91232901
-5133593
55306290
57980317
-30235851
-20176225
77674717
-26367565
48889785
31705192
13436855
935334
46046511
42896501
-71250650
-54353763
65488355
-73811270
73641490
-44464193
56095192
-65483015
-95812838
98459066
73190701
-15203978
90729658
-74027048
-82707618
62172000
-76238941
59766895
-56638292
-89808696
18127477
-47615072
44826784
-58164899
-42603287
41958002
85358634
-7109996
72376446
60946318
-16755109
35660946
83068084
9237892
79375092
59560023
64522696
32525931
83532972
-56393546
72496844
2840189
63231467
-17906275
55734188
-55481673
-22905153
-43705284
26046344
-8916225
61665749
5738922
22546129
-31013906
-6111035
50228500
-50073709
1329775
-86822355
-54172568
76857510
88212494
-17818104
85012056
-54562619
-97995391
73371992
36157867
-92648100
98715074
10505537
8620904
93337953
76653894
95732761
39974556
-3106799
-29815484
-14996301
59860760
61115657
93417866
34042792
12846612
-13997992
45007550
-34021165
92772876
80228084
-71130355
83585755
47752780
29669645
32363826
24269867
22667803
60096973
-79945381
76246949
98589766
-4418454
88585760
64958072
27500081
-52329061
86203967
12111856
46875554
-68439745
-74250743
6833591
88403946
-95749613
29585811
-20842949
74903317
-20170155
-50640745
90670460
-93461513
43227234
24018254
81226716
15706367
-78213399
-49849362
41288362
-44928272
-94436140
-16031338
29338328
-2415754
45233687
41293046
-7259674
-22607885
59237233
-12716897
-7260206
8598539
77653911
-92712399
41042321
-89291369
-96436465
-97397547
-40957108
15245764
70523666
-32472671
-69574940
-52307366
-75277137
-40985099
77360878
53883101
-32499375
-95868870
-54203567
22545760
37513337
22205143
-39180215
87548448
-71756630
29072706
-35619880
31993603
43681174
39147870
-37367723
-32904389
44989258
26780010
18689276
75345934
24830176
93433465
-48532787
54639994
55733721
-83871831
89900850
83913347
-90201358
61869534
-17440935
66446062
-19218470
-27929018
17559816
14625493
-35312568
73645386
51365889
25770949
193508
19727431
-87896215
-30171747
-13099058
50606910
-13906527
67653783
48436204
69147437
-11537909
-85516044
14323779
-20196712
72381226
63130421
-10807028
-26347574
-9397394
68161068
63933270
5621946
80033061
-82168138
38423644
-15476723
-25670505
-31500339
47899121
75558179
-91023060
87359271
72399053
9002928
-5484160
90211469
96523041
-93285569
-76291357
39400875
81645839
-52910537
72308630
83014330
-47320161
87306296
59485832
29605238
82062213
-5889917
-42185234
-37436095
-55231946
-1507363
-55220942
73016108
-45995286
-3657759
-48793175
-30496953
-84568077
92245572
-10394370
-59023331
21614638
87863656
38101000
569631
-92147108
85577923
-72845470
-83714697
-68279567
9147142
-50215237
34488232
-72954428
-43605146
-95312531
47059879
-84427313
38694968
-76094559
76885865
-17422877
-3116685
-6639015
-75171552
-59386429
-37574479
52555250
-43091646
-46078493
44152145
67167136
51042254
14776317
-24882977
46428509
35044543
-87231885
-61987681
-28385704
63063915
5137620
-27100735
-2095731
-8822475
40102256
78184166
70299903
-60961365
53020677
-52121679
91071575
-13052310
90135941
45664042
28384843
-7469918
-52548830
-63520009
-35663822
-58005925
50612978
-64868005
96564285
-89389041
-8896161
89419920
-73759305
88899328
58847704
93209550
13383487
-21217517
-94958337
-57643027
69211847
27762697
-48086398
-62413637
-3235049
50125292
-67992992
-53176068
13465615
47846713
-21031914
-12719836
-58246807
64342819
-17314069
55790410
4735856
-71871990
-58698979
-92868622
1628739
-59888056
34973721
-55192620
15068668
75726419
13299901
40452548
-92350684
-98837828
-83907169
-53751626
-97194859
-82809019
-11790651
51457250
-86868169
22708987
-4462633
-46594980
67775932
37286103
65762836
-84870990
20087338
22029854
-71996300
-8500722
63498882
2978265
-49391056
-76964630
-89949433
90141891
-58152560
57667704
91122980
-3577187
-12342287
-96606368
53932810
14521195
-34360438
-25162882
38006844
-56174420
-14033087
99012846
-54552017
25438145
54066425
-34348638
-35241797
-21024897
9664868
45675638
897212
82313565
88553206
65309956
-10585751
47530721
12551811
-75435010
15591171
26790187
22408069
32623993
27303651
92110689
-4149614
-88205016
-86176302
-24928293
-3454425
-69773594
17752285
13337014
-10148647
60703797
54537426
-85893594
-89035333
39676123
-73302419
-58512012
-26836284
-17179281
87317297
64385170
51979993
-64180336
68598122
-43535543
-73847021
-19873253
72851176
-16440882
-29305693
92204556
-5379388
-70105613
-66174525
32639889
-52535490
-67927722
6968189
-20179611
90088706
18760347
-89421518
-27720365
64648354
30053526
10179907
-77331134
-44272676
43607782
-46516130
46418459
94704703
-31198288
-41136403
30219677
45828382
-72963522
-37035147
-74001370
54567657
84108099
36619642
-50397148
-51153960
-29403281
-24489059
56608759
30839247
77754318
-95801610
15632241
-35357874
-40812841
-33039846
-81564972
17240932
-60178444
-75621214
48733114
81642760
-98612220
-66766165
-26449583
20118862
4321829
-88638863
9974872
56155123
51791032
70553822
-36606983
-45857517
-9062206
16135630
-67532944
-82065396
62906160
10850189
95105671
35508207
91752974
-35735047
-16147584
-24780957
-46767994
-54265347
38372751
-33141320
-77219326
-27697183
-75650140
-50787442
-30742913
-94687925
35534805
-84844831
95647543
89497226
-36297717
-22618762
-25308992
-45349864
-47563412
-44535270
-6829771
69433715
57504351
-62281289
-57242808
47941209
14147522
32620765
-1955553
-22549707
54060737
-82790917
60882614
92543566
-61068201
-65909356
-37169062
17050809
30541388
-58704130
26532698
84201520
19909301
5484022
-67276067
1589142
-60669830
66466936
-72839133
34000634
-45313776
-17009152
86352438
31697502
-12788417
-81462533
68968094
59274404
20125458
-375776
85065982
-63949205
50553533
-28691359
81693813
-45298761
94808149
40760890
81978597
-56090841
61319296
63807417
-1581993
2992144
18838374
68273352
20207686
-3510405
-34559182
-82064863
44610475
63021561
7588895
94109327
17376034
82687798
79869892
68967833
-78129428
-15910880
92510363
-90386511
42793643
53614766
65524740
-69995803
-95393142
53407156
-94151359
-37824946
26229870
85472244
-47116731
65195380
-25851451
99488736
7364370
18746107
-74277088
-56255557
-96447880
11746732
94946033
-3137242
-67008626
78020702
59357343
-80146514
-20551751
-60357480
30454916
-9859317
11560356
-17317041
-54450419
97321580
88893783
34430291
-99657272
17593064
72676027
80097301
-20595166
-55886565
-59854663
53340860
97236822
-40486460
-51733289
-1700417
-15592778
79045604
62009056
-72247265
-65897243
-25069206
-54983487
98884668
-55095080
-33568550
26878903
67412688
88511315
-40004476
-74020788
37110242
4477247
47866344
-51904080
-67987789
61579906
60997096
17974714
-41512124
30889516
-42709851
-39494004
53496038
-13918025
-14975857
-22684685
-81013685
-79078666
-35395211
66257485
72482848
-18231445
18149607
-14376970
41837178
-71216447
25003371
-47797371
90405422
81140565
49719938
-31144228
39441889
57994021
-11483269
56964246
862014
-11635955
-96030291
46147046
43048138
-28032441
-51759252
-3285039
-23629654
-78116480
42805327
-10300870
63820365
-78712100
85835867
-34292649
27598298
66017462
-17755250
-12512225
27748322
-65423326
92735980
10934423
-20212852
75161858
-50681576
67046218
-5234295
-8460993
69181275
-33801825
-22905486
53161583
20607705
-52917523
19307930
-50258955
18771504
-90641650
61174472
2665558
91744676
-37828678
3319894
23329610
55169570
81503966
34706436
65148237
62745148
31057347
35206978
-18934959
90854565
10695171
-74891863
91250033
26010875
16077915
5108380
31326725
84219584
24729755
19639267
-96701566
40262197
5755327
48967058
40446683
63337899
50633542
91249882
58196604
-62425467
-53541305
97291854
40410345
74930260
40453350
38445173
61666048
64422315
70379612
94706016
-23059665
-51823582
-31825525
-65088471
-82338609
-30357953
-60485065
76895570
59468777
-68809201
50079479
47004126
-92984682
-4931707
-87805995
-70725951
58013620
-92484238
-63166948
-65544028
-49130868
96014931
-10660759
50775279
-30054662
23789206
-25425305
-608188
-72052878
2185680
79414481
-34783355
-65593562
-48863291
96653306
57041765
42331960
21787930
55413773
-91982542
-70001552
85460593
10021092
23306914
60083630
38173063
-81472327
20402429
30197569
-1400368
-58261702
72528008
82440811
50415344
-4747173
44832077
-78115844
-86372293
-55880058
68449486
-92848842
29400180
1635485
-26879752
46966737
14065716
-51859807
-86855896
-84805232
-96824027
96311820
91820132
-67826240
-67546366
-23628524
27355965
97917689
-60653751
-12141870
-68773416
89165408
-97109438
-14811741
-74514011
-61501529
-39902813
19828422
-37271424
-22691712
-29557895
-62779153
71633704
84805115
79403760
55041583
-45263964
-15706541
-28948512
-8026389
3981512
41691304
2112301
-32512539
-69456395
-66681893
21106191
-11204668
26105313
-44236405
5732847
6967761
59226058
52845526
-29227663
89962473
-69673586
-49897752
47570651
31623518
-98116848
41868431
97040297
-75284572
-23896923
28525147
34911956
-85667843
19034979
-15992010
69073682
-28242110
99969009
21420030
9031585
73616043
-13562121
-2564720
81634230
-69794793
-47741145
-60839619
48833092
-20680177
94497936
53268346
-16580573
17231896
-54338358
-3115261
-66124108
-28313217
-19350631
17131903
85750142
-39537636
2977731
79295188
-27270717
87673748
-85843611
-36201555
22077681
-90285935
-19926909
-85241427
67549759
61738213
59208576
63832905
80042454
-94152642
51024735
87975923
-73778912
25255735
-93760295
66621536
-63116660
-13419302
-61672088
-11022912
-50934321
-46401384
-43905592
-6743700
-23850630
-80679116
46079053
43070881
18207876
40632119
-57234270
39241055
67308169
-6339385
51045245
-88835346
69077694
98984344
-8032757
44140495
92443875
-90893113
94893180
96669467
-59320521
75481558
-53805873
24037273
-57505195
-27706016
-96780563
-81356130
-59498718
85731997
-50537721
-30212293
44807544
-3708559
-47478085
-4486682
-55382872
-87560164
562841
-6152006
90275609
17110741
81938129
-48939527
16403787
29779416
-90061495
-77958491
-49688130
-66498932
-31455238
-79686379
-32561200
62013111
-65847829
-42490797
14340436
85392391
-1953008
-20099425
30466728
83236885
57443137
-60583063
-27097192
-89221029
-82163860
34888129
39667893
92768346
58925715
86880099
-81359902
56606630
-22986113
98628970
-1259522
-5683275
11691962
-74250609
-60767151
96099301
73366884
-36136935
39681330
-22529033
42029098
-47556452
-45428970
-12961355
1297402
-39490364
87738187
-94336053
33960535
-10776378
-82035083
-41037476
-84869642
31872583
-69530542
47478133
-26140957
28835135
-57769770
-39242200
-60228907
-4228940
68142750
-47792795
-16651392
-80229636
92570878
-68621406
-23387396
-87142755
34310434
-45623904
53919062
62399718
90964106
-57730981
54504186
-74050603
-65700853
42821604
-8278744
-74951184
-79686415
34144014
13801084
-35958186
99991138
12590179
22661330
35259017
-78637611
1524670
24263763
-19025814
62438821
-15993097
71962160
-7439712
-66174481
-89625420
-42169823
-68130318
84831550
45043935
44967655
67252195
-85868287
85620318
-8905145
47179460
32208577
67570276
94676509
79643321
7696365
40222900
68786015
-44351975
-10416449
87152737
-56246197
-9610769
-62980614
75660284
-20722379
-8027693
59999425
-2335485
26433549
-67876432
-67999151
-96391005
21013698
-47583364
45658413
-84770005
9263045
-65038008
32591859
20424448
66364311
-17145458
4510695
51799708
88755921
-11909319
10867571
-43192625
27959833
52867491
22299216
20840168
-26327165
-11197449
80241815
-24614287
11488434
-63042315
-55606092
69367623
-82568229
23209705
60545232
27111637
13413294
-93013516
93126643
-24480735
-80398154
-49353502
5823863
-38561243
-94921684
-48809727
24562254
-93248923
9879869
13098170
-69412200
-5376402
-44158114
-56823868
-24551185
-49990565
-97790150
13954267
-17414943
21635446
-60877173
9058862
41363795
-47089266
9046242
-633539
37416573
-11984767
96939492
-30500920
89515228
28509186
80146327
90927118
-91649960
-83174634
-47150691
96812506
94148643
-43561832
-89320582
68649389
77336159
-15077281
5194336
69207200
91278251
-28438305
-62234320
-82414333
-60685823
-37122611
-65697088
37509876
14085983
-19144811
-35433654
44981648
21288436
-87000039
-36389367
78067618
-22247833
65782199
77736718
2221890
55420383
-70747238
-44505655
87524423
-65347054
-51892955
-57771642
97003740
-34988036
-1943508
27106053
-78949755
5004929
-67485773
-19889535
-72909393
-88557333
57004396
-88963739
-91535326
-76326095
98814033
-9177861
-33709862
46352148
50579886
30290461
50362753
90550443
60790217
-3315526
15640053
-48910346
11914487
7469593
-31638022
59367995
56770862
-11389681
-56730466
-91815832
6153078
-58106567
-34310608
45364418
-11965044
-87357754
65092557
38681858
5128845
93524982
-44560538
25032900
65062795
8379779
-90267368
-36693834
24506527
-68273482
-73810981
53168028
-72407474
29062205
-66388150
-62755796
-69899778
80081590
9525843
-55360217
19376444
-23263471
-51204102
-43401646
28116355
28243608
85330579
30113776
-16929334
17469569
2717275
64714516
59496120
-92051666
-57809102
-58746810
-33185528
60664159
-39926026
-62810400
94731681
-92406907
1523377
-56231885
-61666801
62888952
69957865
-623479
-62660285
62681064
54073320
-78201392
-62835423
-15702057
-85441077
38663705
50942134
-33023223
-76590157
-24979560
20350182
14065757
98548174
-18251527
-16002085
19757824
-58303997
-80733194
84336925
-32288718
-45951330
25179392
-40363288
-45176570
-47533176
84522793
27347582
-2236329
87514825
-47353184
4924344
-25938088
-17243816
-92269504
-36452013
-48458527
-58797344
-43350675
86499806
30609346
77180472
-28244031
60915146
38861269
-43664704
-88768623
12518395
22912902
-92485465
26791494
21790680
-54718686
-59325327
66906787
-47543032
-80850525
41978094
-81889304
16965706
-52445257
-56296249
49717661
29227680
-83583546
-59736690
-89741203
-6377409
14136001
-59358236
79077561
59530191
7437252
38562851
-94985528
87897876
34011063
-88014767
30554429
14417457
40740640
-24084228
62587442
-16725257
32351450
-40186519
-11313984
75701785
-53630164
-3666779
54069965
-11152941
54862824
-20990796
5930328
33780232
66477262
29069848
10312119
8845516
56193696
80859876
53547800
37414223
-80839196
23069188
13117153
14572164
9275321
-36020573
-78906774
-11488699
2439142
-76170467
72010372
65140317
62697003
-85497172
66081657
-1222609
-31001782
54828848
-90281138
25532949
7777574
-70513153
-87492106
74358874
-73316667
66736585
49025861
26733486
-76185313
-15060862
43076941
31513180
51026778
47682238
-50067815
7844229
-12687882
45455107
-37140250
-52514872
54391893
-32702134
-42021728
-11777520
-92358731
2459367
-79532302
-29183672
-14351588
12305056
49198997
-28019082
19059354
50971576
-45615808
-71962455
-25252958
7268505
53462651
25123410
-27733205
99226484
72785504
-49583612
-14484733
7654620
-14800389
1985975
-95586781
98273233
-1707464
-843844
-31357692
-90842683
-6671478
-43017021
-49823774
90031856
92919544
-64432221
-21830130
-52892386
-92569359
97322417
-6535071
-52273256
-5697505
-67167245
-71519657
40290930
85520841
86981454
-54725319
-27958617
-62849159
71853533
59387082
-35125924
-86858410
-38408056
33616286
76297220
-19903223
-42957190
-85143040
-623283
-59587304
67119479
-18747120
-28769759
-49856084
31516127
11758362
31097691
51154842
-61039505
-34660103
40583259
-96145808
15660604
-20457884
75708409
81999372
-39906468
81651989
-45928159
18246966
-55620941
-77623077
-97709024
-17647137
789842
-53303553
10220706
56161287
-59273346
-85438267
83533364
-60160438
-37454549
62924629
-26805190
-17912761
-70443159
46236275
-10223504
64828371
40978690
11142572
-77406465
86190047
-9838367
81203654
66770478
-94541062
17815310
-55670734
96828300
33275535
65773953
-73923537
59163459
25725402
-45850201
84018541
50905628
87172919
67543039
-86268915
57288250
-94753934
-27773836
-19334254
69587348
20039712
79942596
-36044994
-53836553
-78957687
55174607
35772584
84064207
-89105090
-79272236
-48780467
-70291652
82006054
-95993587
648441
-33242443
19165860
-22813296
4297590
-25043659
21617410
-74297137
-86338792
37602303
58642608
-94521595
-73465375
-45460639
41923137
47857757
-1299844
82884071
-92111787
59686604
-81698502
-43679915
-30648763
53400656
62562308
-5552311
-35524515
-17136500
81393526
-96921574
-52337785
59535235
71277386
-52580785
-92407071
87754952
32211299
31057124
-86558234
66865540
-43751873
88843077
-21707170
67422179
58088661
-22372866
4734019
-19649106
97909047
-56140687
5963768
98642188
-25538899
47896211
2012828
73206381
97210534
96031690
-45401531
16497224
66886900
-17964517
-17081706
48350850
71000381
-62205091
-14920333
28800302
-11070610
-85717424
-28009902
-82322596
96894385
966281
94853418
56468113
-81727201
11217925
25724348
40239733
-69165391
-34080726
-26404972
-22933966
-79711344
44420723
11563815
4213703
95726428
55264404
-24070075
-98605198
-19859484
76833463
84325702
-87184403
-40582309
75432528
52310176
34062270
28641321
40606516
-41402954
2884175
-30128569
74628807
74866777
-69814171
-40684550
503256
-26463443
34653171
79453149
-7649013
90463683
33748825
-45658734
68259638
-64951196
-17922705
-46845716
-87017531
-43491994
41435888
84644371
-78899311
-2574309
57169630
75536853
-25039016
-7713422
-998394
30668014
3754233
49130562
-20885524
25831361
-9016068
9904718
47475935
-96444990
-85639857
-80277936
67580895
10333930
-81437398
-21763455
75722568
-96429952
61388651
-50603015
7721120
-74493259
63015023
-53843262
60888974
89158277
-29472835
-68773571
36628761
-1511033
-49761812
-46730061
67050541
-8895012
72737191
57137426
90823692
16883256
63453843
90426303
60503562
31946212
-12243464
-77635709
51941211
-10854640
44869246
-58002037
99399633
-89698499
-2429886
-67684419
-84785885
80774590
-85195270
84263395
-55931670
-50532297
97253392
90381393
-12468460
-13428447
61783864
39211794
47918330
-31557066
4836762
-72659552
-28592561
-29905729
33381071
26764109
-49195042
25325030
-11504688
-34981044
-50080400
-63156791
-62401285
-67614364
-11214965
60192294
-83131019
74609126
-7408838
-85492576
-62839455
36100341
14879068
23892417
53508779
-32737774
98807081
-21153578
-19915904
88428616
-78021899
-67781170
70649601
-30866573
14373448
-51577012
-70275072
24799604
79468207
3606487
57358637
-74771116
4201005
-4743800
-68242834
75731038
-65071731
-77154077
-59648461
-83760047
35169419
81918457
-70831187
88669964
-58189453
84619785
-71988560
-95135617
-46111706
50988984
51574895
35440149
-39756555
-73974343
-78171682
38055701
37256384
-9958300
85621306
-21921091
8852247
30517351
93590880
-33978755
-28273699
-51834887
-60031708
65287531
-66102855
28986977
-67777743
60415111
-87311130
5648820
-47965859
-39113774
-75424977
19665968
27384537
-22795632
-60293488
35566148
-39045324
3807214
40677360
65553764
-44305299
-1317236
83974357
84138801
-13519967
84614685
-30137283
7463520
93946561
99556348
-55507491
-81122414
69409387
-17403620
36366673
24530921
-26511737
-61182304
-10927957
58830526
-84416920
-58043963
-79906146
-27391414
-70553303
-28018004
-64654100
50990964
-51772602
-97910169
-21930847
43156735
29730282
98494747
-95756510
35432813
68921477
14250910
46052085
-50162311
80258412
19889349
-6622158
-62891184
-26859154
-52618924
-35437890
81177629
-1520109
41916447
49088645
9139118
15129805
23839832
53317031
94555313
1546852
42022668
37530931
68568583
71413534
-94202836
23522221
28916559
-13406615
-23441794
-89776555
-54852280
87232566
99501914
96651583
-72370561
-17972210
-52121415
-85939182
-64817275
-12077299
53492895
-99352948
31843779
-76535020
39253844
41738547
-47094051
-1567207
10160034
56097160
92482522
23143214
16621075
85525193
51508642
-96450072
62218927
-24782298
-87334115
-35857544
26875443
-30464045
-88743542
10240033
26716745
16283412
82167258
-31293120
-74431662
26820741
19498102
-57470919
-23715980
75092419
95098889
81237725
-85195773
-54520585
-82808395
-20852329
96961913
-79632883
-88601838
7330656
14314794
88668249
55407473
-28420139
13748340
34436722
-53191302
-67897689
38781802
-9827539
-60362362
42446205
9576670
-15013819
16115855
-69473135
-63001923
-76325367
-38711581
-21974890
-30468531
25186713
64478087
-18674796
-43716686
84996771
-38201575
-79417628
-94129206
-10841014
86919027
914113
-71053840
46082363
80668788
11432419
-95299092
13176608
-66855991
-23028416
-61559902
-5215421
-78947596
-95891962
-9523158
-30659062
17081859
-24810142
-21125426
27266838
-10109721
85766495
-4670533
50887287
96522406
87286917
-49022252
-10501876
46346635
28020031
6224448
-57699361
-31019522
-58477482
-28202128
89263576
-82652551
426322
5787386
49579630
-50644928
73786377
57342139
37227583
-10784635
-65490152
80785723
20064807
-66944727
15721052
79101302
25651212
-70761640
59563717
17950759
69033113
-74302460
-87646424
-27222059
39119631
-77865567
-4270191
48920620
-40727831
-21971073
-94942850
54019849
-96159394
-55761044
-54001810
-12908218
42249117
1430768
-88357183
-63991740
5047152
-82235084
-69557263
-96106201
66095500
-14534871
48895979
-39049059
-40955280
31408703
-48340514
-97459565
-16496676
23965821
-3012597
-60164550
15971937
-22321570
70476747
-26578372
-44100129
-53184942
-98357126
29439793
-9816870
14600255
-25852868
97838559
52844359
-33968885
-27421398
-87660942
55228136
-57552919
9282436
-33661505
-26190622
39503845
-11692541
84981987
-36212235
21110745
-83899620
82897158
59632535
-76151051
-56099540
-81927975
92805483
65424244
76967289
16307128
-80063009
107620
94098497
37094794
51607543
-97070496
-35281414
9711606
-89171075
28937113
-95031544
72121851
19302015
-58448527
-46560599
-95467913
94789223
7006025
35288884
96844796
-92626397
-85352477
77391021
-37717446
10257268
-5160149
-88699172
8121718
-70398288
69084917
18529801
-70586873
6008070
84412540
32333560
32528051
-21057174
13140836
-14977458
-9202128
-3421451
-33851378
39967174
-50706416
-68244998
-56817270
23017606
56924309
83009518
34962121
75615668
48878778
64978004
71555055
38179411
10490152
2266094
-83320381
26463039
-72332595
26015242
-63472510
-5413572
-68799358
8498588
-55316721
-39316752
1870934
5722966
72517231
69754543
-67329314
-15256070
-36715351
98452174
40605648
71549088
-97001164
52604846
15875345
6457587
13375677
77829089
75035818
-20011587
96056782
-23321314
13834351
-91513420
26681003
31605275
-44721541
74509158
-70193630
54399788
86020225
4579181
83719108
-13201969
85662740
57683636
22569391
-51759522
61531802
32171702
26906980
92619512
3025426
65779889
16745765
-19324991
90426809
-8699542
30013659
-10294087
-37872578
-4906756
96279209
-25857982
-63667688
-88387631
22535471
-19532562
34726072
-81981853
57113429
-57820223
38792750
21319973
-58793899
-61213403
23506191
9268701
2980819
-40202891
76876612
-75784279
-12160731
-80489089
95981146
30143224
-86111644
-59868118
96938100
-71718002
-70110440
-84422843
19919154
70017281
95116796
58179793
-78261181
58832626
32290702
95596220
-71855452
94357274
84793831
-66563766
53375385
-91129748
-38216244
-254918
-94111746
30416007
-96855916
-94926288
65143725
38633531
92286820
-97899702
45226759
21867500
-12446815
60555240
82373229
52935591
-87209918
79841310
45058117
4411012
79548007
94783516
13309600
1707691
50162519
39888736
92407294
-92807982
19139115
-71301775
21120473
-11057916
-23139445
-27819576
-35087795
77642018
94427178
-46603019
-48426256
-17959799
-94855262
-90501908
76751217
18592449
23468335
-27786156
78642437
68851992
-12474354
67768597
22534471
8424166
-33289251
-94268468
-41782801
34660463
-85785248
94267637
43883899
-89979139
97833471
-61831575
33737524
64663677
31846730
92383149
83233333
-16556057
-83171726
11803809
-16989679
-46378482
-7208501
34225476
66144751
-45660888
5937866
-28881029
-45676188
-16763124
5042090
78071318
25822182
43973105
-99595357
-81098280
16610764
-23760933
-97473819
-36836894
-51899848
99003543
65620709
3599807
28981273
-5928330
-19095343
-37867209
-42634157
50983842
51420658
-76013184
21056837
86617562
-94279058
-87363972
50603772
-54307532
25267189
-6936821
-79728394
19580569
91629439
-7333196
-72804863
-70907082
20324251
71352008
46974039
-22067108
1791971
68609422
75846356
53850297
61233649
95778554
59464972
-68069566
61843866
48296581
-10741709
32496417
-40194606
91916438
-25293208
-43922990
-2204427
94896681
12805953
-49871220
51768325
16880493
-24845258
-10664345
67126621
-41665705
-31957277
50217304
35897648
-22775609
-93948668
34783720
-35576908
82760089
95948583
40600043
-33901955
-85120573
69465910
-83649898
52078920
2796213
-83967351
-13470497
67831005
-28219328
84153497
-65904687
35164122
-47264633
-65505007
-61079363
15289833
-72860075
41437227
81080320
-69325570
10154990
30375308
-48554185
59336635
53760969
-25397137
88199489
91406900
17450455
50582762
-78363539
90656589
-63817465
-10273077
97614317
-13688921
56505882
-89898204
-6340137
41067813
-98573259
69460040
3528921
-29893821
60381664
1164480
18147989
-59253872
-37058913
-72939720
-41023177
-21823807
59822887
-90134742
-97766855
-10200220
-99030834
-70942299
-15348058
-7481011
-56958319
45331671
-54696187
-23341758
-89941905
-6289247
98313601
41775165
-53560004
-10935326
-16543501
17200263
73205632
-86342938
-72012932
-68337987
55975509
78186890
-94901200
16656932
8058195
-69803270
-41078828
23742429
98331895
74916062
1481461
-64749435
-25195852
15198539
53634690
-97695793
80873643
3753723
44193698
-74074400
37692768
88617646
28553820
-11105334
-41238214
44516299
81957714
9435189
59088334
-46021614
6582265
96317924
47100589
-11138640
-63980185
-66207819
55196343
-65112567
73475803
-99808641
-35386044
-81011958
53309832
43110659
-76692763
-82826663
57185705
-5014471
91688567
37285341
-88145252
-53229052
56020981
96577836
-27816963
-27150815
-61542291
24284757
-21637873
-32694366
-79850180
41351519
14745537
-87127398
-89854207
-39339330
35712962
-48559626
-63901288
82697610
-74717478
15685369
1280860
64511621
92604836
68251398
39540949
13138680
71305274
-88303304
-78466252
-14286153
-96152113
39893185
-67897263
35719618
-25743392
-32026838
85017779
97361529
-52953770
-74379675
6929472
77571626
81806409
-43226973
63790788
22378764
-78440135
-60736202
22254640
-54541824
69491990
36827528
74171165
-24898050
27139426
-61095575
9512699
41511246
-83082448
15822101
58006670
28961226
4546374
-52046077
-73684459
-4726769
-64925515
49861802
15953970
2214080
97609483
-33058466
-30628421
-9580374
-16399785
54649331
71422123
-87219686
9688617
13309325
68166719
17469412
32002727
64553333
-66659166
-84132786
-41075110
-4397469
71277197
-62611330
-38025038
-92963134
-56041153
-93552701
-72049225
-21821543
-51310961
-21635478
81357029
-79375939
45324505
89301576
-27198958
77118830
-30990662
-39505450
19333113
-36802302
10150521
21002989
-28397844
60584431
95932621
-99363739
-3358719
-17037032
-95731509
-57404778
15744724
79058559
-31737423
63822324
49433710
-6572476
-4692195
-16271486
44165437
12034354
89733329
-66373793
68748747
91106216
-37862177
-81698381
-53690401
-10943155
4909116
-74110569
-39199889
18352231
-84263680
-59199670
-87321864
24683434
93237621
85700684
36918612
-60397965
-88255528
-89303771
-40613512
4501790
-39337857
89551076
89992479
-98869125
-2099509
-3453115
-24169788
-2563668
90711156
-35311292
79402196
84328560
43500051
-96719130
49320970
-88196798
67434163
-94222006
-71242078
82913782
33087839
-71855831
-71524250
94767760
84325321
-22525136
-70049423
-8456201
-53477445
74975005
-35633104
42078638
-38221902
92376762
322080
95411938
-21913326
-51603635
-81126094
-87694305
14609840
-64812986
9582139
-63534634
-62222302
18477828
-93915561
-96073938
-3598530
-2077077
34861396
35031214
79536444
-97853309
72368969
-50517244
-32395211
-63197894
-76825797
-48902523
-60435180
81255319
58263405
-44932190
-2038406
-36197090
-96541046
48332584
-4196102
26772025
53738479
-55444458
44420794
46264839
-15327877
-97665933
-86299891
24482425
30123083
54151763
25254929
-81466407
-25028987
-67143563
-11772707
83666195
34114530
86907649
46689289
66132284
-56148245
50261616
38180829
15188083
-19164495
46045862
52557354
-58268800
42525662
4788201
-16505095
5976811
-74396124
81773586
-78364885
-52627150
-47428984
-10967907
-6372534
-93577742
-5604150
14514341
-56940052
26779585
14568159
-89826212
82326459
59432643
-64890066
-36061317
-56654787
-22518654
-67495951
-88592889
87096092
-58392112
-26698740
5361461
91829535
33182416
83008684
-98857058
-58383791
34481737
-71809083
21243223
-50859932
41791088
-72155756
-34713046
-11122248
-39981585
51691943
94937703
-88567212
47996028
23446663
16911956
61072512
-41808743
-91941512
-33170010
-57936689
-6130203
32654455
-44235577
-30835244
44755088
41031799
-29149813
33219199
-10907267
56903268
-5832592
24569615
-16243769
-72490334
94637239
57590993
-21628969
-60940065
11021551
-74559576
-98996196
73816752
79078462
-66805090
48093968
1780229
-69440579
10989067
-7831897
-55654896
91873845
-83653917
59953106
26439109
85136350
31773703
3481764
-69723204
-78385273
-86552477
-78759466
53380100
13789380
-35506382
66948548
-38496708
-22837926
-78775390
11927095
68809932
-71591797
-30462465
-55660038
82986079
-99121225
68531099
42180650
31670990
-56099499
47191067
87623877
76610595
37949819
-41038866
-38568551
57054858
97352983
-65568340
-7256714
-90821167
-73104780
-948948
-80089682
30162328
15688790
-91749878
-37090106
-96991134
81471526
-15842062
-81924969
-99629828
49305025
15403701
43517129
42473173
25427872
37848903
-11717088
83690808
50780773
-84427139
8902652
27485740
10506219
-601321
39671412
-6669488
-36962962
-77418646
-12169768
64643686
-58210991
80800867
-88870206
-12375767
56305534
15925066
31888333
85915885
28703579
-19038932
-34019011
-72432153
88487663
-26213991
93447755
-2715566
-66591391
87873414
-25995487
-27636253
60834771
-81458352
7894901
17601271
71709305
31873594
-78030961
-15019761
84805934
28200844
95886102
55083734
59313357
71750421
35205708
32418360
-30742952
-24030215
-82065852
50778842
85017503
58598270
55310285
-31449621
-49405025
-94989540
37796183
70393364
89964218
14642536
-63942232
84720172
57460835
-51065734
-60945015
-91258256
-96515828
95447589
-81349965
69016605
78668573
-59758965
12795932
-20786534
54307649
-18625574
21441799
11199841
4766112
-92020069
98621083
-56927851
17246910
-78079774
26835127
26526398
51801630
-35078301
49393872
919898
-37614518
97457404
22113072
68312504
-55646650
40871655
-52923309
10609130
-47749134
86999118
-61088396
33456542
-82060420
-25296577
-48227987
81478747
4505621
-43491177
37477105
-4954143
-53054982
41626196
-67688569
62764481
-71473821
5277061
70202742
-46496887
-463921
6083389
92672064
4750447
22351442
-29713452
9638679
-48491867
73282262
-99142975
56889189
-28530033
28109945
44775253
163254
-38956811
-70181023
-29229655
44428424
-12663401
-38019305
-64129360
42853704
31991030
31035044
-87841206
44483446
30932880
55341715
55280617
61661422
45748097
-34651577
58192393
20136620
33805060
30145097
-28056574
54738371
-741844
11767737
92626873
-41980291
-1820203
10467243
-58268581
-88480687
21351293
15219570
-35528589
-53385381
-66739456
52374198
-5822384
-41134506
87792527
95093485
58091231
-85117589
-17086297
-74432430
-3539341
-60090067
87281904
30777546
-11458983
17629079
8244937
75700632
15967559
29504684
17346599
39062735
-54803458
-75881378
52085103
92410423
31688667
-34750705
-93568133
33311945
73472757
-66515412
8585172
53838423
-30861466
20041698
-83986970
-75832430
66285548
67655976
81169401
5256331
24024478
58405377
23530220
-95102778
82398617
-24713957
34862144
4030775
66233220
48559049
19036938
-56927960
-52788677
7541796
67679923
40852130
8847733
45159305
-41696857
-68432931
89889555
-99503839
-88297755
-2853348
-29185420
-54757414
40425286
48309372
-67626056
52995711
-29554854
-38366619
67456763
-47988793
18564280
-13764040
-3243819
62700343
35916172
24425176
-71882806
-73692139
68850519
-59426730
57089555
40733865
82348541
-73280235
-71939747
16748988
30353114
76957985
-80512048
-42901286
25877860
93395689
96448838
-9414185
-35278498
95525806
-56747392
-57705033
-36230494
6117044
-44904547
57724301
-33207136
-34415651
96465378
78597397
-30427493
-87088817
-6281623
-80408877
-73221254
33309823
-33552113
78216036
-32582100
43230369
-94031794
59271590
63616948
53063351
-40655802
86315863
-70727769
-69096107
-51421420
15927379
-9103200
-93801458
9589238
66437776
-7588621
58143284
91612661
37492902
-48053418
-37100745
12054496
70279944
54969310
33109291
53778161
-40444035
-65190947
11683937
-96294845
-2808381
-1973112
75010756
-96081500
-86167316
-77737967
17521351
-1056777
40325802
94740131
-52044391
33688727
-15032159
13874172
-61439982
34152444
-46239935
-42983091
-69571903
64469015
-32160284
36514648
15066697
-83829565
-33284054
95452335
37368086
912309
99861356
-70880997
56893034
81736280
-86806468
-34595650
35775634
-90727189
-84434933
24408786
-9071560
-42676762
-27803431
46728548
-52135263
69737065
-23795820
93386574
34560900
-67333311
60156896
-62633965
-25450513
-85141585
-26477431
-56360611
79064609
-2461068
64182178
1104058
-50714107
-8918314
13059065
-30650754
-58196464
-70924811
-88773611
-13373985
77761809
15153208
-49132310
-55929224
80550060
-89162651
63164769
-28248784
8671437
-3455185
-41615147
-73823439
3580976
58588315
23237027
-87042941
-59513620
92092653
-98880069
3947849
-11655694
74751184
80357904
87579736
-19252808
44693573
8176303
99288035
74757036
93051200
15171017
7841996
-72529421
96778193
27225331
-52196507
-60344626
82529164
-63550509
-74256403
73856243
-10625274
10823702
-61625878
43040865
92526949
85461730
77014702
35232234
78855175
85545771
67018067
28072316
16249237
8837423
-70727675
-7203044
-455725
12973993
-83213341
-39885599
-46949684
-17169301
69622328
-7122676
-56307594
-84078415
-9944845
8741112
80195115
-49719996
49257956
-32765748
7714972
-9230868
-49748090
43752342
-69345098
6421609
45283652
11967491
27668703
73023066
97796104
-61008343
-3831001
-92855803
-61945773
61135295
30955542
-77386165
-59898734
-77369755
-7693901
-47804348
46195251
-23934401
-61102433
9743505
49623958
-49315737
59185010
-60979201
-60223323
-27118132
-91722496
7916265
-77983706
87353322
27217443
9619633
-82577757
69498211
-91949121
11733110
13948038
73781059
-33627268
-93900018
-83446012
427797
58523572
-18585840
-73440281
22592301
84619561
66322293
28237735
-2240991
57869691
20998250
-48920693
50819168
38376348
59763954
94648663
51144429
-11834613
-73528460
-34013164
-98669100
-10192064
-80055316
83529718
-58086445
91769576
22138613
35483812
-57279857
-67410282
33939164
-43613723
92828729
76139418
31109014
-73870615
41606607
-33291980
81362207
-96603236
-24547290
-9536329
-74555089
-18987747
-97049116
-23216902
-13375798
-67306696
19296865
-34477653
40459964
34841172
69145434
34513005
54572656
81348655
-37186837
63078778
60009813
-34630131
-23566453
-25904202
-10613064
87736304
-44655007
57796350
6879940
-984817
-70867543
-17892424
77312566
68669038
6412030
40919534
-5573741
-20509343
-37626735
6589610
-89881920
-25023941
-58152093
52633448
-27567918
-84284
20874684
29962256
16703655
43612151
-31300559
82174841
-28338368
-93784616
7130816
-28852593
-84458441
70620590
-86308533
35336548
-34147452
46259432
88237853
19428069
66689341
-43916103
58843194
25602333
-50231930
1876662
-54612405
99112975
-15986673
8019713
43564811
-12089150
48245186
-62593296
89843065
4062375
79939026
-10987704
81120053
26776805
95474791
43916659
71456544
79639522
67857666
-31059534
-91603963
-37154595
74565787
-1328571
-49352783
-43157831
-93018162
86255104
31291590
16129414
-44717201
-59635774
-3393801
59505640
-82534611
-74185206
-12532248
-35506619
-33550350
-95345822
53943279
-44078945
48904910
-78314271
-60083633
-12234417
-45577658
10862921
36715011
-75812431
-31423462
55263530
68895746
19422505
57554294
-85769245
-33028150
-80488845
75477926
13478831
19026058
-33178239
62381296
61129233
-63855651
-10465005
-45257539
-89803153
75202667
55260838
94723680
27680112
32982089
93274128
-4892999
8094757
64347040
41905071
-24519930
28335032
-57004716
99872359
-43192389
84849439
-40149550
-77535696
33405633
13891306
8193624
97022397
-50218503
39241038
46290238
90390234
-7487923
-54062843
-17887606
-90156412
-24197642
9277768
-83729422
13269053
-23450192
48605336
-35563038
-13960545
-32739408
30555309
-53829020
-20749628
-39115792
10402695
-13727326
-20431226
8198181
34137008
43369942
22310598
24541088
-81275012
-46439181
-20654796
-75144171
-78949660
-51724049
-31840606
398751
-15611273
-94715570
-32167002
50017912
56312011
88602069
-53995615
-61799138
40808917
34023
-97481447
31186268
-34354486
-60595364
36999473
29404601
46448023
37211237
9931336
-16788013
56182555
82781303
-3631743
52440802
16214114
-89306681
21246314
65703220
-83075162
-2557533
6388502
41988057
-10414440
-62238128
47901025
-77238303
-51353073
-73141770
63177479
9478767
53111537
-68508451
70396359
79146364
23645424
56092436
-31988169
-22705363
37577977
-74156808
99329625
-5093730
99713433
-71837623
24173772
-74402377
20519176
-28031845
-63963407
64024065
27707856
44647368
5541879
83328292