72434595
39564860
-38314497
-60288623
-97148728
-24127457
-14695659
40223108
-9660683
-40715307
59869593
-96972116
-85883157
19644908
90736606
-26712114
61857388
-89100827
29641492
46468457
-79629131
76579642
-16126768
53623914
72073498
-59705639
-35695698
-40139634
95478710
6226534
-68205222
92429398
42448091
-37885782
-51403858
-22516825
31832541
-17455651
-56062218
-24185764
-35282849
-19320232
-53908922
-21837584
-88224979
-8595598
-22167018
14783196
35641140
84975074
-39725659
-23622488
96502645
67122732
-90084616
35705581
3000831
-63299726
-52317353
19204699
-54790134
69802655
-80459675
-22553782
-4596129
42312656
15914262
-2776077
54198653
98837419
53386635
-87698842
-68748040
27662194
-33560347
50498534
39219120
67650374
42578544
18350227
-26542105
-87321387
84862751
-17176371
-96360932
20013208
36272352
-78394471
-5259117
-85600092
9367434
67750576
83067547
78356459
57251232
53133274
-5952742
66513723
-81594266
96876666
-63568039
-346106
63363700
72549186
24522164
60568656
-796873
90256230
-52475722
22686295
19241762
83531205
74706656
-47028844
-78358350
-28417652
65560804
-21450352
-19404867
4314433
1672807
-70054215
-61501957
-87314365
34966831
95269885
55216213
-46917767
-67876867
-3713035
-31114741
-87330161
32224033
-14184486
42605881
72061352
32624379
-75073543
19359106
51932871
-22355005
-41366774
37522877
24906183
27548490
10050799
91455534
49734170
-72444880
5367850
5997274
-41423697
-32598304
81210963
77321446
-82990306
-21302591
73371433
46895623
35244534
-66003512
6212326
16445426
-84346999
46384372
-43989915
93589138
29313685
92673393
16445288
81708019
-76479819
84611567
-36389867
-82116850
544695
31855166
-41337415
-65717805
-40350172
81114897
69171661
-81795791
-58411730
99563149
-38574809
62312596
-29887189
25126729
30960327
-77147158
49752957
-92573443
-24769218
96346711
-10671397
-24122649
95388690
-78133270
-97989327
-75623216
-70796442
55046531
50688325
-18005651
44150293
30575474
48222234
-93605574
98186805
-99523228
47485314
-24068199
-48515464
19660978
-80164278
71527661
-47051560
-26097727
13131836
42471498
-35516088
-6569303
14152081
90218424
-66472237
-47263371
37257867
80908139
-96929881
-45847338
-39721434
44533332
-81381496
-16992505
24398587
-37775975
7908587
13137540
-95540383
58474817
-1520873
-43007708
3887148
72584631
-64144599
-71109416
26447689
-37492613
-40181114
37868450
-43273875
92937322
-10020075
-64592461
-3887128
98644630
-72100337
98425266
94402908
-36875538
9864132
-36265259
23864532
-84389516
-35100845
-30085191
-13124626
-64413701
46544888
38250932
-9519036
68557751
-45319960
-91954179
98412553
-23935493
-91147843
68186481
-83526304
81610670
86272112
67695131
46820078
-29271338
83723271
50484898
11734542
42760677
61698990
37866371
-71431647
-30760694
81247670
18701144
-44662700
96693010
-49890259
-57055982
-28694273
-4805039
-62406453
6040018
-18025714
-46509272
45017500
97493963
-38115263
-65445427
-98863220
77966422
99770406
68425071
71205258
87099907
-47958746
22334716
-23758489
28349722
83261744
-22590589
89417772
-64553796
60327970
-76566531
56089946
-94795044
28501599
18374762
-93394
54830744
-60915720
-42465052
-11984236
73031202
83883733
-61359444
61968651
-2910984
-74163571
81588202
57431242
83674702
-32532321
-73153274
43478795
72411089
-36929523
-96981215
-18164623
87123624
-97789890
30988840
-40004267
61733045
-102116
74518150
-66869537
12317118
-23638834
35498635
-29134128
70896178
-89385851
-92003710
60421260
-53158471
78415782
26569545
-30783768
-19980940
-3834762
72276148
78731384
-44263704
-25768900
-87868744
80929304
-81331290
-67560741
-85570629
-87749742
-71254277
-1718675
-21888448
-58134458
84711411
89962280
45900801
-53718840
39487049
-13040257
-89487131
-31636549
-85234744
-29807255
5382088
-95635903
61416953
48999118
14895299
87816784
-33642645
11743911
67085221
10131602
-6853156
-73246622
-10401257
9878948
-53067551
21242943
78418124
53651585
2752742
75612612
-91048191
-54858253
-32265733
44298259
28476242
99827213
33275108
99576277
-1979532
-79749406
-88962997
74016892
99821895
62162759
-71648362
29976239
68217541
51296726
27107700
-62451462
96814990
-41793438
88112497
-50539747
-25712317
64148770
4033220
-91466317
93393493
86772423
-87204007
33927703
-66864782
71122209
-72442213
-77198812
66331942
-60137091
-67019965
-77886228
92581492
-35903160
-12434496
-21656250
74132406
59650357
-42765853
45400175
27769141
64515402
27644968
92113006
16480291
-47941427
38570134
73152231
99474397
-51680849
76716454
12338962
74485082
47727259
-8798104
51693552
-40718759
-16079223
-61538710
-71470137
8298134
-95232615
67879447
-13688160
-61326845
-29017263
-63582011
89817371
86148521
6468888
-65168081
-11182704
-49133078
99995689
-71881877
43881343
81949866
94248518
11005757
73862055
-27369719
48672142
-17426121
-87686485
-10722478
6936468
85192135
-9552492
-724667
94447698
2916507
20655601
-25506611
20636163
36456043
8542198
-35042451
-89225383
96857172
68885872
25237181
45864717
12729987
-16995775
-80774591
14770852
69129519
26867615
-69701287
-31330659
-60930739
1790993
4769140
18014335
50687951
-54937264
34954902
61223751
41768240
22259977
67857294
41023536
32139036
-63279284
-35962581
-26514663
-68521960
-72176888
-79313437
-39495948
-19646631
-60079366
41526471
21153132
-90615779
65988262
94158416
39781169
10219242
-34677473
51244566
82148932
71951446
99568484
26877187
45529077
-64348123
-9149914
6279639
66578196
-85686440
-1494148
41471281
42965340
28560106
-98174730
70426737
67955341
763315
91286354
-80669027
80350259
-98129454
433710
-11173108
-44451591
22784779
94775963
26186143
-21325888
-32831748
-13029130
-16919409
61116462
-763142
71564770
27845572
58811210
-85877463
-47327121
40788735
-72312705
-65927274
94661189
-4937450
-29458207
-57027930
68148156
-6408790
82622125
24419227
849892
-15696491
84093423
64825494
33223728
32193707
-35190127
40209081
49169792
52172013
41364851
39020324
96323463
-69354538
-41090118
-38749812
-46501204
3286038
-20953306
-48413075
-35120767
-19208447
27909220
3767728
20711155
-46120360
37337191
14531901
79650670
-38534312
-97776480
57714526
1981872
-33698179
81689562
-81385740
79117370
26999212
-61419903
67837038
-81224309
34491311
-86249879
-45200860
43902071
64381937
39541695
53665857
56006991
14465817
48204642
52459670
-20137757
-35243903
67320911
65372659
-51111731
-78928847
-23866655
77480304
14129235
-78704364
51290285
40429250
6328570
-98439962
77861135
47421863
-7306249
95545315
67193097
-62657369
-76806084
67426179
8038542
-46575022
-38480201
56771817
1330176
-42433742
-98243186
-63606233
-23311643
94938952
2453979
-64332613
-15826556
60651656
54297279
56500820
-78997380
93209660
35524703
-72586335
-62915440
-93446687
-2587925
-13549679
-30789190
-57686426
17128551
41194869
-9603189
41976514
77204633
92744319
4633572
42969636
-73904364
44051044
-70995635
-3008143
98273813
-63242346
-15218822
-76866564
18428759
-68830920
98828048
-47367828
7552910
49691663
-1436940
-66847180
4794447
30689153
-23106406
51903433
19892552
25034616
-95688114
-9323630
58493678
-8253567
66563412
-43956408
11658362
-80023779
28339784
-44495581
69772522
34564986
-16844941
-21880982
-73273188
42980698
35206191
39700052
-72142425
16514336
-67405376
-94412810
-4001015
-36850265
5314993
-37048370
74862036
22954525
-26181402
31283604
-57733558
49129294
-2956427
-64568121
25399920
-4621278
78967231
-74891186
-52905636
-64470093
57337643
-35306380
-72922037
69845522
-53333934
32593109
-6663545
29051561
-70957767
-74777783
61909162
-5745625
-63510195
45360950
-43274106
-20749325
99925145
-86250175
12511559
47963340
33862325
-48639230
97632445
-27940951
42167245
-9006407
-65230000
-17866942
-69729200
72129214
50513723
-7969224
-28622279
-38894065
-76391196
78940411
-22665229
62936532
99497714
99444570
-33752887
5113294
-66221786
58442039
51972396
-16874257
53749815
-79766818
-15041896
-33599350
50463539
-37786712
32988725
-5917706
-59131683
22977558
7348189
46223479
40032170
-54737823
-64560195
22733818
55846514
-7432876
-96895494
27984192
8907808
5263005
-52486894
-56308073
-30934574
34052749
89467148
30309613
62590509
-14976074
-25021724
-24974462
-88374545
-54688043
-99902699
55816924
-18007324
-17021812
76609593
-73501004
30615999
39887068
-6518375
-15423363
-10954818
7052360
-41362460
1868118
-62070935
-79286810
-53055247
-50508135
-44096159
87948153
69955402
-17487641
-14336803
-16048639
-99441082
-12031326
89627489
-4670440
-92777892
87512200
-96348860
1849594
57975837
18955164
3208941
44732087
41954348
-81215182
-99767940
78368785
91086130
75215187
27455701
-33951129
-3522057
3130901
64776485
30722409
83657960
51487304
-86472958
-71381742
48253296
-81063667
97029211
79003063
39698579
-2908981
-72475727
-15749130
45557697
-6883583
-683437
-91839709
30981288
-61172906
62219997
-7556203
96155890
68827125
-55631197
27147058
-7241758
26356900
-52116753
-43225757
369735
74447678
-53848928
5951479
-54846870
50819471
74673865
23026311
-86912739
-24013663
-35601360
15073157
83256381
-87432155
-19924940
-21678978
86840075
-97527336
59031660
14938120
-88494994
-7209341
86789272
50128689
88410172
-87126961
-7337156
-90493225
31527836
34276879
-13632690
-8040597
95696599
-72712182
88494815
-33851439
84258650
33735950
-39016234
43774564
-11824489
-53251391
68530226
53826172
-15237303
-56399274
14610993
-27067951
-39753572
30280549
80449578
-22639118
-15556439
-13932655
-32906986
-46751711
43063243
93339554
-75804370
-30186221
1298461
51122381
-45093731
58473971
-41445473
-72357105
-57482897
2931304
-80869397
-41033120
20094312
-20783994
-31172398
5874646
-70332566
848296
-16755408
-37789464
-91388770
54954658
9151188
22798507
-86613184
-19119430
-44310404
69895057
-60529461
-1344437
-50369799
-59399478
28760091
-43084299
-89727301
83370571
-30717699
-47935173
-65796145
58589284
2058076
-37059892
34683384
77071405
93371106
-41162180
-52496723
68755427
-27739001
-50506020
-21515058
2192084
-64132521
-80623340
-20298308
23229972
-98592605
49499132
-74529065
-87167725
-41648197
-709960
-29692789
-64034032
62935744
-43572457
-91890324
48260786
43490546
-33397385
-67812704
-11293694
-56479070
-6761351
-20152368
11758768
-93204390
8119444
-53747668
-14698662
16113672
94672661
41716443
-2770279
2059523
17747383
-69671694
24783664
-11581112
89508522
-94136620
42293518
-33642801
22677532
72834835
-40300265
-5960196
21784572
-63476370
-98806777
29052161
72564198
-47628370
-32181792
43174234
-84218391
-39966601
43175537
-72724772
95302286
-49098680
12372708
9288152
30046497
33197445
68806241
89709428
14043773
59176861
25870653
-75656993
11618034
-56707731
-70753749
-348178
25522363
14248490
-49371467
52763225
40021365
-5221059
-48822023
-6826867
45380607
274817
-19726452
-78639431
-38720947
-7838683
-87582944
-46676610
-66461215
-130626
12445142
19841359
-22026633
-51530839
28595773
3311225
32249356
-26385550
-93015881
65250632
60295668
44098798
-77247884
-92341409
76545406
-79679474
77125416
-72558159
35456157
34613349
62152255
-26554023
11307199
65120499
31737428
-99798019
85300100
7486997
-53494120
-53894358
-8853997
-63159651
-60288725
25902989
15710576
41698923
87059187
83856343
-53000654
37814116
-94161227
-37938625
-33237466
26291032
-32868613
-36986260
-86122458
-59849611
72746117
-20274371
64505509
77530031
32881190
-37187266
-41386576
-59388891
7260755
-39864938
58700522
-83609260
-24315404
-48676821
-90988558
55918049
53993684
-2243638
12069442
91534641
30578816
-22252653
-42988297
-74223359
68318966
-44129103
-71333051
-90678200
52224004
31935969
30319065
84075607
29480899
-25147341
-38645088
-57765891
76246138
-10535485
32040239
74062986
-89608421
73853565
93342947
-72963683
9264434
-83911785
73089219
78405479
30632196
-29584219
67001371
-42126855
62637067
-47998608
-43915206
-55586801
-74352550
-32713675
-83548715
-63066351
-33339264
67739295
-93609538
-19865590
-99132177
58963458
-77344331
83358944
-22373893
19764472
5174690
8067287
-40893186
-31814717
90265905
80225053
27421386
27946774
-40870045
42827977
-97708779
30539708
81210938
75453158
28850358
63871846
-31653749
-25440140
-42314241
45252747
31902808
45078507
70546949
-81943753
-12901834
-74166434
-81812565
-80917479
22333121
-17008698
-80446755
-42728011
69207186
-86490819
55618581
86518510
36492081
20943475
92151801
-97287811
-89723281
-83429135
-54869965
-3723057
52246734
-25911108
93432398
-86267669
-25185322
-21456629
74254770
-76874895
79307792
30491165
50084001
-70278327
-13429754
-74484641
-22378296
-37768107
-86522093
5107303
58899330
-3697406
-99554656
-62383291
-19118265
-61522956
90306461
41239836
32862770
6109685
36588088
-50243370
29672224
64596315
-94501894
-82391485
49417178
-78761532
78894037
66816240
16791692
14500772
-43738074
-21990097
-85742296
-35570264
61558156
2650732
-37465648
-12971758
-90002054
-29827622
-66803559
99684658
-28032952
21331690
-19811362
-72234166
-52664590
21053327
-15813287
-39016053
18457890
-34978394
-76306397
79837360
32959285
-64241788
-37445365
-73148005
-90210546
5183643
86536849
63039059
53332800
-73283933
37256022
62678457
4300830
-27936800
46439701
94546320
-37207212
-68595126
-89645788
56548256
90990954
-26885236
-32523060
21837093
67134413
-75989175
5774008
-51888932
-43897100
-8178965
-29629618
70702856
-42746235
-65680897
81116812
35299726
93238141
-51502775
28991223
-80871456
-26370821
-58551639
46078412
-10471363
68972352
-53677151
-76710303
90520635
-74464920
41527836
-88035167
-72407142
23110533
15471509
-84052330
31376437
50142945
59673608
80532747
-44250956
-526289
8264478
-38258600
46842954
89409499
20189986
23851576
47983226
-31267735
-4118043
-64723356
61235609
54953233
88331642
-83156021
51659988
56020043
39654149
51285435
-34611570
91040332
-50650440
-66889221
-20155452
-75720998
-82488683
90179246
65051347
52329457
-34444300
97220235
-95281689
-14794759
35672453
-7129362
51792674
16931963
19641340
87749254
-74783640
-4901186
33934658
-6909036
35280064
58830460
30817924
95059917
-93235558
-64367735
95315918
1707030
16453029
-94815544
-8800937
-86217936
94235556
43184747
77563053
-17721407
-6074329
-54831612
-92770933
76642491
-30176981
68753940
-19790396
97080751
41224537
-94029055
35990219
13290411
-22667853
42935810
-84106507
-61285552
-60105729
25093423
-22432855
81105654
23093625
-28319063
44281770
-66045221
8870567
28658400
79508097
38862141
-51587535
97752605
-74421952
-3862801
99598645
-58810961
13410029
79983147
-97136013
-83875628
21889443
-42471082
-89279941
76990750
94376854
-42455606
53743021
93540165
79833641
-5225795
-45698815
21063950
35582980
-59941395
35125846
22405258
-3442663
-4685665
67526874
22177932
-17218867
83159403
61949281
31968564
-90069674
-7324134
9191039
-94763462
8748168
-99746012
13192080
-6237931
69292231
-4782013
-96009013
-29704385
-4984778
88593773
-50072680
-40551621
50785925
62447399
23887670
-18061235
71497554
11730837
89540821
60076872
93493608
-43999020
-50043456
-40889490
-71934001
-94634329
88850595
17213489
96299632
-82852346
-5736348
-73464776
48852693
-11335362
-54499968
54339063
-5946777
64894069
-40167829
-67438724
68276886
16468743
-70473625
78680718
-41554169
29412665
-61574422
90110780
59191021
60727860
-84942656
39438285
66782093
64966215
-3469486
-71558557
-57936823
43376979
95319358
-13033776
-87539886
40999239
-62313073
69213401
30721501
28070049
80857025
85975331
8531657
58253687
95465439
7941532
-38309558
-37045239
60342952
-16614523
8039274
-2045824
13084215
8163011
53457292
7531220
-10702232
-9685000
10252300
74302264
-25886360
-4689831
-24493485
-39178042
-2719403
-23469079
-94072349
-25732539
54840608
49366607
-4130456
20779353
75630550
-54401360
-3073902
21693408
-92616127
1760489
-10784913
83379529
-24683625
-27932466
50345114
14200925
21708739
44661099
93553158
86886917
-1904649
19038013
90726718
35174746
52359082
-20955918
23764944
-84926828
-30898936
-13590682
46455037
12365019
-93109376
94268826
-87382619
89038043
-85816589
1845928
-45538091
-14462739
-93144339
88820060
34775538
82114596
-63011904
-68446848
-42662977
36191684
13525308
-21893892
90683828
-74359834
-74086137
-22684720
-33404570
75390243
-25044063
41444613
-89382085
-86469279
97985517
-75191537
-50660319
-73869295
50399546
-17190058
-49150055
85685596
95707618
81085326
-16990463
-22379485
-42155756
-62181535
78285677
-52734108
-60161727
-60661186
-49714681
3929838
86715862
78412227
-23420364
78073818
-2752243
-55191429
-18508315
77532044
20940717
-66499390
-62139647
-52847606
59590950
-58645757
-71507548
-89863371
57710136
32846179
78907346
-77785882
-52521570
-97250100
20974414
42284710
84275556
85658124
27286932
87007157
70464078
29130745
-62484328
-27315410
-92157642
71701717
-38481878
7707915
-34189207
39476797
26350763
4857688
-33333831
21499196
68453788
-46685778
-61766935
-51612892
-77893344
25413675
-30224474
48524078
92218568
-52860746
-54536498
98270124
-91741639
30738462
-22225998
11532246
-91819738
58584462
-85958461
63524631
-10001381
66190311
19031425
53291557
8358480
-82737017
56668936
-44479770
-81877524
68802808
-48571319
-90816017
99818970
-62392197
56061523
50355051
51563450
94540454
-34228617
8482971
-9505591
53304596
-44269754
-23955763
-51314706
-34533429
-11269253
-73063291
16040025
-29311514
68887626
-48524510
61395691
-80560813
-28296195
-61889076
-53480832
-71559257
-71124313
-44147720
-65678968
-86653189
55733517
-31770165
-95769116
74282406
-3419714
-42169018
32726998
-50744899
-27467188
11250732
13724352
-39019282
-34514740
-10963002
-15016037
-96330113
19807068
97173877
-25974768
14487665
40080064
-4830191
3969998
-3962156
-22960538
-10100790
90055369
-88540616
-59628906
5486542
14104008
77007928
71743432
66362383
-21067741
-83278680
-80944573
776819
29805619
58276094
-99658436
47200786
14554939
-86874553
70392652
-28421657
58571651
62367227
-55198159
-83418323
-99740365
-56709010
61575190
-81462399
-51009260
18125047
88567430
51536581
66792104
87205213
-61736846
-12228265
-89186055
56812368
66997897
-25733843
65752290
-65458600
-62869853
-63006967
37843051
-99474673
-42589999
-29355915
-67239623
-89580004
71780296
86200241
-52563653
72658432
65293060
76216625
-79148951
2505872
89513008
9334870
-20485453
-25854669
-2468644
49597685
63566477
-4245006
77783537
65419359
86620387
40258231
-92073885
45326898
-35098022
-32570507
-4152442
-99577176
512772
-81140773
-72380798
52689188
85944050
51287078
-229803
76082112
92673357
-10039858
-73986892
55336645
3054323
34293554
42591055
60286597
42055302
14426909
39892095
2925455
-83450412
4863106
12607142
-41640464
72250867
-5734044
28799157
68133558
18749197
-26831574
-88107734
-91706205
29046099
14374274
-90078094
45920810
88515367
32293354
-41262250
49237311
-31097459
-91977518
-35813512
27420587
-46437376
-60053196
62380957
-20082884
-43827644
-35219668
20557786
-97792153
-58787710
2820992
-64207389
85498708
75153984
39303771
-25904496
-4813518
2379034
75557661
63908887
46302609
-41026203
73384662
-41253713
2652443
-51869226
-54185752
74312801
-41584301
48798327
-30405221
-6162396
-26551253
89154574
-93191673
89881218
24973208
78384512
-38826748
-61015366
-90896425
64100322
-70614853
10916485
40981178
-23234746
62995163
-54219463
80862854
-2327855
5740905
67654001
-98529195
-62180601
-87253375
85566533
10989102
82637138
-58319927
-63573627
-17197334
-35691175
-84953436
91049654
37266672
-63556576
-27871703
16159074
61286420
-96624538
-99667574
43446632
76930265
-29404900
83412048
-67218833
48396920
14874281
67643638
-2904693
27043924
-93857011
-19830391
24311373
25890331
50828396
-97916922
19929198
90551022
93412634
-28797760
93566843
28060548
8288623
51403885
-69458128
-47023512
34865065
-36201018
-43044430
91407309
-34914153
23851732
79965492
-90266224
39422784
44618938
-30380593
-6114401
94379012
85763792
90492374
-58334149
-48976822
-28221624
35920513
-54938316
31726231
93441362
29429664
-22939101
55171021
57449448
71792878
-65856500
13753568
-93391117
-26943674
-35285275
20901315
32024430
-41842298
-63518713
-62175319
78510488
-17107121
-15714364
15991522
25084873
12191735
1566354
-32384811
17583353
-80842772
-30938217
-28618849
-91407126
-77835728
97178547
59702890
-11237244
-69263683
51449524
-20982403
-43608114
-77851568
90923241
-79889571
83710205
20822951
21288858
-5852599
-30108605
59241807
-91591203
56891800
46276843
90335961
12088485
33585999
63430465
40887560
-25639473
-11022954
-97651487
67088232
-66800714
-44162900
-60557257
-27820348
-54990021
27023531
-61416010
-36319487
53312912
43207841
-61546053
95723776
-38244524
64951209
-47120304
48226345
26713322
9184020
89554328
-48908966
-48041534
67799353
79567712
32497654
98413
7875698
-5925292
-86517513
-28319988
99459810
80905876
-11941839
11279318
85827379
19974328
89694230
-28484234
20818673
-35915146
1268768
-13603020
36572778
-84933301
-42702453
72644569
-17494258
-6693111
4414247
1495472
-87327080
72870591
25599421
73789292
-28857916
-3724797
8117688
66025962
-12556745
-39062024
75707110
53907126
-46472687
-74628013
52109727
76923767
67206308
-56917481
45776413
88292457
55690544
20993168
86494017
-87952577
11402285
54403098
-64033673
-67834177
10588271
62004479
99141564
-57818898
-588245
-89306626
-73259660
-34996063
23091151
66865349
-73266475
11607151
95595660
2583418
-5741805
81763707
-48118161
-99077767
-11962567
-66491789
67612265
-54510820
4002963
-28984103
91685813
27209891
-85050371
-36667654
42461789
-53971455
71386797
86765289
-92297247
9614402
77479031
65524938
-84942794
-94937274
78849922
21235778
89094001
-91916917
99512364
-85432052
-18756322
-31662872
-99054041
-59318247
-34876964
-7643057
52883645
-88257204
-72644626
79789405
78409858
76922799
-80949075
-80832660
-24041482
-80589005
-12838933
22961886
-83874318
-53623006
69059483
45020543
-74241737
-43215506
-23878266
-35648229
9394465
47833327
-25792516
91570760
34400393
83001159
96384751
-10941067
-62928938
58050867
-68037168
-45594726
70961374
-70226482
-23935586
25678434
-13879301
-82119914
58965361
-83022537
84057358
-72136603
-48561774
58076897
-79906934
9115973
-75828633
47530486
-11841377
43724538
53375481
68287038
35911832
39838251
38004151
48646167
-31760517
43765987
-2923441
-60881974
-26118502
18812291
63438769
-16108437
22862201
-96238092
24310592
69897779
43794895
-11153411
-26382859
98310355
97318019
82409894
7552221
-50356772
49936039
29373322
85984176
-98454314
-6464440
-15949455
-95769173
-92536323
33456331
14380360
12680823
15324308
46405721
78748154
-31354008
-95924219
-13689623
-99460237
20720663
-96348179
69593800
5713259
37210183
-57319203
-4905240
-222257
10514154
-37110378
59797195
20495669
-76634787
35314921
8952596
-41885140
94741558
673944
-78075030
42682226
-43900946
12085179
53566509
3042000
41848175
56044001
-73582287
51128831
-78669839
13637125
-39596874
20155878
70615359
56929524
26820885
80318692
21704188
40331638
-30643158
87259602
79229753
-86563737
79137338
-46707139
51704924
-69973162
4239065
-97289861
-45528811
-83801482
-91781493
-52980238
-48649307
-15189188
11550199
-12311384
-21526019
505271
-33959717
-62643912
7216446
-91005158
-18034968
-43629179
58525466
85096647
71772840
47303145
-59779636
-37212743
-19009586
10760633
72325695
26957436
-21943966
69621745
-26050816
48573586
-99867319
8249047
70806882
-80343804
-3186672
71279354
4677151
-45831132
-5928666
-22866596
6065789
54307661
-77972571
-92047115
26815134
-70699905
-15962041
-46121930
72062183
71354339
27845976
1608850
78706847
19999828
55779952
-32543415
-58514172
60141354
-51477333
-24077684
64811231
-1558339
-7538860
-72121791
-50013903
67268192
-47859111
-61813648
-634969
40856366
-28301550
95750736
-8569380
9577239
-73560239
9874504
-45959845
-31769443
-66529680
72286969
-7304556
73286810
51366794
-60894554
-80484637
-16912292
41389693
-45890306
82497778
-45522809
-92814008
-41451039
12703055
84491790
98458470
26253173
38846183
71371773
-18529269
87519225
-38142569
19393492
-77491978
-61191557
78208763
71381581
88739128
-3193246
-12138823
95755244
6193680
96065589
77853397
-71070557
71286029
-55056564
-12898226
98765189
-83560951
-73955069
71363599
24615164
37836290
73863365
51944192
55202513
46147512
55215445
54574195
-43888768
-46625678
-46379069
-17361195
47975904
-79577977
-78535498
89870016
-99136659
-47980301
-10919459
-24921098
-1306385
-50664166
-17533926
10555586
4449139
29071887
62818935
36843861
-98456186
97645120
92636937
-6867180
38903514
-53225760
-52808042
8930840
-41952936
35382552
6969216
-44808947
25359653
-45008347
-17532823
37142311
-6498327
15424059
-91257727
-42482035
75725108
1845912
99101834
65767903
88080532
-95294744
89498900
-23857368
28566093
11026246
32091392
-84189612
60357202
-51777844
-53015828
87553477
29461701
27136663
-67516156
52255373
-68132135
-85349367
-10870662
-26970830
-65649580
91509497
60471006
19069524
-42657549
-40832948
-86442808
2304974
40790095
85253586
-316374
62718269
-14935659
79640655
-36569934
-19797893
-36003974
75038060
37664636
-90679553
-29879884
-34423266
56057052
-82262754
82617532
36895896
-40795085
61399679
-37524141
54379006
63446193
-81922480
6396938
-18218499
52146109
47570846
-54163561
94482867
3558910
-74280696
70710122
93677790
-64920077
10846075
81891998
-81420242
35468655
26182478
-74953038
70148068
13368915
40929791
-37952361
57403195
87890026
27344860
2659904
-34503102
46245656
25952226
58157239
65830766
-19709109
-89346227
15387882
4462965
-50162180
43043181
-32627217
76629844
-7753723
47333817
-56158209
37651072
50315495
1896621
-45704036
-99497489
-17091888
57385121
65330724
-90533123
85429932
-2822820
-12451097
59778067
-31621175
78036751
-98385525
86359968
81405118
-19787399
7746260
71478525
-12042172
978833
98416703
-7111669
53492721
-78997517
17707587
-77509465
-79945569
40128167
38406663
72476041
-89095501
-99659702
93461076
99056156
27433467
-51176891
13355026
-75600441
-64359023
-99443972
-33245178
-89143596
-38947114
99068520
78435883
86094001
-84661489
86101370
-65022225
93397438
-95728037
-77881416
-92405564
36685163
756506
76093396
-4549905
-20551936
60960703
-52282195
47453413
58490037
95301286
-23710750
-35239978
27217136
-78521939
-98237864
50096703
-70520379
81033684
94153700
-75675109
53399294
76658757
18481213
36225364
15336508
37708802
53552700
8914985
78698168
-81277717
-75701189
27135452
-86946636
67618815
37593722
68401404
21133004
58566422
13681899
-70721463
-45047835
-79153057
89275679
-85544182
9191663
-76746365
72072166
-35536287
-79444553
79696557
-26111643
78508824
-45421259
-40302442
65751356
81659108
23590358
3151933
-85805216
-83445260
-27856209
-44416713
-48873518
59951276
-7453301
66670153
32244764
-94179024
-25036435
-92391583
78574505
-41794085
-77193361
10632056
54248206
62057264
-29874015
-51318991
30361592
-7413407
91734477
-8989128
-88439115
-58374880
-68145743
-22254946
78744253
-79671098
73927802
14179215
-33694104
-73259746
39238232
30276922
-23455481
-68716038
-40008894
-83132896
15682475
-58273186
-40490056
-38983985
-85698485
22365263
-17257888
-87864163
-73060231
-80502023
-26650285
68667876
26188562
-892724
5099370
-27994166
26802886
42324853
60333528
-82808285
47564015
26523458
-82470331
54321786
-64846443
91473127
90676773
-17644070
-86672597
44603847
53659939
38015154
58444170
12658122
4988334
-93064999
-95551242
-81755070
7823523
-93968468
-54480233
9235351
-54387957
-68460466
-52606334
49429675
85246726
-36098552
15704456
3207901
-66644747
72781529
77746792
92129658
-90532868
5729551
-93814873
49730532
47040730
94899943
87500070
20009828
-16943702
40454896
-18628937
-41540360
65564600
-29679229
38934868
16421470
36547785
-13640373
-97880289
-26532886
64226116
-51769678
-92934479
-85017741
-33929924
30348254
64709567
31418356
74530731
57644896
-52884009
42540100
-99837733
73119269
-75443264
6678973
-35177670
9071869
-11311297
30532090
10228934
87958200
26150698
20028573
80488654
-2678517
49260603
89005312
66597125
25978954
-69743998
29539784
-84092744
6624180
46255048
-34659475
-3384231
-30953964
-23173036
-74392897
-25362009
23411465
83241049
88991868
-22116206
34179090
-5777553
-79178224
-37879213
-91790394
-27252350
-41768084
-95386630
1923793
-89850316
-36772368
-4295353
-48750195
-3180917
27276385
-59680511
-77976659
-19254064
61644348
-46664026
-18923313
85464959
30169067
-93024322
13160363
18856850
48248327
86864942
-12703870
60411353
-45405237
81929893
69451778
66404201
11228082
-65084637
-83315290
33767421
-10975239
-12631960
46221027
-95132439
-55208068
-8264463
15208366
52573996
84396069
93924000
-50639495
91085936
38605179
-24915517
-26074169
70862714
24463820
-12727264
-40091458
-56204048
38346619
24436540
76484096
10523045
-5530926
1673896
-98982286
76668025
-13264006
9719657
-85836738
59545260
730755
-63110431
81262145
-94071055
76057810
22118510
40930620
-8468906
12181481
-92438666
96696887
5931094
48166238
74820217
76213059
49493036
66279323
73054683
-15759390
85959656
-21592361
-99589552
-29182837
-72717469
-19349218
73467651
-56363709
-61504724
-62817139
32093738
52057962
-83908447
-79531364
8882891
5474620
96381330
-87505540
98308316
81390114
20509218
63099858
26991964
-79908805
88615736
9560820
-90145510
-37320883
91234861
-66886394
-99205480
-57558907
-34901977
-66038902
68925410
82994839
63297393
69326420
-82681672
-25552967
19830874
5622934
-48925472
-24430852
-38890653
31710018
-62134754
15583213
65397466
-40129
70790500
-26052102
-20836327
91737825
85175391
-20615397
37102200
35421982
-62514688
28322265
-17893579
-9939716
97564723
-49697778
43777374
25014402
52584659
-44862872
-61595417
-92103856
68946555
-33700121
27830015
-24752107
35537724
-79414837
27226279
46607500
-82207099
33694206
37707871
25628763
50915477
-93186013
56398380
88440250
86694193
-30853101
-3478135
2461418
88896671
-349129
-88531317
66513214
54574190
74162500
-4422743
72798536
-21464114
-26484064
10901867
-95113979
9113047
5477073
-63207489
-36403047
-76208360
-5048446
13970448
76404198
-11290109
35572166
-62657951
-83927471
-90495271
-34057854
-9393985
-49363419
87835468
-2654187
28321119
-27477573
65406434
77575043
-61439273
96163826
-1735836
-23432999
-79790140
-59264563
-80563491
1184640
-96495994
52122503
-43160917
72913896
-44404245
-20771881
39991309
20805392
79909576
-8594263
45808016
-20648467
46169303
75415478
-19326947
-75531805
-69247652
-36905352
-40496599
-28701535
-7959281
37195103
6327195
-74751170
-69718605
42576177
15857088
61860950
90155424
-40795305
-81178822
71729869
-53487626
56755835
43757643
-77454366
-35119160
19505480
-40317957
-28196600
-2697232
-54885362
-55348801
32956989
-50404131
14171191
-59371499
60228595
41935276
20801392
90158232
31288558
-98365932
78108368
-59779602
-49274064
34531453
-30766260
-60892466
-5778439
-20783337
49900721
61642961
50983440
10899861
-39645936
-80003964
-55817721
-51768118
-2699408
-490143
-76233216
-73938505
-93086290
97663275
-99817636
64815130
-14535840
-82579104
-37951788
1747357
23363113
-62106163
25625623
57380145
47990644
91801292
-26544639
-72324624
-77995920
39798645
-36900619
-98956247
-64968544
18191359
-55576442
-43892984
8437145
98177965
97856533
16123780
-9204093
-87993141
73928207
17726409
6100456
-15350167
-8272247
48010136
38078874
-31813275
-87162107
22171368
58795180
63638902
-16316638
-89663682
60257695
80261513
-75243842
98890767
-76954492
-9840169
22143197
94085872
-7436913
-55832156
-95159850
55582020
-92506257
-79882050
4139751
-68392966
-12376043
-72773070
98197573
-84704234
70246223
45744412
-7813362
-1373243
94677186
23474609
-70044441
-96225809
-47797093
-36567044
-52247607
-88990900
80281998
-51126837
40138242
7339897
-75412705
47503198
-5025505
99871669
84609112
5672026
-52450007
-78950284
19234265
-82042310
53744514
88020162
45419518
-46659158
65619585
-46169024
62186118
-42178268
-87809640
-45617486
-59393527
-50083511
-78560566
-54902638
-25200006
-84912098
48669603
-4630181
11823832
91666214
34058606
31320820
-15385344
90157385
-82748067
4135621
23375925
15005948
-30582908
76108570
64541903
82337577
98385937
22780282
66791164
-15621199
40524733
79288924
48560062
61002346
49277990
-58317891
-98223402
-66837466
-98622558
47167763
59901377
89576603
-86577724
54393716
94343045
32631516
-84220885
53182143
-24770469
-24020969
-49691668
-60140586
67956608
-17414045
-89359737
25310876
-14136331
-97355211
-22745344
-38807949
-91638311
93044284
-9340004
97586994
14576346
15670435
-76492879
6987741
82838184
-61438152
28785982
-4713506
66299223
88552258
38033623
98870890
-82868887
-73837686
93107861
68876056
377296
13161089
89253254
55500878
-106753
83264911
-57900657
-88071743
38748730
-6415993
25799538
-12287514
-30875596
-79084945
76037234
-56512529
38070555
72650517
93995993
-81433729
30254400
22237880
-36671476
16891924
5816290
21941697
63979331
29276037
71697064
-48992851
72301534
17591115
82587322
-87609905
-85236235
-6804368
84417329
-7830529
-24809918
91723349
-76684397
-15166716
-76259884
-21899433
19685723
83478982
29603059
49854832
1892234
-4743240
8503593
10370341
4456426
-14365862
-44506495
49464222
-95802527
53551795
-2612935
8896556
-69527144
73418528
77588694
-9107854
66282963
-90660265
94637538
-51663627
-90637998
-89303947
-12480351
-41351748
-7426495
-52287316
-45089380
-71258363
-38653257
-73607694
15629629
40157757
-99452701
54771431
75624012
-1541325
-20466103
90040016
78560497
323395
39919868
-95684214
-86876551
-35508535
51951688
75121328
-7445657
-85721449
-23111123
-62139232
94615971
-64472046
24216436
-88767289
-85774679
92108841
96933986
-43101038
61391116
6563789
9039082
93882727
-18962802
20497362
-48420490
-43119041
-11333809
69858515
-13142729
58353414
-96676207
-74174310
1140125
36809047
-13687608
-65376300
4208803
27159971
-77098658
-86836757
-84958209
43595386
20093608
44614053
67513687
67529182
-52762396
49397045
28388946
62960359
20621414
32689749
5559832
18246515
-93718941
55935000
-89401299
-22345661
-20601038
57909918
30585804
-70523900
-67626964
-23414386
93171945
-85421915
-13003328
91090123
-54942613
-73907462
-67017528
53347409
11973427
-62563993
-82117304
-97576864
-31208439
55886152
-25449028
-53144426
74784473
87020447
-85697370
-73929800
-10971108
15019783
39398877
45515072
13407314
96773767
-84060755
57697687
-31783924
-26592796
43451368
82331009
-69018716
-74528040
-4126809
8826792
-38463925
56725983
-97218067
-15905285
54825007
-87189041
98946147
89568712
-29806739
38532751
-53930782
-36732978
48561856
-40255291
-24045513
-14552727
39039142
3502297
16690174
33579084
-26339614
62646191
73807837
65953990
-94281748
-87741185
92847103
-88874342
35757724
-87519905
74872407
-94462490
-39669290
32104274
57028838
-95535353
24849776
77129606
25946691
-82721765
-84390348
-40187404
-56983692
-10642629
80093684
-32933388
-38348390
-27898121
62269443
-58933230
43512131
-58119249
-92826838
27348329
43986469
43627103
33893789
-61793672
-15495648
-69721291
6358751
4930153
84010235
52690023
-33199782
15472198
-39230608
-41270409
-85509383
-83230874
-16484126
444700
-24940008
31280333
73981506
30660270
-65596383
11480533
66278372
60341423
-12636482
24281305
27978498
-67907172
38843230
46182375
-64287165
19145053
93834254
94855329
-62290320
-85715035
59492866
40988934
-37736981
-21517950
9329694
59737269
91058343
-78897621
-44324201
-84500466
-27886243
-20349160
-7104588
81569101
81536341
70438577
-82541768
67259597
50900562
-67770163
62212511
-2149608
-39108461
78541701
-6591997
-94413056
-80140180
-96754782
32135984
-75157546
-57672986
-7086494
-85787118
94525824
-12792134
27872684
-84632080
-3328345
-22131341
69322526
-80671497
77992411
-8213315
-88482448
96529552
8794952
99392944
-55796432
-96697240
98605805
15473375
46438650
-72023162
-78985261
-28900051
-64231247
-15754209
-48604975
74438762
96917179
9348145
23548116
-36240433
3772067
32043663
14380922
54238300
44052263
-41975643
38728917
20974418
99511851
25858704
-57307247
4763179
-28848205
16735691
33095022
65994910
47510597
21690511
58845601
92539416
-45889138
-81476665
83745446
21428092
25929240
89220118
61771417
-52742162
-30174493
45578129
73502713
97999261
-14354122
39930320
-47889816
2559579
56990728
-24763897
-55272994
76348000
55797645
73190684
-19164754
77794564
-46849880
-50121130
86209927
-33581283
-54872500
23498154
38031863
25724385
7915797
-45020211
-11389519
-63932288
-87043267
-88700992
-30868941
1309779
80724490
-16451110
-71072492
13364553
-67159153
-84486736
-39053942
95461533
-44159987
68642413
7260238
31246481
94570061
-79372504
70003594
35215266
-60751622
-44020720
25781937
-56668276
99078984
-16152996
71637621
4603039
22818227
-59895539
-28519296
51594085
-73775047
-6551501
-86243819
-59031195
-55301860
94768943
28637952
-82922541
-84016634
-45750965
-89053586
-87276595
-73590723
-41873308
36848175
45806815
98407230
-14351406
10633253
-99489178
-4562871
10240113
16982398
25163317
18047102
5718356
4504928
34143043
59290530
18911836
-82535850
-1185018
74068493
9966161
-68830617
-1627499
-40615044
37420785
16511553
6623007
-47892032
57709522
51493631
49662145
35736664
30463870
-40343817
-92401050
-92682467
23097972
-16919566
-46402704
56109457
95437199
-96826391
14976616
93436773
21396403
21829746
-59273769
34459866
-3088269
-81361288
-94065547
24315876
-71955819
-37773505
-17309570
61730172
-56328148
19334779
-13171150
-15129015
-3602154
-54429340
82963058
1564117
-682870
55029248
-68306024
-89932643
89084334
-34719208
-3252537
-80206416
-80457790
97208306
84816123
29889006
70733654
18637367
-36349926
25824
480056
-67211401
16129653
-50533401
-53324760
-98455578
9985025
-10386833
-79464130
-50827731
-82127641
31514991
12853735
2341602
-23949813
-81386744
99762329
59182373
55764009
41963667
16461421
43065028
27500344
89219960
13620640
-61221346
-65278196
-64898000
-69638829
3832944
-5269099
50954280
-38875357
-28421562
94649392
96148811
-18459543
-3390257
20750060
21219843
62441820
91510446
30287806
99502489
84519748
-56456490
-20735373
-36309965
-84879103
-16899551
-95737414
-82860573
-54298636
-50869346
-52253632
-47814388
74704975
49807790
-36843633
48177636
27554030
67168488
-14290187
-56964158
2363318
3225784
-89714854
-12302547
-17163887
-88442026
90893389
-87123321
58859783
-31686276
2277974
-48277135
29799070
-28658192
23308857
31797893
93008285
66691114
-49335471
44043267
-81727306
-21318323
59248457
51903739
-41832740
72592936
62455479
-11422984
6373993
84045055
88628463
89210005
-71373272
-67656378
32857195
22878354
20735634
25102728
55080642
-55274163
-93604555
-20380039
-75845160
-25511289
-93215510
-80175906
-7109437
27710148
54698624
-30218634
6879525
-9730452
45246363
-50246062
2859787
99823586
-51578384
-10752373
-73715693
80447318
2975239
79729419
26957944
-86600930
930154
-39902867
12671404
-70320069
-72198261
44829780
58710820
88340719
75885631
-98276009
13006939
17936756
79579566
-14468363
64020203
31377511
58813232
-67546127
-65508975
-66922283
70727822
52281462
1272672
-77242153
-47514710
-8077015
92913044
75617110
-78138083
20659777
76471072
-86502625
-59956468
32944344
28419012
-73433361
71960335
16600641
-61949273
-71777157
65734695
35886968
23345887
-29537034
31565305
-27586827
-9678505
78656116
30847534
-55521746
-2833842
40325214
80991387
-49578561
-80387901
70735691
97594164
94211532
62652465
-70399690
60028489
40447467
-3760158
-69896158
50086784
59704634
88878342
-74125355
40065268
69601103
81079555
-40962967
77765709
-64282292
31951741
53930442
-56339455
-62179312
-86543651
88321117
-13804930
64713451
-18065291
96324029
-69399003
-34384155
-29894527
-31184770
98252657
-29197913
-86408852
64464172
85947954
11030223
-51317673
35639069
-13451934
-1312347
31185865
-35902427
-66667714
-94028965
-1797961
68205384
56247238
15186582
72212074
-26205614
-12050316
-22945435
99792666
-76530484
99716081
-16016477
98481419
-61461873
71076649
59392535
58926607
-15821423
10500963
12788638
-14504416
18278927
-77605673
19782082
-94252769
-22312660
-61112922
-11290492
-1768640
-10216972
44743108
-72400768
-13237856
-50061826
-97989076
-60184116
-9342459
-23407500
69585779
32888850
44904659
-83799963
-79151982
-29765316
5873520
-16603438
10853167
-79517843
2239374
22061916
97038831
24011923
23934925
-6843193
-50377057
79507833
-39515418
44540160
-95076189
-14116178
-68817112
-4602124
-26449253
-36320241
-44060106
-50869166
-47451984
75943666
-39852281
-37171553
74887312
-86746395
8545738
56222248
66885105
51629866
87703061
69931129
-53694250
-63743814
45172525
-56113551
-24125867
-58779436
-87623593
-74747906
30152444
-39139197
19955563
-32267252
68367429
-91489917
98900103
9335288
45202125
-73230474
72882949
31605237
7891472
84146960
55313103
46282887
-60738817
-25869317
-67618321
2561443
12356633
-27807552
-43245588
-16509338
-23956531
-38438636
-12436828
-43255110
59170566
-52239945
33167780
95993960
22286975
28368246
-56003218
39195399
-51483891
90866731
-603461
54544105
-80202942
-49586001
-71474864
-11109177
11801402
27260822
-78074448
-37261536
60861415
-27442490
27999601
29189751
-50686202
10231518
-78277775
-90867495
-90624954
52126075
-44774247
-98913819
24468078
-69026078
45417363
20812357
-92946685
98570782
-53581574
6529317
73733177
-29039898
-27377929
51896486
-43956076
25332119
-65207892
-27655725
30943661
-49919299
-93332140
13715142
-16147480
85773994
57190933
27658299
86058250
-59348698
87269518
6095402
9340546
32311639
-95457633
85386255
51849523
-82805106
99520775
-16985923
-85223352
-71033075
-66707168
-79156151
24654418
18288388
80430530
-74051996
-23950912
-4233894
-87628542
-59035153
44498772
-36693419
-89279008
59557266
-79027858
-88327913
-16232431
18846251
94249494
24573812
38681903
-61814194
77884642
97922434
-6606370
5390586
-34287971
-58360253
-18094552
-3734502
-94196612
-56855375
-16569790
67222860
-89727869
21141430
44416559
89596956
-80929855
48081679
-73345824
11799469
-72355296
-16073365
-22588134
75419038
-60009780
78127861
-29813552
-89267726
-75848733
-93988166
2204485
-14056739
-19572149
15147106
-37447210
-32494898
61834632
71793495
-9169482
83143022
-73692730
31240842
-69653782
-9880594
-64220066
-79082358
76417545
-20022791
-3228682
-71316606
86294721
13309252
1863602
28653810
89896343
-1591010
-55002828
69708186
-25193586
-77246617
75700547
-9044058
-23389028
-71994042
-33418598
59544278
-37116915
-94034353
66834540
-69173209
-81216135
-9664592
-54663864
-20402159
63222497
-26718017
-25221039
90617602
54276353
-53884546
-90337005
-28157830
74610551
10849633
-294012
-5925648
32568923
38835107
73079626
-82982741
34056611
2193024
-32799771
-57245937
-27559755
60612506
86936982
-4653564
-79672276
98991657
68400350
-42952195
-82034023
-37229914
97393454
-29262733
-29992052
-54971955
-42866011
-46321293
-46870511
28882996
-18588741
39915053
17882154
94276502
82067152
-53138596
69578175
87049077
9437962
62621771
-32090325
80247428
87678761
-48459382
45364624
-19034257
48133035
-30927885
94417036
88290948
9347812
-23277596
-6827034
-19278607
87088755
-99979681
-82583422
-38106653
-29813557
-16859956
53042972
-16389945
-82648666
93450263
-81062200
-89075736
42322716
23810920
-23150736
-87287393
22851117
-81681482
68481326
-44130843
-63383878
-71576834
-79782872
-61282547
-68284006
-27172060
10915667
87804731
-33181026
-2362788
84798053
-16658847
75619555
-95061668
80131836
64512239
-38761694
-65622781
-72194927
-93155557
83914835
-42382402
52448815
-98049817
-92180937
93713005
58419829
-44438929
-67219935
24241543
440134
-85825595
-55708839
-78550125
-28495821
-20940705
-83668612
52995716
-9777267
25542594
10752739
-65600689
65140825
40881547
54648470
-83290711
95307245
2275998
-65784310
-63235238
-37743572
-89600880
22279597
84744890
12542806
18878128
-49564207
85251934
56731395
-40183130
719662
77605830
26887907
-23054483
-43444824
43365682
-92684244
93870996
94241020
25952335
29412844
16110395
-5657497
5391377
52863763
31033638
18423602
-32486848
65206115
43348608
-87392389
99980137
-32818928
-34874901
12971203
33240679
80016847
-21691087
-93220974
-72726331
42580450
49297920
-42020472
25681288
-42373416
46854604
22694478
17420047
-82265112
-50720417
-43105145
-34194447
48969041
-67590670
-86416949
87677121
-50110562
29802453
-67359167
-54562500
90409043
-75509740
47589900
50500238
26225026
-30483119
-71327766
-29261764
36915008
79841594
77757690
-5322856
93594773
79732447
-48354590
-59725928
-14042576
11498238
8762203
-65919638
44434994
85732423
21774924
69465847
12421994
-52622016
90395993
57445940
57614461
-65810150
57095076
63345644
67854605
-56166698
-14636932
-10993509
-40694147
-39155743
67480747
-2235077
-22933762
-71706584
72449383
-82168006
94102644
57754122
-45037068
-90311943
5481853
17153522
-20532559
-28107617
26369764
-64376537
84856600
-54999042
71461104
-7468854
-43977960
21264551
-75069215
21270533
44182805
-48556801
29185162
3745832
27954634
70449072
64606255
58027558
-82138509
-56418850
-16596915
59489755
-16478015
-72286747
-1141339
-41635099
21877131
86437090
79711068
-77731054
-12797754
-47989622
-6322020
-77102401
-98072573
-46205879
-38086668
-98316602
49357346
-60909872
24999229
69599183
-67523643
93629610
-46826162
34046936
56472333
47013972
88110150
-94672278
-30119075
64336648
-44847028
41887982
-349789
59216787
16609592
22567406
83366424
37151070
7025077
6403391
-44483671
64934787
33614022
16424704
-32499572
-70206971
29479369
24894500
49192912
-79752282
-60654681
34118011
17659073
69490684
68482529
-8064497
-98297295
-48492791
49992464
-40789546
46451661
-93643712
-40598259
55446443
4384562
15738467
-65716498
64948652
69578884
78527983
-47629016
62655840
25209408
27998888
-42181570
23840013
-21122646
-26071336
35541881
32514596
37784937
5672368
-82986287
-99668553
44982990
-57053825
-55922574
17973140
22521614
-56962709
80626871
-55289528
-37836847
-63869341
-19129885
94731226
-80553095
-85536337
-90014160
-61391118
-15883611
97404202
12722923
-9565843
-27048596
84694947
26908015
-10071289
95107128
-37529959
53566502
19827722
58598143
-42310406
34870186
-57907047
-16930663
6734254
2644221
-58827201
-15990482
-52463173
13217315
-57286156
73141308
1510934
-27959783
72342050
36668859
-72153532
80363808
59166389
82531921
66338264
42230809
-92471778
-22796557
93591148
47730556
-56966121
-17320434
-57710864
88854969
31217644
-13590734
25254753
77195528
-33453700
-68190773
-68003886
88442463
24227884
-55794256
-48431219
-51024424
62116657
32965738
50063850
30705875
-50005999
-53646700
-29736237
-67716407
13070456
77767501
8129338
7270316
-68386664
-34674311
-62956302
-70868088
12724929
88836143
-17196112
1900937
-74799255
-22579662
-21157777
-68882293
18161656
-84083212
17684410
11513872
49094803
29063311
64411330
-39739558
-23578019
560365
-94046269
-5280199
39140712
-21501662
93758122
-40606902
-98989020
-31433710
-28546602
-58804827
11410670
95288745
32708137
-46104489
-86559506
50707161
-50330415
-11601547
17157103
54244296
26067007
-5107835
16650090
24976154
5591943
-88897921
-68731514
-1375835
24753321
-15910227
26523645
-25568980
-16535332
79804630
-7426110
92470925
53907488
-77548262
-77698598
88301382
41164734
11309282
13622484
83665952
80733683
-97046560
-7168350
79231055
-33594850
2293029
40874467
77003071
-68982062
-11400237
16730024
45306090
9841901
-78463734
68447315
44491943
87283512
79722836
-88959042
85512269
27350304
96537792
-46650650
21781614
-4351756
-58662007
-85129334
50636097
13769574
-73616799
-21986551
85159180
-11339508
-65174297
90204772
64641464
-72652313