71665097
3050363
70577134
-21389513
-20108403
62587760
-196810
22940704
-48839731
-2424789
43691071
-11439082
16996018
33302777
80446702
-72525001
10086844
39309576
13280463
-50027669
75683125
-56788278
43659679
-90296204
95907997
-65047364
22301319
41317849
70749147
82126288
70368900
-36124260
34313168
82132476
85289510
4531027
46878573
-40113727
-34977179
40169214
75227379
89543309
-22268076
82024577
94934643
34236453
-16167337
-6839986
60219313
57999721
8254349
83749407
-43391178
-44597977
39625662
-83036494
-87705597
92105472
-71140028
-27942740
89457407
-30011665
4014317
85923406
49449745
3382702
-93428412
-87484888
59695618
-22263006
-39404736
94639928
-90602437
88015173
-16836834
-88441667
-73008725
-97606957
35482563
-42435769
29235708
-91795082
-65423105
-79744026
37088208
49953890
82354334
94252901
47394286
76997811
34917424
-41741948
-60699548
34439477
-90990334
34353865
61599248
55798789
-79159053
-66742820
17179522
-36946996
36907704
35337470
66308355
87460538
50629462
69126781
7892294
-9884032
-66671992
64399844
3349535
-54984846
96295678
-43709626
-18526746
51227855
-66264936
65534483
58742870
14647080
75368593
97034353
-28672305
31585929
-46303233
20066395
36705730
-83018443
14560240
12745012
-17285811
61829462
-36890727
50642331
-87668147
-52263100
-76733304
-87303490
85030546
69035919
-80501023
-903747
-92940399
35882350
-16091750
-27545726
38991884
-58796922
67325236
-40967675
-37808112
-88794124
65103548
47046844
58783223
55118842
72995810
63836252
-99498274
-65270430
-8854237
93318053
-63247659
-37814819
36837184
45040758
-15211109
60720689
-51968333
11417535
55554790
-99633529
-17233436
-90830735
88336867
-31207735
82083068
-43871758
-88689232
50824720
-47465457
-4760151
89116464
74936031
67878337
11463141
73388507
16045084
88144556
-33048290
12329933
57147603
96887080
66545739
-14235799
7955158
-28852232
1248887
51058268
75675892
-24377559
-73782930
99466320
42064302
-335445
-51868701
-75453186
-4816367
-13677722
-99314040
-75868456
67862789
21379108
-34747026
55576994
26933594
51204704
-58744349
-70547336
28038152
74310035
-28048600
66128587
8809006
-12892311
-61481944
42484024
-61751776
-32308770
-40532467
13952797
-19861339
69353803
-11508501
-5485401
-48452511
-66243928
-62076134
-53526503
10892929
-91851687
-8480023
49014229
81175287
35542493
28769068
-41127688
99076362
21755691
-12827045
-91289671
-40966747
-17260678
67065663
81935298
85830368
-18313785
-12589833
88409618
31331475
35233702
84289046
17406287
-22562634
-30731755
-4586823
-70385805
80044372
26287108
-36808718
-8329158
84355125
-40148996
5448197
-64097174
80395379
-32501268
-66427436
85670539
39361182
-62995724
-31332836
-35320211
-71523424
-5663841
-481827
70739888
-28419147
50159052
63400848
-45205840
6078955
-24019234
-61601462
8651820
-31624121
24129567
50273095
-95203745
-25410288
-18413227
31225369
75860791
-40914849
-55441570
-44375295
-34324545
62451061
51832967
24995078
-57258709
-50329284
-20585698
6000624
-98206278
67326617
-6631616
-67526829
85273067
22317585
-12938706
-27200880
76190927
-42170633
9258584
59701628
-45881747
-59273463
4541005
-34454035
-3113205
41388744
61152331
-99142400
-53904928
-79101650
-83634727
70368644
77197623
-92412514
-18868274
61762878
-92480035
-70711936
-90026844
-88685199
-71034822
-52370341
35717346
-53613125
-60181802
22225277
-86924121
822341
57626693
-80057802
-93518104
-63223722
-73192997
12983309
-75434835
46239521
-35627634
78896125
53020487
92557139
-3701215
52316657
58336239
76977241
81097215
50929804
-84892477
8795754
498900
-21638284
-15577058
28976096
57148610
41158292
-31963258
-15697317
-74859467
-29549686
20338022
-32461508
3431959
66175240
-6066726
-31996669
56348801
-7310456
66288462
-65324135
-22768063
-8243420
76872160
-51345637
88414507
-92649118
-77432810
-55225073
49648216
-82960749
54051323
-29896024
-56979659
-62730035
7382367
-90145187
83896635
91836199
-87017143
30774538
66361648
84149637
38116091
-84500759
67565742
27085521
-97882276
18391948
-3805004
-20366233
-60358324
-9548230
57625666
-11442703
74827790
-14453973
-88011143
-77671070
-210566
-36879231
-49158589
-83195606
-19685080
-58028442
-98859889
42971258
-8621958
80519902
-67062793
14623920
70704327
-18422261
69758537
-26461084
-99093632
-81648331
-99793851
96316476
94625499
71172151
-67890560
-66087698
76094335
-57577056
-42088605
94246346
-60086428
43185361
-40671214
14420790
18905328
14687197
-12920642
87131342
-88649674
-12886028
85813024
-86099687
-22211836
18884823
90809516
84758267
19762252
9564377
-34207354
-36356477
-78790373
95339947
46923027
97197316
-81637104
-52005753
45393300
85332460
-76201943
41557255
11861235
-68201110
94393235
49064613
-36002625
-33969519
42779155
-75364526
-16659651
-52489350
28881241
-81912772
39948407
2251685
-96951251
-25080152
91049665
-4702915
-16521853
409004
-71556515
82880098
51577295
-12940419
2442724
71308548
-78998782
46930444
56616167
96084557
-57897508
-65325600
-51201628
67101866
-84168144
-40237232
55386874
-30529831
765421
-92336783
-48569005
-62150871
-25106970
51852243
-91951108
77436650
-33452508
-75877328
70259719
-49432774
37444717
50106593
73158891
86728633
-70907491
22526962
-87859017
68493479
19682074
83794675
-85363924
61793844
-63338514
-89439277
49397774
32183694
-79553764
18328939
-95617684
-71832367
56117239
-77428955
-48145083
-60271584
-56637753
-24381930
-57186348
-17624626
-35303801
34988410
-91070482
41012387
-95209744
-39927175
-83787843
40604681
-20178204
93583805
-23917250
94327274
91561804
-84282932
-50474587
16257299
24087763
-17825482
-42067682
-99019142
-58483898
-93470459
-70421037
45776878
12286473
-41407390
-16157326
29442718
97739869
85299554
-95934067
30791068
-99848835
-63496406
51333896
-27358557
-87924027
48995124
1119090
-34144394
-20021594
-5749997
25697700
-8122580
-41411522
-50757363
91302788
99234883
3665929
95032156
91572116
-6404354
-25580999
-47382783
-56400289
46584231
-29063047
23946555
-888073
-27676553
-75472968
38893902
-91960617
-58880686
-25016922
-94459448
43147931
-88866017
-90298060
29700369
81520949
-18377806
30360250
-16912473
78548672
-53600319
50039365
-37239810
-36905714
5969742
24717753
27654970
-67263710
93544211
45015337
-93225514
-74480919
60769985
-11434036
76653055
95202536
-58281480
56922789
25212782
36568239
-5251101
84276369
70930444
9452181
9883745
78323275
-51601984
-60801483
47029977
-4913173
-16939672
97659240
-75553841
-47611418
-77852959
96814581
-33292275
99339184
-75377687
15278652
91635821
-9051581
-13494140
95533192
65744735
94205744
73079896
98776267
3283526
-52556444
-85421069
-95245284
-12246538
-272672
-4526266
57070033
-66465181
26583203
-35710388
-93320047
-42945009
-84348175
-92665709
-69376394
-13975208
-36269711
-64787466
-79894847
47209756
91249337
-836631
80449935
570174
13975279
41913303
-71518608
-63406740
-36976445
37695214
-45335108
-36200436
57522029
-29878640
-71366613
-89490299
-35920819
26348857
45494252
67598769
49366202
-11841425
-30007011
-23314556
-70498404
-24846139
-54077606
-79593389
-58691324
-19443422
-20018144
53799068
70655432
-38760155
-49269380
2243805
25707198
-14057805
-31689732
-22693015
-32951719
63069122
-60321474
-62131820
-59136813
-65370582
-86527721
50926576
9856744
70002418
14751157
36847721
57837852
-38087111
-12462162
68281915
-26371962
-90732127
-25256776
-81082644
84333017
16122361
-19083449
12424659
-87410434
-54699474
69553587
66444143
-47528347
-18878671
63057853
-60159902
96971610
-38257445
-82562984
10267521
14209584
-32326883
-39395279
-72484000
89080220
-32453231
-90817118
-60624693
-65682851
-24189870
67538323
-49492893
48372832
-25690300
-33150841
-86015817
-10577962
-31252653
57014415
69980504
87268549
5794588
-75536889
49335977
11899953
99683078
-55661457
-7731353
-10763554
22546750
-43341925
-42177538
35419723
-85325503
66577807
-14864747
29815579
-2638592
-81027546
87202824
-33803829
-93266997
-53638378
3320691
-88308204
26050043
-13667743
-31605594
95138775
-35843717
40578007
47786338
-92403230
74388011
-23413251
64981258
82091757
23726444
-87195870
42438860
-31687168
54088367
80992342
31921063
-82299200
53078765
74112038
3596649
25531804
-26904471
-55507180
-11180755
-42396697
62070307
-44629060
75503360
-10024901
18379126
-56725948
-75718796
1610763
-22564163
94418037
-68010052
2453285
-37854503
-80247126
-3504784
-20125153
-25442248
-80781526
40092899
-55746250
-54228322
83336749
56231746
19056677
19188272
35089538
90668829
29115912
-36845087
46141678
27052199
-78568816
-49608074
50132467
54061229
68325667
-58299072
89613458
5211922
-98646185
6756736
90055474
-55881915
81426716
84383638
35658230
87836508
33828167
9983181
71475651
-96488031
76825723
61134099
-44921452
6764504
87973871
-52164516
-30977711
38362888
42442401
57259077
-29654232
87687895
23769547
62832774
32817928
94444943
14436756
63232428
88806610
83021127
-93986069
-3371405
-95118791
36210667
-12940104
71549536
95289625
73014839
-56839570
-88733183
42978350
-9252618
63839499
-16793496
57348235
-31625900
-50422936
-21248643
-49272104
11288943
-18130522
-99178740
-10858255
-32669130
-19972590
266548
-854060
75692625
31745732
16086147
17507653
64254055
-6188787
-60120400
53114823
92259286
33098837
-81279295
-34374117
24857661
-94887727
28720303
37603429
-53817702
76223004
23163661
-83323087
97593804
-19764363
46240578
-37790309
90286923
-80222526
-28149239
46959518
-27874964
-10979145
-80191430
-91146686
-4591748
9672944
-18413553
59031426
9192582
91747743
-62860782
-94267143
-46709570
20145040
30290413
-83548261
42622593
77504658
-24013731
52852819
22429420
-58064446
-26456792
34192741
33179437
75128758
-8438419
65697862
-24676378
-45461032
69179633
9021483
40308015
-74247908
57790912
28008695
61241693
-60547537
-338745
14860055
-98203599
37669194
24176133
-30179911
74626474
98292220
-24300747
-33306634
23649481
7273420
-95889695
80017964
63444741
33170658
-1774708
24242594
33389755
-35191538
-74920081
94997329
63315815
-66614249
-42142178
-51969872
4070934
-33751101
36372772
1068333
43365095
-69256161
-49037360
76588409
-83946187
-15139213
-54756594
-59240610
28443169
39962478
-17666818
33254846
-75313414
-34953173
-31593204
86890844
-98237635
-57579177
41443527
-33989972
-98227199
51937569
70212688
-53206959
61004963
96977963
-9696453
-51277515
57645969
91596103
-18140788
-56650102
1763895
60474338
46950626
75237135
80546218
72849692
-80553048
-35861909
86177534
-97699524
5578891
-48864350
-29747125
53087234
40013231
-95087284
-64903474
-43037759
-84530855
-81953485
-69698360
15397053
27873546
-46060979
-74691850
42631850
-4006450
-57888468
98378173
11127798
94873500
82388999
85695949
32706878
-84634714
-74456067
26791895
14997886
33957035
-51265555
75229460
96347872
-29589715
-25862960
-44369974
36328097
360264
6826332
-37820506
1411673
37177473
80933249
89772984
38016004
59617815
28718901
10911550
21541880
-82964445
-45048970
91278740
-89890995
52430566
12030759
83433334
34781953
-32461259
-99684036
25301607
-43475991
16555494
-10605236
-83024927
28728512
63327511
-3118574
73528409
-66036081
-48800159
88896487
38623411
-20478091
-7835225
-58472050
-16378112
14057992
-27833015
2834242
-65614171
44586656
60857234
73769618
50200070
44253878
26336137
-61475551
28572594
-55376847
85240592
-77025033
9950610
31708438
65113505
-42610221
58598964
83778386
-92013402
23667794
-86610145
44216673
-47712678
86691934
59637887
-62699702
-29307701
26783111
-86420536
-97796954
53822642
20135834
-70530363
-1035751
-50871337
49705632
-93930508
-91493085
19889374
-68435025
-14854911
-71762005
-60193697
88745195
42504098
-69291588
-2416086
84680227
-57749703
-4882171
-33071853
-57529260
63921299
-47082338
92758689
-41953775
52203480
-54784827
72296506
-30220972
74327933
-55177451
-51810793
59892304
53060513
-88799607
2426767
52549949
30124575
-27104330
28809575
85033238
73789779
27983228
-26897755
-51694492
-30992749
-87972965
-15554590
93491058
69795311
29094534
50038200
-70097277
12273169
-6318231
-31111916
86154333
-57881366
-37173562
-43882752
68040822
-57255809
29187627
27867686
19228467
73551968
-86716259
-2982845
70458778
14142178
-74848320
-48447598
-85819439
26904117
63474622
86801262
19355428
-70708483
81234041
-20089430
-76874410
-67461167
53933496
51453135
-95316736
98021512
-98760816
-4445791
-4252397
75689320
-89175013
-89340468
-41170280
-99369964
7925334
56760957
27114029
-76263391
-70568170
-82067450
74166142
13398582
41954421
73363197
53066480
54571764
-23476515
-27060643
93807686
71890474
70427283
-74524840
-10199283
87111156
43674485
-31341184
15110642
53522884
-28895674
-89648889
29558643
-36642705
95087171
-23205417
6372024
79989678
-22221905
56279460
-50355833
6500427
43079907
-40072047
7697206
-11976985
-11443630
-17869520
-35390616
-84041858
-67658612
21992094
32363088
84364312
33730287
-87853328
-39427114
64961835
-79780552
77358517
97441752
-13984011
-30319093
-2487820
59495281
-84251433
82794749
16758144
-97636602
94705360
-64179602
30687385
-18375093
-54392760
-30732772
-68447188
57970037
-15870896
-81978255
59523334
-81070999
92447635
31231066
-68511588
55299229
46464312
-4480952
23022955
20742151
-16463782
-11434611
35436510
-39888102
-81106575
16358218
-66132755
96109583
15105216
-17214455
-29528408
89949971
41824031
88389456
48330753
-2773017
-45155950
19398496
69926517
26208826
-22793840
67689245
-97626279
-15940191
12973437
90482180
-80696695
4372515
-79122302
-25747180
11941976
-55683032
53181878
50194742
96743017
-91208875
73192084
-9030629
-35787207
95814519
82234289
5267257
-4405524
11393120
-83280803
-47226547
-21530891
53007626
24112870
-87560653
-26917341
-55875452
-79763785
-94379524
74239715
-77527707
31441804
49135218
14727669
-29958919
32085132
17052042
22745106
30144506
57380192
97776101
-99535893
33987142
-64986061
5901463
-42191653
-46097084
24930146
92338423
78551626
69079549
-18828062
-9076697
47998877
-21647229
67591379
23927102
80290785
42907523
-85733054
62756381
33990630
-15274809
87881429
-47677747
54896257
-96495641
-18070810
-94553722
-62177218
-71687538
-72384673
87927688
54938311
67595434
-63042151
39363044
24448363
80577912
42526678
-58870820
-95830325
-27998942
-70794753
20472939
47388078
25582615
26110478
-9787094
70004151
-1764118
72937025
88162309
10655559
16750513
11301807
-76048640
-69991159
38427146
86637165
-55986308
92346091
-85745543
-73360926
92670267
9361445
-30956486
-93316406
-1078890
-66609458
-41581060
15970779
-52930806
10918314
-40137669
-42569243
-20914474
40274809
63996448
86224167
-57635472
-59848938
9189769
-6878416
-15880653
-54857948
-95570183
-64145044
85483401
24702910
69531643
-7889401
-21157813
58841852
16917296
34667558
72745130
-81135560
-50550120
46892993
66390602
52055894
-73473535
-72398893
-56559424
-4195429
-86182907
19988417
-85864987
42399773
93628749
93257878
42470215
79459205
48783449
52125068
53355694
-60567454
14595866
53717745
-47976378
15008318
-29483028
-79130179
-44990913
-87301035
-67759336
96458068
-46109615
76142278
53811843
90675338
64882963
68365598
-99148975
-78726017
-77831467
-88623323
39455499
42369092
88639378
-26666325
-43352040
-75554914
-75860605
-84379627
90329351
-1588605
27347268
97501378
77516310
11580372
-40963440
31968297
16941563
-54109182
57582915
-15518133
-90853542
-55021791
-37688813
-20683091
52175505
-9004781
27732182
-40741385
1164834
-21385788
-37693616
3760175
-85849813
58471090
-44145544
-13784217
-76841212
21341665
42415551
-82516131
1798935
82052404
85727474
5606811
83086730
-43076854
21608756
24620027
70391222
-41171978
-78130567
69069797
86946358
-98950568
1814176
69540894
-75682682
-54020911
-3393891
84828360
-58355726
67834624
-9883005
26924425
12996417
-90234227
-79699444
-4564521
-31366945
-41719430
-7341046
-72313431
57193950
9266513
34709059
10605588
84199707
-27558478
-15836682
-25013282
-56690199
-78408752
62046467
-39211385
56405515
-12315833
44543942
-53515436
21644752
-67509325
-97846415
-61875119
-41366162
11579860
72593327
-99629030
-44234875
-61391522
-45912840
-27920174
-17240815
-57545028
5412574
69071695
-25607553
-24034153
-85633357
-29895875
35386403
-83414047
-931196
-64538189
-22933962
-90892313
37894455
-41481104
-78421473
25025591
55766674
-69529525
11523581
-40310130
-3950357
75405278
-72034040
9197318
37961429
-12737229
-4745862
-18010701
-66580661
12275442
-62335213
-16778726
-29804278
74258519
-68805681
94784040
-94436632
-12266052
11100309
29166281
-19306096
-720962
-14504938
99611685
58648053
61616905
79677920
44936026
54364529
-64140591
13284725
88856711
15495108
-87746523
76651247
86545860
-98141829
63289563
-85844233
-51918316
89186487
-7269166
-50557038
56931461
36483168
7002437
98846734
53999795
22855992
-44247639
-58414489
44285529
-58982587
4182281
-68866248
-30032368
1796599
-1654572
-66004383
-94421293
78569549
51742966
-60096060
-40239353
24305542
14141548
22318387
25046303
29573018
-54876471
-46659676
77642267
-49974944
27116520
3327933
-6063375
-99979301
43933945
15110796
-72705645
33955999
28162737
-65871647
-28541701
40751824
75365877
29382088
37394987
-25077931
21001703
68668465
57740393
-69547410
-86539049
-21351563
52195650
-74624569
-84640822
18291332
-9258675
-53877353
-55822078
84770228
-74513313
-91887354
-95218007
30588958
95094214
-13193324
21376137
-80789120
-44541426
89373728
99186236
-42835328
-7007952
60584125
-58249483
433632
-31173938
93187209
-49153730
29033949
-82341216
-26898585
-52208766
-13467213
11171805
78684984
96848404
26811827
63458914
-49446922
-59079670
94570128
99165402
22596237
43130186
86251243
-8608539
-84766190
71153969
15829500
85567031
23207630
93073276
-60875687
26019260
-4167038
-87714388
-21780004
78329478
44904973
-73523168
94370081
76442436
12484804
6472969
-81175560
-29335613
-20650358
65513709
91230445
53640190
31000903
-23474754
459894
-90114921
-39147913
29463021
32303902
42716014
-81263715
78872900
25303735
68044971
66686758
24676856
6900980
49766218
5910052
-16425405
-53150508
21517115
-67312318
26117823
-47042680
31547828
10162535
-83807510
-30155319
-93101259
-52108201
8594123
-73099932
-20960915
36708331
-83866252
-17195617
-15535535
-70755349
94627340
-45164102
89913655
86096182
10399332
2434529
-40259796
-423899
-61672618
-59665212
60597231
-43483776
55790601
-27714619
65439285
-92501011
-66597425
-55181848
8407374
11967337
84745351
-97889021
69409982
-14550739
-57261783
-44637858
80119624
-8039834
-67240517
99837030
10564983
17846788
21552383
-52059743
92344112
-29516512
-67418845
98180553
-61443442
51550354
-244430
3157551
7632515
92616313
-61797851
69783551
21546579
-3071508
-47918641
79192905
23663584
-11037765
-19735214
1103781
-79364775
-44068508
-54653914
14894676
78358484
-19351287
3399469
67572777
-35387112
88019376
-17055307
25741598
99353771
51263606
58750638
18154295
-76840981
-6064613
-91392459
-41150624
-59583219
63960433
-2998512
-22162512
-93369445
-13244923
85277743
-98467955
-68728340
93597683
-11701115
35890972
-73625648
87887599
35407505
57954575
2484661
-45403608
90981101
-46596908
53666401
37867239
87544986
-99776743
5425028
-73519541
-28390005
19062842
11630276
27086817
7861355
-38175513
70643675
-49935152
-67435838
79690664
-32245775
33218749
60684058
69460365
52676166
-60310735
46064035
10066249
-50650516
92021940
-77018399
-87613912
-95916344
-29707691
-14833949
-97414488
-16040647
-82278922
590036
55361945
90605839
-87677769
49889712
-65003063
95020257
-37385459
98451702
-36014366
23154409
-56296537
-47316706
26827604
48277560
-20285989
-93123570
-42793381
-7327156
98000018
-1864445
38287364
64031102
27522275
-18731073
-18292847
-32957243
-36929092
-46796655
15804817
71712553
-9565461
13238485
-98912656
-25390708
-46550130
52936265
34118377
-69887508
-95964395
-95769457
-36049810
-60407319
43229191
79986869
-14415878
-13124354
68912194
36502130
-81866644
93789633
-38708096
68696889
-31498279
-31351738
58235159
-35459455
-92798842
12200177
-72335205
-70953651
17254752
-93216875
-46171160
55863311
47281617
-68395785
-45212128
-66203152
99790132
-91184087
-26713163
42816157
627876
-96045515
65479537
3858234
-52287691
-24824837
64796647
-74046334
-40436038
-47475772
-12948540
88766993
33831595
-70243004
77452788
71244300
34482501
-60333772
-42857970
-40982629
-29316308
-33142881
69428643
48501573
95974607
39797848
-81805428
-78629041
54140293
-75718104
70954468
84763988
64585454
-29028132
-58741418
-40620301
82089228
16758167
-4864591
-56466992
-93255533
39811913
-70569836
17052260
64710729
96503270
43882681
-6675657
-58706641
-23582749
-84425386
-38710362
30595967
61073036
-35405431
92349436
-70144716
25508064
-53346765
-41238586
87913
31614292
-12072592
-26454848
-57199696
-82638154
92462072
-45671583
-97689593
8069804
-55109303
42825624
-36645876
37499260
60693756
-91812393
54485216
-99451254
-17715794
88963959
21444778
62395466
-7011778
-60010975
-8896229
63044894
42981187
-54206378
-73173045
18101063
-61509201
47527206
85990949
-6167817
-17249501
-11197154
96170621
17547928
-71372093
-42464345
7531708
-81043223
-83449905
-63453582
-16532640
-21393373
19692297
99251305
-80230588
22220109
79148299
-55670348
-58338699
-37179730
3142641
38452813
48091335
-56877484
99706193
44673790
24682424
-65262686
-30475880
95566066
97227792
7168924
13741146
10285865
-58075926
-49311998
-96680524
38745015
45962879
70330435
-94750966
84647813
-66420188
12278666
-22351733
-56757565
-2439513
-81335419
95098760
-14370455
87225751
-89697904
61213559
-10566502
-29139351
-84763929
84366465
-49473379
81907896
62052222
9087406
28692127
93590510
-10665980
-30695512
-79370127
45304802
80341096
-82387701
63352060
-89895752
-34464202
-16710263
-88165022
60797918
-70146857
-96616542
99826360
-70121577
-45467152
98307911
-38018054
-53473370
-76618021
-11935556
-44594514
-86389355
27096609
-89634224
-23390649
49645795
-12989163
-6688805
-99494031
-87981892
92609719
50522816
-29715809
67074030
93645271
89225556
47629955
-31266253
-6093282
67883748
-30084655
38759811
48441032
26601335
-81978986
-47590135
-72879670
49729710
95780322
70173395
-46259064
-22566189
87821341
-8018907
-46024023
90754445
-28689216
-49197313
37354694
88469444
92000226
11637113
97191334
58782176
73727275
-25612643
81573696
-74388737
45768355
40929040
43207723
37345010
-32998154
-52358086
-97202938
-99594665
-8497625
55296907
68233259
71011127
81937188
64881280
94517057
89264995
-82893159
96998046
54025305
37548736
-83647616
18440655
-27809437
69104869
-40877055
57570498
-36385560
-55520241
-85154611
-41522447
26271380
-34179875
-16385265
-50731838
-97669313
-23286864
-62354911
-54777666
69035671
-44875081
96258787
99773211
-72566101
-41548654
-99312822
20271030
55318193
73413992
-9150696
6561217
-28946323
-19872292
-8359393
25218192
-60311672
28676729
-69455500
-84487321
-24717493
-43970011
-58053408
14573437
71029039
-94282692
84547137
-76913495
-38969100
-68751196
81079286
69907498
944184
77686273
35098430
-24453684
99619196
-20037109
18418489
-26213231
58499322
-86161185
34075973
-88776389
-16901929
-5057112
-84550767
-72380083
-34009332
53418718
24048367
-80641436
81476486
-11417408
-56782647
-21119421
-47392958
84488273
-46066702
-51122724
-8995327
-79483755
22634490
-77662739
23020931
20600298
-50675334
-45374519
36921888
-63389117
-17373184
81548479
-40177449
22782744
-78336768
-58831165
78809343
-71388416
73626366
-70586642
79088441
-29579334
-21596417
55708403
11469196
-94342450
15961163
1487145
871547
-26445834
66469426
95344618
-57094748
-19847569
-89814492
-97412157
47356521
-92485425
75485629
-88894546
-21525852
-15651344
-24979438
18946785
35158759
-3041803
-83555156
59515206
29602147
60266086
-88649554
59490408
70861903
53901234
-45563458
59857786
-14241856
-1505573
-79608048
60311005
-20359225
-74641786
84317726
-51760520
-20291126
-62120136
66541355
81838262
77210381
-10876013
-67270878
-8920670
-22040358
-58456153
16092589
66555052
-89728142
-21103280
2989631
-83415158
-17060327
-72460317
63521221
23836394
-21028722
-2781907
-70431918
51624029
6273262
47913005
-88870044
-88691936
-77581056
-83827039
-51699321
-23648540
54842191
-49694313
-12450707
-45037101
89619688
-26441433
48426649
-79840528
59893646
44954813
-95227210
69525899
69769322
-90692203
-84068805
55696280
-61045575
-32209840
28523675
73364514
-39227971
-16117532
93718261
59745338
46863351
33176207
-50589019
-73519267
12637834
-23797224
-80023769
-33656910
-1809229
68472727
93133936
49369534
43202682
4447539
-68045711
4184350
-18523666
-76077239
71319212
61706437
-69376439
13266452
-52250234
-32564290
87055533
-67267411
-65296420
-3434229
-18295212
-49430166
-30458343
78610852
-39888643
78400538
31932120
77111339
-21874729
-63172129
-39169600
-5783487
30699156
18075042
-91922781
-46826527
-11223603
-83994516
-91121712
-42943612
-79252973
-31131819
-84125478
-87750378
84049179
39637813
-96016480
59276854
-74856845
24700907
71261205
22519785
-82863522
-58489693
-23478316
89018258
-41570040
-92198164
63709856
-34145777
-28701071
56698025
31640540
-31662873
5890338
26807372
-22174433
16429064
-35973455
-23253957
-36275641
9759458
49691325
8971782
-70830499
68850775
15183944
-55912302
43939515
77093087
78361655
10470649
2309059
47068741
11369963
-43078023
-69016108
-43897801
-58461996
-90797006
-52418651
-65902552
56635587
-35302951
-40001997
-88850317
97371090
-37691840
82817230
33703230
59199852
-17389810
37720273
-20536313
-60919713
84054340
-63777803
51022940
71733735
-55815972
12668752
-18091645
-95039487
-61258074
55672901
4416882
-92806197
62736847
-26283087
-91700672
69911112
-44900093
89493122
-82653022
86498805
47253880
-47361059
-85550349
62547320
-15586050
-90097883
-63539208
56347515
-30748176
53031702
-43046917
-6669235
-47408781
-49054086
-2211080
-34972028
81065650
46353018
-14496900
84030892
64815587
-70702261
-92398687
-50664555
50902137
-15314391
-73126600
68560995
75821718
36594822
-5599871
-95348816
48057573
64399505
-90347266
40069483
-68915496
40757205
71664861
28876648
-17197006
15358829
-53093275
53721724
47183678
-72026159
61243537
13896666
-65811811
37077152
-19746320
-48444581
41495149
31333356
-43642527
5600079
41357445
-84096851
64772607
-80965778
17695433
-48653625
-2510721
-42418626
53431634
91565509
99633775
-1615537
-89186320
-60066464
-36882499
-30706666
50301894
-59698026
-26729503
-19394165
-55728549
-41533830
79266571
60451384
62222680
-66096389
95112916
1888622
98940377
-45961146
-87350112
58648889
94734431
-79070674
-33396369
-16455258
-16487123
-39807096
89544965
-91504592
72623652
-75187729
27829434
6173718
82210148
-67131115
-97648839
-88895530
-11003237
54189248
-8310646
72253502
-30961416
11854508
-29298667
-61051888
35084946
57864309
46524094
1141260
17616239
-66736994
54014946
-31765096
-49233396
-44851509
99916521
96386271
-38061596
80974867
73759793
73675657
46546164
-50021461
-3018264
-21802024
9636747
52112205
-69723272
57127651
81754660
-86971140
51395096
80158096
56843269
38195747
34477229
-70009162
-28661582
64312582
-86416137
-73728699
285223
92873643
-13193920
-84298384
69355789
28517895
-20089574
-11094749
72114953
-32446307
91681957
-3022800
32804171
-76473408
-16708934
69851999
-82536754
47566592
17365354
-17345508
32013289
26843655
-17501895
81148409
57665137
-48611301
-23266372
-92082622
-29080047
75757502
47638352
-58035783
49882053
-39948301
53298662
-44305541
-98573543
12845377
93829369
-88791884
-94696561
-2968854
59896047
2100269
61158743
11737833
62036777
-31821263
-7799217
93498942
26569587
-78778141
44659500
45924726
-39372585
-41795497
70492711
52131043
-44759571
96779041
4737003
-12894187
-40102069
-23682660
-77635773
51443693
-26210149
-1616427
-36350092
-19510375
-56546762
34551028
47541804
70479680
-99036183
-77814698
3742772
-70671782
-40469008
-9027600
34623365
69467595
-8318954
-14197635
77653777
-12130796
-52908030
43048347
-86281644
53097140
-18722410
-57382409
-43345465
92503096
86228610
-68793777
-59169921
-26298042
93723696
44300553
-91963712
-38800521
-45261559
-22483328
57149277
-24596613
50747572
93141494
43020108
64207265
-96308459
32844561
54416828
-62669952
46861863
-85499341
21340576
74465533
16839895
-9201519
98549425
-69269102
-20511104
84968357
95450831
-81453170
6786994
52160341
77664902
95609246
68127527
-57689750
80552428
56689888
-69175303
25847181
-11087149
-17604435
51953893
2898084
-78727765
99683051
-87502357
65920737
-99030078
79066989
77652810
96205557
-41797863
10900087
-30557340
78507124
69429351
-88456216
45659218
63423182
40385028
-81528204
72264929
-69885566
-48623873
5927521
-56663018
92667958
64000013
-51768883
6684564
66018864
96629473
-15945161
97893810
70795273
18760536
-72922178
73277038
52853731
25373549
-78553700
89475794
-69787903
49531607
-69636881
37216825
82130346
50036934
93222030
-32048739
92263410
17573668
-84216121
-46950305
-56462545
-23092648
34291139
-28393914
70279288
-48317213
5477011
475953
-36624987
-4846843
-7688942
56407971
72871786
-8509770
66515556
-53573447
-96186775
96710058
-32449927
36292127
-23902546
19774812
-35817758
-61015817
-58751949
-97059568
21803689
-77555077
63964092
-4183704
-66774297
-46637296
-63362196
13219298
-67313358
52073637
-31211666
-75041152
-28745824
18439203
8337260
-6956994
5886483
-70124570
70520072
-75806087
-73887723
-41412514
-99632673
40062933
33309694
-66581621
1817766
-9929112
-266839
-89281060
97388730
48808716
-4550176
-12006259
77071431
41788162
-11614515
53948637
14272771
76561765
-82609334
55761406
-65553777
-32131178
61908349
-11553307
-89782654
-94503152
-44779003
-10247826
40203045
-22799623
42646655
-47924063
-21411727
-13582541
-66288503
-61826434
-56279433
-38957253
85368775
-8220821
67104542
-32741236
11023159
54339601
93648771
9926004
-71346323
-54237910
-24296578
19264531
-26277998
-12510023
4501602
94430493
-56243157
-46897476
-25477291
-63310196
-58335449
47830632
84880410
66235398
-71193833
-94268256
-25095659
-94028015
3054126
-14216379
48673997
69295744
51977745
44321981
64107267
17185414
-71415869
29393397
-90707956
-1666110
83603416
19630012
39397632
24031985
-61266177
-68835928
13460057
15601264
-9536323
66043196
-20838176
89134478
-2410458
-86219728
12247873
-90881391
62437861
-30736578
6510731
-75441723
19153732
64603492
66436631
-20239543
8372986
-62235402
-13745239
4591657
-49219717
22478401
-12964247
17056329
97173214
-55267687
18567788
97018381
25706136
51830104
11967191
76087968
24059181
58831056
-47014952
-1138619
39015203
5033618
62482601
13363392
-25909105
8857054
-87277787
-68893888
-20466160
38689371
83861718
-51802476
33294810
19044629
71318681
-12792591
-62011947
62823804
-55893696
39802075
58720926
-3675387
-22468307
11731174
6737187
-68862139
15531571
-32565936
23114901
-95301114
-61069090
93398730
92607120
-47934570
-32890965
-98456070
16279586
7552856
9099104
-18774667
39914742
-6859057
-92148113
-15083268
-19051206
95263420
21190147
-71088974
-21880985
-19225503
31803781
-25520305
63601810
38437281
-72214931
-66426119
55214089
959213
76619567
8381183
-7238800
94547349
92665327
-87458016
89135321
37784020
-67340108
68148632
81863121
79980452
-35469890
50959131
-68779651
72917436
-16744402
17526763
54478797
-37669732
33751818
6606619
14040788
-50153048
-33951601
6736171
-62798259
56991546
-94032856
-59153794
-13055986
-68934382
29625544
-66633005
45160100
-84832154
53127736
56844389
56414382
16183833
-81582112
-52596457
10182991
-29121078
88459039
-91207857
10963074
95879631
-75727409
48424474
-52589557
7439413
-55764528
80454242
-59822058
26588830
60473607
-28793526
-7796958
23592354
7292654
-35614447
-83800657
83638156
-8023621
81870469
2807452
-41732617
74198260
4551712
94294020
-20351014
68604158
31609868
-86780271
79703078
68053661
12978009
-40761251
-95352386
-1541254
-23963006
-75861189
-12297666
69704753
-53554733
66590218
-66737606
-40493395
-46702015
-23008511
-85826011
-19729804
54306590
-85276045
-57163890
-81792395
-63393747
27196175
-56143713
-61236866
-35893944
38493967
-16053155
72656308
-70848932
14841909
-29120714
6480081
-90659388
90108586
-47861862
-71943569
42382041
45344989
-31973927
66122726
67296617
34347786
84370203
-1929645
44743833
35517986
52762771
61302955
43173181
8596928
30510036
16557594
-80458961
71778084
26407508
63588056
-35614305
24348932
94895137
-12085955
-63585923
92548119
-86509096
23277052
26578665
-32767618
-29669771
51180215
-97519321
-67643844
96197136
28044175
-6557993
37153071
35482968
-10381565
58197460
37031385
-38103723
-147789
36632248
-78045131
73960709
-63990863
-74596211
-47954154
38192250
-29164551
24056274
73190002
-92851547
-43634139
48790089
-33443989
21809190
-3358688
64911083
-31069146
49163411
34576744
-60836677
74862952
30615660
15770706
-19937089
-2295837
-21374382
-56704446
-75014503
-64559055
85407005
-98473200
52694676
47921736
24798547
-29719973
21332672
-67728081
-50732435
-19102194
-33415275
-89276862
85173364
-568964
52011899
-94755730
-4044143
-32512160
-52949227
88536403
-71118207
51962935
-14706934
49749094
41704560
54357441
34904533
77689819
-21504909
36286145
-83118632
-63354384
1923506
99589334
58684950
-34493264
25727641
93140466
12112218
51469739
-75384610
-34218926
-44326300
19388787
68254393
-4268965
13989849
72966707
-97213024
21898887
63620791
24186849
-39272155
96375599
-26665105
9905470
-36900857
-29987992
49040690
-30303766
45512707
67091161
-25664761
94811988
-94398851
-4642092
-13512872
30195594
69359267
-37176399
-54776475
29868551
-75767744
-89980804
-87792989
2029875
-29960197
91120123
31090511
10949207
10667243
39236816
-2074694
75185119
-87317013
95474919
-9173724
55887488
-42710297
-96622461
-8572479
3595515
-38144521
-25928409
29949969
-38458059
-81571925
-92699374
85111278
-75261904
63796848
2667970
-34232538
-77692511
90266344
17226659
74965844
-25774215
-22189898
-51938412
-79251760
78353598
93331788
-60824029
-70305797
-99039806
-38122936
-54423852
-28934451
-48761892
-95190232
21225620
31532503
-45270928
1630004
41322761
-64527490
86770572
-32713184
-31876515
-97114441
46032674
-47651591
95997797
23889380
-30275541
81654284
73724133
-4036627
48864061
-85030470
88060856
23017549
77043994
-32765930
-20268347
-25705879
95084700
45369298
47260866
-63561335
72476080
62639373
45466407
55427918
83477399
6101224
34070948
18142720
64282142
-72772451
-82471780
-19187310
32529593
-98743913
1788893
-93957267
18935899
-58802635
-49315144
-12975541
81561976
10194342
7522945
-13243647
-27466943
-17468333
46979221
52438735
-66794066
-15359391
74456501
-14375775
96586035
-14726681
31572250
-19885670
-17025684
-30662632
-98326814
92511898
-94698953
-55684108
-72977291
95579874
-2461827
89930041
31531069
-59613692
96501683
-50800727
48165183
64650433
72919752
15882307
14629402
4569364
-580454
-1800307
25420161
-38923688
8519721
-5233834
-2332505
-12228871
83744146
78737934
477258
65857719
-58529820
48654683
-11730971
86484466
30798262
-34323539
94026803
-58768480
92788087
-81760896
71111706
27587319
58346808
-53581085
-64260876
-69896313
87721560
33045426
-2600592
96941234
-99541722
-31026976
9763885
82220806
-76628858
75644453
54701952
-40993188
8816527
90238277
17681223
-83213952
24538046
-22011933
87633528
-67590586
-76711588
81233264
-65076712
27455304
86312881
-98836118
-28063953
-69986100
-24613121
44740907
-25023624
-90930866
-44880708
-36462299
-18943953
-98078668
37992550
98485947
85570507
-35512001
19065081
-40795669
-94240853
-96699619
-73256163
15795522
-72548514
41182492
84458527
-75688515
-38257792
-16023037
-24124132
76578568
52062231
66514932
-86163170
7645635
93332687
64955253
45902319
12870593
-32406906
45716962
33896216
-3626773
-25054639
84971182
63909172
-41480568
-17364828
-76138245
90270442
-91337203
50860078
-50933000
95493615
95053104
44574026
-37639905
21315732
-3406640
95448577
18960616
-96017271
14270401
91342830
61543430
41133926
-71345616
76416491
11347246
-13264327
-55897540
3820113
-84979754
23515525
6731940
-92640948
48974978
82721387
-95350931
57253344
60251518
43848170
-90944082
39230817
69217098
26628794
-33100066
-39927824
-41085082
-32413874
58160353
-96408742
-93390685
-54001401
-68019313
806978
-48257092
-20591566
-65599361
-98987343
-67048669
-71202175
32269811
-66298402
-40929588
-35791741
71607582
20267096
-60379616
-9560419
20878947
34941175
94878147
-51125261
-8856280
-99416125
-30519214
-80354695
-25420207
22114951
-60315379
-50448281
31492345
-6915341
66099375
4575853
58279556
41764468
-14479688
79403757
-46442023
-92258640
-59634549
-65961801
86571603
-79299937
44507129
-93199189
-33732527
22480106
82456623
89760761
78112832
89220570
-82274837
-21849489
-2644159
-80968049
64578861
-47729656
-99678007
-34107116
31700047
69006072
72678424
-72427542
-88986483
-43386746
36371071
-26909842
-88287370
84970249
-68005089
-10038595
-24534040
54245767
-77067784
63297582
-38665702
82314611
49129675
10903445
55198425
-95386826
-6130981
-17605638
-38664975
71328629
-67894068
25240693
-30043393
13247384
2492553
-11793562
-16324826
-871889
-22518234
-89507896
97801946
15210737
-44166532
-40071462
-68245840
10351228
-16316195
-38537795
81199616
30547607
21080357
-49884260
52133447
16650779
90736287
32217969
-62477362
95264675
77246817
-26921928
18158156
75580338
94862402
80178374
-10828956
67262068
58090406
75626260
-18630452
-54567166
86836672
70559585
-17281662
-52129832
-7061651
-73889888
-66067222
-64773521
-19165404
-6306894
-35468678
-97808452
78133185
-61641231
-97577182
95490639
25789260
-12847720
-67424860
94993764
-6893543
-31071387
83755271
42518157
-58791892
31387275
74053818
33164305
35118063
70380174
-81452879
31050675
2411755
95338392
99842849
-40849957
-93496093
-41092399
-21698543
6244556
13330803
-39555697
49557564
-41869505
46367762
-82916390
-70503400
90911055
90709471
93429029
-84032727
-7458369
-78827938
30872697
-83192479
38741607
96597926
74895851
-43583233
1315013
76759622
-51343522
13837500
-58847335
-93924753
33437866
-94307893
92997475
14163250
20298305
24786427
-10685401
26730520
29190688
86799404
-92114351
-14819202
28871494
97002062
6686408
-29524391
-4200039
2006986
63991120
45663596
-21224942
-29618929
30666310
85905295
-52437019
-63306066
-14130012
36247111
-52991911
-96468113
-33961721
92636396
-66124559
76268383
5321554
77577081
9960792
-88548217
67352929
-11935766
-29965984
50995136
85337895
-77487525
32802692
99169904
-31939680
83478444
90016539
20273788
47832868
-85061969
-78034201
-9030761
-62730115
64723010
936893
-63545291
10984879
-94280283
71636289
-65202150
-45492934
-94486562
92809907
-48854796
49183058
-39813018
57066197
-86618661
-8115655
-79869459
-63943090
-61107462
-54057036
89701966
6298840
96988558
-96405617
-91958516
-29762037
-69720516
10379664
-55410040
-33112385
51516952
32901858
75277026
19918520
71484785
5335755
-27967173
708175
-22871328
68567275
64728651
50261132
-56052330
-62788923
46282198
-99613494
24871001
33271170
-93551721
-56578653
31295237
-23028181
30826704
93584608
3594626
69508739
91441251
-10329604
4148682
-35637252
35659228
44800375
-56078985
-8343600
89581232
7758671
-74328017
-93151030
-48074054
-37591965
-71855816
-24753001
-79802544
-93612857
10910207
-73437825
-10840248
-9094438
-42811958
-32342286
87938844
8965217
7935482
6385686
-62555701
51163971
21874202
4903351
-28583003
-77001024
37558227
-36219580
-77582137
53007932
2547704
-33131367
-24159822
-26962297
68208956
-67924465
-76145547
73397984
-26656891
31298666
20715218
-33185617
-11899855
-21101266
-766825
-97336131
52586634
9197862
19371319
73532234
79824662
-98265406
23535941
14372237
53419942
30068904
-75798221
-33765898
-87491132
11437613
38473663
-2482061
-7285215
-27728935
77009105
-66993981
29458898
74284668
69842209
32560206
25133580
-47195599
58692361
29162309
58206951
-40877052
-38873946
-13500825
70487181
86196849
49984082
56982742
-38104727
68263923
-70285510
98054518
-99122103
73714263
-60156625
-39519013
-22080022
-77852823
-84827959
50443553
1097770
-47567235
46823944
-42842161
17490154
-28516506
-60869165
91449903
88912511
6916685
-85820392
-3943584
-75473946
-95001361
53572193
-18588975
-11693988
45226120
56078093
45365944
37486294
19527028
-93105977
21591768
42857267
69505060
-27847469
-49401042
-73073607
-44829755
26942501
44109871
-32960713
17363618
27253067
-81335398
-2428085
-94734434
35500298
62507331
-45505954
37869928
51274661
42497530
-48576042
-85787003
-26560506
-35676078
-96008999
85509338
-26178027
27845862
19826960
-19010752
88283285
68858828
-24922504
89804649
-16883985
-51362009
-15395505
-76253800
-73762734
67212493
-34551066
89834662
62289032
-37339855
57954108
35050066
-75294086
98294613
-43523383
-24221640
65387958
56026441
79002545
42447068
85708451
-71593715
-21160044
-53242950
-12756596
84148421
-34245744
81285477
-70175898
35652660
-66418803
-3091882
-16722367
35089714
-64023642
-15126757
-96153602
66979722
19949878
-42358207
-39189467
91546464
58040798
-34878563
37634244
-78958516
-61303072
66922930
58349717
94737135
77405807
72164401
-36071882
74567467
-95296183
-47563175
15481427
55479631
16105792
-62047423
-35234801
-62283672
92068236
87415584
57660702
-7938354
34154907
27756421
12554673
-14366221
49108602
-83549334
-35989531
72467287
-66095140
-82273309
-58834419
20775465
73106223
-44302091
-50482966
-20384426
71837645
36889767
-73201560
65725581
-85310418
4771658
67961361
-20053627
-7311197
-52062818
36991459
-5052346
-56714604
153898
-36114496
-24168100
-39300776
66672972
52170798
96058130
32503913
-84254498
372868
98644665
73216951
42171896
-30143605
-96838840
68799907
34861614
-63959304
84662605
-42176274
55386175
-63446145
751504
30207612
53265108
75312949
-71695387
54788351
2115549
-69782816
-91984837
-28494064
-98768002
-47402472
40890323
-71091893
-88711681
-12476391
87546293
77737241
-86739253
-49188254
-25585281
19011313
-22196829
-34421140
-85229034
83067791
16612444
-53184516
-8769673
65640818
33510866
-97677556
44945924
-21868301
41244102
-19354855
66486119
28492959
-73615
59490399
-82667839
-55192293
65056735
-14699640
-30004216
-79772247
65301139
-8814566
1270334
45783110
28525389
-73088472
66921212
89361502
19413463
-84781574
32568925
97766622
-10221231
67344978
71737176
-50945886
13691893
-12187131
-2615480
-38791949
88544042
-41383956
66648890
-27561154
42837106
73637102
74000052
-8656935
-52545536
96892985
-92928516
34463727
-91110756
-85334675
4233427
-93806869
67353851
40830126
54042451
56679570
86886557
58576752
-33626412
-87293205
51602633
94130944
38301172
-47851264
90784756
-18831027
-14571116
20877136
44779008
-21859268
-73811631
-29875796
84135199
95008582
-76629974
99077118
-15080040
45645281
-21953311
-95579419
56325482
-84745089
-66959018
-44707263
-34359710
-67331675
-33796008
93255376
-71248105
-60964960
72172010
-65436620
61679795
-96647816
-52526488
88031835
56509956
24306528
94557512
-86148555
55996122
5766343
-50932345
-14007855
17185818
60490417
67123709
-55381707
96039026
-93999096
-15630125
-24205648
-86349934
-95891424
43142934
5017166
50680862
97290590
-62106260
56457711
8459308
-90921997
41624336
15156539
56876674
-28591428
23024545
-65300964
87768162
-29826461
-85828261
-45274466
49184727
48954450
-52162487
-28890663
47028941
4838917
-60498036
-18752492
-40017937
-81421848
97303884
58761188
62312557
6637709
87259209
-60226036
-81287308
9144893
59234761
97351559
-12776959
-83567987
57683054
-88112532
82504653
45954174
6079007
-60334505
96170366
-98878401
77495722
1325365
24183983
-54726963
35297601
-21453837
84161911
78120252
20438017
-20659666
65781244
-92804063
56898448
-4027359
-79160319
-91119964
52450611
-20918256
-68187557
65632712
-77916580
64769042
-90655997
23735462
-57370354
-55683297
-62830091
-7304683
80905202
-12997583
-82447479
-1727422
63769807
-57178747
83691993
-15340072
92050013
-50415424
-34418297
-75566307
20470108
-82366905
-25693205
-58827088
-28480393
26929958
70263486
99694339
-85091414
59963576
-55817134
96761547
-75727772
-95283235
-5598813
-13816974
-47500417
-96661527
42958572
56595135
37809485
94865141
-23209556
-43430395
22738463
8284601
-67853087
53681626
-82892501
-21921927
-32585682
-92425761
87640560
-8524020
5905494
5835844
28270403
-48287995
-24980046
95025004
-53846119
-33278026
-27697550
90327716
-46228683
89724954
-64811376
81214247
-24193511
24039791
-66846197
-97805000
-58589849
29140071
85059085
37114273
26069646
-20839170
62499460
37430790
92403161
899211
75654668
-40325752
-10110160
46782004
-4556097
38997271
67614236
31275895
99545753
-50341372
20790117
58671647
21095564
6898539
-71105738
40271239
-30703189
-34317482
-72444333
18241530
79077556
-1368706
17131247
-75172315
-20679947
17845985
-81593186
40651120
-63651913
-50418101
40657831
17073976
9297410
93289705
-50095661
368427
89257284
-87847630
85440339
60832544
20910192
88031647
-72317769
-45291136
34945976
-44445463
-16453328
-88623786
-23164599
82619535
69742030
-39712872
41773903
50198962
-88363919
73578668
-40775604
-75808507
-52669143
-622852
71162571
30286408
-11070609
21141254
-54736400
92195739
-76168170
18361073
-15443872
-12154836
-76087003
-84129641
-95834222
-79103495
-55968567
79773558
96683191
-71790919
-91995460
44358393
-31544159
-67538853
13662650
60069312
33642020
93970734
-59080664
-79823257
34706268
-73640885
-73059180
46612387
-56449861
-13166532
-93201109
-6707116
-93537461
89077640
24001144
26203195
-10192850
-97195497
59819078
-51601073
-34759702
-95171593
-79169987
77044557
54286229
52061002
-93844908
6044749
-33696967
-11306025
-56507822
46179666
18535281
6787653
-77362538
-77259935
-37551434
-43030647
-69332720
-66909171
73213659
67984792
-67545947
-5425641
61894808
-97195526
9995083
46808503
-95346509
22289150
-36375603
-8335983
47921815
-69740157
23851986
-22750865
-72735794
-10972194
-15655657
78788798
47070508
-74427063
-90687109
-73410088
-67513190
-2249286
47426719
-69635017
-31952031
-14344333
2742312
49163877
-26739469
50747123
28513408
36428095
59040368
-36614212
-17165675
-32474886
29252774
38964722
37059173
35963468
55532358
-91030650
2379746
8646027
-81579437
-59204058
68849328
-78847958
-6788986
-70947220
-68355984
43295320
-1151521
42991692
72535460
24663130
-18217560
-81911180
55499071
5462157
-79125534
-69653813
-63585094
-16884954
80167577
-45001133
-44869366
-99719608
19567044
-22307890
79646732
-13664112
19937702
-33325166
2726109
37786584
45581165
-16483748
-19600423
86186380
44754788
47250163
99804989
42436904
-79927723
-25380653
58780954
-88026729
65090500
-21781819
-17725432
-88283129
34003931
-88868831
-10288670
35706069
-6060171
18618344
-1693493
-65346705
-72905354
55801364
6037113
-9187993
-24919615
-35907619
43110443
99405369
-14359570
27520933
-78899476
27149415
92455156
-15012110
-24320829
-25259810
-98793227
-59957589
68210347
20259434
80299250
-28417771
-87472299
33135781
-80511218
29086799
-37827254
-91787144
24156263
57730821
91398197
-57109316
50105416
74030692
4732939
-23231384
-57617684
42321047
-98519407
-48603606
18832328
-25959859
93012456
59279838
-52403031
-13652872
-17596165
-98450017
47564390
57924334
-89067997
-57984955
89652628
47729128
18281263
59384510
-97531884
-19908648
61591886
60750150
52662855
-86673945
-88686240
-23758518
27993453
58798499
94726551
44816437
-37727858
25057757
78734936
28968121
-66243059
97323111
65885320
-9966333
-60378036
-62802071
-24594078
-37363135
-39779964
9764207
-85822393
-86984546
28189956
66045864
88266547
-41325845
-64728856
-75413544
97269479
-4721611
-32984386
53684167
38229892
47423084
92620145
-23428981
26767205
80304644
-73003113
-49665392
76486436
-37042454
-79597710