63585370
45906327
-69868022
18342039
4678230
-56682884
-47161806
80426787
54095252
8304729
-40323072
10589080
27772797
-80120655
71677671
64592746
19355406
33894088
34960603
-17573357
99444002
72089785
-32067846
-14763655
-42053249
-53973798
31072064
-63586390
-72087681
-36394902
-15893566
4171719
66578695
-3619891
89807824
-16848322
-26564708
-55780042
29424348
54015054
-76066422
52424452
-41325944
-47120883
-72917365
68179028
-87904176
50711261
57763803
-52307943
88170356
61487346
73317881
-69868911
-23385490
48264046
-90268818
13911318
-68493012
11444316
11511458
77827718
-9427493
32346052
15216588
43163430
-87783311
29966604
-88101310
924435
13007148
-41229902
-36268381
60027691
-5901171
-72589960
16688727
-20014499
37588057
-51401091
-54034381
-44365088
-37613621
-45907450
-45556589
-76824272
-78035542
48841327
-5514760
-1984065
-38078990
-47132302
21609544
-91983289
45938690
-42881568
83963583
-56804569
94991428
-37486382
92298581
-85083178
58565623
58747713
-26532933
25253961
30098824
41386984
-36301982
-76658188
-34093044
-78154487
60786936
95611169
26200870
-91856788
-28492547
46930755
88811064
-50995864
-14366293
-58043517
81619987
-70429546
-26923292
-23342069
-55105177
-31616250
-9900305
28578348
-56043356
-1555032
6074042
-3695687
78447326
92766787
-77439483
90749748
-55599188
-42745202
6195581
-5254523
14168266
21279251
-30119079
-48311949
-97806780
-72143574
23099741
-4429180
82883923
35700391
-27134610
-12653344
-88657966
-61766636
8909434
-91308368
40996716
85736841
-46285857
-83628887
24449240
71357174
55182612
-1307746
19266076
81616821
88363509
75067832
-43606369
2235245
-77667542
-48045200
9669727
93407423
8065322
-71609237
36888278
27718292
-65800311
50946081
17845761
-9987002
-42585913
-39395383
64913004
29224598
86808345
-16772369
67950862
92354036
95748987
92735585
10603461
-11016234
17652898
64164247
-27061532
-37282463
34846954
17186
-62531815
-40024601
-45700644
-65579803
-42740759
23937403
463010
21487124
52296277
83688688
48680828
-74704711
5786056
-50700978
-35994952
75673665
76684567
22073009
-99105657
-31351440
98900893
-49111640
12922308
-55037678
25939612
44098375
-90466608
-17299384
-26153802
-12895427
-52536653
3311212
87280327
-86063114
39676460
48771182
43477709
94743155
-28067648
-30920219
-58139311
61056150
34051289
23619300
-11278477
90354465
18651728
36110615
-44582503
-57589155
-78456398
8738805
-50363266
-68320754
-35795986
18382336
-99550159
52902801
-11304654
4005361
-45667956
10213460
86641393
90154190
60702346
29015069
-12745854
-88549021
65153114
-43399846
-67572123
8873742
-71519943
47744487
11829692
-70023883
32900423
56669093
89549513
-95491031
24559150
64658986
96051412
36797399
76748660
42717876
-76394984
9510331
68548859
49831733
-59722723
-10979404
-19532916
35486290
12339876
14981154
96608439
97905784
-23792980
65332188
55426181
49862934
-83719536
5320538
-27734581
-9489829
16678482
-94837882
67338503
-66674255
-79621993
40309645
12728608
-86213993
-70286375
-75978282
56791641
-27798143
-99641815
53648222
65437654
9549276
-68326936
-34426904
-22620312
1160861
-70514710
35334823
55249636
61705084
-49076786
62717899
-28764673
28514456
-2840969
45946638
90907185
-95560313
-44117969
-86885789
97033018
86124934
38368147
98272878
28903318
70930128
76886171
-34263158
-20171410
53524854
2982101
52321358
-1234284
90218757
4205255
39522560
91524594
5544162
49031606
92566408
59988354
-43382667
26516089
92286328
90847125
70131495
-57074270
-11694414
-28556829
-1010724
39150979
-79721532
-91619632
-46744798
-42808138
-77923095
-33055819
65168109
99377431
-63670089
20174176
56527688
-77575730
-39286958
71822785
19576347
-52756060
-94734500
-77433327
68958708
-41377448
9957100
88035034
37762657
84691210
95405310
-77294046
-65594036
93840748
-54840315
85856362
11267024
-85386545
-22108031
-31881059
-73661271
-53713881
-63994886
63321733
48488983
54978320
3231366
-55414695
-39553085
-96474854
-65385541
67671392
33804939
-34986798
56682526
26145665
-20822009
-65824925
66216457
-3767126
-82518887
-17154920
26154325
-50990116
64453151
43703292
53144921
93693185
42330154
-1172526
-95833305
61051748
-40602262
79876589
-2198066
18300560
-35458215
81303605
-16468468
71976634
36192859
-9963398
-56470442
-44938279
-70737106
29613804
-82692722
-32186355
90252166
78421264
91584531
29908016
-3399057
77837649
38365422
-63783881
47025461
-24315077
70571469
26758273
4989072
7398947
-80805136
-29592697
84325063
53939191
69292194
61808888
-65215403
88873045
82561427
17993708
-9184084
53716024
-60612698
-92478720
60893779
-8259188
-82709476
45433303
-77835122
-78957383
-44750655
88260939
88599361
-5785531
-61339702
26663868
21352252
46294258
-12051273
43621424
-86449732
-39847997
-80364216
-84549797
43211424
79919069
8063041
52607683
-4728949
-36152436
66457631
94694442
81753131
84759330
36235923
-28696000
-21172373
-33926862
90465336
-58124530
-30240319
47783697
13123005
-52288938
-56524390
-30953002
-26705841
-66864522
51313196
90218754
16387399
-45209964
39389443
92141897
86644304
-90064448
80557258
-42486222
-53554852
67603764
25027951
-98869308
-85840082
-65705872
33077500
-42589294
21964572
14282744
-6153283
-95695976
-8392128
-23285616
74818828
-88043802
-58514108
44503835
-39057583
-33331251
-20745278
88125096
-87078451
-99932408
-82298040
-87689675
53490085
-88836169
-73953954
94168539
-9052530
26347869
98413006
-47642448
38186166
79822835
-90653627
84581868
-59641026
1930851
53564598
75908643
-27876521
44922723
-62115366
-62431233
-70947293
6467868
7696553
29873451
-50988831
1876782
90894775
-28554853
71020461
-23139718
-26698575
34494700
-46221442
68879124
-36612253
-64473971
28112234
-54739019
-79421235
95401218
-76287470
-20897496
10358520
-61469948
-12543109
-9121110
23343580
24679410
87085985
55426118
29668640
72404949
-69611540
-61750054
64561214
-8536926
-86241668
9450222
-62686594
-71732250
8826290
-7501221
-54221706
-74573984
38118734
14372002
-33858204
-68793702
83408339
-13502295
-2346717
-38690592
-9056834
-53476928
44938666
18512816
66458354
93258077
-77221587
-84704337
-32154429
-75800799
-52233837
-27041841
5380319
82756830
-17921169
84389256
45822880
-60316298
79308486
27572278
-65795302
65070391
64415098
-44603959
79349212
56232571
53635986
90391708
-31437837
62091242
-74471656
-34587262
-24809048
-17167053
18816335
-37228563
86531560
47244372
-68294440
-87400544
-68056170
-29009174
23975493
-48590125
-13379006
-60822560
25421634
87279088
75782094
92212156
-56580212
6004783
-83648490
-91801850
-76975448
-62455800
70444166
-38640284
-17477602
62089016
29818811
28722900
39511167
-79576629
86942612
-91700365
18422572
36402208
26795608
-20268946
-63617144
4186987
2459013
-18248513
-86825295
24783986
77761750
39169854
-66822860
44224923
-7898739
-64576850
-30318262
-39546152
-80713428
-44703711
-68321200
39597927
-66944370
19429817
-14869069
37943563
68949066
74783532
-10848146
34394069
-1884122
76314128
-98051865
-58136959
-23986727
52747523
97536631
-60587074
34007478
61471393
24189081
40123236
89640709
-89453254
-29124483
27715194
-68518977
79409723
9576222
93007358
26697664
80671043
15086655
10928483
26329722
77547652
-61532997
-89077437
-37944729
32507600
-24240090
27683102
90193145
-25943766
65600817
46040926
13520451
55974392
-24834706
65768484
-47179965
55144912
8722458
-74854193
-95436357
-27061223
84848663
-89413143
-41475415
-38780136
82370324
94313420
-57621867
99481981
-18310267
-53297115
-18413561
-54660601
-93977044
15157641
-42104763
-91036089
-4331406
89180214
-63748628
32080207
-94935563
-27977929
-32479224
-51370527
-2910908
19983909
-33471254
19199058
72837564
37196175
-85997226
-19516896
-22595998
-44839909
72882649
-57703236
78316548
-99968522
72162824
444581
78205019
-19653089
34748795
-75279219
13455288
-36655989
86749701
84340296
41799236
-52447284
-28045816
-74408283
-99434696
14070326
-27131115
3750857
-74437078
-98253305
-25055798
80949597
42550656
8256017
65143697
-54953983
84951855
2966346
99107938
-32058194
-8508857
90670597
50105734
-43700526
15136030
-85149491
69943957
-79703063
13974251
-94721721
-90484343
79404136
12901088
43025062
-85556221
42567157
-87411006
46468279
-84212734
-37946426
83958660
70945774
39756761
46745815
55711222
-81034597
1472645
64682704
-26724151
17731101
30604126
77294837
27896767
9775015
15082352
-29341612
-10104828
-88052538
31979805
-5846591
15226273
-13636309
47998968
87331225
-37004631
-18165120
85875179
2772011
-92474810
50814937
97982893
-93988107
-23647747
63282482
-45987373
-24340785
-63112760
-44199067
78093441
-43210361
37733832
-63791767
-32119948
20619492
9012006
74695437
10324141
24577879
-87054422
68326893
-77698048
77579926
91126729
28463232
2287322
-82279956
34058
50485524
28960301
-28332654
-60714992
-98725847
-14539368
23393795
90871651
75090835
36286682
84295961
-67365998
-81501174
24754404
6548690
-59669903
99455383
-99010241
62813208
70187157
-31300016
-1585285
-80858986
-70633349
89260933
-67015856
28237879
-82373202
-77427733
28853199
-61159654
-49137004
-37812571
-6049481
7437909
-72112102
47860466
79485419
8852385
-88699912
-64161017
-82948875
34290060
-11334043
-33140621
35003257
-45116885
74832188
35613017
60016009
52749623
41249498
-75344953
21344385
-82347419
-24027446
42334288
1126326
20343913
-14543291
51953778
-46651301
37062523
11764695
74665927
-62784956
79400640
-39535435
-74596876
-5831640
-12298100
-86986396
-98639435
39301335
-44205924
44238005
94556579
-10687950
-11177367
-66232515
27303444
1291912
45694157
-77182277
-24535710
20003110
20250301
76813962
69339749
-61250585
4939430
25448866
-90547562
57495184
-89891404
-22344804
-5731492
-11411168
33763565
-68530741
10231730
-19374436
-94510692
-66359957
-29758598
-23325783
-39379790
-65941411
37995907
-60737336
95122848
89708067
42374780
40547880
41387645
-2329063
59514826
-50127427
-4791802
-66922859
-54673495
-11693567
-28890427
-33047570
29375127
50969979
-4740032
-50021491
-90625790
65176233
-20778556
-30845499
7217385
-32303191
2294884
78102754
-82000785
-74140764
-359455
99539133
43739666
27098714
10295714
-34023213
-27542245
54711460
-89121653
87290775
-70158834
95663703
70420735
-38040444
53538193
5941278
-79643032
-60340945
2374281
-26303971
-67346868
-60871509
-74626165
20105902
-94855892
94282986
59553235
-51897020
75605524
52949691
41171713
49256870
67072526
-11761796
-84398662
-62125443
29928965
10400613
55360017
-68813529
-82715143
-80435873
59222403
70936073
60135389
31041163
-37462044
38099916
-46086387
-9645759
-16816278
25334474
7104941
-15502376
66088422
-40366695
72469511
33999130
-11604221
-92551256
48341071
42001920
28619241
-83285746
23546244
73821562
-21801637
72775628
-69763981
92240002
-53264817
11365113
-42844729
-49857528
-58972252
-42420823
65926389
-86228149
79849403
-75535619
-19475212
7018512
48583486
3099283
-70874575
-59484742
-90752635
-83202476
-97286223
79306770
-96942678
-37801927
-34973458
-8227507
36731904
30568929
38296499
-86030042
70007523
11431277
-47170849
-15930413
96433149
-90626612
57778660
-30391554
54683977
18596487
-51645548
-76501218
4688928
51600190
54829188
-92400983
-9570108
23228082
-9994255
-21163642
89363275
-47222982
-20320272
69053965
71955564
86183992
-25013213
43974584
91221300
-30035768
35780285
41782942
24438604
69289749
-63309678
93948380
-32770828
-4583970
65996216
75874773
81800685
-4205793
71435128
81356240
-4544053
-65677970
-13150359
-60501707
-21509712
-49052508
-19008649
86656100
-45945058
46208678
28921391
82453982
-20043802
-73791200
-8464230
-46435948
-32417325
-6195049
-85086837
-88979701
74069667
8920161
94949595
-56273707
-56682387
-70284457
28249182
-21783923
75069761
40945064
56562704
78544078
34133254
22372553
49916238
78429366
82012910
-47878903
22773776
-82276562
61733380
-90938371
85733500
35102418
-54825635
6277643
15294703
30672646
-32007427
10290796
-80149275
-28350325
89113162
-24311399
59570930
-1086973
-61279376
19915926
96644937
17493648
-16319785
-81809663
-35035429
-6347883
53379639
-1553786
-82867667
-7576020
-58640283
-20276812
96324172
87891185
-89890342
7936372
-41777437
-30682021
-19670817
79508510
-93206087
-1281690
-25286420
-99625276
32359313
-79740924
-71489515
-33901432
85356352
-33539583
37268328
37456960
-97287261
86785393
80261080
11203065
-693698
-13678140
27347089
13447460
-22915458
8647951
-26543595
-3684563
92430428
-1415635
26040142
19167723
-8722736
12175137
48344074
95175585
-82779766
-17881104
65665797
24206373
8197903
-98976746
74951907
28145185
96632493
-56917731
-86109257
57020040
-7657274
-43171276
71409772
-23104528
-23320193
-91709263
-4824315
23114379
62099045
-26625970
79702769
91260540
44213819
-26439615
36248753
-2294853
-90629272
-15916449
1998237
-79860445
-91269408
56591422
42475171
-59215225
-29154811
67586241
-98730152
45946788
-29037391
22944648
69484573
84379840
-68804018
-5261289
-51807238
-79340199
99967950
-78560533
56819167
28198789
-80658563
26133994
-10718460
59215495
-77882950
-82414889
14157580
17378147
82743489
71574129
92358258
-43606863
62580555
94740629
-43974240
81282240
-49744909
-39932619
64120021
-28886556
-1415842
-88668874
9145634
-66891408
-71952694
-86095460
70407000
93608133
23103983
65872370
98198970
5731532
-10423180
-13303863
45059442
34140440
-3418142
-35755809
59848422
37337332
-9055305
24356950
-23409563
-12106524
13446158
-81840461
-53692379
-69603941
-15403866
45909651
-68562415
63312090
-65269252
-94753370
71373908
9187873
40028003
41173622
23388950
58066000
-37167565
-85781666
62371040
-41134448
-1404041
98195386
22487395
92125474
84745030
19423324
-86177794
72911170
73922756
39764335
-50723418
97596986
86269151
57509664
25301728
37920684
57281407
-52378103
-56244519
58252994
-28966510
95175619
68725401
-32949066
18517865
78403027
-98797193
-64096141
-22462444
-81911731
74317180
42680082
27003146
70040854
63203587
29680614
12845715
-54348084
13339238
-22209208
16730347
3523833
88267451
-85731888
-61922858
58093011
56878099
3899622
-23753060
-97344968
64597990
-64049013
12338301
87785816
-38810950
43202414
38765489
98293807
-51475480
-78131542
-5607225
-1846503
33041572
73035890
-5909949
59113255
94543470
-64417306
61090043
11422732
10499013
68355310
15980548
-88865337
16910435
74857027
-30804564
27776595
57061190
33250218
89138780
-34868630
84056418
-55144106
-65088758
11574355
-35500490
-13428977
40004082
1565346
51368553
24226993
97059154
-8201022
52613360
-51105164
-28211898
-79136712
34538283
96892791
30594738
-5791496
-28070677
-80215185
14440740
-67954913
58104995
-93463272
51080686
52918683
8944161
-12149842
-38077451
-16469728
10902177
34295012
59379418
90073739
-9520408
25294815
-34837306
-60206171
74062085
-48477674
-24928445
-94727563
-28699502
-63746059
-42301182
53242193
69608164
-4072749
17134992
50478495
71636158
-55353521
-44906791
56876265
8553413
-47705875
-92669166
81808477
-37011719
-27221071
-1489229
34585983
-97477368
91729745
-82388399
-32006953
35554448
1230323
-45906948
-95347976
36622272
-51248607
-14523884
-35564187
20062212
37932472
30672877
45309962
-44960503
26783238
50091462
40572566
-55278214
-80324884
-63394579
-82308260
-707905
42315186
-3952117
-56049646
88103015
65304535
-58601682
-87915130
-88056602
-72295131
-47583822
35199019
-13527413
44452202
-56404088
-112895
97377642
21617043
57472064
56775943
-21264774
14254625
52932550
23455690
91886069
-54399755
-12673338
-41603889
-10548758
63281783
-84166816
30371021
19893450
33000410
43663155
-43914161
2587733
-31342092
-66402261
88719328
-28542003
-9983843
63417640
-83184481
29492107
86112509
-35350971
-10237067
94126306
-65249384
-2047971
-26815933
-597263
81305563
-64933404
44132998
76635540
93515763
18752364
63021988
40705971
-98634329
-3692458
55030018
-94328126
16498679
32122401
-45430375
93129496
98603308
78575569
-46217959
59854845
69627339
91740707
-28352282
-60928468
16378293
-87171677
-43597187
55551974
-11211118
-59550518
92968823
76432385
-6671836
80123265
-34155999
52469703
-78823730
18473332
-52979199
56587839
14097647
-5110811
56104032
25100973
18744364
57999366
-6763786
-27240658
-79200742
51076646
-67969292
14565357
97501537
-22391068
74152725
25589112
18326909
-80800535
40397776
-28431496
-70923560
-916469
36829500
16081199
52807620
8552038
-77741427
-44283478
84366314
-33636567
-22266574
-58302322
-53962153
-8304921
-74826545
-56742221
52174123
51423945
-24616346
-412209
79393822
-57015052
-78688970
87976248
15222838
86464075
-81396924
-74219515
2401675
-43523344
-82253456
-91952665
-99299281
7611660
69653374
-24239785
13828265
-11873421
-53006412
-16311990
52597191
82078722
-8145955
-71531606
-53859598
-57579062
90148979
-65944287
-91773711
48634934
-41402478
77745245
-45998145
-7934634
27944171
-23883080
-37036621
24629103
62039087
94529614
413283
84810775
-28096963
-13313052
-43687933
96102379
-34630983
3479328
-36764889
81428307
-73697978
3404154
-99814945
-82658780
-62554086
94606610
90527997
-94771287
-67519173
-76966187
19661338
48283376
-20167459
31188498
28126867
-36172138
5472979
-39496817
-24699743
-39966292
11460509
-54657808
74380337
63670032
50256186
-55289182
28618493
-52509437
40448547
-36216711
53535320
81420877
25039199
85289058
66106254
-98082295
26486856
55405989
-31589298
60541565
59751531
-6281716
81748619
86022664
71379689
-87145018
-44516454
-24748841
-35670403
76585571
95379975
23893517
-19046099
-1638872
-79456817
82168408
-56787163
-73164594
-554930
-87269124
157156
-77153828
-1139796
52556326
-69899210
67079545
-8024187
-36120201
9230447
-13165186
3219125
-72714951
77107951
-38435944
28378896
89050209
-8075195
-6172853
-45032524
-92872862
22261490
-42502264
-35344150
53076210
-20081198
75290813
81490954
-75796886
-18967499
69318560
64708323
60055661
49883139
83983154
-75885595
-36829918
48628164
40272226
14272729
-4972936
75649425
-99159790
27587698
8733826
16583217
658771
38101341
-39957904
11913374
30536260
-90067062
52446828
24149408
-54407912
78720100
-9040605
64287081
-10231492
-20562670
-35877364
54622086
-84898510
54312178
29279972
57363352
-32731422
-61554373
29446528
-11371404
57435585
-44469264
-63951067
21941882
-45694869
-15707822
88737496
79453002
-12925498
-80443588
-82332882
18380013
-76705858
-81498175
-72876252
-82294225
57121134
87972284
-92786668
87531866
47267808
-31649092
-10965598
-76111902
81510408
18698485
-42979801
35698666
-77859529
-41170800
72660244
47567998
-16790562
-72664087
71767819
98549446
-54955217
48389038
26894507
-29753242
-15352577
-45504194
24869331
-64718402
-84064486
6520608
-35086301
-26907898
-84753183
-26368787
-44775371
12473781
94530351
-34092308
-28149643
-35790157
75074582
69186886
92575385
58648902
-696616
-6137118
52063876
-99319740
-10557892
-73781259
-40512438
-5221824
-30978414
-61773838
-93505733
-55332318
58580064
78888811
36875923
-24981890
87418207
-59762227
-68481101
-36864730
90258971
-16575636
69297622
-31247251
-93608947
-32194531
29406855
66093870
48126598
-14712738
31789102
-78354004
7516348
70023561
86143255
54693079
66915980
-95363107
-93689301
-48926378
9410644
96789497
77191077
-99768784
35628561
-51543902
17351945
-95147914
-29765238
70508733
44737750
33057561
-48616907
-47313701
-52285348
-9184091
-47847847
-90242611
30187940
-22204263
-96851826
13391289
-18754577
-45850083
-99790951
33421550
-39750980
-55935264
-26474914
19685782
-80090324
-49681410
10152760
17410997
-40068555
52475771
54312656
34307068
87966888
-35010925
46320045
40716656
52744047
37725829
-89154377
-26588095
-9393996
-83448284
-66233832
95533961
-97863810
-90025092
37841219
50004725
-82373917
-52457261
57946037
85294260
96592496
18063589
-82530681
79707510
-99694525
-86493961
-4038338
-89682819
-71091170
57396992
-30702817
-14717052
32331063
68623555
-91279611
-24622427
39800688
-31398174
-87917252
53329019
48901708
36381371
-93235175
-41799380
90241344
-30631701
-86539058
15112297
-2254395
-18674578
-490576
-48473166
-14755945
-70503614
-70996577
-28524983
-90052607
-84733381
-63736935
4435
-73990891
20463575
66482311
-16484914
-74668825
37865381
-84644610
41356025
-33374473
14828129
14418754
-72404085
-57110186
-29409636
50531970
13185314
-46093860
-50538640
-96992787
-73571831
85694403
-80676934
3188557
10476593
-40507388
-44555326
16394597
12269442
96936520
-28190528
-29896224
27518323
-6099880
-40893170
37511060
-36063664
-48068485
64205034
-65119983
-44103827
-40311522
-16893920
-50985009
-31768706
56429233
6317183
-13456874
98492649
59908711
-97148665
-53051943
11906377
-25683794
-88919662
-96485697
72686283
-69471243
6861934
-33212016
-85293261
-53164797
-81578884
-60672320
1695410
-4371443
31254300
-12817186
20903755
-38029229
-30095391
-4036371
-56935686
-25109665
55636264
18465718
83245042
68870812
14357143
18257023
-79940532
-74864513
-31744844
90858457
59611151
33897203
-73673046
27967986
4452682
17055726
36325275
83809411
-72334422
-87904907
57469088
-76915583
-34462937
-50374326
58110106
61171003
6632989
6668828
27685197
78084860
35275426
-42344029
-9861896
1060588
-15658531
35063409
-7138399
29876221
-28391061
90464487
3945969
80895552
-69382016
67490719
-68372756
10427021
-53062079
409526
94434099
-1040049
-10495590
-66579466
3833169
-14690263
-44596135
-34323154
-60283076
33796793
88592630
-87482431
-44511971
98943823
25848728
-6904791
38434038
59091150
58204584
63784973
-9249976
10170141
85745851
2189213
-75535981
-72604484
8265727
81890817
50594224
-94738510
94290709
-80220285
67706174
46323955
-19735932
-76836250
93928993
-36859277
-5879587
43851193
-50318815
81097518
30126843
33687389
-56808747
-45424297
323618
-58266376
94032456
40558287
-12309031
97412163
39983204
78658989
-86089938
-10980790
-25768797
-13615417
5310372
-32789860
27734518
-52654770
15751763
-53007860
23631901
74775748
26169674
16984918
-56673461
-62129033
-92176953
-89762943
-13714593
-33505960
-81736582
-75149502
83956228
-51097779
-34143167
52706974
-27322020
86750279
59171503
-92289984
-10823574
-75895139
-90901292
-63061669
-20743420
39318166
3595960
-31569064
95296729
-30077510
-39960425
-29150872
-76416989
-96001243
-34282175
88332847
82046377
41685610
-73584864
13207447
-91604614
99722724
-50877771
17593573
-98934546
53601337
-82266745
91782366
-61098573
25289558
-19035897
25779623
-50380592
51046149
11042788
-58934938
16530218
98142161
39669337
54152094
70068404
-13920311
52577836
96733995
-20741421
-96178835
-6617204
76453650
34264127
50755796
35556107
-88095166
54445636
-60410750
14773694
-47628073
-80280881
18105653
-49952350
14807657
-43867822
2218104
86719365
91486250
-26779181
-27777539
-47046342
8378475
9711724
-39288644
15801021
-94654552
-51652141
-96267562
11984514
25013257
56050100
64140662
47951532
62774464
96077807
41561867
-46922521
-8628855
-49593256
30005947
24724973
24235271
-82553758
64543619
17635404
-67520595
61794823
62374238
92231450
41815062
-79755639
22311127
-7464062
72670058
-48214809
41260809
61652742
78061965
22891261
-65249578
1782308
89504854
54398108
-3338164
54050405
67316515
-76499664
41418208
-19907813
40507125
-9121498
89817254
63539028
28058868
24698788
23317821
74427075
83635954
-88571805
61912659
83333208
57992340
-2361665
91185771
83763880
-93168830
26356880
-95309227
-93688876
-29669282
90000586
28751600
-36040660
-23980377
49144671
56041734
75521662
28541313
21367258
13393127
74617632
39707370
51636214
86930740
46863052
73395292
14341544
-2356275
95229472
94286195
-97170145
7913203
-46578505
-33245038
24171398
46762825
66850744
-41285904
94669655
70643983
-28260723
-70236903
94901953
2342350
1312274
72058435
25222531
-41920089
40534807
61150948
64268926
3449594
-66204377
-56639231
-53102917
72065099
-50090299
-98437719
39749858
-6014260
-19297372
-70199018
-17379252
-99845201
-96358928
-75248399
18551455
-10384969
-94239059
7611928
86922196
16334692
85268440
-2345021
3160815
44109147
44985368
-29841996
29403448
37207813
77457266
-64257004
15553269
-21451878
-23857208
-93072909
-52509725
21978077
-84065183
-93696103
-71385562
4321715
-1470567
22200632
-38748252
2919837
84388496
27854123
52420915
-70200029
19474841
-52544434
76672669
18036777
15620467
37652450
83699678
-56936031
-45909970
44606613
9025492
23502443
68112525
33898073
-10520631
77609248
-70234576
32957483
-60045325
-46276642
49188105
-57881345
59043603
33239416
-95396095
-14504590
27313264
12477723
38186925
-35653976
77582709
-19578324
89864404
81271736
92172405
-56518428
13882037
12510289
-45573916
45284613
-78449398
-27525579
74113133
-23064765
-39692059
-19759446
-6947348
-68995932
14434663
-99878775
80801834
-88313201
26495094
59741693
90213672
12905161
-87005624
41248985
-94103306
-90522887
-16755018
-63024701
-14483637
-92022903
77225201
-95520309
-61337465
62300807
17782036
12920518
17954202
87941651
-18541554
76022304
5414712
-38349778
42773362
19086434
34913801
41701988
87147466
4284821
87993396
-3679464
70962291
59956670
87932992
6972478
38490741
83897811
-15891990
-17752682
-44747542
48932493
-67029904
53863067
78438868
86578703
20247977
64565360
-30236512
52490310
-50998795
-77938466
21886346
-80718113
-36645692
-57856446
-93576862
-12861818
7950902
-47669008
67560653
-32783570
48720987
-79696161
8977744
-63145219
-97505467
5396825
-62155357
-47024316
76098833
63994607
-90902446
71567473
84729566
88661307
97091268
89489462
-60014668
-76430554
87431697
82814783
16069136
30228535
-32508176
-40583654
-27463338
1476982
-54267265
-41335469
-91224897
-74835250
62789695
20292481
16698930
-57157370
-5214188
65960212
7027667
-49995432
-72203422
55197651
5790000
-14703998
94838839
-52854115
53367086
-27755684
-97548674
-19798956
69812658
-31034522
64073993
708267
66206262
-52591737
58864690
-32832630
16415998
-89017607
-15423999
16751545
76510439
41095250
-50094584
-82999871
56861854
-88720150
95550502
-80396952
78509731
9906567
-69364554
-37396117
-32126922
62943095
-38484352
-30782162
67101656
89337255
-13966622
14484783
-15138758
80133675
-14857768
7184431
-58416123
86126055
86663351
-58145392
-86466069
32704466
-97398314
52834331
-81953198
98457523
-84721319
-80669238
-95709502
-24199375
-39052357
94291739
-41043952
96762860
13996990
87689266
37118521
37114948
-92421548
89594455
31317789
-77742489
-46807353
53547032
-11950241
9355853
64453724
14100102
26235764
28353102
-67799717
65554119
75187762
28221677
95975178
-34889035
-25359840
23562847
-24442776
52759485
98130066
-77230199
-84817825
37842594
61528849
53924599
-34023170
6748599
65438964
-19345992
-48769067
-84254005
-83396209
-30642994
-74013213
42851441
4925950
-64836331
80517815
6491581
-50938859
13041003
82085202
-19131082
-45092982
-15013042
-99811181
99067914
57267297
46593787
31085980
46388275
54796
83277439
3184613
-21860062
-96032997
-38291879
-44221888
26216979
3596387
-41991202
57658756
41350966
86860174
-52336088
-41661591
51307308
22745200
64839373
-86246796
15318984
-44232579
-35311332
-93495768
-7584775
71760258
-59158810
32186935
-43459981
52721813
54310443
27108293
5189137
62574496
-50942951
-84890617
61082844
-90263581
1952985
54829758
48609884
54915765
-6351119
93172759
-5528274
-30458609
27602257
-2377144
53196117
78345163
22717680
-82956072
-16921543
20602465
-66757912
26133856
6692950
15304359
73553957
-99321386
16338763
3256872
-17669002
65908626
40366088
-59144005
73251576
94886275
-19424560
58348297
58894247
-5935750
-72317771
54471966
84040707
-5450168
-97528601
70416938
95229974
60722257
97110581
27056931
-42820307
1672597
31029280
21483115
-26926132
-50124354
18159129
-9535180
-89177989
83402632
99931341
69676007
-50996214
-66251664
-57270977
74519595
-3230863
-78742359
1646001
19332847
14170481
50117582
85756508
94503688
66323765
-39403067
-98985957
47723739
-88914094
-49744959
-39238207
28154980
48816784
52531253
30939351
-22638193
-77790351
61424882
90540195
-58825178
90088327
-61217843
64740084
79764809
-71700117
95550210
-40524980
-20122867
-67339578
-49361069
23024444
89322815
-35376429
76323253
-43520661
-58330669
34941646
17686329
-53940925
-46561823
34892478
36086518
-50881635
95057849
-90230150
66218651
-93051112
-75395372
71491553
40183441
-65808328
27306203
5378886
-61990391
65208193
96662825
46348056
-12556318
42869641
36983406
4752784
-34134103
99052655
76676860
38210676
58724867
78120165
-66617208
-18021708
-70636736
-84213691
10606881
-12120916
54380946
98259541
-50245576
93654769
-29798812
53757788
63024784
74170517
-69163921
-72335559
24524222
-2295070
-1981497
92035936
93131345
-92554912
-2325676
56339364
-80626454
-55781540
8981840
-82434550
49932154
-17104942
79746291
-73301207
81178823
-44549973
20306316
67526798
-44626624
-19151733
-41370827
44156055
-18531046
-46957520
-45795620
-16229146
76403782
39035340
58107542
95956379
-32916113
82283698
89471422
77071086
-93516133
53175176
-33486252
70248707
-94438896
22970012
-17622104
73038618
-57694237
56597033
-72583349
-33342043
73018763
81967410
50537240
-44860821
-81028568
-53130868
-97061658
-20112648
-35236393
53182922
-46722509
-25719309
59527942
24510444
-72310713
-46626685
-49410531
-10504786
6117550
72743628
94850904
-3490484
36083875
-91467181
-15243292
-63220090
29916327
-16239691
11051646
-45019600
19913124
94523208
4260822
98938748
37665632
31215322
-72351868
14146896
89717678
19179776
-3454554
-2054653
14744685
69960743
-97928650
2957876
45146361
-27509851
-22389910
65399576
-96064587
9049565
-53122378
-6065128
-10558013
-97368152
-11342379
3942663
-81165588
-98166867
61627931
-50523986
60369215
41379192
66667145
71998708
77012158
-75204511
-94950761
39375667
-90437683
-30801694
-78857199
-16630786
39531762
-85829423
96763590
-24151795
62044441
32888553
-82375708
-26699735
-69672416
42287538
-9144691
33903171
70784129
-93556115
75419508
35636381
46293162
-68946858
-51487317
-22982708
32176496
91480224
-27939076
10284147
62390666
-71948460
-23189420
-68558033
-22044090
69431475
-79794364
-21076539
90120042
762591
-31372408
50314381
-63759529
-48236602
23286940
10880451
-63544422
-40763052
-22191604
45376853
76423710
-38206081
24322052
68449535
84028963
-69353770
-15842575
-88956313
44071061
32106353
-71186098
-38662598
12652416
-76069135
84152341
5591397
84857999
-46824168
-74928120
34359128
62072279
-76023395
-81625532
57706743
-72487207
61047870
97036466
-24367917
94529220
-86174704
4303506
98716985
93590785
-98000332
-97238095
7551880
9201698
16858707
14894816
20610991
-9011201
63588899
17135324
82500928
-80585784
-12107237
-88413321
86378222
24469427
-93267026
71104232
-79511322
-24082269
-97335889
35602946
-85952537
89362307
294284
77795509
-34460813
-49509435
53991356
-17124236
-51610129
-81647540
-30141866
-91622039
-43576602
-1691929
63211041
36573603
56553588
84394360
-90719571
50868314
80564799
-37578447
-96722140
-71790204
36654212
14772474
-20158223
-58383699
18924163
7773484
-89618720
43672295
-35119559
-48429832
76159634
-41344646
-43252137
26610385
14031562
-74702661
12629173
19052719
-48559511
-60067069
57524024
-66915040
-64697200
97400061
-23958518
-33842346
32070439
21987421
67119007
-99039748
39374731
-51146665
16963263
-38182805
-66590363
13928690
11027085
2046419
55851644
98796629
-32125343
-29862955
46783585
49304720
13706800
36058985
-96462383
226025
-34387822
-9052566
1947976
-23612590
73498064
-83297615
-5750354
24674606
34760423
97339989
88038205
-69795555
87205054
23007386
-75971513
38363552
15023359
-55626142
2826352
77178442
-14106907
65796770
55064493
-79846539
-29119444
14857745
-79019544
45750458
-62473137
-65339701
-62910487
55847412
79812051
90520883
52255139
91494127
39007961
73449261
-55054435
40594932
59726028
82119967
-50693826
82956153
-82698883
11325969
21724568
1810263
51945091
-86906558
53670219
17423407
-82421851
-39247870
-87219546
5861295
3655127
45043421
-56666358
52500169
-80664145
-86428350
92172495
78012926
54053750
80434888
37731871
14782904
-64163124
-21056190
43922990
29245640
-80055739
86840366
-89845482
53815829
-35026682
-46535540
34212945
79068891
89169622
-7370561
-88254744
432604
-7268070
75459171
-82002202
-79569747
1522003
-8025310
50449216
43665141
64542749
46853728
88007945
-48973000
-71781579
63478046
-13845329
58618338
88578242
72440895
20494267
-98049188
7881610
52580708
90826834
-59949009
24424536
-3400078
-40801575
-26920817
-14800698
87174610
-22509022
-16564322
-81403215
37864747
76994350
-27013588
36770629
29381312
-24863399
79100831
-12106559
83103898
-75391115
-7330278
27392123
17276264
13854828
-80432817
16153761
322757
29988279
78949793
64531792
-17199806
51823565
24828077
7086207
25558983
94907660
-72338631
86541969
70654823
-45282323
3603943
-10002243
-21273700
36827834
-53837874
78655325
20903813
74468131
-88371280
73660246
48238925
-74310484
-35565314
57614023
-85421166
6994605
88615161
70449649
44938813
-72658123
-77494537
34532880
-90687426
-37925993
-38180398
14043341
7120131
-19594621
-98179710
-42248069
53223789
-14632506
-64795293
93065480
85569804
42501197
-69325063
39283198
-14055802
16670086
69865796
92801305
67184947
61940786
88887096
43373348
-81818175
-69424202
-4722207
-65577141
-3213960
23690882
-93558181
99005825
29483641
-45332140
13608000
-85496820
85819990
75993679
10179529
16880097
-528390
-72150060
-61850362
6608708
-71061937
-50105548
-4431747
-44560409
-23904795
61349607
-78631285
41169258
61007768
96144569
8802704
946380
82364101
44705297
70653976
-1439275
-76154145
-32037562
-93372286
-91616367
-72623777
-13030713
16834102
38731889
-98375038
-16271129
-14874265
-11853774
-38489971
-5850916
-30152245
41719552
37120070
63594785
39499390
-88423988
83404406
44057597
85330239
-7048860
68175268
-26050509
57152358
-17183475
-9238325
74384803
85706381
-40798201
41046605
17293900
-70068009
-96156611
-55765006
58754882
-6078298
-82874554
98387400
-20299746
-55077982
83381892
-47037803
-86025626
78614042
25985630
-49185460
-99745753
63273903
-79722941
56924634
-20150749
48244098
27778867
97125434
-51432198
-47092925
-11905158
-628720
-26651952
-53185897
78244017
-94474066
-60735998
-8815541
-57845968
-43597960
80721359
-28396804
61437558
61636077
27938414
-14992626
-71050723
25365939
73613626
28447807
-25581123
50929825
2342076
7582463
-3754982
59366475
33832154
-69523779
-98358582
16904766
227880
-30378240
-74661978
31709785
86341806
-22256433
-81938466
66564462
34714716
-65238590
-19959912
-26071848
-86407456
6285221
52188727
9291238
43930504
23732846
-80499985
-44354540
-45534104
65021025
-19097447
18073474
-41486631
-52148467
26030352
62463202
87173302
34407603
-58402535
-7303936
-82424546
-10230613
-97138118
-63740880
-63460365
-61677576
-2396484
-46275854
95892204
88183514
59253209
-51144582
24627517
-11004233
29607382
-10198794
84408550
78823123
6133421
10267901
50203862
-78477913
-94902727
29605154
50752692
-75726036
-63839522
48673919
-28499163
-55524989
-64441063
28873229
-18412850
70061465
60999809
57530283
87552052
86592308
86022987
15851804
-45230387
29071480
-85700410
29480892
41015304
71474492
-70054
83943107
81908494
-1583487
82950219
68223560
-72906268
50403370
64908764
-2645191
14809258
-74576563
99534350
8092244
82943822
-65660824
-70305624
18953973
-92322399
37118350
45921273
-18782041
-90440681
-77269173
-22825696
23832704
60485285
83715216
28454978
-47070695
-94064242
-84295861
-94472543
-62449835
28500361
9660370
-25823753
89057064
30984396
-80436252
-57303535
91525229
-70985596
58150053
-61142583
98087772
58624345
-96234012
89331649
13804147
14281961
82909813
-13086198
95762811
48984718
67679553
-88133426
-38989218
-6261801
7010251
46079266
-68518034
16074583
-64731220
-29164324
-7315280
57258060
51020618
-74599982
46360299
-2229985
30314810
-46339864
66425925
-62776410
8513583
27493887
77052326
-27734302
-41105921
26524686
-60121682
2271938
-69425374
24754099
-61423907
-28238058
278718
55002912
47215661
42795719
-21877723
2009729
18939883
18554099
23271768
2275643
4415228
46861220
-42315511
-34804575
-98902190
-18359196
85850426
-48461741
-63155200
-49837776
15759840
52192542
-69275452
68967145
-57907561
42408734
-20082747
97495755
30741167
20754176
82864131
18830992
-27845373
-25046559
-59996143
-22459965
15550466
50745791
-23018337
91206382
80073721
-96406453
-62049722
1571271
65043433
-15255389
-77816078
-98129675
-62715778
-51105062
-1933800
79822231
-24085502
25109306
81223994
-52999460
-7701761
-53915490
-49203208
-89493524
-64435078
-35577177
-56128804
-9708332
25506933
76584788
62894565
-9365634
-30860719
-78566809
-28164226
88344548
-44994687
-31523716
91525453
87464522
-907395
37358954
91544396
-823130
30497018
-15133362
-54154265
99337515
26534880
74876317
6676901
-80893324
-4609514
-85758752
-65988604
-73530481
-66401718
-88964529
53198838
90171109
34343332
-84001870
97451608
10868205
-57621893
-80579886
-71756946
10354926
-62482093
-73267078
-53442321
-75246484
62192768
-19211887
15681500
-57375407
30941808
70110637
-12860821
89118658
99362108
-76559408
-49486346
56429584
18638522
66869903
7677772
23909836
51111186
79484062
-38355920
-79112749
-92256210
-58082081
49421253
-33983118
88397948
42358882
-22747311
85409795
-70733948
-57206308
30526569
55683552
73844690
-70331471
-23479578
-32634765
65429415
6525259
76371121
-66604253
14006123
-81205129
-91736586
-23737343
7054809
-44542639
-86910852
-75803009
61621025
-67697576
31426847
-17773091
-61007060
98958713
-98528381
68895034
7459222
8551354
-89951785
54368823
-13623674
-23102889
-59520168
2861104
83217798
30822739
-71624833
-17357736
6517590
-62078704
-94280675
-70969933
87426311
-461006
-90879045
56824111
52870754
-55190619
34407585
-87989388
98565672
-95468208
13083680
-75741413
17170526
-68534066
-6486373
1501038
82974208
47300529
84938869
89527945
49351045
-63810004
-82959108
-52339389
54834898
-905321
-97792621
-86729092
46099984
80750960
-15260952
-3365765
36744154
35082488
63916672
24553358
93422682
83235726
-46959091
-81348047
32906150
-11850851
85487898
75860322
52739897
-56738801
52689620
14519791
13048944
-72441193
-74462737
-38650400
9715260
-72575923
70050990
45491497
84661282
23339843
80653533
34637402
-57470498
-53085043
-46203325
29523062
-94111040
84154570
2089724
16844520
-95571515
54599553
-38485553
76744884
77264062
-90872035
47355671
71695755
-10700021
-87801008
40935758
-37898134
61587194
33456741
96122863
-94627939
31427212
23832821
63751837
-86752026
89734980
-72123329
-51473346
70738640
-58836221
78475791
-51621460
-22804901
58170595
-90617537
-97902853
11779658
-70222453
79193712
9288318
-14836030
-41741449
39056669
-13528448
82515674
26542562
55978806
78995543
44178819
-94739430
-67332547
-59190129
3169338
-72572932
84455998
53791398
4542415
-93461787
-38931926
-94558657
75584280
30279547
72812916
-62569989
-1931255
-98267804
-24276505
-80155831
-75148690
22467767
-74843922
-17515350
-29234293
-31335301
-91823232
26121878
-15465064
24847840
27090864
-22702326
-18375771
39428328
-2219763
80371933
9417677
-42393426
32374782
94342781
90199601
-59711108
-87452485
9079237
28501072
-54764941
-2586064
-80119045
-70937973
-91818080
-59719752
-61421662
21647315
2424573
16950885
73417981
-44644267
-58520399
-20292753
-28732766
37781681
-27693937
2228740
44145821
-63942708
-89788956
-2658490
71853517
-91318976
-25113691
58196199
-43972708
-24453096
64197858
-72389049
-11651839
-33934504
-76897564
16626682
-3630123
-27736793
37675771
-29807086
78294501
26063185
6573333
42178919
48881396
91546359
15857534
22058848
49522953
18261467
90573559
7868240
-92216568
8846189
-61560111
75213941
-10004781
-51978927
-56296807
21624692
32002583
-30376657
11041108
-972912
72809268
18678728
50759514
70826734
-79955261
-32136957
36283635
78767482
77807172
57657298
-44731665
99449705
-61522684
-86863841
20295124
75834348
32908570
59693993
98099947
83126230
-56120190
-75990448
-58367373
-6560356
58264902
-75057666
84312225
4138649
45899944
-57509931
40279462
-95069918
-35177742
-23499984
-17701308
80889940
-76148483
90898724
80169883
-41355044
-87564622
16215595
32904206
-43573798
68405582
46187207
40564544
20612072
-57745592
-92119204
-70935950
-89872846
41392068
41382187
-25502335
61273011
96141385
67171490
-94889924
-18383634
90884253
26732066
21343216
53077438
-74952767
-11795533
6221610
-7364260
-20233241
51911952
-1136849
1295159
-44710992
70523969
90765484
-93848642
62211516
-23290346
-48803819
46273882
-13705421
26653941
43841386
-61727291
-57908526
64138846
42150274
-97820778
46192460
78300309
8628553
-21855750
-15382008
15628947
74204396
-93931450
30441655
-68799924
64599554
-26814877
-36394877
-92985311
16691233
75178577
58734443
7437539
-26561885
56736938
-17601220
81135657
99893428
-29196875
-5917505
-87581744
85839390
73159156
-18478251
56833465
52801183
-46730995
-64812842
-71119465
-19364113
15936970
27942542
-41453441
-69933635
30389147
41280245
-65699164
77028456
42588874
29823954
-78346631
-14301075
-49270988
24634838
-55356539
65058915
39490007
63784753
-58105089
-18975758
68042939
73353597
-27654205
-66855743
-60343381
-2962888
-23806924
94123201
-18796178
-51016352
-68079768
38236627
-24681482
-6374335
-87575337
-56220158
-52548920
72425478
47547329
73667071
38601058
30903926
-89365039
96096772
52798716
33146356
-15249575
-58614360
-48950613
-68336336
-64795904
66182546
38987212
-55757528
54164399
4043855
-12854185
-98575156
-47182721
-39689381
59242249
51794106
-2374812
86423569
9947348
83873253
78107298
-38261457
16341468
-61442210
-60550650
73874057
-30483923
22851161
-82966084
53159309
-10217725
-70963489
-72321975
4356603
-6505292
67122557
-39781156
-52811292
-65088540
-51374543
-95743558
-52810907
54175616
-91364931
-76540249
-82655225
-58217418
63132489
-60910704
-2391129
-89425674
12634414
76769636
-62201535
-89386929
-64045545
-10405172
28909814
-48968362
83654497
-27519519
-31909038
40556567
37098154
94727127
-55665976
82556179
20486476
-1900493
-32334990
-17606286
-7570768
-12863294
68971921
-35782004
-744470
-42127309
6870559
41342227
32401144
-61353856
-49421353
-90820781
-16562528
-85516956
-3547126
21408527
51680616
-61145744
-76112760
-48216656
5492425
92800628
-85573878
-71847001
-64897857
96451263
-32915254
-85301665
-8322666
19486527
-2914855
-45483577
43868045
-61964362
57274865
76035590
-87804273
-31065662
-59301183
3779904
67898476
-4894651
939632
-70574212
92159527
49368855
-24124675
86331155
-89211569
-2929560
-92467314
-14823039
-81642731
48780726
73546533
58878681
94237590
-74895981
-22350062
-28420386
10668515
-1660801
-40909907
-38823762
-11549729
-89567501
18726667
-68268511
-83690063
-38270770
80262775
8501671
-18816605
96246072
8378853
56023062
67225355
31450256
-48532685
-49745704
515771
54745296
-78100934
-16073161
45419784
-50539952
35310964
-5425183
-31560776
-24405500
-85596358
71337778
-63350512
54054112
12774333
-14374900
-84361434
-11666555
73764730
-51027418
19692477
70786218
-20865391
-52505398
92484902
69631513
-52768481
89128540
-86059335
14441186
92622259
81263086
-28252149
72166627
-56990109
68713365
-60423113
10609011
32760172
-72848806
-3276220
-48016939
-78041572
-70591769
-8828075
73061222
96123966
-5741272
26567223
18598619
14911633
46193724
-61237411
-28022804
-48053061
48110459
-84513571
-17140804
-13795894
-97383487
99612821
-43692624
-68402067
89053056
50057327
95658829
-5655592
-43209880
-41159492
-81372651
-11335148
19385774
-93811013
-16274743
-55957706
5224744
-34876451
67993074
85008184
-75407105
-76960558
-37180319
63801643
82981216
-47196
14472979
63422845
92713096
-32448736
49034248
44528629
76670793
57596408
9689696
5323076
515370
60135325
-72212240
72004797
67225765
-39192863
83714678
67927841
3337607
-22650316
-74189784
-72336260
-97885239
-25103002
-17172599
26866693
76102737
89180964
10620292
59260856
46865877
5481680
47579448
-5616270
-84908520
-84330298
22600330
54740541
-19795845
39062577
-11894507
73396496
26672885
-7609492
56767529
59094717
39971635
5299568
43202304
-54367142
-32365302
97333835
-97585814
61421743
7943577
-26632799
29697443
14901571
49330271
61007518
-55250251
-92394965
52013621
30861367
47131252
-14986122
4726887
-54657980
-96575377
74153792
18005707
-30702614
43019601
32829675
83213513
99148581
-45223059
99214867
13736373
44049698
84524637
-13719356
14536675
-60519270
15375039
-3215801
-12585380
-85632237
48423006
75155073
35393310
2552350
-96384089
-459634
-83904020
38305608
97979903
-45422205
16889422
420912
-86413802
36967845
-96720292
23981166
-10930665
69539291
77589419
-14583204
45686936
-99425079
-79527595
-62023893
6982503
51237821
3389611
5380697
65092831
-68800668
-29559008
15830143
-1556639
-94920477
94642315
93328651
9456122
-82156817
-46344095
76119377
-21895830
93853467
23372995
81491062
25764769
-17355451
-49631872
-45448502
-86097860
46838504
9208333
-15168521
25060187
-87356168
14887908
81958025
98292521
64290672
-63913016
-31038863
-21974535
-92642971
-67139801
-66264272
-30232867
-75055337
5991062
71452825
19151638
-9979788
-58593076
29903988
-93090138
86952012
53498171
62435349
-13015568
72657795
-60589320
-40107697
2699189
-14101484
-41860221
-44929481
-57414778
74352689
467253
-8003139
12230343
93627574
-60951291
-11681064
-70109881
-59179650
60020497
45692007
-2209146
47858498
79364191
-85361826
-65184073
50391791
77096445
97127438
-1137156
-39613709
78832911
26847163
84924370
96278976
70055878
83849409
-42412455
11222532
37203414
-70136537
87993371
66064007
49774367
71860883
-19866474
-71305810
112322
91766315
67074678
10738445
-56500367
-75641030
-73645906
45077079
20983291
76536688
36649662
-9440459
-28292815
-69938429
-47988018
5715562
-88428884
-49444098
83415429
60877843
3576817
88009054
-74907417
2087019
33838457
41517485
-83121340
59210185
29728883
-40159524
-89070292
45934697
80916119
-33911086
-15346603
-98887434
9060504
-9684430
-37485330
-94678370
96937638
84702422
87377308
-79432241
54963506
46987179
-32653265
-29190083
-20281189
20833329
49689017
-20038625
52562431
40940544
93200921
-47332515
59391770
18297430
-70538884
42433944
-82524840
-45057297
-21076665
18306976
74902291
-53809752
84648137
79225202
78774949
47143392
18503100
25045611
36904897
-64091779
28138982
-86991102
78700402
-29565972
41797135
24397169
-53218241
48283276
-96132144
-73839942
-46312031
18178546
-43431313
-43835668
69157949
71626344
-97998552
-66463159
-76816531
94799424
54324172
-80518634
-11669338
-51423230
27823470
-65348776
-32222924
-82801576
14621900
-16577090
-63325206
64560481
-96103344
-94867090
-41345835
67186927
17939961
67259560
-12658578
30006549
9144770
45075635
-30980933
-76671788
57199712
-5044600
-56049881
67082177
21858638
52036659
-30667664
88194769
95688499
-96637903
90670887
-54394561
42631148
93962183
15799670
-40227293
96315851
-61898342
78525075
12971522
4948189
-79926658
88878057
54027525
7617645
-68509587
-76165025
-48073129
1662291
-50134647
8209968
-13227790
-99992975
59617521
-18929724
71951400
72348338
62296331
-841292
-48688550
-99830986
-70953017
-2432304
-9095106
95257522
23198210
-91133417
-3254578
-20942429
-47786373
49168925
179936
31852620
-8443451
6784493
81980328
-12168878
-27955970
28308094
-64277040
12087918
-30547421
-64888561
1750486
11688910
95260236
42549462
-35718018
80841492
14124944
70022841
-86872181
-88424032
64929346
-63382065
2908910
10382467
10775449
31521304
-16202153
79941074
5080959
-29468923
61660184
59090156
68652889
75049011
-70054971
82761282
54038290
28113929
-94169889
85118512
89690059
94751144
-56571594