63970119
37905394
1944344
72634303
-97246895
-32434229
-59545334
-99363255
11536378
-87633060
17082300
40257487
90550760
-80018303
64848737
-41435681
74728029
-84505392
52857892
-6299451
38182547
-23553777
-66161601
-75369290
31458700
17986261
19154814
39084473
54787849
13441759
75969880
-53843443
-69144476
-99552430
29798695
-85195006
-40088634
15215919
-47716206
76286478
-41844259
-5310157
-41878326
29098339
68394274
26971046
-27312041
-63090858
81319836
-40088761
49603576
-63196378
20738659
39950708
86125015
78916548
-7954752
32596260
-26850096
-59299044
-44510314
78385201
-44202861
69351000
66812409
-56278489
75728011
84875754
4017719
55595771
55361553
29763435
-75718168
-19834806
2929445
38337239
-13487762
45365564
7058157
4712831
-25411806
-65502527
91784482
-56505731
-20779065
94832170
-24316084
63314678
-30974340
-84652700
47050728
92608941
47164235
-55919582
-47181258
-90235611
15257235
-25161876
64970856
-2656128
2934682
-13588806
-50015102
-50119404
-56925299
-48926523
94235707
-76006104
17618194
30945130
89285663
28900260
11896333
-60846125
11598288
38034687
-17942754
-2255116
70316865
-7199818
-61894407
-83423150
-27297751
-55458323
81790922
76459549
-61970556
32807753
-35708739
90250366
-82608805
-35092187
67926146
62394078
-49966715
27856864
-75509093
26248182
-40489445
55284695
84510244
-41706434
21934626
10878443
-49958221
90202370
-76094323
57165325
-31866995
34782337
94923177
-61714211
-86216739
20613852
-55250895
65273161
-93564217
-51685494
-61930476
92266858
98899136
43796477
10472664
-12440850
56162908
-64439292
-46142151
34012266
83482562
58514687
-26557638
-58939096
-36918747
32725760
24683581
-47926638
-20245180
78622663
-24585926
-18644566
-79378214
90305426
-6950407
21262588
-84762328
-33915168
15956794
-39162599
12303113
-38704701
-68330642
78061766
-57908842
12664301
-70125094
-23064660
-94610013
94226437
34743973
50435780
73087124
16903703
70269255
-35587246
32023829
-4528846
-70524994
-9374812
-40209573
-92541415
-47109009
-89006062
11198166
-22331118
-24193444
76444205
7107514
631503
-55299487
-81975272
-63910339
34719872
78413496
-45048412
-1180888
-39317729
-48102888
54116399
51627928
88701676
-18946620
-92586473
72318563
1745978
-44627556
-39568363
-55722478
-62486429
47314767
56613690
84945102
-9844831
74621735
-20619994
-84438157
-67875134
-2679774
44583092
22379869
1381671
-48797241
-99274401
9857402
19115376
94739297
-30167994
95073459
32720840
67636439
19939852
54235184
70145848
95464466
-21112084
49146414
21489948
-94511277
-72654655
-50061531
30906786
-61525704
-20808633
-86816400
-73979721
-30698285
-32793487
-78593336
42480782
10065391
-7991877
62308594
-48925717
-91277743
53888930
-20306388
-55183952
-90504785
95077778
52403466
-62006617
36387279
-23878463
89436195
86451834
56756174
-65307700
-54468832
-10747011
-35261870
-66029122
83289301
-86745272
-93651755
-85640622
-4263228
23682840
-79876775
-14222462
44797582
60132905
40514482
-63843780
84227692
78857517
-11337315
21225838
27174825
-27790407
-29674493
-56988109
-48569578
2899826
11142212
24960557
-68614638
-11912256
-67657975
-46254712
81321616
75386552
-22895726
-49007039
15109166
54460886
28968676
-12184397
16034354
-23664297
-27307772
-24771026
71172139
-26992147
91720033
41003870
-51696283
79247387
-19293417
33576229
40978459
-38255788
6752887
-98215966
-49067525
-74978205
-42974672
-33856734
49046716
36362878
-44892877
-82409509
75047366
-37687364
-24166340
-48569865
-37031161
72415484
55366125
-92389712
34641612
85631717
-73082536
-66457359
-9577081
20966442
15150411
41703870
32785235
-70478115
-76847010
56936707
82986168
20194513
68508004
-38078931
-89991330
-22047416
42136185
98355482
-52313023
-95053441
68208917
43748639
-94260309
-67400667
-84781530
-81410455
-20580202
47648076
71715835
-79032540
-35653041
-48120699
90569110
92175625
32736447
45717588
-8989518
44399630
-7840951
-13271350
93664107
-94974203
22274332
39619307
16332781
32611131
66981865
88334105
-577412
62501251
-53712533
26166692
-91103912
70453089
90616928
64442422
-57242853
-7775642
-14278129
-22694415
-48244661
-42825471
-46018966
-95118325
92294949
39967221
75969548
95687192
-32523739
55540330
-20664065
-699668
87972570
-18980477
-33679595
88064013
30856366
-60610099
27895943
-93800233
41702415
78779226
50604033
-85306248
50465054
-5487557
97188317
-43062779
90058016
97274485
19547217
-53678728
87444274
-16093590
-32395977
18499204
31645673
45024346
-47036887
-89327286
321460
91852345
56938000
82300219
-58966067
62736584
29207154
-50603455
-14547893
-69793661
-10517199
49093807
731253
-49631016
55375828
-62879055
-79193096
37985713
-22731918
-48769176
50890054
-18958785
42089755
99569376
47800470
-11210959
45197650
-53607470
9941189
-59017820
56269817
56685683
-58179685
-90007808
27997930
-14885215
20373872
34697504
-90229515
23473380
12216989
-51919852
94919185
78214991
-72751738
85793985
-39297798
-51342907
32373690
-4396538
10729137
-11074741
-82437682
-90871220
-5577330
11248277
66560702
-80966932
-11286924
31378481
30779584
46164444
-18840105
-58626892
22552953
41934902
30947635
87506862
-55730
71721984
2062330
14080576
-31069658
59089207
28635312
-51422608
-33315274
-93859066
52807631
4932151
-43334045
-26786129
40593150
79966350
68869762
25551339
88908478
41614854
-62916136
-79990204
63916869
-34230248
-37972156
-87404853
24445406
81920593
-52853863
96333710
-31464171
53071661
61617877
16525406
-93414732
57944050
1473888
37058721
-47468491
35541975
30194610
47927261
-85034314
38300002
93432679
19944887
-6422647
84064669
-95020661
-61849211
58490910
-66235964
18184222
-76277504
92073754
-59159743
-69048006
65688424
85779268
-91154540
-50210879
59382671
41136114
65685784
69694944
75638428
93597107
-21612427
-49405115
92930686
4179122
18988424
28527679
-2858890
99636668
-33545148
85945223
-54402983
66535
-81348140
-3878397
29919426
-87458411
7692390
26328215
-72296961
-28736454
12984582
848531
-8031154
51061614
75052561
46086650
-60341961
62467606
33703264
84221572
-66067983
-92878347
-5270224
76352962
59459854
94220079
-45654948
36121133
95026484
-78692031
87642392
38188799
-19909804
-28934852
-26823841
-36977633
17882387
89518867
2143182
77134271
-21974590
-2932820
71739164
53712822
-20345225
-32970090
97572450
49124034
33198676
-86809545
-83954231
37683306
-37666430
37860783
20639995
-43802872
12310091
-99670388
-57237907
87634025
-31475742
46582409
53556767
-73997544
1230339
71417787
44269136
-85087515
68730553
-90590124
-63043359
11593127
97969251
45117715
33006
94486609
-89244194
-75797157
-35818656
-8219636
-66432590
-67094050
-15920698
5383538
72661327
-60352790
92363844
-41555980
-72281119
-94376063
29874592
63675249
-84126624
-30465117
79444916
65046498
86237155
9329097
-47203749
-2960146
-76709082
-86364020
28344037
88856488
-92053651
-66646753
60183233
-91299992
-81243344
74987201
45951581
-3641170
84679177
-38798661
75575426
91129927
-86006250
-12261021
40666797
-66682884
94176475
-71626737
94491044
-88467481
86309777
87047373
-64338085
43251981
89285003
24309173
-49530115
-95259279
74640068
-72530787
-99729008
-99013067
77021921
5461137
86411770
77125647
-24741885
74491391
16141674
-85833705
-21162544
-24275693
58777911
-25361015
69637665
-25011493
-26100980
-51785987
31774066
-73264261
-97308607
-57149216
76628918
-47144694
-58658831
23548820
78482837
16697726
96976953
16326075
-49835553
25383166
-28439615
50037977
-28898975
99814298
29898675
-88119556
-88693510
-61450478
-18392237
-97798022
74117492
48196653
33999941
-62408396
-18267593
11708543
-87598737
8233893
-35997201
65702585
90269662
77047337
-39923506
44230705
-84340784
-12402246
-37952835
-68305731
-16706337
32318712
87406661
17736471
-15560316
48782766
-84863921
16216371
93125892
12472508
32288516
32495442
-29131038
69504976
8185048
-12870091
54995986
-41965120
74222244
46528111
-76833858
-91845546
25542146
-85902950
91848577
-81880214
60846761
15262015
-5788128
30904541
-99802372
95505944
-31356335
60235850
57133657
91504118
16911286
92877688
44058544
-59696814
25350943
9813794
-63594331
99389905
67979236
-6263703
56153488
-1322786
-51153167
-78592712
84089871
-75519375
-18851029
-10623024
-21850065
-60819970
56972791
19415946
45355542
-58637963
76514504
20543139
17509518
69649474
45692641
82763543
64967188
33957577
37696040
-75395866
4251753
755082
-86435290
84664061
4246228
28547801
28913167
49363427
-5359291
-36327847
31501592
80691418
28226457
70039254
97360327
3426443
61820402
-91007461
91872608
86900962
-47679119
66478825
-15500148
-35495529
-1012333
-70813882
40685072
-84982686
11283568
-88106874
-31445324
82560270
-13756978
99176707
21674938
-46341380
-42506086
-74292214
68768072
-66523443
-51369727
-48117283
96389429
20060365
19312266
75238162
34554386
76274990
-37671115
-66223862
-29185284
85046215
-97546803
-68873022
-26300753
25753178
-38224114
69240145
47672006
74829376
-71168735
77758988
16694399
-70666383
47975119
-97747269
-46331000
89280099
16717870
51564649
-21173610
61753369
-36280829
8221284
-98161609
-31285812
91949
8012201
-67507932
-47525672
92251730
1361306
25598809
67893960
-1500083
52330028
30567677
44577037
58363842
50366
96001743
23038912
8663066
-81888360
-28935724
93162377
30563025
36855586
13331797
41494257
34245095
68028637
38850085
-92630355
-5775428
-21579329
42233035
83402284
23761857
60749433
20838303
68012438
15959956
-46103369
-50193885
-62000820
-63320373
-52916557
-38623160
13554248
-20517233
-66637970
-23576078
50816690
-71189638
-42428477
3278015
-73479231
74411876
17969606
75829636
-60777638
-92625453
73210124
-54183800
-12369085
-9094259
55001385
37445653
-61078617
-47977905
-93250224
87844121
-51321745
36112617
-4736724
74069022
56267259
-73472445
70306255
67919463
-45562428
-78138400
3716047
-57677411
-60728298
94620002
57093140
93624299
64178410
1691461
-89305891
1929815
-19415442
3017058
-51797683
-47233082
-65469197
74657480
53581889
80657412
89597496
83904731
-90486051
99909915
31630627
87128218
97822385
-4852167
-77296990
84618581
3535748
-67396009
83830854
-72421266
67180304
32461907
-49442805
-74120182
2151773
84115637
30077399
58478451
65631423
-25101675
-80013571
-92353058
-47293445
82327134
96034617
-89926712
-39609752
85933180
-89505677
45411058
89551376
74604834
56862700
61099313
-10290646
-68338053
-65982072
62624171
-26002676
83515319
-49464889
-5790637
-8463200
86341512
60760521
77529345
94418453
-28024107
97275892
68495764
99007793
-37536011
-95304013
32618772
79277352
50264667
-22452652
-86577112
91353051
70457121
80153262
-73697382
-56205495
-13662101
29645633
90309687
81588316
-34790936
15454830
49814162
2951428
32148294
37769712
-13974581
84895475
28914872
93853912
46418626
75736899
-95529475
-94286661
-63236679
24723735
77292246
99542016
41716808
9206236
88861542
-97142104
86506072
-26392228
-28636812
-45509712
-35401550
-13232383
-99458605
43674819
-87912592
97097952
40344750
-12531956
60000825
21240367
-49919813
47590365
-32601004
-73917414
-55246383
99836002
3899268
-59641355
-76885744
45489710
1398995
-68797096
-12976563
-43811565
-62966279
-54919849
-66057477
-43972056
2141829
76466767
3937658
-64822662
-92701002
-80128241
45302444
41595137
97724317
-48882248
57652053
-319977
48815817
89290450
5413339
59560102
57640779
-34688999
-94155577
45422942
-7428618
-3261786
24317906
-75145166
-1872492
16003446
-21967046
-94820419
-35972159
17832279
-19103598
40379473
-75827128
72705214
55852987
92095575
19294122
88440912
-56391237
43809992
-93397483
1532625
35873055
-85225277
17513108
-47125576
33961267
72866608
-82763704
44845486
87047816
81388152
66502129
24243411
-6467126
-67546376
-85767225
25183502
99292113
67537157
83211217
39359018
-96609382
-30545351
-97382783
-30731035
-50703119
-48762301
-26620774
37395204
37056913
-99325736
-4553373
66776939
43741857
-48930120
40387868
28998570
-79451
14789255
43511733
27451891
-46032353
66070069
3566732
44793731
74400291
-32761267
-29896294
-64681870
-98051182
42044398
-80874041
17656157
-91198036
20752098
-31821395
54343564
-78144222
10593090
70557326
-37270764
-92362585
-41559682
6681753
-32822406
-38948802
2034003
-65003702
40535216
-94313177
61257126
1213183
22710056
52483169
25856908
1732343
938708
88452388
-70434208
-10094990
-33652456
-63055675
-66605758
17976330
-76304351
-84266349
-66709111
37001722
-49138398
90117306
62723747
18899653
-62289886
85915486
86157515
-72776477
73424957
-86353158
84035303
-17959311
-45036599
11369609
63080405
-30542799
49675973
82614559
-63215002
93340322
57319792
-4789914
-18328603
-67059017
75111570
-18663707
72391277
-37698252
-95884571
23477793
54674950
19571180
52647952
6913003
-14760516
-67800752
47842521
83489653
-65811932
-44526483
14994629
-70905621
7208071
-12604897
97972509
-13231807
-28535708
21919379
98374054
47371654
28831230
-90645876
87494471
49840872
68673368
4639375
-56189485
69726189
-57322937
73243905
65292018
60801206
-12188772
45174432
75253215
85629448
-27658580
-4714083
-66846690
-41860687
-18232207
88253860
85195891
88278945
-5104383
-56135580
-48181807
43273889
17407315
13739968
-81453942
-82139989
73467654
-55735900
91673750
-44476063
5043339
-54437833
-13940812
31660956
-44951067
-77354845
-18082162
81547182
3331989
-39091607
16089903
40022149
3862435
69059783
-18554033
-85030085
61161532
17748037
98775004
-66201952
-65615070
-33128586
21942743
65888694
-32376293
82938967
-80380173
39816868
-21235146
-21691794
-80517938
-74368454
37108208
-57978801
57989500
87674908
43170506
-3530057
-45991016
-56170121
-45023839
-5197758
-47676151
71217651
61815454
-32846269
6181321
9668547
81135871
41703953
-52287738
46366268
-40437918
-16205680
46162167
-2915522
-4525235
-50489826
-44844870
-72429139
15275006
-30158003
-24228636
-38823361
83111712
90692147
-3537727
-45817259
-98530588
-52434131
-85792243
24121100
28111349
50973897
-26928805
98280002
28377818
-33091825
-78761445
65879864
-20271716
-98550971
-54573044
31882856
55957155
-1289789
-96988532
77331417
-59999342
81400629
-5260102
-53413322
59564674
72877091
-33751220
68612914
-24485099
-37365657
17774237
4281695
77519751
29602726
-83277592
4479190
13431600
-37732811
-37591494
40566504
83750414
-2882793
-18319112
-38047365
-20371282
74947043
81188581
-1053100
-6247878
-50737451
85811709
8861053
-84499769
-67011312
-30856596
77744606
-39222777
-81206714
18649645
99158063
-54100009
-48311684
-65236802
-54267373
31917674
-99529665
94102381
15125288
58559725
14251166
73557667
14145513
11581016
75005225
-10510398
98968329
-36211166
-16803531
56923198
33297
5268247
67578954
8981626
65580549
-73551387
-66740172
-46654590
13711037
34804221
-64299945
43109209
-74328151
-59752685
-31218806
11191358
11704720
-57019425
92968372
71965401
17078052
66883054
-24521938
63161536
13135651
47005571
-94091552
42814941
-83247753
-46859207
78182831
61424043
73808888
11883700
-57003051
11998332
62091575
35432448
-29506232
-72399807
-59792720
2132107
-89083434
59538806
-46552020
64166623
35683902
-25376320
-13702969
-76394345
28275650
97559307
48908051
-96040393
-58882767
92577875
-59506653
-95006016
-53291070
-18450941
79582578
54570336
-23963886
-43202795
39877049
52462261
-5563718
-39085915
78258432
-94687000
-83560599
-6675295
-71396196
-13144924
-57810736
-30541721
89979345
84468261
-70306117
53920733
-57887580
-49499105
10600160
-45620600
-62365009
78503131
5103776
94056334
28288129
-40361710
-8891929
54006421
-5166636
-96478946
-90833552
-74720357
43967395
71960560
-19987037
-17780536
-21800525
-90569763
-13768726
23699833
16002224
-37997514
-40744238
-82201637
2830804
47522760
-42250356
-3007552
-85368521
99246863
-64553520
7221376
69920025
-95274478
-74179398
-13785232
-35763168
-14606921
-81231959
-26796871
-21193767
16319838
64729696
-3051870
13714220
-50227183
-21239418
-70753220
-87584520
-26468942
-80928074
-42276455
79445386
29011981
-55646287
-67397587
-32826201
50046695
-17477543
8850985
-54684067
40308339
50275987
37458506
49972182
-27856007
34043824
29488503
78508966
-87820151
78547915
47202534
-85148434
68509175
38779963
-50249533
-3183663
61249319
-68034695
26839609
-58405700
75555944
31379100
-35712071
-26114213
-28614532
27183162
-71586280
59266572
-68617821
-72674130
45236310
-37745909
63730779
20794123
8189352
-17303509
-68923455
45716387
-75776964
-58750590
34894174
-28287353
-63782628
-79422897
35189157
26158402
20740847
42722657
62880788
-72990219
-49779865
-6894786
-61487331
37517355
1275614
-64129787
79700271
36779815
-98266132
12369313
49236289
78474766
15709605
-92538851
-73358631
11771131
53782151
-47130064
-67455365
-12239175
75017898
81005783
-31963565
20882693
64542585
36317501
16397745
-9445614
-20717372
-57329270
16268261
21527644
-29136316
-80339477
-3996733
-29031162
24062994
13464420
63592014
4290689
-21783531
58546607
-81237470
-86332075
66133177
-88015911
-84934851
22077268
-67382007
-96439120
26667464
-69756389
-46893654
-93127086
-98335707
-83012726
-70742385
-20002425
-13215882
24435692
-93725592
-24968429
6085323
59525165
-59778527
58222406
482299
-98492711
78434627
862597
-25160216
-93496505
85406865
17371596
33236953
15509344
-24574304
14072734
-47076910
-83760022
-55349109
38715017
52420673
33365518
26644712
32018064
48976520
-86347252
-74190662
-90009139
-19059947
92872931
50654877
89571345
-23383548
-11963752
22242306
43007482
-75411310
31692437
-9373290
-64364971
-29593655
-70955065
71727820
43439474
-39291457
-10797981
38875504
-95210972
83179173
-98034381
67846164
20846176
24085575
83713194
-46480133
52009632
84399025
76769381
62068174
32582168
-7944655
-42405337
60576588
-27280065
24755914
92962433
28495875
-6293999
4192961
-38494152
-46641420
-59934806
97143817
10954887
86388548
-66221124
-38864606
-53963250
-68410318
12439919
73366325
-39796794
65705532
69931730
-57239876
-11103902
80033941
-32746431
-75357802
-76495933
-75669015
-60144357
34237617
-77373038
82321680
52962344
-45235220
32561557
7188039
-87974197
-7420422
45315545
60826169
1144514
79154298
-20593182
87766006
65005546
28132013
87281472
37775507
-9370769
-8396530
-49438199
42752843
84578948
-60055010
3915869
-46642268
54056721
-18152842
-73359761
-85593162
97178037
-30873687
20594494
48397937
2022746
38341289
46831170
-40781077
52923634
33736952
-15906411
-93605102
-43456951
-34893390
83858750
6087226
42168016
-43039361
-83988768
17870092
42875601
-93645157
-52623719
88206171
-58594939
-56156905
32150292
28935322
12217100
-38758351
-64349192
77148880
-51505940
-37621499
-16211271
24025254
-43617684
-1038900
-40403256
-87875126
830544
-96205591
26885943
-91108056
-15772070
93732672
-11257512
91766876
57912179
27350100
95063972
-60298076
51052756
75301160
8779871
87088578
-61814621
19076222
-52249273
90810050
-7316497
-59679161
-71537611
34889669
-55267347
-67161136
-77091755
70646630
-62658824
-91654040
-42483120
5175163
-47759506
65815181
-39258160
60784394
-1489772
-67855287
-45762014
40182994
68993765
-19442569
-79720777
66471228
-57652240
-42718876
-90154753
-73459073
73903020
67969227
25733660
-83572538
-59061016
-66057924
11186976
45360959
-35591221
-95868116
-6801664
-23992231
-94167116
50330057
19950540
-60803075
75518321
18399961
-70819668
58415254
-82766885
-62903614
88412840
-88558023
-24059283
-76291904
-62586214
-18033613
14087812
-50667233
-35673830
39501196
-11010858
-14689290
-77210663
84319221
-8431800
80777113
-67477406
56129163
-23923834
-22288534
77695803
2728474
-44185400
71065980
92148790
45745666
-62806053
-81627087
6092331
-62404744
58421190
-25118590
38337667
-91175201
-15281697
37719065
54989174
8923323
31566357
88663413
55757843
16832469
-42130842
85866405
7560954
13028484
-22985996
-85997558
7114938
-12428745
-56988907
16639552
-62724336
-22855162
-70667957
74209678
-29949416
-65892717
-3402083
-93181973
-18087079
25406361
20004947
53885475
74913805
-99922748
72267286
-5447136
-14766633
91571214
59328389
-69191611
-32299828
50644075
38953340
-83303230
42454264
87884902
-31879362
-9106970
42486257
34733674
49970768
38835404
72931145
47693263
-48347128
-39252306
-70522902
-30892872
-71833395
72817629
92545319
-89634703
44186705
85457480
-71676242
50625114
-4389751
-82091229
96624580
-44565586
-88736751
-25970590
-408652
-26303247
49730487
22102635
52559957
1316976
48135154
47809732
29109313
6778119
28965341
56518008
-40984895
61085391
34074890
-82935519
18618629
67338660
-41333711
36166595
-49391218
-96856212
96482970
27184529
17145830
-72579758
-87048308
-18546148
94105906
-74363617
-48313694
-2171131
-54242257
-51610904
-39671922
-69434383
84988762
11436169
12474180
-91657588
-92643633
13496917
85675282
89591255
-90434747
55567314
28913517
99611168
-96642018
50136921
-88372197
99061392
41192965
25768009
73454055
70093508
-98391990
-40789727
36592056
20668031
-3609011
-78103719
64879080
-39017810
39566058
-37827677
-7759827
-41549632
-63543144
25513889
-98207850
-46879646
88228848
-17091670
-81417394
61292948
-99062957
80452987
-60603205
36201662
-3046895
12840025
-29619362
35495183
90268039
-7446979
60291233
-40711425
-41087223
5064740
91630626
15064028
69798588
-83241295
-14872865
-33689705
60118161
-27488721
19073032
-83739970
-14094252
58942709
-6619165
2648694
-23195085
97605464
-70351668
-67969466
31827950
23453815
52451081
-19469602
-84832495
-17915149
-78827918
-36153900
54704241
-48902365
-80973036
11780166
22550078
-61008772
89454544
-51249565
-783045
-64236971
-94708243
-63138560
67781772
-36269421
42776094
38083237
-75844973
-93707272
-60686449
49324281
33883112
11315688
-4237903
87519933
44338775
93347768
-14558069
92151614
-47660263
-72033338
-95628800
54705290
-35156975
59260942
23784980
90541671
33478678
97844775
22969910
91683564
-82016388
28587899
97901322
-39736920
20725164
-65296696
-91384109
84351690
-98830757
46438489
83492969
50219193
-9951417
81790700
14453669
2391531
55607149
78968391
69306514
82333798
-43541070
76217718
-4533326
-40678476
61947793
-24810808
9289966
27178295
48255846
94259474
-57490092
-96016642
-65325371
94900938
36043768
64278692
41314968
-69515422
-33370627
-11161219
37679489
-77372071
44892912
-27024425
-3536033
44579100
-74538836
85674408
-83228329
-77437347
73422518
-30812040
2891748
25383529
-99171682
92898955
-78717351
-20765561
-27605216
32367322
-94672326
21057072
-50022237
63864658
84104686
-75503516
-62842994
-55631585
-71646954
58841598
-54970850
51588056
-4310190
-64928252
-58514101
18800206
64076326
-18609166
46839846
74152899
-9418705
46532172
86770803
-55303306
67513151
48194700
1704302
-20645465
-31468395
-88029049
-4684053
50502949
-6260571
-85903281
-43637043
-60340522
83403613
-75723541
-46005258
-15930690
-40253383
-50949044
-12908789
75895702
90816436
-75449914
-46611188
-95256258
89168085
43277167
21036685
-23551892
64329095
29283635
-47921624
29262684
25992114
-91142127
-68041463
85437393
-96857464
-60259103
-59166030
-13140447
32160309
79708977
-87432045
82951602
18082703
-63966010
-63382105
52868298
-49740665
22789843
-58648918
-76240932
98969514
59585624
55798348
21395679
2669077
-58386549
12639954
-31007760
5408691
-96449289
-26558753
23086317
-37728950
45926299
14056267
36596357
41753047
45298112
-331982
1791308
-55368811
88213576
92345383
-19993122
95965161
74129132
-63874991
37005664
8963169
96637591
-3495693
-6554901
76879599
-11620102
96258761
69160702
-41790629
12841043
-58203943
15038602
4237681
-12737033
-28414724
61156216
30465244
88030097
-8174863
56572655
-83501666
1219781
64229687
31527193
38159872
-40624699
62324317
-63041355
-91922546
-61958088
-16399338
13224709
-1058046
61992629
-10142670
35439005
93444743
-673611
-99710371
22174058
-50835096
65510453
-39671090
-86971677
68567037
40992318
90519573
20257766
59899445
51803542
-3593938
-50171275
-60451326
95771867
2123269
-87824990
91393763
-40511181
-87670521
64203876
-87384026
67030304
-5017981
-18381192
23476833
76941208
-73297602
-85346941
77137292
-12423024
44150380
70953993
-20514935
-27289706
96976130
-16365481
81304907
-78990319
37986952
-62882377
-28322001
-10862860
-54303059
-9765591
-99325044
65841688
40107665
44163733
65452265
-36223661
99265269
53561935
24448578
60552776
-55890108
7683563
-74500264
-67310211
31883168
56065583
-57122052
57724866
-65392315
5588131
-29455460
78851664
45140355
-46698692
35663908
-15427860
5026979
-13804156
-65108608
6426229
10206311
11570825
75365644
-17319322
-81000155
67610290
-39644049
-15510250
82430423
-24481098
-50532886
58290787
22867878
-58026831
31139808
-4324561
-25810132
17979510
-86506953
-89889118
-1882612
-33781088
92590539
62325643
65341617
-63725787
-8251346
-80970294
90303897
-80490280
13215729
16165429
-43201971
28940292
-73253693
-32908330
34117672
-62510554
48958901
25092874
-63458340
22906650
13409458
-9445241
35778182
97531242
26684054
-66318898
99979187
71709680
19450666
-81274785
45526595
2828522
-20110720
44151168
-56341156
36739878
-13583551
16179183
46856080
94526819
33098525
70826801
54095080
-33548150
-10263839
-26748847
-74360439
-8305374
60384231
57720584
61147875
59972096
1925614
97808174
-56667048
-35179727
96668532
96002436
-3087524
43773845
-44595771
-23337967
-27931955
-92645214
91342233
51740698
53829920
-99365022
-97920498
5998772
-89247680
-67478434
62908648
44327283
47191475
49013997
30926360
6646369
15236038
-59474393
-61737828
36273764
33957633
5431860
-82263468
74693930
-13325496
29479465
-36974351
-20839157
49479858
80079557
-52612278
-44517532
-34675668
69575285
-18536086
10261679
41715552
-95083434
48710965
3500196
-42388890
30834620
-32482783
-90230746
-17754399
-7561434
58473232
3613928
50442916
-54835911
-34442255
-2333805
-61880081
64151360
32738397
-64643657
1349629
91708622
45040931
-32765981
7097821
-13957929
3459290
14917619
-18122206
32687985
-11964804
-14879688
-3935065
-79985227
28638719
-79835149
-65551591
-71789741
-3065216
49427893
45271078
-88216517
32345175
-38679366
-91564837
88175290
40647886
-40770102
-56486202
35333628
-3244782
-40318453
-8114546
-79620301
11571575
-21727005
84227455
-22833046
38904473
96646750
-96510860
-43680865
7385251
-7894714
-2151034
48022998
-85423766
-19543726
10186867
25862092
27328131
25871847
-16470635
-81568919
31316678
-26855026
-64104494
-5571448
-45992753
57523885
46805164
12218404
-4755861
41279655
-68280365
53204242
48743942
31624635
-71530151
38266210
-986378
-34120860
-53766718
23848617
-47698231
88479076
40346845
-778957
-54955492
-92726064
51105414
-59960986
25770635
54855900
97299931
56252698
-69090564
-15095590
-64626993
-36990263
-6204529
-44731094
19590265
10274413
23413330
49232549
-19018474
-66221581
74851613
12092027
-64222669
-88507037
34327262
-61989103
16650057
-49127777
64270740
-25453270
35486712
6805437
-49969182
-27397391
-62568269
89457358
-65077468
-47488894
-64584058
93522099
43748230
-20136166
32768619
-14305510
88571515
72691734
67138092
14850471
-24311156
28345197
40774117
70212050
57694343
-25764929
46626791
-4515079
44277591
-37816530
-38548895
50641499
-95034954
2312801
-43334257
-99920969
37126715
-34685523
-10266405
73336943
66324495
-25676483
-40121845
68035339
-65039649
-72777337
70755066
50681403
22865017
-81997271
27998391
48522928
-5016763
26589400
-83810769
2489368
57933313
28961430
-95021134
-74179747
-83010334
-5134110
-15769368
-25800962
-85084283
42151908
78835326
-40721890
-75752141
-75611214
44773215
-64791269
37360109
-7236827
-23960330
-74525959
-75528007
42960020
68373224
-26110351
73768707
-47492161
-61829624
-37212357
99898476
22843564
40610265
-43056252
38611251
62362782
38602915
43185526
91494073
-25726339
-28380554
49151723
-99800194
93705315
32013996
45358858
973976
65299977
49768989
30207560
52328731
-20411775
-64157226
55830740
31968031
-4399974
4060707
3454669
-23068332
72268493
48509608
-1096351
21011386
30090585
-72327522
72121855
-64732056
5918886
-40510125
90352660
-11029303
23432369
96766440
10627345
17685028
17860847
46726000
66913752
2198498
41859307
7043040
40981694
11546356
28972858
6544859
15357012
52349875
52970498
-75315849
56504265
15918563
83727062
-70948491
88200795
-2142246
-76731676
68795596
-22454567
71506103
-49185456
4581314
70748333
-33435203
-57727708
77997290
17907186
81594520
-69802243
-45242208
12556828
40275363
-24683050
-846183
46096159
83010195
-60046011
-14580112
-33660650
-91688835
-38100083
-473695
-68939661
8951342
78979470
21237184
71296192
-86550436
-87792063
-92396713
-63323424
3611541
-1224664
-66691538
-48338433
47072910
49531094
76052889
-17757211
-22460040
-306959
-14319251
83436165
52118600
-99659786
86513660
-91578925
65471821
-98195777
86399794
41763712
-41196429
77531891
-79962392
97182418
-32800843
-19639217
-90111148
-36351226
17475091
-14370149
50606341
50716850
-81709281
30492944
-16295829
-10643887
31624988
-63266163
-17851601
-65445382
-61373983
62492009
-90332943
-56413118
-38083559
20853142
16152518
-45997016
81169760
-6881016
-34235393
-47868667
-47341606
50978759
-15969315
40597810
-27216094
-84791119
-58876213
-18795798
30779181
-12802468
-85045950
-67474295
89401520
-48677028
79974129
50795558
58806107
72748194
98215099
5371482
47949744
-56264243
48909469
75789389
73372064
66598449
-82948787
-93985892
50832478
70364036
-86756961
-57154895
26898212
54627038
-17035227
56786930
13557229
-30490015
82997739
-55530546
-12032711
16417801
63988596
-82898375
-60711353
63330826
70034022
78836927
33352894
11048000
-12729517
-1150320
-92055283
8226875
1431568
65597680
68905132
38148813
66229606
23160038
-56618075
37512896
18395252
-51163479
4633206
-9125506
-76049532
84401637
40172692
-94948950
66833124
31146854
-39440482
6922789
21639371
-29491230
-5764325
54829308
60801930
-89107066
-45967614
-99623784
32153293
-47042754
-58668396
-48772876
62558395
-73836439
71466536
49607951
81093323
-94053269
1979784
1215074
-65912833
-13034308
3396253
47703811
-5216140
28756770
27047639
-39488090
79703760
90014438
75976355
74929676
-59625232
-52043170
61497566
-97863242
43937972
5115433
11655783
89283530
16071304
33266983
66309188
-19580584
-32378609
-76706282
92414202
-70785794
-71969345
80898664
45704741
83223803
60872505
92473746
-76900288
3138954
7425020
-55082413
-16529613
87128807
-13784463
-11093835
-11669114
-91429585
-1527691
-54615272
75401333
-6007744
7568874
-80889507
-27084494
37801663
30616000
48409627
-63869426
42831864
57612272
32573779
70830419
25789389
-29551315
31842663
-22150048
99340557
74393949
-14644476
-91857295
-73520364
-74217838
64946998
-36262552
-42585744
92378190
66481104
97426697
24149866
12014137
-8949766
-88276697
-27236922
-23663589
-3914925
3860053
15869156
-54295269
6248902
46498518
-23173341
-19076046
-35918562
-71709917
-60503960
-42276893
15235199
47461670
-25973149
38838880
10647481
-73856283
44708166
-29191421
-48309763
9146500
-36785420
-13145054
82010778
-13136378
-21307048
-71659415
-27098379
-81874228
-30724406
45582963
-38145011
47228644
65740228
62109807
-68036828
90961073
-95590474
53203103
9203994
-36775510
80006270
-64898393
37545420
57782118
22139701
-97790839
65851000
-9830517
-68894544
89886323
55949895
-82564688
42296362
17430385
-95237685
-23799914
-80969746
-12832382
28290340
-64094860
-62636711
72584333
27545724
8043063
5669005
51744445
-13537951
-39416283
77004267
-22654065
33050808
90019186
26309855
65710217
-62402731
-46106368
5812391
85303965
4398831
48292658
42939491
-22986506
-64878538
72154920
96154908
-58167623
52241658
19028370
41428770
-29812736
-62801061
22988842
-58417905
62966775
-81715368
51641597
-63896377
52599263
56073009
-49960968
-55088248
79046068
91169886
-77427577
-20871654
60744933
-6658229
-44566475
68716273
-74764879
80139295
54296054
-53676690
84125000
7189999
49278099
15322743
-52255923
85133018
18411713
62860369
29224662
-1713337
-15966432
-58624315
78227280
-52298289
71563809
-33189761
-33881803
6167577
58866882
400772
-7333886
-71239652
-25323399
6076225
-12321526
80054553
91448178
40102339
-7020114
68006895
12183577
-44667213
18805346
7098681
-29358622
-69990905
12833535
-14241454
-45903368
52013719
-28500726
-2930331
-69497394
-25143403
-30371282
-63865978
99889583
-70374262
3640945
-88292776
30136842
92816328
23420974
-47170427
80093380
20479044
-87891433
39095158
92460691
67077344
-77841080
88064886
14243851
63889962
-51723995
-90124785
-56355740
24701830
-23602459
64026697
-84965045
97346954
-75491290
-39748856
16304479
55708411
-70763121
-80094610
-63848491
-22406353
86106429
94884228
12628909
16381105
-54358324
97606013
25467717
60481663
-3192919
90707380
99314360
71094754
57047914
44122469
87012633
-51120789
-35729565
49059661
-17850742
50813124
16217396
7830758
-71957925
-38661149
74293877
25347129
-63306049
-46702292
25335409
-15619550
908810
-50837529
78106555
-6596755
62922564
-40597215
-15971932
-63887206
-97817166
-42881295
-21459829
63201710
82146441
-17911430
23052666
12280589
69895192
83538439
79301800
-53978816
97113693
58530115
2643887
-57417252
13938733
7853931
-73956992
-68704494
65370630
39635960
-16015010
67996229
9632744
-68548787
59743087
-29403254
-73582205
31131417
-65796685
-88158584
42180835
-90413809
2236224
58013242
65531237
21903413
90956152
-41861707
-21700649
71524906
-81270895
10294595
91990937
-55561270
-93889559
-81282980
-13529357
72968680
-53771331
77892562
52523129
-4095769
24951677
-54052418
-57515818
89756626
33465160
-63133955
2533453
87748448
65317324
-98107437
-992994
-35269007
17471274
-50726435
-65425012
-46401976
45925528
94030207
-92798384
-50589978
16882734
-45131342
-68294383
80628833
-74485246
54334291
65070514
-23948743
-79409508
-5650043
-48950930
86390882
-12469632
89144069
32218479
-49578194
-32064818
-49544760
3648019
-76758218
92581198
96643486
-95835177
-53133569
94169861
-57875208
-86317379
28866515
93644980
80089812
-64068190
23263913
-98857548
80283362
67290230
41467500
35936361
-10506212
-80904668
-48738362
9729498
49114577
6438939
-51755102
-59934952
85528432
49026970
87786692
98206205
-82567369
77482866
84762461
21538339
61791500
86453424
38742850
77103736
42684015
89243328
30449258
-91252832
70259156
38933761
-87318843
-5004768
16380733
14683957
-57364016
68481927
68671831
-14220512
-57484851
-94976772
-30659918
-48678346
-38610693
-5690664
-61191023
71412579
-20300774
-4188573
84924441
66692888
-49211809
-71650208
82423330
88635740
59730516
95217204
-21014213
-1255821
15718325
-14443314
-87924514
40177469
77610326
64825919
-23010140
-89186894
-96952308
91782612
69990955
60254513
87641511
-72255190
-57210049
-65517562
-38732692
58854968
-35291750
-72559769
63464819
-16039721
-93931550
-9855857
82846322
31639871
-75227487
60490007
37549642
-35211854
24421343
-38171534
-73892811
-97991411
-77996577
36189806
-79773164
-30371074
-77092422
-33303961
21587760
11975350
-14540121
-23683443
80784167
63928096
-19953433
-38148885
-41272144
96732514
-96534750
29115376
27271411
-38481722
81495809
-5807291
-94824053
-38378112
-18162551
47332667
-52879593
-54901515
-59895507
-34270056
89313599
-72700983
-94079209
82377860
-44785899
3948913
-98731785
95356932
55986841
75430952
-47859182
70345419
20907250
-95150792
-87925865
87710002
23902214
72341417
-6260877
16678275
-68418786
58865578
94898890
61092162
44190816
61835540
54207341
17267502
30519003
-99488668
89940583
-12751244
-70834650
74108637
15825543
-20748331
44170872
96473857
21952810
4407933
79820192
-54842088
30570155
-12506648
-55989787
75423138
60413270
33978213
-50219616
-95909539
44838697
90696062
82858188
54989429
1813204
34320646
-78047400
60282972
36475795
50982407
91350314
4172783
36684419
27151612
-64084972
3056232
-83939959
88714557
-67882526
-68718538
-41135783
-39636742
10304413
56296956
-86651794
34942671
24895319
2118178
27046955
-67588267
6141818
-18021590
46212108
-63986163
-25634769
40341727
73385519
68521015
63517143
45906447
-57867738
-26597188
74494453
-9336711
96295812
-74355923
70780929
-24010081
24970320
-28452069
-11499541
-20722668
63793086
-97155068
-5859484
-85340908
49322505
-35577987
60999844
-62523042
-55423872
56737789
-67068027
4451818
-78266143
31743242
-88678625
59366175
23884213
-73531329
-3776613
49648088
40349237
14591658
-83238396
-95580657
26121019
8835444
36184900
-5518468
81370636
-6718893
-89364951
-32814501
31183325
1823001
81860411
99901625
52390933
32680343
31391469
73876380
15194579
-61802090
81893295
33778029
36389350
-66622061
3665834
29182072
83164578
60789643
89654151
56550657
-66100597
21045981
5299393
-42263995
-43872113
-65985333
59904003
-50329975
45220237
-62996151
44203626
-79172189
-20729334
70215728
65368465
-45018718
43657198
52459377
65295433
-97512861
-20961203
-8698598
82775895
16393007
-52908436
-19794643
-16057940
-9261762
76545736
70520209
6643984
63222013
54984615
-56086322
68891538
-25704275
2658804
-63328518
-68936020
11138704
96862366
-27387846
-17039650
82252810
57003938
-89730274
69005271
-78443162
89001229
-35012235
50433064
45726724
-48421641
13417564
17786842
-66827465
-29525919
-56057945
-71790328
-12165445
80664790
19879725
33437301
-98943057
-26649396
64985358
97114719
6702106
-82872212
80404325
-71371195
39268268
-17897740
-6587429
16133576
99421316
84204503
-6889743
-93398301
82918407
65634266
-63231705
-41898095
-68020825
-64170870
31384978
-47191063
4695216
-22639733
-44157121
14236268
8637616
70495250
49059913
-49726185
49805144
77705323
-79235337
-52571099
6731447
36712937
-14581796
-1204453
29721399
-85085580
33331813
1304619
-16751357
75674979
96484246
-61498609
84301026
18422739
4268828
66721643
-74595398
83854700
-16385772
54520963
63259394
6298629
-97158389
59574753
89506156
-11938
22417912
-49702256
29497340
-72445813
62307798
99503165
77518523
-88098622
-5184981
93727741
-73320949
57623361
-54571001
58927785
-69762417
31895817
36100674
-17396320
-86842647
66967273
-51064824
-59871870
128080
57438020
58217591
69913849
-83145041
7702562
-74545728
-97252788
-27244710
-19194653
34389047
-6462955
-58479430
36397748
-49973890
-57781762
82867734
70767353
-7421407
-76466737
-2304915
59662022
-32485148
93032070
47508722
-69840387
45672685
-64367036
-57751675
-57669316
-34627024
-17178954
-9616043
78471707
-48986303
-19662575
-21526076
62616288
-19397867
73977504
41986816
78357169
5612014
-39542578
-90613999
19424763
-47042091
-20647873
-7972972
25532801
-5168335
-54397385
-64364018
69951418
-13959751
-91770116
56157687
59320783
27155525
30566849
-79584198
-64631043
-93161403
76687837
80790261
-69901856
69096995
31134100
-56301980
-30908444
27521388
76625099
-20023645
-83623457
87593847
39876919
14669203
-92127121
-22774595
12076126
-36749745
86555010
-53838173
79871841
12110473
-91644663
61272813
-11720058
-70835130
78647189
58096784
-93192789
-50473806
-10011949
-56676261
96864713
41932540
61191382
30278540
29291094
-43899698
-99830746
-88183956
-28337580
-16016846
54611286
-62094777
42767411
-88635950
18231510
36280690
56184500
-94350625
-75898532
86980788
80988430
9528018
-79828551
-41017620
895279
50088602
17132901
16156811
-15434561
96759507
37771116
16253741
-89301729
21701863
31902556
23159437
-32487604
-11642239
30987162
-42001638
41143039
-49767101
36095884
-39422251
-73890362
4795798
47337185
-49399414
40143051
27641000
-53062366
28258094
18114179
-42676065
11403807
3737650
-28754224
-32073050
-41583848
-53519128
817496
-43588023
-43643447
-13228720
-83718783
-51687288
-61130726
51469347
-34201620
10104051
-47546667
58627008
39396749
70672187
-566042
17305387
46989195
37682175
61758987
37437510
-76553579
-86955596
-27358580
-61895279
85332489
68073401
-57183984
8529347
-54179730
99230684
-87816378
-36797518
67185115
-44003170
-75040644
-49949244
79644317
-69232273
53093808
-41456701
-87081588
18485612
-51729274
-84577007
75729304
-78379057
81206863
-10270413
33904482
-98713816
5548062
-55592810
-34815001
-27502128
-81942711
-456874
-50373759
-88634253
36041529
-19023573
73998844
-72413317
7760567
-26804173
-66488102
-14708760
-93377030
43061169
53386924
59410909
-51570861
-3011885
56604353
-67442739
26106426
96868679
60933774
70586035
36314855
11815305
-81467907
71041020
92594922
-63102264
59684009
-23727574
21432098
-86335735
83573804
28290598
42460584
64475398
-67498396
-34204491
80856587
93958333
66914848
89007131
40290185
73350894
38715732
62492093
-36494032
-35626080
-46442007
19403706
54328601
-32528616
86500741
-41338910
-45456763
93416822
46035917
83626664
89236368
-11744122
84901330
73911658
-1477712
46678573
-47964968
77416043
-37424347
40769518
23632430
28094758
65852863
-1871685
33679371
990289
45115884
796076
-81883493
44189210
27218919
8771221
-86353183
64087062
24337045
-24055616
-82991311
66141919
-10945700
-95539150
-63736012
-34337742
-51305318
-9124003
27924845
22888186
-9580790
70221086
94844435
82815321
-9503616
-58659516
33744470
65139347
58199131
22211249
-16129915
77700489
99299801
41265233
48275098
-61739250
-81691272
-79853205
39147429
-26369449
61122209
34413753
-59228235
6513055
41280622
-17977556
578109
74448116
41303868
45827431
-8032982
18378404
5940647
30194633
-83506503
-25642590
-85855393
-99275555
57522919
-71689256
-26948008
-51529751
15674573
44720588
25247198
-83155394
13947811
74848537
-47227542
-26391503
6588018
-53267933
-19045011
67997322
-1114608
38032319
-73621308
1462541
7079655
52798601
-92454555
79330625
83105328
-99509239
-88497497
-19829134
79590497
1431636
80366597
1383550
31394020
-38664486
47224463
-22081368
66598859
-45944370
10249326
-21290989
89758873
22142705
92233520
-37453070
-15762563
-44156381
-40326741
-27410304
-78008945
-49649183
74625030
-1599796
84951357
-84631418
-33051339
-5386096
-25104242
22954658
-17016171
-14762062
8899531
40989504
-26372407
-40169956
-10466006
-24799270
-48423113
-78842826
53000683
-8436133
-27619026
54033800
-15352116
62286103
28972187
67813869
81688332
-27031792
6757306
2496276
86372483
99737832
8923239
40440268
61856209
-32772534
-76478535
-6458541
-65545929
-85581901
42768393
-3374317
-25017157
98523298
49302560
21864329
-58587002
25220922
-68347607
-66040442
-54416534
22201769
-88048074
-5973084
27111222
97325760
94555276
-55891630
17668253
-53904402
-36854044
-81072725
23515293
76846488
43261508
84693454
-12618210
27921385
-86142237
-44530080
-47463183
71241358
10524284
56190962
18358294
3604467
21395752
-89689590
35147252
90398130
47560974
-8216811
85086485
-81764329
-54252128
9810908
28176744
34990641
-80423086
5279746
30662315
-47995023
-84893017
-38945827
-6276330
-9351699
32487733
-96323285
-6630206
-42551219
-28793331
-91347691
6628297
58776105
-118327
1048351
51691241
-2115498
-8143261
29904800
66682553
-16417910
85128821
31986087
-1355055
24640058
75039527
-85955451
71912582
-81319368
47210358
-3839071
46841589
-43926689
3220729
-37853533
2176920
70478571
-24521852
-9722637
-28718584
60269058
11226202
20478620
-60223114
73725583
-24513474
38043208
-29384657
-34536777
24800058
-59917995
-32370066
43883588
11848794
-9760138
-9129266
-79447561
85839820
31143223
81769060
86907858
-78422280
69597528
55614734
85890231
7223667
97472041
-62769084
-67351981
-82260289
83898275
-44138882
-95843751
-32095153
90326253
37909441
74948709
-10756509
89319943
-30913812
-7039110
-36114554
98874023
-52908053
76316463
-2655874
-38760139
-98801863
-77187337
-3929951
56356836
-90012225
-51939816
59971275
63659505
-7900412
-64808238
-93350527
-95655244
-21450732
73974203
-4796995
-60220948
30699686
-48483083
-69933006
31472488
-4882848
-16902446
-85413286
55471434
-3251612
11996776
61874399
43525379
51669251
-46695121
21372176
35532982
-15145633
-27810059
-35171495
-9224811
-26029872
62553874
10177677
-62469228
-19338715
-6429900
-84317264
68382115
57434401
-70634385
7492688
-40231345
-79935977
16925584
-63181873
-59699111
30587511
13818825
94622838
-39703661
-98204159
25386072
-41901394
-44664859
19555902
11112585
-1297545
14576519
-80354491
17610540
-98691203
-9086159
66481092
-22074058
49638362
98640384
98412296
-68099804
-20611932
75593913
30060671
40310079
2055230
75762671
-18267370
80708834
32250310
24129814
-3633201
33232391
-92251227
-89119991
97217692
17937127
13365619
-56820801
48135601
-29625958
-99618647
-14893029
-16649598
-44605312
97035527
35355136
-8571572
-85307018
-16017408
49319537
-65265373
-25635069
14840663
-56614068
28799414
-62712768
-3160549
-78012490
91913845
17903368
51413383
36655350
31500429
-60770131
-44820359
98082616
-14127704
-4609429
64468044
-50074779
39041637
58723873
75740234
-53631046
-62806197
24287384
86579499
36448152
54769756
56865132
47464308
-2914846
57528936
-95983836
-42659435
95468256
80317557
-16951894
-77931760
39344235
-3583144
27525834
-97343266
88158427
-34932423
-18239946
11855547
-63987052
59919695
-20496141
-63163414
-80316357
39514624
-5330240
-41765181
92203883
66798211
63058633
-56422018
-5799366
-32615341
-49567984
43098720
-81848167
88106596
68249498
-79961800
-44705089
-44513301
26787814
-80934954
87179526
24035756
-87666123
76589348
1864670
39838555
16397257
-2413154
-83907492
34434324
-26835998
-90807683
76022947
-18021323
-28421525
54549933
64452366
55897084
-84253994
-12049754
-42599435
-53796912
-56478414
22680626
-96421056
-84331396
-11170762
51054353
-99724700
-14673226
64030584
-99330445
-47803788
-30928559
77870870
-61039726
14471374
9974182
-97571014
-63414392
-48721161
94956595
35774561
-23132547
-25779624
92387021
-62204768
-21547922
8097092
-14733160
-89911014
56697525
-43294213
-4171614
74020279
-81624712
-99162830
-31663514
-46014543
-48261566
-53796116
65910710
-39920441
42627240
63665558
-86300264
-83412487
-83381253
-6613408
91047574
-84749910
48792329
-2975556
-43721299
-81064004
85714393
-96981035
-73118272
10147574
-62322572
49961951
-36709173
5670420
-58871420
-78835904
50831002
-36170968
-27381670
80768383
-86240449
-23767552
41631658
-26100809
90662880
-31429098
1836311
99827287
-39671613
-26907226
54323330
8520056
49783799
-96024900
2592733
-57528292
2390820
71915336
7657620
-6619686
38624010
-12164772
88239745
-38565108
11607690
-7457020
-7111157
-2835276
2120139
-15823673
-66098108
1400200
77479096
35196036
99646520
-88896324
-42234400
-27492070
-6984060
-35034150
75160532
-82285838
49281267
41371710
71631218
-29421651
-31187921
93462260
42067212
-69735006
-13473715
-19674274
56593703
55427980
-59173194
-71297286
-77777006
26992361
-58652519
-51979310
8488850
-67851395
90554879
17084337
-14276664
63540216
68468075
-27940961
51686962
97678272
61806889
-49931850
-41984549
36404788
18574168
-60055681
-2962976
36880539
91193073
-93307763
-64557180
67283140
68450770
78755381
35935402
94828930
-64224663
19479936
-76263568
-63314958
63942589
79154273
-45167351
-49882796
-15324139
-37339990
-59275109
70085612
-2699425
-83974723
-14845429
-80833572
69908270
9362779
12754587
93967965
67841354
-31088812
91167181
-22598965
-59577119
-81850175
-69211743
-54702013
67778486
-82706240
92284334
21298701
-4663328
-98915124
29476179
-33297305
-54118061
-45286236
-34579597
40004137
-66171371
45543632
-83009326
-72539663
-15463495
-53648014
52333698
58016027
94382347
-94056457
62041587
13761265
67970031
56900422
47368767
4549401
32442333
23170023
-4036425
-10959159
39580987
6179853
67686108
78816850
61414480
-21299107
76586623
65331425
-89649411
-28372321
-35160529
13507137
68790283
-40605571
57416979
5525921
-99700189
85643983
-44540840
-31258979
12146921
-14185745
-63211623
-94071607
-79660369
35727677
-19271325
4615820
73191839
-48189596
-43529096
-54376257
-86969508
83152400