63777745
68164042
-33961839
45488171
-20026151
-70816738
20388249
64273585
59073996
-39664166
-85362205
25423284
-14580040
93672340
-31736797
-14679649
74694349
43909248
61805415
36977770
45931008
33279191
41288731
-90465598
-91735588
-74886561
-85992778
45545284
-80212512
-8610323
56399098
-75024710
-25327979
-40196741
22720155
-7068489
64595890
-34849235
41044660
-42154202
-49576232
-21909513
42028470
69533435
-88300391
6792026
42300600
-15254904
-89300708
35202547
-66532645
-27581597
-29634442
-52201626
68065684
-17948376
18555291
49848026
-9599479
60737035
-5928405
-57716207
54987920
1710919
26589126
72129041
-5714770
54518284
34184350
68008586
44006726
-53645376
56615459
27858664
-61066286
48581289
-23344130
-49590957
-90314892
57702321
48441927
96680335
-51031160
-48801669
8398314
12262621
-44841860
83520798
33665399
-95514132
-77261681
-39354929
20232428
95009554
28710406
-29394196
-94515486
-28920593
-14816066
22488408
30624487
61673832
-89577488
41553164
-56154043
70480004
24684225
-20692593
-28898221
-46246249
23937489
23648544
65294690
16224539
67888377
43277974
9660500
-37041237
40031038
-901582
-48863649
58809193
29224426
-15580996
53206598
-62288095
96434805
-15657205
-69326081
81676391
63258276
29349195
87982124
86570007
-81905809
-25595650
20081673
-41871476
99842754
20882521
-17755426
34598233
12523354
-14339485
38105713
-26848519
-69315131
-64836888
-92422437
59011459
-75408227
-45584697
-67450934
51727
-91111092
-26510521
-49780812
66631787
66059807
-93110696
-88105855
82093404
-48034868
-33435745
3458941
-96822713
70855620
-79468456
-3645781
11338862
-48019438
27638614
90538606
77154304
-75214542
89030550
-7458100
11123247
-90651906
-85031065
24490440
50976863
34773638
-83098723
-50832982
-15141400
87208140
98291181
53643182
-85550249
-2054034
-1087116
-91613494
-99430513
29027578
-62518403
30519620
-95222737
-8979881
67216751
23628864
-58582765
64746097
64046687
-13858905
-42862848
-30086224
-65873411
17567785
-10934054
-1353160
64370241
-54601900
-75343835
8739720
61905392
-10417791
-34248735
-78790729
15312627
-35989979
-34880542
-35008017
86531018
-97233173
-72483675
77070173
-63250331
-33323431
84466651
-44360315
-30963470
-6602901
65691048
16230278
51571171
45688827
73182813
14915815
61696458
-88571143
-68589320
-74229572
-90541815
-6778110
15459828
17716480
72913058
-30037859
21798213
14254565
27612995
51336579
-17620393
40403776
35476659
-35079395
99657843
-7928067
-88443974
74183634
-16208369
52834069
14169177
57851092
-93006631
42437132
-39469512
-74153498
-22154964
-23522945
-81264371
90969234
-38096667
-34859797
85480420
28904939
75660726
-3857645
-8012647
-43562506
45461040
-57898709
-38879799
-79352333
60818919
95564595
-55399568
18247906
64097448
-93745671
-7184066
63071877
-96241473
34734161
-7737983
-57095778
-10863207
-27397393
-15271416
47814588
37859760
1478342
6132581
59713715
-81750668
87774703
-20889579
-78927924
-38051497
-50824309
-45789181
-36372888
64184071
-98278423
-54789659
-29668786
-61314144
-81167995
38168819
62162396
-4653446
11935410
-56884900
30549494
-43945269
-5433167
-10768246
-9160099
-45987063
-82121820
66808794
71781575
76694350
-3292979
62490101
51088760
79023717
11956227
-33561389
12619836
-8395306
-68522321
34759163
-32096777
43208952
-80394550
-8156463
47087039
7530858
-44353204
-49139143
76962557
-86022273
-52227100
7391779
-41553167
-32532143
-88184146
39014734
7316997
13557869
-52917373
83587047
-44030978
73445360
-43422775
41836609
89099063
-6547091
45079988
8469504
55917682
61597301
58913736
-26443738
27962991
43978310
88444187
31329955
33600266
50014745
-69201636
23532204
-79361765
15998199
-97788941
41139227
32916743
42342650
19814751
-5036916
-92823618
63043891
84972010
-29438551
-43141782
89402798
6758165
14026518
19411896
-83229323
3374562
23370556
365036
-82689889
-74623677
4804600
-88930345
81937205
10584046
91342936
38702850
70469118
-35056016
9309653
26696631
-78856906
66521958
61093866
-68410039
-34486330
9478288
-12928852
-28906998
19701852
-57521313
19192705
76486949
-99586711
76212861
12361407
9732663
90878599
36593260
69108688
-35951304
-81784337
-67201248
87047683
38290580
34452296
39617769
-68693519
-62091977
14456927
14157702
40047309
20402021
27207016
-49308504
34611766
-66981712
-57544350
-8057703
73471478
67638256
-84307812
-11143443
-55773357
-39667180
-87633155
-92582498
81139204
76187857
9984007
-67636629
93855888
72182693
84144336
59311097
-13399117
-97845913
62334011
99464917
-98462431
63429379
-43827065
84612266
-52888834
92753735
47902889
93220158
-67163424
-20696105
-30933329
-36384143
22190677
-68426471
-37601965
79709333
41298808
-704224
-62635619
-11854277
-76481131
28024878
-95709447
31969235
-98338975
-95442973
27535594
-1074613
-78650767
64502704
46568817
-21639933
42490687
-4562743
-12711650
-93871620
75138759
38087900
-51996197
-48601688
-6438394
-51069653
-22606893
-65336274
-89296826
-73472187
-53025930
23399631
-55457915
-90727538
-37691761
-92385470
82041557
-30589971
-54918488
70312873
-21573817
26735009
-69463881
-27133245
-30714568
-85432675
35841071
26293042
-39794303
-71101676
13701820
-17219894
86882053
70254005
-70821657
1690618
65465291
85898730
-82064618
-5942555
20294290
36992021
27040520
-46818678
66435731
24294671
-28401383
-88463966
-71669538
-34086686
61011532
-41703501
11385369
-72518014
74111276
79112969
-64994869
-21879672
-28952101
26698397
-67676065
95922843
-47109017
29065527
-63299906
70447340
-5219396
39254882
-69789120
93664317
-52953568
47922988
68498239
-60637555
-39481438
97370566
46123568
-41728993
-10168714
-69544899
95248267
-21709721
-5688136
73329444
-38513124
-5745368
-38051845
65038265
-76645378
87160257
-82324408
-4042287
-33666430
-36125550
55857917
-38922706
-78524305
21182196
-12387946
20138973
-722361
-5293390
99285641
-75164103
-97550594
-97083417
-65794651
-58483233
-67813103
-35533144
-19606928
-44676068
-34439443
-11887031
-78423257
10767489
-58612017
-28620847
81194129
-32643904
11065628
66184754
-33830594
84358528
-98868536
13116391
-7004766
11783547
-61398567
-84870080
76348261
54745976
-24759308
9057412
-9232409
-57829630
65130290
36202617
22473148
46677309
-54944497
-27583328
82974557
-61440259
94493007
-45391378
-74290418
-54560517
94403869
82511762
96963534
27199752
-41897035
87443800
-22603878
-11981982
-55968649
-65728669
76982800
-57164919
-98160088
89049569
-40202805
83226572
-34226538
-54882939
29778468
722023
57987462
94299538
-48963770
-28231521
-65519962
60804786
1979622
-33188017
74812239
-59079760
65787908
-21583429
-87440947
-9992274
-68047659
-5493581
-2335501
-18563983
-52005890
33491827
-93801506
62882133
-27153907
83623303
-3377017
-40521959
92734935
12848065
85072548
59351231
16721031
-25028592
51510986
98751237
42523694
-54342250
44848919
-2994205
-57516391
93230880
78963255
77823990
461977
19026421
65890991
60827594
23213108
53393885
-66549292
-66813627
30544964
83010279
-7524515
-72398653
66899844
-30093075
-61900387
-14972008
-53057889
-58116525
50311651
-42236726
3344429
-91748446
51741244
-23490742
99261783
-18040758
-6523874
73941582
50657364
-92309325
82066050
89602392
68779088
-22981857
-46397335
95351998
92107604
81322511
-99156915
-98973151
55392153
-52390544
76532731
29915420
-54399725
-7318547
-15191279
-48125858
29001790
52527717
14891090
97767121
41181444
-23188762
-73467589
18664435
75170825
13122968
-19473441
-22477759
34480225
42122634
90139856
-60512450
-51462946
71413814
66027970
10473637
-42710346
97498
7844837
15889064
7917604
78523971
35470292
-14562414
60949018
-12666752
-16886225
-25577886
84103646
-46448269
-8957848
13903690
-83550442
99893129
26967704
21289408
-54712983
-62923890
81392771
-33205948
-14311769
9262452
-22615364
29044351
-28251564
78587315
-14343229
80308667
84259240
94265980
-15318829
-40513098
-81216873
66638906
-22504962
48718664
12600691
98748166
19844384
-77534878
-33904944
-83142177
9506436
59887397
-33674382
63829097
-73606707
-75203370
-48606747
-41046982
-21676093
54720470
62656590
-76487555
-54036257
-3353626
652469
87279952
-61602464
-95563837
7981940
-43236138
9395395
51592347
2193404
42969257
-83044557
-50553684
28777036
49782378
-23742893
66929863
-82296832
-99282666
61491391
68165203
16039728
76804067
-41680793
-12481667
-28907420
-63219792
87015466
-34352095
57634093
-32971286
-71777716
93085910
32222890
56391367
84931752
42632764
-31879810
-74287295
-51682368
-93978606
-46307830
-65632080
-85702880
76177002
-80105888
36014831
-75098698
13584505
99606664
-80573398
11024844
6694695
72106946
58038218
92922421
-704069
-85106746
-84509530
-74740251
23872055
-41770724
-77854746
73163640
12631857
48308358
71900350
86604077
-41327671
8616342
-28818841
-77812086
56924264
5250627
-60718845
-59975536
-59353083
84391939
57003258
-62939728
8947812
63744882
-94393096
-41186768
-73676232
-27834511
-58020656
-50925963
3731689
-50076773
24998515
-14636637
34831858
9830184
854057
50150333
8241104
81848023
43452513
-89867684
-11379447
-35810990
-44363321
-73509949
38779954
69428675
-7825482
9408026
51668662
-46522240
-2344087
16518359
71632748
-50561627
39649542
-78720274
-29066117
-12292517
-9087969
68592032
-78792674
27406857
22730095
3338647
44136721
45289517
56816471
27794740
19098791
7411320
-98889852
97675450
-26875890
-12413310
-67353212
-35884001
-92950935
-44791406
39888567
-54687059
71814020
40861559
22973692
57299557
70625902
-51718811
63283926
40421667
-87410137
92367181
73785529
85425290
73441787
22308505
-69855873
50857660
96372851
-61439227
-81283559
88837955
-75662793
-90832164
30198790
33859852
56123627
-3124600
21192541
55926943
-50236297
-68983179
92777377
42202486
-32685505
-57624638
-39472676
-16209062
76489322
-46394526
-92863535
30083799
-79726172
-77703160
-16212927
-72039906
-65075088
90159248
-60732817
-78870394
73400603
-42334913
79534777
21119670
-23959123
99800376
46307873
-23555185
97963439
-86329528
-68518044
-87654270
23804921
-66771870
-40592501
47584941
-58875875
-55755763
-23847775
-35219904
-17848833
64960198
-47584124
-97084685
5353372
62783872
-50952844
-3480230
42309408
-74951837
-41448440
-11632938
-41736509
-6071625
12227619
-7213592
88546712
15432389
-84746401
-43030506
-63983578
-93035780
-54062772
-79554119
46862163
78695991
-42573226
-91130701
379184
96041818
-31009222
5899358
-6000997
97051614
20587895
-94955827
-28843828
33571162
-30354399
-80590620
-18733124
-27699065
-32413491
-29953203
-82424776
91496735
39448188
-22816096
52321164
-60125577
12130057
72178769
-24893288
55200028
30552437
89274498
75761402
22633332
57926674
-24181454
94061335
-21316718
72985603
-37845592
61250229
10070723
-68102050
-80350141
-10472847
74431275
55014735
-69342023
-70076510
41577410
-70185201
-16685231
88327323
83988450
-74397146
58539226
46959296
61174922
9159997
2302415
-46178402
-38510957
58097291
13661139
33515430
16571324
-63768482
-21205214
-26879881
-48431357
-79471674
-85557534
-73835954
59825760
-80995498
216216
-87486317
69347394
28986136
64066377
27524088
29105929
93768092
17319295
56558171
55633639
52106029
-36867290
53591922
70961429
-18355627
68232601
78315942
31694387
-22184896
13581967
39763364
3415378
-35966522
-70616577
21388178
-30087376
-24637801
-56087725
-89784253
-6456204
51947385
-81334110
8108813
-53696871
32138619
-49047857
75390701
40060687
-99454357
-26186317
34930773
-69069435
-33285732
59133143
23029951
14741649
53212045
-80251686
6169205
-29108115
75657938
88176175
-38907430
91037883
-70222573
97675641
35292932
85120808
88874250
-74120871
-95929452
18388927
-85217315
45589876
-27523529
-87251482
86957149
42409486
-54416600
27238671
-29714103
90323605
-55758766
-61910042
-97482988
51191342
-9971172
-98127356
56971828
57214389
62728684
23999364
68375236
95820759
-393440
14833533
27696068
81581141
-31669177
61724020
-43414967
-35744841
-97340076
18401690
-62254858
-12913533
3099096
90994788
-96854964
-97195913
60980110
-18492492
54098158
-81140128
46339947
36499348
66985610
-16924120
-67388585
80607341
20334721
20924898
69344667
-5432015
-25589995
87237970
66600154
75025114
41686065
-16687591
85737949
75976404
4418662
-16559251
25310211
82615356
9446526
82452158
-58010395
70690191
-32970563
20895106
45884944
66458384
-19184075
45226385
-83244992
-77764081
43544347
-16488624
46308875
308287
-91397298
11293082
-11668484
61500976
24769574
6577170
25224591
-62285109
49382628
44348258
-18650636
41328452
15991744
-70159353
73195624
-41390709
-37089010
66189689
38608137
-37650001
23002434
11924892
-82438501
-63058828
45406231
-7354055
84146114
42732489
-54078711
-63990550
47781071
-5019489
33727148
42824328
71900525
-30401390
40397618
92142447
-48816501
47600961
-42626502
-93787056
-27713649
-71474981
85218411
-49668849
62182679
30330784
-95396846
-19974490
3351551
95421626
33227913
81352077
8351440
-16262871
65050539
77650456
64585432
-71038622
-40337278
2784785
-32082321
-11154393
32232450
-54565087
-29125936
60347746
19623924
58810186
-91994992
8516116
50693604
37455494
-84221543
-67556698
99111030
-13851553
73314789
-88243145
-21614990
16576783
75644378
3222487
49537592
-74091994
91179330
21252923
-39341244
12705515
-83195996
-77709452
16756180
27797614
-70266646
1974913
36376363
-37181723
-5741238
-47938121
20082866
-38179818
-4985937
2983917
51373353
18302004
-89688506
-49628222
-79352806
-23846377
52311295
-78947507
-62317280
-39154238
47657363
-15874818
-39519008
49009883
33767551
82764740
11885408
21038472
82777659
-87635654
98502727
-3110141
-8975399
-24160258
-44468072
50618253
79651189
8190012
-48652285
-23213940
46498814
-86336197
7929743
73280242
-32969654
-39998237
41289858
-48728869
-59265857
48494423
-28018374
22915616
94393811
-64268053
-73621914
48566036
-50544695
19170109
-6845752
58766989
22248382
-9628032
77072970
-15452413
48832541
-60496516
32827070
-5737531
33400591
-98700934
60507376
91879210
63980308
-79388234
74980796
-9876294
23256492
76530420
52486431
-83152797
99333666
97017149
-45340208
6202965
40615519
-68134382
92027831
-66503987
73675245
-9225111
4725597
53689201
63162535
81837614
69821348
73079054
-39742958
40136293
48623809
65015722
-96239175
36948404
88074599
-53837954
-22450072
-1240083
4064560
-75937186
93040854
22791326
-7002141
-50848904
-16527504
83722185
97694631
47313817
2319505
-50939971
-99658271
-14957931
21586051
38925640
91574578
-30877276
66693855
-23373169
66807695
11237991
64488414
-53865344
73357871
35523849
67198514
-51016425
-49667221
-6184592
-45952025
55519152
21087877
-91651317
78578556
28379028
82962716
-52083039
-79349269
-18270037
-48184827
-97164717
-87996625
-1584108
-12506632
-45010558
93820211
63089824
-65797989
19159091
-33721247
-4836542
-18643158
24126506
32134435
4109671
-86353384
-39937377
22543113
55802575
44682795
-67929719
78193472
57225549
66124588
-28364562
86814257
-45411079
-11019704
-15622561
-48449500
61177809
-42112061
-68487267
-77919403
-4764279
31111757
22605897
-19641655
-81156723
-43926555
-66925890
50394447
-7782352
-19950102
-24633578
98092115
33104061
-35883908
47109007
10208417
71334669
-9467044
12334551
41657176
42004720
98637159
48415818
-86077715
99556196
91704285
-56960942
69193319
-1749631
-28218517
23355660
-85737864
52634052
1896155
69635628
77965433
12453721
-31564136
39793944
11510707
99792243
-96361582
94667694
84317013
-4716230
-22762408
48494922
19828290
81549214
90279657
58644102
-52913713
9677120
38271768
-47118155
-82442907
-12234982
-34957833
1696868
8038802
-4744193
37475301
71320734
-70732629
-87289938
-88222541
99903417
70729838
-93914106
47498108
45559377
-1567134
48599446
54315274
-83423401
-29478349
-97506690
-25570740
1228071
-60134735
-34763583
-23312641
-60692294
-89933144
-15244665
16918126
-39004144
14356006
-11722916
57883741
-35059874
3911174
33098761
-57048867
-5650368
-75267875
-48195267
80366004
48973550
-38211694
52799335
-14344331
48392052
-80857622
-41629638
-4456106
58790886
7908091
-61434971
-22389953
-49760901
12764883
84383845
46322781
86262454
-71387804
36048422
31940468
-14562883
7780351
-14117477
-11141059
-200524
31196779
63168462
61951843
74497200
-49332057
-96740403
65054922
-967359
60346770
-30924776
-33088703
96403610
-16319355
-51232393
99388846
-46607607
-54148969
39969780
-13450319
-73113016
74723037
38957526
-10714393
-43863909
-19818694
36457485
73331482
-54609598
-85193022
-31954919
-58362846
39347799
50609573
88248897
-13802473
57083531
-58949027
-29629946
83482026
33950143
48710323
-69576632
85402452
-11442739
51200792
86541517
94696184
-41883677
20179008
51162559
7800433
12113399
48252415
57253367
17946577
89369220
-72984820
62305050
43754459
-51871811
-75624056
40578506
-14864942
6796505
25662109
-52111278
53225142
24057152
-56948960
80255198
88514826
-68486379
15224822
52724740
34989997
54859596
-61323447
-12345696
39150130
-70300612
-99552174
-5730745
48565449
63426260
23792416
-54723870
-99260239
-3903855
-88892006
-42872598
-74742487
29480910
69311656
76851854
17106095
37934695
72847226
-90637206
82693899
-61596227
-7024014
79903372
-66167194
-9558084
-25461552
-92444291
62715705
48322100
-38541870
1002459
-15388629
-15112351
-86964116
68854866
23477705
-9460610
-70747541
-21550564
41031726
66917270
-15128804
-12670831
87310775
-95658581
14055186
-49554385
88862926
35387502
98054129
-99412870
81001933
32036284
-89358083
51052241
-96793705
-32932026
43771975
-47526908
78199776
-73359876
-79040020
-96480847
-27284704
21548398
37844503
58699833
30620039
-64383081
-70761075
58901831
-20066391
-80289133
-49448481
92986780
-98928421
-43935811
-90708470
-3708105
44785
99912956
-65758074
7103530
36822668
-23040786
87879716
7678003
-84424434
67579001
-92547657
27806899
86663677
3046206
64478229
-78046645
98740365
-12055174
83425029
81360159
85684296
-31106406
58530943
67644602
-46189181
87993698
70612708
35823238
54957982
3510514
-76601962
67270168
81447641
29863985
28355482
-49868118
91769487
28543132
51555520
-9709078
-52103352
17014452
59658862
28705993
2522042
-35462571
10524999
9207139
71007267
-52262137
94526984
-62000699
-31923856
55466209
75313986
88315519
-95641412
96333635
83032528
-89798621
80817716
40989638
13235641
38462349
55022384
-64017879
14184517
-59986989
6804116
48295639
32445391
-73895172
23818996
-62464863
-34834756
-7022658
79406439
-55457531
-73793919
71026755
34758376
-50224133
-9660925
94486530
-36473733
50351570
-18358546
26885035
-34238259
52021693
-14371410
-52745220
69142268
50705474
68057297
9900734
28999035
35997040
-31133331
-15703138
38712812
-82686533
-65575319
-60620860
56078364
80296423
-45753459
-7248438
-77989689
-74566406
-48563749
60840202
-74772903
28471884
12007161
32202061
15540074
-54993730
29915818
-8286986
-50334265
-89693146
-53265134
11810732
-53040420
-20107916
-77167631
38637873
24291867
-29223929
-89586603
-5909389
97348676
-82716035
-66433553
88036750
99977077
51234559
-78170406
-3979194
-64013952
25628298
38255056
99032315
76953058
-39417847
74266752
-76507674
5537731
56717616
67975786
-14653742
-1161667
36724257
-18123671
-11716228
41199087
14269461
-51151659
-32678230
22760107
74434818
-86872052
-62562751
-44482227
99022355
-94616776
-49600257
64078676
79684136
-81894505
-89809356
75243838
-65170869
-67204053
78564824
-51168597
-36984438
93806450
58251094
42117924
-5090107
99570951
7200424
-56158015
-77874668
48280167
-58713297
9673013
-27951975
70532621
85757574
42662725
-34780076
-79772849
-92928070
24770207
-42905827
-95649748
63497736
-83636047
-89745448
87666585
-76214918
-78126978
-87556933
-95759944
28183770
-2989615
-29858283
52757909
-65620179
-25482162
57927280
38193405
-41626240
13132389
-56611006
97889880
88429069
72897535
4672533
17571180
84175845
89544995
-48011036
96008563
-9113830
-73319437
-29128026
91330532
61555693
3215978
-79563946
51141088
-1470315
-24359390
-56824530
17558622
-442641
-71880387
-61844759
12526319
11496892
10533800
79011118
-58340116
-79622109
15225215
19711752
93220707
54391995
10489868
-19567580
17301475
-86537761
-89833103
91532712
-98697287
-28078422
78201787
17416768
-38613592
-52728657
-83737285
-82595598
14269168
38813983
61654240
-64255075
71771669
-18245115
-29418800
43141994
-94941138
75527462
40893503
-71811171
52443648
-32205458
45808412
-12703346
-16201564
32467007
-35653449
-54964492
82626657
26291516
-70250799
8252847
-18662854
-31931272
19812044
80273230
14658342
-28489758
35432651
-45554660
30203526
-14905002
-20934645
24036486
36204313
-92887937
-1363
49935406
-52420888
-59117094
39869839
55441161
30664504
-37506026
-83645013
58124993
-57457289
48784072
-83144565
31863350
73051310
16688968
38630488
-69011546
-85630202
-67759205
8858940
13999313
43147997
22633983
-14901805
-55360174
-40083545
-44656534
76660240
-70167395
-26367677
49030747
-20711472
71509593
-13541085
74166805
-45756959
15940866
-79760071
-36740373
-5404134
-16116967
26705588
-88950503
45286742
89833177
-35261327
15602607
35493955
-3459668
-19381463
4918587
42639256
84016379
-94534051
-85468369
-60327156
-7775518
-43319257
-6537606
59323614
61585503
63890976
45457910
-89071920
49743149
46020076
54749063
34379270
59273835
58813551
-51027870
-9784246
-7625061
-98269704
-34695747
-53630249
67244914
-16158687
-33853528
-27983539
77748530
62562872
-38610825
32868588
-44228885
-86256957
60427864
-50806907
-44038947
-12991880
2901606
48003674
95846023
15407903
-89558978
96680759
-2641983
-78479429
59498336
75807857
69214580
-71170215
70217396
-81551747
-59032785
-36823713
-6304877
84720197
-11462817
82945696
98042858
-85373222
-30814385
-87175369
-5218112
-30096711
77054645
-64601188
-78137750
-30462886
-50919056
40805858
53757475
-73633157
-67472543
25352214
93256216
40609506
-38468162
60766611
-56222405
97189238
13214059
12756740
-76756571
-3912631
31961332
-9896233
24993504
-15758695
83707722
-17126537
-18322055
-15875818
-72101121
25823186
-48229786
94050586
-4978093
-924141
161290
-21459127
48129928
-79397814
7253679
32701144
-68467171
8343391
94778101
56216199
32011467
-47238122
82983793
-54962596
-99119204
-32763883
-61434274
80007297
30415673
99185287
41769839
-53950364
34790721
7028770
99080459
-84210569
-24554350
4277019
30732041
21800606
-2516208
-97486241
-88043343
-44064447
-9276173
-4835385
64946482
79773880
69517889
-86043780
29826562
-37602383
-41778753
36385292
53491454
46557515
-68050389
-49647028
-12873898
41389443
89646639
51171926
41881140
-37625997
-5241308
-33204244
16786950
9621472
-6860438
-16720517
-27612543
-69330086
21451491
-284419
45780906
-6284786
-27146543
-97454142
-29622967
-41913262
60174713
-53695021
56365518
77225393
-61309312
-69145798
17745487
91795940
-85995551
82989629
4541284
-92101642
-93404192
17521371
69335083
-6552879
-82284937
87656760
-26847195
-78877218
-82675845
-55472966
501271
34762309
-53096849
48071941
-59359370
-14673652
97166388
88834422
-96265552
-18427451
-10302255
-57994735
76914383
-1439647
-51927667
72312518
-30799899
71186576
-71413097
9725840
97700744
-4462208
-88765076
91478960
-51391722
-77983218
-8619368
-82681531
28017410
55662929
60732041
-33921928
-99249943
-76107448
92794436
9845401
-39883845
-23409379
-46394615
15242431
-70108176
97392944
-84042146
-11945369
43419024
-12580798
-78781934
-70073628
-50518123
36436414
-41525821
89270317
22210816
-14109789
-77407175
89788315
86858904
-65534974
-98885196
-72063053
63355035
-17034017
75286462
51930268
77444002
-31523751
-24098937
5392265
-47975182
9813264
66216163
-97542583
65515169
-71714611
1904694
59653957
-57386035
-46619497
-15972003
-28506097
46921954
32167490
2661894
82751589
-13983721
33572919
94849856
12298918
91700678
-97314879
54452728
-92267941
56528708
-6043545
-37992077
-92878248
94042855
64544081
-10486595
51249944
72857928
-94108044
-69096521
22127331
-64773843
23244664
23205508
-25263843
61353741
-80454417
-86697912
96817419
26914146
-57815598
-96444541
-43889995
-1507124
59147577
74426544
75693430
25383311
-55269569
-1596394
25095250
-41812195
87999858
-6166713
30889966
53474345
96577123
-33726455
46847906
-53735710
86981852
73260699
46482685
58651023
-39150618
31050514
-54131955
17328749
-19113204
70857641
27692805
-37910946
-85353808
23602117
32366648
67676778
1751012
83144989
-74309962
-25013475
-84850538
-78192129
19133197
71336082
-80252352
64200384
-83130254
-14916164
98620694
-80144167
56389875
-75165
-2242198
51368359
13559595
32001305
-5299531
-19011298
31761886
1807115
61152467
1820733
-10856275
20608619
88028370
6276026
59428250
-13303814
-12993779
72176537
98007954
-85277019
89447893
-57729778
-34223559
-87296793
-38653579
-26552976
-17806019
97415378
42200514
-92009916
-58128820
79135285
-75749674
25949854
-98536837
-66543449
82775444
-40999947
-76793705
83153904
-97639328
39275772
-15432981
4540746
-12308455
19821508
-67519061
53593357
7885601
94843753
-47258368
63735102
-74438178
-82667027
60318845
-88479590
-74528569
1054269
-82134086
6811589
-52063239
-70489486
78702752
37171529
-84491395
-20250176
-60871088
11062202
-43121920
67393470
88501236
85992910
-45825624
42473178
49604472
60127406
30119132
58494746
5495138
-97937393
-51517064
-83218924
-4153397
96918384
-54657435
-78949148
93244041
-73194669
-84652652
-65003311
-90075063
-24213662
-26180894
-7247524
-27858629
-62992725
86466093
-26684150
-30597258
87720471
10538478
26171450
-67906916
86461843
64834621
97357115
-20411277
15478224
-45620808
68912687
52869299
2622154
31346890
91011631
-93791043
61866682
11852764
-98797614
88253772
61145438
-95354902
45195375
62836729
57331551
-92173649
77244959
47444947
-54404681
-37028526
-64037622
-69122778
-90608813
31936228
16505910
-65837741
-58082454
98319016
-3088813
-7037185
54230084
-12966134
-95835366
-21498381
33971528
-64110264
-53421178
64119243
53819123
-41926797
2985751
-74674890
-4378699
-29722854
24953934
44862954
-67993408
-32695834
49673160
46832757
-31973762
85897765
47679860
74709206
-10354848
-77053376
-83573979
74433780
-85270158
-95116565
-3898289
-7044930
55014549
-97136863
73494887
48248858
-28402515
36223687
-67781608
-74694563
-47350501
75530668
-83871150
23744194
44022330
64286613
-39669049
-50089125
57746701
93711473
57733151
-66318242
-5913885
18512844
-86653997
75634022
-46446039
-15946325
15621643
-62420867
72209344
30399129
58233708
-20029344
48331529
-86902064
-62049768
-47986464
45512848
-51428156
-55675529
-95412576
-66826510
71201838
3161838
2984821
92203657
86356451
-57862108
45634974
-29241685
59471665
-82622076
-64596810
13877926
70149479
-62843358
-19119757
-15674297
-62084111
-47250735
-84949267
52490875
-81915463
-96338897
82398605
43680804
58121949
40460524
-89193380
-42222653
75463510
-26225911
-84876147
-66928494
40858600
-89485040
-47095535
-590206
70514060
23733078
-3709356
-3068964
11138058
-5665176
65660466
21269587
75046336
-51196004
49723848
78203431
87971397
-10344802
34419171
84052035
17065835
-48800508
-9581400
-44791922
-59469062
36867542
-94530040
-67536072
-53987196
-94048332
37891339
61851944
-99960940
6155583
51719524
32048935
46863957
-8592082
79893102
-94104326
-41768143
13759817
19111659
19118328
-47739679
28892379
-8038254
24499437
88606022
-4606806
-38961558
21572745
-78535919
95266594
-79867845
47435028
-1069342
7079943
-55123918
82403037
-57468151
-81891922
3258778
-19383143
-58237926
-40601155
13430093
-16146742
15219353
-24700636
1548300
-63185887
-36747169
-55071831
-52776423
-61919642
-88408335
-35682402
10546646
91650554
-51046498
70270803
13309878
93807519
98055560
90665969
-14889259
-55868396
21507470
12890905
-65757715
30926962
-28088552
85143433
-30068728
-66351130
-87051545
75391517
-61034351
55449137
-35078367
48302284
24187222
-73934420
-31492177
-12988493
-83030562
-63426022
-54563544
43266720
-3702583
29291675
84436372
96206281
75943332
31783914
50734548
-432185
-88493459
43546633
-18000572
99942578
20286151
-13455154
57295161
79677180
-73598754
-67793836
80228232
77818338
12117711
47822960
-78691789
-46697898
-48713673
-49090880
62639937
-37780930
35972844
82433796
69089787
-78387618
44552974
-66469441
50446313
-52739711
-57303529
-42428174
82494558
2792985
27986573
77783665
-14776394
11158675
-78379172
-83500335
-31638922
-51986325
7488656
-17653794
-9570250
-74558879
-44660165
-46974437
45919668
42640491
-22189462
-89951432
-63188266
86204170
-67869146
-34818808
-83262219
-61657800
-90372157
55407883
-22967727
9826513
-47361195
-77233849
11682612
-79925570
80038510
58170394
-34637873
-58979869
89667782
50926578
91613140
42009640
-24983629
-3724802
51275028
57006327
-78967332
-95082933
-27751865
60249489
56989959
-63903719
42787539
-44856394
5721300
-27338726
67819717
-65744825
-41608667
-75258573
-65083898
93479970
8808140
-90933049
-50186382
-48119204
70630366
-71628606
-34169062
70369192
-32710712
-18959294
24348107
-94177611
-27770291
80102149
-24378788
40443937
-16138863
33287249
66945169
-3291498
-3107228
70022650
79571457
9970292
-35997218
-3014437
35428507
78532964
65309501
-6339124
-21980414
-58975782
55731784
84304790
-27291012
-58218341
-79846249
28687047
43536115
-65071124
-59877522
-40935889
-75990809
71236476
73998290
-26075892
30469329
97123291
-34400946
24124074
-64993873
41449315
34154692
-93597077
90742963
-71207544
-91330736
77727462
90940329
-86779780
-48688601
-10720225
14937681
-4539655
84796550
-71204108
-66034371
91709838
-79439110
-63778804
36013199
23295786
-73786405
-73031186
61682376
-81263381
-59746999
-73017778
78744855
89233725
-96326441
3264626
-82284975
2099918
-68678761
-21204544
90240706
-98987036
-67005341
-82310683
28302149
37259263
97231345
-55748396
-53788251
-38914228
-54767156
-20194273
47231220
51272535
-70050173
78327111
92566871
89874042
21353674
-8948522
68223854
-84912074
-97306231
-7563832
89967847
-99111780
-17055423
-53241853
-42218580
-91834299
-3709061
-17501380
89405519
-8100575
45292106
39493189
17606652
-73630965
-80866009
12190270
-88354258
36971224
70830379
-28848994
-37021341
63557496
-56615322
-93737116
81740785
-61778785
41714886
-91827467
80425093
-6930792
82878332
-74301533
4147842
47615817
51014831
-50203660
-12985107
17879963
-98687835
55491591
-25911662
55723304
-98450183
-70109379
-25155883
13317340
-56208480
-18957547
16281335
11580525
-3581410
-80091151
-67365834
-24487305
18267840
-13999648
74339520
43982871
-21907526
-47267013
75628440
82871358
-20794564
80386086
71271032
-57135513
-22915727
-81023981
3781003
-99749944
-70528992
4179887
48860491
22016508
4552892
-68893066
-60364602
-94135731
-54020708
61106257
19121827
27041347
-44922032
22403294
-79981150
35006960
10317513
-93657779
-75611765
30553892
-65473405
88828377
1627946
51118324
11488364
-87290023
-73265434
-6837767
94866372
79731861
-66494291
77185256
-24132307
-66092409
-27240512
-32279593
77475485
-6533408
-78288445
64275538
-1488274
50893961
25670776
98706304
-59060203
33501278
-38458229
-10662474
-11086433
64225080
88105341
-87798106
77059546
-41728640
-26627863
2049086
-28933729
45966371
-70357413
34374152
21125931
11491835
57909306
-99562792
32174662
42536476
-80901745
-90753422
-68746299
-82713611
62621255
-48417783
50839436
6053179
65195399
-10971305
78257151
50199454
-19697672
-61038940
-4170210
-23578157
-99355475
51817686
-39941034
-18546706
-73282703
63609706
34412366
-43643534
-66450299
43746232
-19884755
-64070381
80039178
98714754
-28610588
-21855424
-48051633
-12459306
60174256
47540485
11744146
71186840
-13921319
75447957
2346195
-62040921
-58810528
-84718794
2333870
-11420954
-64736732
-11409894
-3383631
80241318
-91868460
27109756
57712884
-18970723
10592019
75699602
39203813
-85766671
61714123
91098112
-54860026
45229579
57281428
71456536
-94410736
-7283209
-59826893
-96299658
-27122975
-68721226
17706608
63147391
69878751
-8623989
14246215
11782953
70571468
-42866252
-9691100
-9892292
-21379247
-65780251
-96538563
43821374
-37076526
-4124019
4310342
-18691966
63970975
-1107534
-99524821
-29989168
35004956
31528453
58328639
-83262533
-44638339
-95712542
86450106
89530095
18844235
1852645
75008848
-14906084
32362250
-16247734
-43986001
-47155538
-97160827
99641589
34551249
-62051816
92837065
6270015
67356950
50330295
62570478
-57494092
24810462
96579361
67645562
-91596328
73565298
46080102
45008338
49692235
62505523
-84920347
61379616
-6461853
94287758
30082550
88958203
58047354
-39341172
-61419650
25848831
-1267380
-38782955
-98744537
-74486651
77694662
88492407
51780655
-45577081
-62650652
-2735346
11424385
-38079767
21262488
95204699
-65018263
-97949487
54962741
67462048
40745502
88140501
-30227635
-6893900
67738757
-74363607
-93595662
30717103
82327060
61937411
-77190267
-61747826
-25952172
-86031938
-13882431
60738396
72923836
-24921932
80909664
-71316459
58212749
-92501215
58646639
-68199109
-51074804
-62863743
-73456755
61410819
32622999
55087454
-34458708
64197955
21464414
-95116153
4769023
-48587086
-5601084
-89033641
24738666
97973214
-82543124
32945744
58649316
42919994
-7311665
79374456
14991701
-95791101
73905658
-86827702
-62257770
-42457931
12856770
-65903615
-15570670
9403046
-25597853
-81287789
-64844624
-76166416
80094524
17521414
49939161
-32638995
90033314
53919680
-42931031
-96381782
13276746
4404735
-88108137
48504028
-4673560
6569079
-82099506
78655508
52414242
28322402
-75675778
79194556
-73856695
-66894849
-81130553
33177978
26858254
-59058532
-64897575
31295845
-6220875
31938981
74460585
-80476773
-59761241
-2815976
-4617366
55758438
-15213825
-3909554
-44730992
22113263
-52730009
-74248843
66932798
-95300597
-12574776
-4289861
-4265794
-81127278
-33548203
53745705
59996570
75668040
-80975588
97416194
-68004062
22536812
60912523
-44439499
-76696412
-76709726
-92727075
-47763323
-83473015
46111152
67525464
-50803934
-18365375
92610762
73437100
97935355
79148650
-98989174
97266891
-26191911
56706548
6798470
-2079464
83015355
-98133931
28348317
-65666338
-58267067
81846186
-90903230
-42670790
-67893073
50611648
-75528770
52160046
33986498
92590042
-78445634
-69984488
87406388
69141624
-67193110
-27510970
-61967805
32458425
-51168837
-85568167
-82250275
57819448
-80619395
92985367
-18034452
5815319
77819364
-66979484
-86964322
-98507013
40370493
19009635
-94702581
31231709
-42459873
-87080289
50751212
89329076
-95982292
49447939
19725585
-39990566
-29398927
59528873
-47400753
29256440
-58550304
-32248386
3074139
38280841
-49794785
-10522043
52199279
-72815830
-33720331
44930342
75021396
-2302699
-22226481
-11219945
-17016941
79678511
-90186285
82660830
69499781
-46263081
10317819
-96551871
25145606
-39020904
-51936184
15277382
-87693635
-11844474
-88234662
39808530
-67102521
66747156
10190809
-76409229
-48571741
-38610980
-8261906
-61290736
55937748
54828698
-77242377
-74945985
93897990
9690699
-76860047
-82079408
21002300
-77516410
-35237669
-4705121
-88163200
73095626
42806372
-82858122
-34362114
-85485550
-28242501
85269175
-56765067
21158177
53454557
78162081
46349853
10061432
-99348139
-15867997
-32561873
5781361
-47070795
-56760003
-99980103
19930611
-99145576
-6926181
2560086
-46340816
-56553630
-45622241
67607323
-96049732
72403689
-89935285
-92617578
-19928451
-33514180
68023231
19030749
59220472
-1545437
-48329202
-92158969
-76595031
-97622146
-18132690
19585161
-69519163
38766029
-33288831
-4756696
-35671037
49317030
23888101
35840892
-67146948
63366890
50388268
16345099
19243951
44042572
-3901429
56596109
-12407328
-60997057
55153812
-59712396
64481426
-73077063
-89762939
33528495
-60432272
-86237590
14684569
-60223862
-34655704
30657524
98450085
56915029
33256502
42888805
-74888126
-78214278
84438421
92640969
-33325360
42806953
-29339807
-74289998
39962302
57204455
-58916346
-38883543
89189777
-93773041
-23129824
23245413
84532265
-58431278
-74246102
-51148021
-40978383
-67576836
6601362
98337291
38385048
-2460741
71578516
-58335717
44246358
38543865
29563743
-45042641
74513847
-60850386
-99681057
245397
-95049822
57167636
-83718293
16694579
-98453859
-99937107
-41302895
21035942
-82518704
-23156926
43657975
-29717576
1948935
74942657
8202217
-47995647
-94113074
15212865
45547514
-77955158
30242174
92246533
38599102
70902499
-94796643
-75644016
-10386929
1777279
-78682466
-76040365
58040219
14624763
14564434
44661436
-46515142
-9437191
-44081698
-3913596
15640608
-8905869
92191429
75379751
51310367
-87117755
85776668
-69051859
4981363
7022018
9908219
42657577
2298884
-83687292
-11000651
-94222016
-75070338
-69972465
64340376
22600264
3868428
85686811
-50533982
74423448
37858628
-39064757
68766500
36340845
42241913
27073492
65979389
75185885
-57569926
57092132
-74088405
88220148
82576721
51168437
53282058
16975630
-51898257
-59303167
49024217
83203740
94970162
67443519
-63211531
-3748739
-64676700
81466428
47311580
-61565954
-96199900
-64571667
39648038
81002895
40624670
68258954
-69134594
-58838772
2846701
30016977
74707845
64454124
67937587
38359124
56455533
34307657
-35041438
3685402
9974624
-65677505
24851844
37545227
83689486
-45020531
37128145
74989269
-15468631
-68880697
31603177
-33024812
-74949854
77631344
-9921175
57451011
21744421
5036427
52574614
-96683249
50024019
99968915
46252349
-83591469
-15809376
50686836
41432178
84287633
-1329459
41149448
96800101
34065778
-94852269
-96258225
4621924
-74116175
53083418
4274230
86110776
10847745
-91405516
-22027451
-31674930
-86648873
82834396
34225868
-41141472
-95203725
-65621347
-35922002
-62118676
6181831
-13025814
53511973
56139356
-92191174
74269801
-76188827
35569469
57212406
-73584838
-68118462
-64023843
85626718
69244142
4056643
-73349442
92993449
-71613490
-96100167
92907910
53437641
87222512
-28983815
-37857341
69502052
-26730884
-45531871
17452724
56959420
-99144728
69136535
79000682
11524808
65491576
61656644
47183757
63997563
-12319590
-48862711
62659249
33410018
41564114
42162835
49936712
68542163
-60933805
64252383
81347140
-99260606
87559916
-34312625
84117572
-73493460
14142238
-4739696
-45351620
-41947802
93506034
60529515
61928932
15339821
14686002
78992188
88633164
-87717986
-59030707
-59075173
-69124128
-34078496
98730278
51054137
72095212
-65049397
6448513
-5156822
18534365
12318694
77549657
-66554450
-43442219
24066514
-66844736
-88959789
83994175
-93985328
-77353020
52869327
-52326504
17908865
-71043673
18823520
-52939156
-5117233
-38490410
86955671
59755201
-51232596
-12335065
-41922674
78905335
33968673
68290984
-73083563
19927584
26531705
-53186246
-27052367
-74718616
-94140064
53666412
-80703344
74046269
63914641
-75520705
84165630
39897218
79959893
416271
34780120
5936201
29949466
15623628
-39686082
34345799
-18930355
88220688
76342378
-25229758
-46787959
-18497495
-75495480
97087651
91474048
90895671
11082955
-13763650
57044724
32764706
48796473
69914812
-11909519
27563190
1932797
40440807
14638560
-24377814
-60268243
-9118305
-32508391
73661451
8034370
43270741
-90971956
76595234
35231279
49176805
-77320037
-31399033
-74557783
87015884
-70310947
5025229
32596788
22522178
-88728704
45754411
-66480257
19017260
-40501910
36764339
-88024805
-15538745
93760488
-99501843
73639804
11965302
38024189
-20391635
-87396462
92849636
-22321480
33339693
-91985326
52282035
26871914
-94178607
86129622
61181608
-16512919
-14569353
-41038371
57355453
-55485355
73693923
-33951479
25483685
-78053842
65435379
8988570
4143552
-67029471
-65337646
24981256
-18830797
11438172
29225647
87309010
38672420
84196724
23326353
-69842233
52119135
-70240585
-26208546
-49762797
1165101
30510721
77595566
84528651
49266323
-17062036
28058119
-99815551
-29121604
-83455429
43994050
-12805822
-91691834
72940287
-73505162
8157023
22634987
18854000
12659891
65490622
97767913
20710882
-33931507
50333533
41960778
-93053022
-1513191
67534608
27275520
-94037372
3267814
93924483
80020764
62879796
-36446597
66109828
-62908028
29366315
-14814840
60453603
-26258155
26693906
-52787416
7197728
13598323
-14357618
26128562
33198498
-11045659
-2003868
-99284295
-19377996
-22938015
-9968995
-66489935
86062610
-44501143
-23340330
-5094337
12001072
32680500
-38876095
82020085
-90753375
87848056
8965611
-22392040
98890261
-13027959
-17437104
49189907
-82494801
7033919
-53284488
-58515304
-61220568
-57136169
-42072545
40640201
86800441
34485577
12069216
-53973080
78084924
-78187749
46359838
-88316061
-86707618
50002418
-58721442
-73359418
52798721
-85743618
53141693
4518808
-95487908
80573741
82400525
57386641
66343744
12759226
30832432
-21084471
71394278
35606948
95513787
-14146295
-21116334
-70475139
-26688181
92618934
-84465016
-72975383
-57730322
-91960925
44303554
-49558142
81701324
-10990800
-8727519
21404667
-14759859
58444123
88803025
55565772
22944612
-2869278
-97504365
-60056486
47405274
-10458085
-57663698
81112841
-50041679
16504042
-76235662
-91751099
7998941
44354517
-17012339
-84547853
65099131
48844569
-57002000
62882498
55620547
83671370
-16432404
-89689554
35702504
2724493
32333773
33928434
-39864943
-82043119
36345999
-94042983
-60241376
52412300
97101888
-80305430
-9573575
68119293
-67131728
93498993
-53977263
56807461
13564230
-38514728
-90270157
66935401
-70348336
-17211234
-16523002
23501637
33043235
75439335
55451567
5859023
30543539
34056105
-60553804
69959137
37516671
-45527346
-20297352
-46478657
-6159562
59895714
-75486529
-64030238
-31836980
-57332103
16335295
7268572
-11798362
-91055793
-14980842
-12817591
-59490710
46559142
22344210
-33625098
95606956
4701554
65933774
29128258
-87555637
-85770965
-96278347
-37446330
-99244841
51340544
83511066
53990282
16442313
-74544848
72801229
-95210853
-47835244
97426782
-78791724
-21358935
41582011
-32687266
6211748
80764819
-21260113
-28328944
99080953
58783057
-70724873
97717570
-24462604
-60844567
22998842
-5883504
-14761010
-78806889
-94989765
1343918
-54825311
-59272881
-43206797
-79931306
-69732107
-14869723
85338287
26644665
45002106
60836512
-91100975
76365688
-89832762
-38226572
95771354
29579566
80852257
-48436308
44704752
41632368
-90545959
-68812140
-41285651
-56881292
59955263
94042692
-44474098
-74690260
43070902
-27123089
-79267282
1797485
34707309
-24430540
-44624737
71334306
-11640904
-22090015
-14529070
25650891
51573406
-21497438
-94513375
42403594
64238131
-51320430
15522216
-42983688
-14030719
-70605681
67710517
67031155
-32752067
-64694643
-63143528
64943359
80282813
-66870825
-25196372
97850623
61015935
-92688672
-61424500
40137217
2274000
6383817
83312113
-61949160
58287436
26160802
-14506427
8313507
72711570
-30848209
68505618
-52772055
83125286
71426698
11036103
-12546467
17189005
20433293
-20150111
30297575
-5550482
-64921190
3195121
-96427966
-43239300
60890370
18745777
-25186306
-26327725
87325671
-14018373
17560889
79588296
73508050
39186429
-89424032
-73650472
-7550986
-69667687
14841558
38094193
-72751143
60487544
-27433245
-40474786
-86570236
-82564150
28562353
47330911
2137788
-30315897
-70045563
59256468
-25301201
62583434
-82540097
-83800428
77494334
-52640993
55104917
26268945
93406173
-47479945
91446354
-39837093
47390565
-79696316
-18084072
56099145
-13602336
-44137818
-20549480
-35727925
-17004278
70088170
42254581
-49095771
-87673590
89600432
98451309
-7329312
84011790
25713728
-6742606
27736969
-96026369
-50248610
-84052165
43983384
85303769
-8206051
-15807326
-2177956
-56143232
-82928948
-8364390
2531505
65408603
-45730196
-54419057
27542617
-81420075
6902662
69144688
90474866
-18301886
-11855360
73320361
-3973804
-25167630
-56263383
-38110637
-79237267
-51623193
18412022
53685240
-95443338
73656000
-53160727
-99779887
18064643
61102838
17887779
-39365227
39611270
11340768
-62638153
-13943273
78321244
73102749
-19328401
56259054
69862752
-13198705
9760936
25036432
75867419
10398984
-1604186
13763581
73267709
-18368908
-42358896
12521122
96259478
41304690
61347182
4112506
23875908
-72005920
-11280009
33106874
28630198
3104666
-98046636
-64046291
-29116262
-10915362
-95390177
-48134268
87743102
-15296951
-16978433
30062099
11260048
20248174
49912173
31847003
-79877945
-38662155
52363518
1585183
90895013
15773906
82200973
-33581419
61443165
45609170
-35637308
-24884752
-26389013
25003110
-36106863
-45262075
66190486
31262857
-21210743
68235640
15836750
-71292342
-99052849
-9011897
-71330796
57878197
17203767
-14072348
-28595346
40796562
-51396732
-80074284
68665847
52194125
42731242
52297851
86952649
65468322
90845770
-36610342
-54067486
-66877382
-12537607
53693788
-81685091
-62302726
-76889431
53097321
-45455076
62323333
54135463
-64464308
61924202
74928356
-42147068
76657416
95952986
77211602
-41595027
76511973
-88634628
69571330
-8196585
-52208979
33160627
56395565
75370530
-59434026
-58939833
-48144803
-14321193
80904309
-21851744
-21385424
68598001
75484177
-3027831
74747619
48683380
-25050472
29668302
-37750310
70938860
38898190
26821811
1627132
-22020301
60089432
38790223
48447656
56672558
-40427352
61926137
-80581259
84600501
-29773886
-7747178
47769730
71250048
-96141064
86768186
-64876689
71235566
49722805
55496045
23535914
-60374347
75374378
91106382
-21532405
91211889
45374973
25285231
27786503
-76667667
33395788
-49621306
32170941
29676217
-27590779
89541305
-76137212
31121610
78135972
97555099
-74963971
46108247
98297440
10309016
59904032
-75037287
64285630
-66168926
-87307424
66341654
-32938944
40785049
-81482337
58679171
-62928688
18288519
-76498695
-65588132
-22509446
89241335
-70125726
-12855065
39986515
-78723723
-36229562
21971065
-81262409
-82056673
-54710394
32074663
38022760
88282011
57159945
-26630676
-76371468
90464668
-37055022
-60725688
35787244
6014535
51954718
-18826532
77657626
-82893532
-13392362
-57413929
-77642871
-22391390
-9525094
-62184082
-63481035
79861019
21479571
92339229
-57487545
35183895
75807585
-32028884
231572
50096050
-48616391
56372414
-81071761
-34419524
-5392253
-47102747
-20850076
-30017467
-47952669
72997363
72274708
45660338
99197900
-23069717
-28387345
59295508
-4869754
96514104
-25815286
-37119870
-43142451
89622458
73204522
33775766
-25034613
90657078
-28630663
33440195
50665753
39014225
-41075394
33305089
-6050250
63710815
21535551
-22003543
47499775
-89659019
26690690
-62067438
35641148
87849514
38388609
41739656
-24500993
-7626314
-44273216
-4656762
74792314
60565092
-65913310
-13288013
71686579
2584030
-53119091
-7600254
37826307
32729995
15198937
-60579118
-19083304
57488476
12185389
-13686798
-22275647
-43937188
29448894
45776421
22622069
83571508
-332234
54247420
39697620
26491448
51699001
49237312
64343723
38987422
10353015
10503242
-14238518
-27488225
50982785
-21998336
-79783598
-4009511
-16815320
62537654
-80301034
-66190025
98681563
-59475871
29523569
-44459041
12616963
-47874283
55894193
95572391
72088448
78790797
-4856766
-57904204
70816616
18266147
-15983835
30688268
-30923634
-52924788
-41461885
-92283490
-25386277
-14898035
67509962
63688199
-97917942
-90072128
63777302
-3845442
20629763
2989937
88279872
19608985
9159420
-70082380
71432842
29341690
54063572
-6229072
-77751545
-47898372
-77343033
-69474944
97525432
-22553150
98636512
89522162
52809927
7904478
26329953
-47589102
-94813079
4142397
81081101
41037474
-67789193
-86265697
88488712
-72411167
-36876570
-71747432
-18482072
10591202
90363311
11157117
11027940
72785076
67372996
56704642
36571207
-5013233
34539342
12972597
28910895
-68855308
61616547
33247720
874166
-30876597
62210790
-84240080
97080164
21134069
74392391
-38585714
66905435
-25282888
-9438256
76806781
13535580
-79711165
18504442
-95954155
-13789536
49052017
-90789992
-98992226
54749126
-81973388
-69799196
-19461110
43322390
-19345012
48935317
41737380
66639586