63008247
31649545
74929791
84387280
-16175902
-66797684
97671667
76370031
91675383
-47788590
-172950
-86429893
59864035
93467636
-18078928
57521929
-88506694
8114669
39257603
86842696
49208824
-23613493
41107809
-39562826
-51052062
-91334503
-96457700
78392703
95057926
67289432
-5026781
-3578367
79821518
11929885
-32537001
-83499441
71393360
68091556
25116698
-63839588
25875831
-76210175
-78457283
41597977
39782991
15229850
63195497
11350067
-64852482
15089565
84170107
-65524130
47008175
77178591
72968606
-20126919
42627751
-8530972
35076582
85111648
-52830580
34014972
-44826401
86184911
-64933687
-73825087
-97161086
-54824389
96959177
-73978088
-77093700
-45405275
34761062
88211643
57124726
64428026
-14848287
-44894511
49432688
51703377
21296472
-29132877
-13408445
-84820745
-41422558
17499266
-58498654
-13257203
43255835
-90464311
66336836
98726097
37309787
-28479446
-38639092
48963202
35085943
-39011176
-43368147
19313627
48150116
74781032
27411387
-64144284
23254202
81927241
94607878
-50540166
-17641231
-78816577
-61976265
-38372781
37629383
86533038
63729260
77926698
19551407
-51374186
-4783545
-70815310
12356401
-31604382
-33557917
-78710447
-86084792
-220573
-80023748
-91803852
-68711547
-51249300
87037706
97169667
92293842
16389851
-54976311
-85487343
9849782
88613418
25558626
-86144732
78048604
-19780065
-33413362
82235448
12585606
-80269678
-49232820
41209381
-84635413
7756547
-84690543
37104744
41297999
-8317644
66185050
-98113803
-32314339
36625327
-35908499
92251581
-81223095
79252091
21092725
9589058
50620556
22535510
47938679
8163588
-36305251
-12266851
-59481991
39934332
-35160879
-46041294
-22521932
62457098
-16821536
61053206
87743588
65488806
2646305
37401847
36384533
4496135
68162849
7518211
-72403090
33310412
17294834
-96547518
-48632239
-60927373
75064797
-60776104
81287486
-94018818
-49145017
-63429452
-7481491
-92476905
-40531142
32499918
20168835
5830456
-42267320
-13488962
50818694
-67027813
26657194
95562622
-17862162
-57475662
-36441977
46044086
73271180
22445635
37428048
56068766
-5090434
39876013
-90726858
-27742706
-59582703
-91398574
67517552
87303088
-21446448
72995075
12051193
56245101
-77006452
-81301849
23692875
20226222
-48654852
36129830
-88952301
-40461537
-68833619
18991123
62511716
-12892099
89773304
5385401
52977294
-12222913
-54671248
-64427923
75738026
44999669
1055942
-20673147
-85880163
-27307021
-19946350
-35036919
-41809953
-55426904
51268757
27743457
80600259
-9138755
-27835987
-10939696
3406490
-89964402
-67630267
-80183073
64948143
79025296
-29697397
77492440
-75381854
30155668
-59309385
-22430554
87557997
57478970
-43220506
-84696137
78961040
8155996
52331165
21814931
-8267994
-78695914
41326322
23662821
-34095340
-95232716
21030070
28173442
52581881
67952578
41613385
-29975480
79880079
-63844358
4060515
-94084262
93828974
34515090
-26774608
-74313063
-50968335
-94135749
47409229
-68797219
74243623
-26087145
-76324292
-47026074
48924422
47989499
4590906
-34625641
57567
-77317445
15108201
-79233998
-25310342
80439043
43466063
-78887833
-76119685
-184730
71125566
21233151
-51934105
-20307027
66881326
-35343219
17191248
-764585
-14870138
-52495499
70866075
-28975213
-4459005
-42736029
32410093
54159698
-47703978
42228139
-88804270
-21226820
-26291955
31441184
-30497503
-6974701
-5696311
-83257655
93288394
-5733704
16910790
-16315420
42367841
-65181923
59421981
24659872
-33940122
-57300463
93245934
-47555027
70616597
-44515194
59594689
38713009
28139480
-21959299
25617651
-34710707
81878292
-23518863
70136623
52172739
44146221
20705279
66514582
-72033351
85747023
-19585643
-5838406
74396747
-73103392
1954444
-73774319
-5142428
33174325
49854979
-57258105
41517690
-39002184
-74898888
-76222240
57975739
-65082252
-63634828
17420530
-32267200
69415466
-82329007
80767076
-77596948
42239698
-99153505
-53511066
-76102980
-5851430
-19302222
-75841459
67486365
38873131
-44285763
-78414696
76140601
-53236672
30711836
97660505
96142246
25134471
-9404327
43976768
83137519
24254850
84476582
8041649
-16755626
99070458
20793216
95004756
21285843
-29876272
-167608
-23342340
-62271056
-69134669
49620580
59540835
-12016168
-15472726
-13321668
-36603970
76335998
-82671013
-60686167
2155831
-88509652
86788176
-7980610
-45185307
40004481
-87087832
5329851
-31827605
65732646
24433075
41862161
33198309
-54192577
-33391512
41726799
48029669
-98792521
-64554698
-97268784
26758764
-97766682
-83372968
-95149784
14975703
43421352
55498621
-28169912
51179559
82530328
-90705501
-51159200
76976592
-34795958
-33240375
70654397
26962891
44636540
71155427
-27143989
-35605818
10696153
59763235
30830890
62644816
-53544712
91943637
76836658
-65819944
9026476
17281096
-52246888
-11384776
-51181989
-75178267
-91596434
16986259
88013631
-41998767
-65716661
45236752
-20662418
85002550
44655600
-12008604
-5227565
93525204
61530732
60392628
-8304966
12748822
95025908
-56734882
-42952457
-67886770
-94646202
87908718
-48028355
55245302
87325850
9734356
-48882223
-10736723
22849408
86417245
-50460941
73114117
-40356296
-63602042
77352743
-77055776
-68114087
-21472944
-35017188
-40582168
-10202036
28913468
17827800
4353532
-51412586
89002406
63963942
-98418971
47806896
-457241
31507359
-92996452
-39891024
19652475
90908803
-63151270
84822010
-29012265
-60570247
46307346
16892173
-85007368
-87752798
16135241
72864510
8118818
67601557
31514379
22321498
-67077554
-82693164
63530455
-21338036
-91580330
53367134
-49242741
-81935553
4158332
-78989251
6502022
96187615
-35425600
-14218198
-55275048
-25803823
-14032436
-26247891
-28417231
-59982869
61005918
97483583
4679373
-23808100
-2187729
64093510
75496865
-47309858
7361234
-4619630
97566731
71601158
69973356
65677850
43103409
20825585
13470174
46270899
-29517961
-35338577
-21212826
-46426146
-71499201
-96229074
-34292265
65658640
-81133373
43885786
82045098
19088422
51673347
93059104
-24363089
-60243303
16654264
38178060
73070660
64434795
-58576588
-78832301
-75032334
-37105898
2432657
-54399283
-93516921
99379701
-91343573
-25288435
3315441
35219246
97739733
16192852
94502013
-87113422
-99933936
-45735147
91838666
72608710
24956715
46279572
26317631
9113931
73814637
42908968
5842053
5097385
64489460
-92088091
-10576019
23006843
-25268617
-33117854
-64246700
87701273
-12734762
-54566196
30504752
-62180844
-72850984
-14422053
11179827
-18783740
-82310934
54422152
22715515
-71021324
39914159
-38249654
-3523467
-8592732
49805497
80523190
-33996021
52216999
98564392
55551710
-70233818
-47091447
56785354
62845939
31171463
-38794939
-14288806
-23145940
42757434
-93805529
-36693363
-2520253
64010471
7193304
-51779401
34944255
19989925
27094181
14258978
-64470015
-9396127
-52037899
77235483
-88125107
-3238647
-58306769
44975558
-43351289
-75798524
31354361
67273287
46720230
-24486240
91503268
70927400
6816249
6078750
99029472
-41521939
21330351
-35747198
81051650
49041977
-68103114
-54491416
98434594
51779155
89792215
-70024064
4153543
99761006
6837922
-65579532
-2240742
42697503
43796636
-66021320
92361177
-93258747
50568808
24060827
92267872
37420917
-35118952
78412537
-17802469
74773619
84099260
14498440
-71938104
56777762
-85429104
-10862564
885565
75720698
-32072017
-81611400
-10711586
-83547018
4502403
53646203
-39857294
21250845
-8841850
-34786366
90862341
35570196
-11568873
-78936059
59596994
-66748696
-71305623
93310155
-32669740
-25992191
-81147948
41003543
30638016
-68602615
-96618145
-49840066
-97331848
-44259217
86627989
7625669
-1697953
22713678
-53231281
48733893
73855903
27508811
-45136834
74255508
35079916
10397724
-77599635
-50526989
91524053
75223523
-14788126
-82039268
55489203
-9927269
64349150
-47754541
-43282513
11059309
-31224034
89549513
-78899587
-10086668
10438440
44808009
-23073200
90759932
38589707
79918943
50533432
-77155921
97026663
-401551
99843345
-83991773
4925158
-8427757
42833717
-60101423
-42003864
-13515880
-77410502
-91990072
13322244
-97540943
1924856
-83977135
61197738
-74396934
-89010066
99321287
93844412
63573246
81828101
-88509196
-99157469
49921296
62521651
-248008
-79671528
-10889548
51589641
-80183781
74607538
21956508
-87302304
-63681839
-55291869
-51638351
4469166
-35357240
43171249
-51117421
-88830179
-94872161
52906077
61341836
-3527956
-6844426
14599869
62094905
-56966409
-65896327
-20459362
-50485777
-86874069
74403853
-92674033
8426724
-49544845
-41125552
37686931
16785655
80490440
93610557
14857756
-660721
-830460
-51545945
-75764243
-90314284
62453346
-43561570
69539906
-23960521
3694416
30260307
94612842
-32460968
90933697
86316023
-79082056
91920110
-95976073
72726723
38236235
17628744
62987052
93119727
-98659688
78111879
-56467988
28281688
28180697
91239597
88701399
-6931682
-8694179
-96676856
73162758
-8782809
-55168571
-71995068
77780234
66378331
77538176
69651847
-15484702
-16133131
-80791305
37445368
-80659056
-18225288
17588309
56824816
-90233192
-4740640
-91300790
-93975598
-25986844
-396645
-49608912
-3080649
27797202
78964303
50556569
-74942788
41353891
-55904708
-32746105
27518201
-30411781
-4070365
-54134477
-17165663
-19803441
-60895737
48159471
41443960
-33462368
-15084930
51506448
52565690
-35575856
1404097
8848260
-89691179
-99528631
-63828810
-67563873
-4482265
-95804517
-90615769
75654415
1993321
65830317
-65827379
-28960567
-36004681
-90513044
-73449598
77108441
-32016522
-55236040
-12342966
74876717
-84758755
-14065516
-47433029
67904461
34746551
17312099
53447671
62202639
31660901
71952109
51107488
60628159
69434085
84406478
45914104
-55362440
9157159
62502189
-63031037
-68339971
24757032
76329177
57541656
95437560
-46840070
14020840
-35628540
-43819904
28981908
83485919
-5520639
14618619
36529688
32679634
-30319847
-94011352
-25495777
11458953
-33281440
-99452160
96825137
-79855876
-60193652
-3847652
4870436
7244012
-65977754
-60750893
69618936
-61369544
66344605
35927517
98832508
89944311
38766257
-48347955
-77327792
-60541164
-22715706
-64738123
-93736500
-52598901
-3605044
12783394
27826032
64014420
-66747679
-23458340
99731405
37280980
-72421785
-69835497
33988947
13539608
-99566413
43834534
31112308
-70111882
61361274
-23333315
23012039
46787618
38260944
2338545
-45634997
-99310657
-55300138
77981981
16768540
89410374
-94258271
-12727405
-54223528
-14046574
65284837
150222
-7176462
36198174
64379333
-78628328
-12188217
60398091
20536155
-80501668
-10731231
11329113
69270228
70564058
-68540232
1708609
-44621677
-88508564
-41740425
98870935
-44773988
57297688
51288918
97742018
-76742114
89888353
62749668
-3000204
41866336
-74613971
-41575846
22425109
85023703
-17671668
72599096
270820
-56058260
63987594
26398621
51268486
497639
75787478
19576415
15479871
49533294
-72618482
-52933555
50186794
-43458262
40862779
43563196
66490711
-45272594
-41967863
-26662125
28381782
-6325436
-49070617
-30488981
-42384192
-77640865
87743198
-35471241
84114640
-81623263
54757125
-29379725
40073013
-90609530
-30963501
83392802
-56811524
-71470863
63289112
52992414
81348004
71346335
85233436
97666697
48143646
-77434881
-40952208
-87514430
-69923415
52291704
-81615429
69542834
-24444158
-43707252
-68659449
-50034206
-40738303
-24497418
-2406840
26416838
43485961
28685471
88424272
32040447
79623379
27221403
8509577
-85699676
61198812
41384413
-16825545
49840324
33318878
37214553
81854438
55265919
15237604
-626942
-94173424
56047657
-61286903
64707593
-11032152
45690719
-63116339
99134848
-1605911
52016137
-85272812
-3620680
-32042205
69701938
25581219
3483871
64778902
96461325
-94018437
12449891
-44434004
943909
-1408446
-50877045
-1024602
-9153138
-21084064
2830033
-50120986
64984909
27897527
-4381394
-9014032
37937337
59677105
-52925324
-91881066
-62686552
-39313311
-87228215
-99540671
91730958
99497911
76119514
80626928
-34904625
42178220
-68592693
2027934
-78266772
44963434
-89158753
-96508083
-94076957
1138655
6684403
-71733256
35212566
74657881
19438057
-79153992
-99150357
46710977
-90754404
-58453676
96640659
-82891570
-69980916
69949170
45772726
-15189475
98940831
9247819
41361969
-35627354
31062107
86270636
-93541879
-93985285
7541463
2049491
88460361
43847626
-41200874
-27981898
-41846869
-17541924
-19333167
87559842
-91561367
38050141
93754014
-90753841
-78021551
-88026028
4511898
6534761
-42146949
68809641
2719239
10792364
35968438
39266781
-706288
71924336
93700348
-4763788
70372078
12722282
-34054010
-21883933
42677133
-61039717
65813575
83664569
-49230922
41329503
62122264
-90399614
-5686094
-40032421
-82605709
-60619973
17017370
-45213524
57462328
33485611
96572920
99885646
1282466
-88215640
-35263875
-9377739
68189461
-77546123
-1213943
-66989991
9251973
32184970
54687358
-23724316
-50676248
95139514
-96405706
-34971054
-91333517
-58143858
34794410
-1581484
-59690873
94183487
45514417
87584446
-24750331
66566508
-46706288
24166304
62444140
98319421
90094139
-138267
-53566239
21030893
21502338
82257496
-43533689
75049739
-15564814
-1670255
41296493
-43149873
-47544838
97276042
37010243
38621932
15458270
3217705
-2948142
-46747525
98625124
51155781
-11861607
-64617537
-48588253
-66248975
-96178896
24076821
-50363384
11100794
-82417872
-3415546
-90584696
-35871994
73227395
38811438
66418101
23186899
-39729283
98928376
80713192
-63389757
15193890
-74636903
-38257641
34958063
78905059
-21441357
24935742
20888457
-35606016
-13213317
93313588
-78447019
-46736545
-76133730
32854940
86333820
79587313
-15434477
-12139252
47643207
42649306
-4377257
83893482
95020175
-58950810
-12961791
89691623
26960013
27892879
12376174
-10798808
24914123
-18580939
11509293
-94198537
-93492742
-2770973
66623032
-75914106
-24716465
-32224898
-10638734
84338547
-95860574
74443061
-71153885
94340861
41494708
72916812
-97492270
-7726882
-73343993
-24498350
52154855
-90565768
2120558
-52114725
-40030652
58313610
-65256284
-55843865
-26128130
-85518687
-76965083
-48400977
-75339645
74265170
89547562
-42334722
30469469
-63639033
-83252109
56636038
2528191
64104179
8740761
73425393
-33547413
-53731708
4358182
82020275
90610583
-56684090
32191191
77601165
19915171
-41367135
46510714
-91279655
1101604
25493427
-94182424
-56277429
-22762165
81262136
2129121
-82405912
-21875828
-86028630
-69376658
-99158697
-54499239
4313540
24625124
-80004105
-3233527
17932457
-53248602
67918167
45793698
63653090
-5129646
-73406550
40193592
43575784
2112964
65861756
-17315882
-28218992
-30145912
24487776
-69242054
-56051355
-92581600
-71102746
-47465234
-84289642
-5228627
-18691697
-62136534
89007799
33040506
-22129954
64908636
7039654
23492845
21013708
6598959
-728395
-42985651
-58514182
-86092463
-77015855
-24075702
53909951
50652517
-5266210
8669319
-19822631
69152760
-93859757
-91764225
49107446
51752558
-27351103
46056861
98140781
-34628220
58241602
9502414
-51289769
80170390
47404511
-67219100
63319679
68817644
-81644994
72329123
-85132018
-19787845
10499251
19578653
12897799
-62797115
76191023
-32450320
-89129391
-77515376
14553050
-70583909
73583710
-49887650
35929880
-14312039
-63299042
-77817396
-94800091
-4694253
-50761592
79127624
38488864
-95065934
-22173130
39912829
5401150
-18459574
-13638156
-9308607
-77721166
94213177
21450157
-63656272
-25144516
-28718617
-39565751
-76891483
56562318
313522
73254188
-94855410
-54126311
95526295
-41930564
89871440
98285
757830
971832
-88005951
-50096694
42055211
51789915
-24838540
-580311
-69488473
-83811487
30937827
-90899812
78395250
67142712
22059507
70399751
-373720
-60517637
77194826
51065258
34301379
12948652
59725771
-31676622
64432252
61048303
-42324657
-77942607
74879748
-8925551
-10064954
24778876
-84459631
26896974
-76709095
37293247
-7145203
39827092
91187502
-6506583
-70209553
47881148
66173662
85302817
53244210
50341584
-98049108
-73216157
-77974129
49933490
22745752
-30634305
34667206
58625625
-60405448
-13060944
57141940
50052390
-84168119
-84401294
95460456
45282812
-63790602
-22097321
76931524
87729974
-1811480
-35894592
14448157
-74414272
81648250
-49252630
-55879596
39651729
99358578
-19274879
-50211446
25716187
64905883
-52465142
-58796195
11238137
-47933876
-19299922
-95847232
-20617383
-88599243
91638942
-62909669
-64416845
9266302
16239679
-90816659
34427765
44607069
35691958
-77849149
-60085995
-14459878
27094932
-59740537
6047902
-33841739
9146050
26547334
-96002438
50440388
20267126
-10174497
-8202680
49918138
16294567
45855681
12666265
45165028
46807674
-56749580
-82120228
82196624
-26845649
67804551
-87150977
-61105680
-48486455
38658698
20852453
36904074
-13546219
62280100
62991014
77822551
4155548
85701418
69206562
-34541928
1954846
90655784
15901404
-88079115
60403073
97335377
8257567
-42570053
36108708
-30883668
-92231215
84078908
49059733
74517648
-50692295
49125418
-49844832
-43770471
41761825
-44430478
-52128051
-60176917
60801515
39661729
-68622321
71519588
94901949
40722438
-31661008
-55297769
41937685
-63942788
-79721720
-32685638
45446410
-44012873
-64509947
-10868576
-91102665
-64158423
81100085
-42054920
50503997
-71276486
26339914
-17441854
-36426173
11329989
95235350
16427922
-63350656
-86294454
3350238
-40976069
33473346
-43825850
-98900807
22321260
-73804402
-68935218
-26675113
33147073
-72943240
-94412136
-93729553
6331770
59478332
-65940508
-21732708
-12892002
88959178
-58914622
65673682
-49452368
-11101913
-63091102
12885631
65062150
66571230
92299087
83084
7861770
-47608783
15672366
-47935472
-35346901
52568272
-77325972
-85964880
-18467627
-75912529
-33385300
28542063
-11448536
-50227884
-48247364
15520444
-75400427
-47815796
44708185
-89828584
-41116675
-93113896
26903334
-54938331
-59511502
-8366533
-58796267
-83176992
1815566
89568941
87071609
-94497541
46990291
-47533277
-74038507
28374198
38097639
-8647097
61196718
-9393691
28910835
56036064
-16838035
41559092
-50743389
46369903
93809534
31084027
-46418494
65039825
236525
-6121422
-30475213
52554390
73427474
-20478767
-52089326
48918334
23470574
-92988893
-62383717
82498693
5613634
-24993003
45842991
-20883688
-57127533
25228081
-40985180
79456343
7536088
-58954519
66486205
-90559802
-607082
-82166676
-22669825
38272126
-21514452
-66288371
8991823
60170223
-61272522
19470607
-72459311
69236903
-73607007
13023073
-45828738
21253262
-87007908
-29229914
-94618188
-59745034
-53226165
21570890
-4567724
-1792939
-48961615
-78695564
63417384
39930075
29515505
-68149899
-96591742
57756909
-55748576
-10286652
-28480015
56663
42076878
80470901
-53800745
-45504721
24681673
-15713242
38505564
67107387
-93187597
42258954
-3627474
-63983436
6822509
-8761799
-48487053
29133986
44308987
-41959940
52393629
-63045494
76490767
44118051
46630950
38284762
-39386955
30902781
-78525523
-58411646
12500344
-52087957
46512161
99132476
58200246
-89932041
-36672450
97963647
85090573
64789026
16714222
-44247578
96362755
39061170
38855255
30281971
-23020135
-4766197
-58400707
-67360591
-91524831
7827440
-15908308
86275569
-59408146
-81219890
26333612
91304898
-91025287
-76840897
-97921099
17696192
-58788851
27017608
58119357
66681901
9699092
62783861
77964574
61197483
77220204
-62974145
-50103609
-96403120
-60825634
33715220
31119211
-35234330
-14280629
96188160
30179289
17710769
26599399
-79653042
-21026264
13754608
-44353452
-7153601
-59295738
49224604
41275182
47113962
45326815
-2590927
81699351
-95649901
29504400
-24682720
-26989340
70728191
65386093
97991731
-5498131
87212261
-82286277
51473485
-46715064
-35971680
-58101813
-207997
-14398333
20833419
-82421053
88357790
13241960
-16792889
-4157923
75491096
34878450
-32167225
-9778139
17133977
-75630275
48690584
5672469
92055104
-19472383
66479960
-78939252
-66770557
62689696
62816889
-94380351
-5954182
86692031
30751889
28096254
-78368744
93807400
92531837
34125323
73870152
-55550519
29318793
32951976
40951054
-40614838
-35109900
-84693349
-73186595
87386748
44923592
82867723
-39031758
-65972120
-10667113
40747795
-8159156
10939752
-11606085
13234776
-25653505
98035004
24317359
60289686
-60206018
-4852942
-59057152
-77600501
96674339
31903778
11518270
33867782
78980343
-68827739
57841746
-9050267
67839260
57689254
-22400441
45589767
-38491543
-6326374
23340371
24347025
62546147
-45307909
84413113
52559035
-78808287
-88387450
-41627542
58077136
-27182943
27066136
3510626
22429880
26994883
6043355
7447663
-24689777
-57320052
-57102120
-12035778
-58596649
-57010131
95666968
24205171
68445814
38354941
62421350
7865377
-18632122
-37460196
19794257
79573254
-23001361
72988188
60273003
28950149
66454417
82836484
3603988
-96887474
-24483951
31102799
-24498475
-38455059
88422551
-25655033
-47717347
-52457578
3906757
71866172
-47624749
-77486651
99309488
-17801052
-44603301
90448499
-85551577
-75605575
24544600
33548118
-83844874
16243334
-51561761
-23368499
50322593
-98999041
-20651428
98503453
-97451428
-35652597
-22540347
24171557
98303986
97403431
60980250
93574631
79378123
-87736661
-67538493
-37970961
78255960
28377262
-59321737
87086478
-15865756
-80146990
67231460
80791323
-35432753
68929650
-14360994
-95340583
16524765
-70412889
93519253
-76270469
31937504
-43068256
-67930130
-82773794
-24664854
5519075
-90237691
49364804
-17119670
40578641
-62284571
-69193691
-9864753
13956567
11061514
66005568
-54781641
-22602490
8376997
-66140702
51871648
96127722
-12069001
-51405717
57668504
-76487301
-25306820
70149321
-15307780
-25398650
-34505046
-30948747
-5922740
-53497981
-87406665
42600574
-67827435
58566446
52568399
58877784
-72923278
39355564
48756562
-87665378
-23544453
12601118
-46859782
39362709
-42127749
-75857447
32494900
-10773387
94427068
73653256
5019490
-38287758
-56695298
-16026130
-83050637
-92834101
-29462202
-78910660
82599522
64806345
5302987
-54809778
-21560703
-98039826
-62026272
40829834
3328225
56373005
-40862945
-49564133
-76225448
34881430
57095911
36145807
-1659679
-87772231
25319293
-91921744
-66669777
34269945
95546447
-2419403
69797604
43512010
67813394
-46688447
-12795482
50575049
-36428850
-77901470
65758728
39174106
-45465746
98290708
64510851
-51548059
-46711421
-49152821
-44780238
-64488374
73829496
-98790064
44336249
-88958639
-3359738
-27405487
87831579
-71633548
12745275
74033097
32601484
35647257
-19471855
6521487
50241202
13304752
55709259
-98195655
-40463194
-80446586
39563346
6814770
63409589
74315575
-36512679
-89332882
-56547283
15798260
-76151872
87056044
-14340247
50245562
14322986
-86912566
-9078684
-92644567
-92955692
-11836034
-59525013
-83045036
-5252930
16152757
69258471
64669238
-70870091
-79367047
49507406
69097372
55464602
86022830
-89513905
44318421
30069024
-18445608
60292965
62989000
-80262753
-92342122
-32725237
11368290
-76719094
99900990
90278428
-74757618
-62445581
52989762
97744744
27299431
11169247
-5384344
28819185
35122250
-22118391
51485535
86429178
47988961
-63224781
86725649
-9423754
3969864
-57108667
-27787815
-5727310
-98542068
-39004249
70720016
12802428
42920906
-34501959
17465020
31358520
55479366
38683885
49906171
-71401607
-82742261
49559588
53566879
-92823500
86157695
-13183549
8478996
15514494
74402622
-77935863
47012564
-55540314
84348085
-95046536
-24384249
-64830955
-39703428
71568663
67331636
-84894183
79461781
97312956
-75523650
-36328849
62501661
74601132
-37628388
13005447
-50837377
-13165521
-17427189
94810251
3407236
69385883
-29108376
97067609
48202639
-70692220
61590297
-88443290
-99335567
-6083566
-76376772
-18715902
-42465512
91899652
41354048
68620452
87963073
108176
-49547659
75250377
62690579
-66478467
79291083
85274003
-17416742
-19886576
53214698
-39032015
-44755032
97180295
-92868766
47623725
97162405
-85794748
-39072760
55869450
-72532855
-12610518
-47945683
38841951
-87133069
-51152572
71347635
39978973
37808563
71023516
-15798909
25073299
33386235
20178949
86179979
79643492
62601258
64392152
-81325730
-87263287
-60030900
72975663
2061339
-64350779
20538962
56910051
-48097907
-56525856
-71185826
-77601981
-39286279
78072261
98600692
16865286
3988030
-66385237
70316202
92551571
-9820239
-68161373
-23292248
-206589
-43288230
-63233429
13681134
30313989
-66192100
95595352
-32984272
-93270349
-65419297
-64962502
-13344357
-52498741
-46712710
-39898491
-3867369
84583958
-78052022
-13783013
23389138
23407152
-89229309
-23233115
-29959832
72275343
96194041
84966448
57458258
44678211
21183367
-55507618
23529046
63447717
-13817062
96686442
-60372514
13337047
-83968636
-73423103
5351011
-57143955
-71941043
18234433
-93135694
6656312
44347764
-41356184
-48147105
97816597
98710300
18592064
23380575
-89614739
-47297105
77922373
-76056900
-40408587
-27629152
85884027
84476342
18027855
7311467
21284226
6619997
91207125
-45101558
91426939
-72767124
33212173
-58032873
92426549
-88346985
-16723032
-69800438
15150254
85477156
-46130808
-92393872
1319253
-97664320
-52242239
-15069449
44821588
22277016
23935887
-6721419
52325307
18930790
-44043366
-98650013
29437602
-80319226
-7964764
749770
27677406
21000240
3733317
46674427
72212830
86160790
-90891023
-682098
-70914581
-40122217
-28775985
-96279195
-97881653
-93096468
-89875934
17847028
42132226
16478344
-96536257
66609260
72707563
-89793446
64444599
-88264376
-7679160
97607226
57785488
17611897
-9602300
64140205
90405779
-8341075
15685788
21133196
-53611336
58888807
15598371
-208902
-52652418
36179761
-61915889
-40120682
-80777014
38075968
40742380
-96583115
31486742
-41646717
-96495278
-40868232
53878150
-35055419
81420525
71940956
-58503247
3592296
-12522585
-13930441
-18467350
47127334
38278558
72118525
10581771
95677886
-1924694
98729238
-40526744
67277002
27920065
40276179
62150835
-56234318
46277189
227287
-58973161
-76750170
76221297
-8621611
46424999
-57612984
-90775295
5597884
-9154833
16588889
47538378
-37724885
14954105
-63465419
42852570
-79508861
-31302970
-20307770
-83500002
35082599
32971981
-52050433
65674219
95646924
-93100803
51887096
64116810
48960987
-86430432
19778206
5382936
-10155724
-30528811
-55147961
30669016
-53433544
65693600
29426941
-36009906
6416963
19870483
2920156
-28849961
-38563986
93913972
-22157089
85698144
80601490
-74702834
-86892358
-13371663
43240078
-82000536
40805640
81302807
-51292658
40630066
-14907164
49853175
89498712
99651760
1250644
28673764
-43284172
41764750
-20854658
-39982826
10611761
27313298
56290545
27736050
54212117
-67337996
29258607
1738975
74150119
-54944318
-94511379
-2846988
-95760615
-46954597
-99324992
-35310533
-28980912
-73950077
-79541623
-66126601
-10257332
32695620
-6328078
74499397
-53195270
-89377845
94863699
-14908258
54609247
18039934
-24192475
-49829859
1235082
15502448
3225399
35483812
-43782835
56846104
5894569
77255625
-85379977
58084966
30809230
43267456
-56550931
-77390629
43560993
-76068205
-46440535
-50329384
64993574
69770145
-26171346
-80116743
-34138405
-54191424
-84712398
-35600948
-93361468
2843369
-91680403
94279455
-77905608
-33457116
-97381548
36372240
36387743
-91707297
12945503
-41642363
54122772
-15243649
-77240581
64988434
63141030
17199982
75149264
2387916
-54736981
48165319
-43136972
52906197
-94326577
47615254
-16826278
-41577429
2662033
-41598632
-55686311
-23967385
86520019
50983642
-61792399
-39521460
-62225229
20828578
24021379
3529313
-19000627
11394750
45636693
-80884617
-95433246
31037114
65986462
-29994870
63616863
-46520829
-40940317
-74366416
-31072475
-78670580
17188737
37151428
28869895
-2566785
22576289
-89169634
-46363415
21932763
-46531053
-28995434
-89123396
-99997210
-17375660
82745476
22023661
-20110127
78479989
-56268316
-8092285
51147952
-54407984
90294238
-9622119
16390123
-93384617
6142502
876893
-11087046
-56192880
-32891049
-11689695
-48565453
-97834629
-84524569
-74539623
74604534
-88615327
84735982
-7371544
-36811794
64348447
-96457633
30397988
79030734
-79552875
-93744734
98140321
40058254
59521306
-42882095
-89793482
63571638
-25916061
-85577117
71311147
-72672107
80839764
-85070808
-98180484
-29658509
91229241
17847791
-22519167
-14289083
-79194913
-3877934
-85633262
93583128
57463527
-97331446
-1825163
-51000850
75129424
-39437155
21610460
-1815947
-94090086
85065192
-27158549
-67295944
-66378559
-18012479
65562159
-93271423
73014954
-86567626
-28051762
91871301
87856622
3963121
56977472
-55129571
-32107305
-87323254
-45192582
-89416752
11457542
-14339856
-92207230
-79716318
-58155045
-91623567
-17667405
-79044004
-36418437
85907275
70046018
-3111287
66104158
-72052260
10963457
2762794
-23871051
2980480
-52626862
84885443
-54218714
-6513374
-47194133
27800741
48828776
399904
-24206879
-84293155
1920096
-11087803
300815
37813606
-10070011
16650553
90779108
43234259
-1390490
3487113
-44985458
-98500922
-45091403
-51712448
51143423
-23751128
15152061
99857727
-31372699
-87603821
50160078
-53767231
-86438599
-45795563
82635221
-33415623
-66875189
28971019
86092717
98194274
-45089492
-99378983
27844437
94478325
-35902225
-26545925
-63536496
-92959713
-79686720
36994729
19060847
88554784
27124243
11180511
-38157487
-1274194
-45446080
35893118
59375261
23746630
-36103803
-82979353
-12676889
-60428819
94364675
-65814843
58549791
-29979790
43555995
79312928
-90464009
43487573
61948481
8847324
18842715
91421130
63487952
61165494
81625662
-12038851
-81893550
-90534384
91936318
-42896746
2460161
-53956334
-35616596
73982667
-45778185
41722027
19222659
-40209580
-60985151
71700724
61833840
89317314
-11777390
-39365801
41089240
-27062230
-90705424
80070287
16904916
-38192544
-79124703
-57302551
94391180
17912216
-38642600
208138
98166225
-67184594
-57619179
53647587
-72848122
-65640384
85762138
7980431
56871501
25906593
-29451903
18288910
-70229224
-76317022
-89985301
-44584719
-59425724
3663919
-19845659
-9975183
-29962502
19974639
-53266557
-84273979
31727341
-95840191
96435015
41050501
44501265
-15911622
70937075
-93153009
98271828
92749492
-46723005
20571473
51005371
-10923486
-98140128
62572899
88981388
-29997683
71975107
94128285
-9089722
41920100
45497895
20608797
-85656249
-27277912
-70293898
44980539
-92648020
-2533976
86320675
-30034152
55129124
79859108
-67873522
-78359610
-87761550
-66141826
-68524941
28657439
-43384462
-47273550
53502264
-53346089
-42879605
70033256
-74346763
20432280
-28794139
42817724
95674329
-56686638
-59359350
-59639641
47105425
-9788104
-48449874
-35030441
-87783900
-73109524
-56423598
-78073536
89526040
-15507662
30325696
-74016211
-39403404
92681672
7432282
-57011422
-30095959
57481065
-76210315
-70403391
17015964
-14442458
-91494863
4118953
-47930964
-63630241
-63407319
39821180
-75678891
-54261180
-44526658
3697682
51838269
67449424
25217691
-96628837
-98670632
-70223649
30059382
20446337
94280714
41661616
-79706808
49942292
2079303
84522155
9509629
-46469203
8641457
-97908047
13910248
-96894755
37574709
22067056
-47612194
2910599
-73977598
-54696025
93789894
-57254551
18550774
63957014
-88188421
-28804228
-69315278
-86739673
-93032148
59635391
-79040038
34130686
43613901
-8101646
-64024730
38100685
-68081316
99525172
-58875263
63826590
-23653408
21498722
-11428948
-1115003
30867901
10226780
7049845
-774725
-39639759
97608656
71813574
3662098
85038028
21596900
67420743
49218964
-93866956
-4912453
-84139486
6685618
-69575939
-27545298
-38994225
-2948862
-16574109
70286563
-18037552
-2903215
82500283
-59059162
-10575406
-29025401
6031936
47711953
20778310
36049999
58723199
-93871508
64579252
18490358
-53819886
68365792
46290123
37583096
93189128
98606200
79230771
-86551526
35860632
75561854
-39114924
28536869
-53303870
83035188
81945214
82409474
-38063539
-88701761
-4865957
31007536
-85205558
-16631299
-91759479
-72754615
5079965
5691813
98321699
-14558498
13410389
58564604
71254468
-39956122
-78558719
-69168902
-91743806
-24122786
90818630
68644770
1451249
-10506316
10008301
26473285
-11016670
-91966012
-8330878
40038063
62562245
30634580
-70108966
56565448
-33649686
33001243
45240143
44296304
57488118
-27222891
91128656
-2855832
37818512
95274301
38731965
8503956
-27475332
77060777
-82033104
65056850
38268150
42645546
-36364870
-928831
-86940229
22888924
35737136
-59359376
-28541707
9883941
-88861994
-43539129
33473009
-10517078
46576772
-48800269
-93189541
-82883596
84260950
-6739292
-23098798
-72340526
86696606
69961012
99732169
33248064
4922217
-51904971
-17373474
-31248297
-61183931
-20236673
-97709965
-88657110
-80101842
48392312
-14834694
-65869634
37358436
-56424732
77297454
1991631
79056758
-86533360
-68604527
-88280300
65227962
88170237
-39508215
-23444238
-89819649
-54289506
86784500
58323079
-65583578
-54188946
-18693677
42386116
-41312992
-36855190
-22905203
-21787756
-936983
97684621
-9174091
61801443
-40951890
-50148636
-84319297
80632047
61550635
-26362686
-60795380
-75042981
-27595522
-71465803
98473695
-79128644
-67727456
81406158
66314495
9792970
21597136
53535452
11326050
42094624
-84637991
-3772669
26381228
13564477
-24009458
-69060839
90784257
-11912746
-2352787
5344116
38256908
61424529
71826519
-51980012
-41403985
48102736
25416700
-6608566
-56131106
-13264675
34352954
1779249
59120968
-19060291
-98690361
88062492
93110675
-1488697
-24132812
-23775821
-66178519
-83771063
-76447368
-57330455
10416293
-59944844
-37143047
-81252929
65979462
25020541
44332854
12888042
38428959
17645204
30674261
29392112
-24669076
-62839108
-55748499
-40705761
-27840318
71940883
-92669468
80331213
28748549
93470125
-14307222
49780760
80875116
-89210201
45358231
-84574972
-64491307
59416898
-85392973
89027288
-34405407
-33111498
15504592
-1680786
-93034084
-40626554
12645808
42244901
47119857
90226238
-16425921
-56503545
42426961
-18853502
-33554512
7639787
-86174053
21871859
5565978
-41486102
6361285
1471626
-1160404
-69532293
68543322
78408274
33066211
-2839584
-23016197
-34926205
-74594700
54136445
-98017007
60531771
-86419155
-34611054
-74969669
-21544472
-63936554
-34477067
91413139
41938024
86026674
-7362612
56326387
51580854
-43531242
-79017240
32626696
-25506869
-84855894
-56679469
42179308
-95691105
-91404177
23544492
-24211090
-55605018
46011166
-83553633
-83494472
-75472580
-38263152
64582096
-76922428
-54134920
-41920402
-12905795
37547807
9722862
-56897270
-67005742
31767933
-624759
-19127676
-90432631
37734276
-47217736
91901213
87604798
43488775
44549481
-31344289
-19409030
-38006388
7123852
32227558
-67409605
-73642954
-1586225
93789312
24383597
-84749188
40113642
-13137317
-81879344
78981587
75608590
73160131
72887248
35734955
-22371811
79894563
35754626
-2028239
-36705017
-3173946
54802722
35840894
-99538831
77150991
-63237478
-762838
32775700
-71483788
37353713
-23463924
-23936759
60238543
-70827134
-27511344
-46933364
72485505
76590262
65947406
92016918
-63486017
39438693
37299309
-74970390
60601504
-63715633
-92786727
-23866231
-21298462
9185235
-16167492
-49207666
5996229
-27755463
-94655205
24954703
-73676458
37840773
-36955025
58272705
4223166
-25577493
98490460
-41924267
-42399826
-90211096
33304708
-13882228
95956446
19758736
77884919
-70103196
92257976
-42521147
-99189490
-13657596
-15909378
78393554
75993352
43503765
527622
7270554
-23065604
87463654
6346276
44265016
95823015
-37491471
-32045055
-92363287
-33798550
-36492305
-14337991
45910129
-37987275
-82808425
-55839283
45855791
8067836
-6952424
-2458425
87639421
65133435
78593040
-57913685
83528385
15875457
-86992588
93108415
31307304
95794154
94208954
85221523
-46277326
-57633765
-67346937
-87969622
69625676
80217182
-36592252
99386664
3148494
4396922
-60937347
-69971729
63800166
-29851355
10995765
82603956
37406995
93374438
99031431
12972920
-74575259
-26451033
59122710
87113091
-4783321
-36287153
-77628065
47088197
-73314828
9627505
-14941782
20334976
-83542991
33457765
-4599202
-68979168
85771797
-72980084
-44330983
-91874427
71079374
76452373
-61177566
-64616455
-66679574
38949136
-73585663
-43562761
-68621368
-87738934
30233124
93960343
-12256221
-77307800
-69025934
25973675
-40554964
50591564
41431065
-27290668
58261471
33075351
88759648
90388349
36078711
71083762
-63812169
94879981
-51811174
-15249102
-25946930
-26731521
-83752305
-78037385
74358830
65488053
-47512521
-88039670
82771707
24395055
-72891116
40441504
1630718
24955612
13824258
46824851
43555286
46060521
-8390020
38158647
-17926951
-82377133
83403853
-8987665
-22742017
-31057266
95874152
75595621
-82842678
5723910
67730891
23384654
94965306
29904777
63604076
-96239807
-53712417
-90816693
91395059
-74520521
80296445
96068035
26319748
-9078667
-13619858
-97312704
-5916575
-76497160
-46979331
82057296
37281502
92375383
12746803
-79079227
8412189
-90822817
-6639749
-20586220
-9856796
25972175
-43995707
32488854
-19344125
10827160
-11298729
-8304308
-56847062
-12392205
53354625
-8520836
72203652
-32284072
96400171
23447901
14868484
45286338
58125297
31054296
13834211
48445425
36798711
-95437040
-61498344
64268515
-91042639
-962105
80758550
-41431464
-3703781
-88637949
-78551619
85222267
69552773
54111167
28675354
63666851
63117354
-73727253
6554500
-29455804
35520115
-51407591
-24508689
-51920875
55035995
-53383446
-74681602
76124483
52514049
28593979
-80766048
-11802747
89397408
33248014
56902525
-44586100
-64821779
-43918801
-51642153
-93005678
-35838036
73677928
-85788924
-68158968
-77392387
28476788
-19245908
-27966042
63933824
-48687753
8600161
79528730
-94768532
-34834051
47138714
70699738
46636225
-35553555
-35268553
-55222711
-39061676
-9396879
-63925995
40530092
-32464938
8383414
57093399
97055589
-73283092
25187722
-31249687
-10808292
-87976439
-82335837
-83969023
62341385
95185841
-16172147
27862937
65050302
-26895600
-15500111
7600307
-41615147
-52634893
-13665787
-7914067
-6236845
99399754
-11105022
-53178987
-94310535
28889195
-16879337
2612312
16008924
-11229807
-51643779
22205330
19497782
-69466819
53747340
-59358694
-52602107
47514191
54083373
-47091019
43304541
-2341816
-60231162
-14287021
-19803515
34954935
635672
34330827
-513531
-22730632
-36799496
71950893
-24140662
595096
13533402
-52673302
-69284391
-87761297
-82017117
-94403508
-59281558
58563725
6480611
-95459780
-92427423
76594666
-52992033
-14342190
69243975
-69142980
-88802053
-94319312
61327433
15731278
64580840
69006747
65235799
-65195120
49611364
-57772930
-66810757
4893150
83696285
68663364
58373653
-73782243
-25850766
39393897
-53661912
-83010641
60181192
22357615
96399368
91842364
63403066
5263727
7237634
-78548728
-37961946
81890754
-14836488
24482069
53280746
43744004
-88964635
98741996
14123498
-2271023
61720877
30992809
-75145843
8544402
-7407058
37383778
-29957945
-29968027
-2312622
-81458385
-53640273
37487717
47604395
-743245
-36741041
-54497941
-25138680
84058817
-28991147
-34859394
33700145
23288537
74249245
58297815
13695251
-40871816
3939763
62224530
-67361145
9904910
-69369358
-94136882
75882223
77499463
69700418
67375450
-81286815
59412297
-23635320
33801292
-224196
78901029
16701790
-54984026
82835550
-74967854
30846753
-82958166
18475863
16686358
-88644089
-59748667
97382270
42552695
-28106444
55461732
50143284
68277058
60717748
33640819
-57026974
-98827575
29904592
91668904
-18285906
-99740995
72435062
-80239328
-68412581
37895937
-49407338
77870677
76254540
56303836
-45335025
68304842
-79497309
-84972921
5404075
-96966439
-36666504
59411229
82188656
-77015147
75938692
-56506574
37239799
93369838
55447762
-89507867
-63108720
4451935
15454701
95008433
-38130311
94823164
55430241
-99265565
22320452
44054881
38725305
67406165
53920876
15447597
-41397527
-6239386
-81009409
-67234504
13671033
-2597848
81057429
-58627316
23833836
-57549758
52772721
77423785
27902872
16477485
68159233
-9459446
65639021
-69454758
34437297
-16447994
-52305484
92407829
-98365001
-17589781
-20324094
62550017
-25465640
88054130
93915550
-56257014
11663983
-19941185
-1532886
84703950
55870693
-29260198
-87036836
44670244
40423203
-28369208
-50158069
-15862251
-96266449
-75360745
60485594
43478041
-57998292
27368200
-54085153
40298008
-13523306
32021329
6325422
79633929
30085349
-32124200
98745972
51440979
83509355
58068372
35589262
-71704606
-85496190
42017816
-38039210
48677460
22625708
-2534696
47052270
-64254144
62773844
-75543259
99873885
47467520
3391312
54726972
-22596432
96924841
-68563138
-71781589
91960458
-21772691
13271077
-21360856
84403375
14591291
-6081774
-29262062
50043711
-47215194
-95907851
4046229
25685453
-86213766
-1039871
50011946
38015893
13483299
-42678436
61029407
-4838434
-29981509
-39929006
10091370
14945775
-20577261
76889580
-64820623
65253130
-13032186
-654162
-29658858
64456375
83145202
-4579426
44148327
-51751866
-14407832
-94762421
-74903664
-72910796
68327692
-85610639
19097074
35872364
-816691
-25948681
46688304
26118657
8777339
39423260
-55513221
55447072
-47069157
93864824
58238861
68327008
56834047
-81201126
17336137
2092731
32217405
-30029008
11426320
26145008
9751691
73674009
-57288402
10968205
-27046847
97936636
-13885594
-91980271
53636720
87584425
42063949
71159296
8765596
81154272
-13511915
-64286638
-4352333
-91127182
-67069920
-66451995
-47856750
56600070
-86150144
58226048
-50669204
39554424
-68220777
-34349715
43151765
-79855706
-23856449
27524952
-32985255
98375483
33339053
-85510721
-54679530
86189489
93149365
-17186064
72161172
2931320
27489281
69476702
32752261
-64699670
-39994318
-41609419
25148457
5793682
-25117823
45190841
-66051002
-90947201
56759944
43553947
-86487475
72308233
49525020
-87089220
35074364
89162103
73286757
-17773222
-15135999
92996561
19008937
26785529
-85140841
58174821
75435323
-44988340
-36847577
55216884
-59784007
-40454986
-82448729
-51400549
-12376681
-14925017
-42293084
86200923
-72807623
43076999
11916422
11156158
-691032
49285577
-1731974
49792692
79396089
-45891896
74135489
-33354620
19431562
93399002
-17380389
54877137
46820956
-11659259
-62399636
-46002484
-10316103
-82911874
-8548279
-49994576
-13844532
-46976126
24082864
64477944
95461816
-44706863
57826320
69609140
-43270037
-39262995
25843977
-90662919
-22222747
-10412450
-58409202
-8873217
31650053
-80309321
-41342809
884521
-32379867
3754091
-11478282
-25662336
472042
41742222
90697039
-47853211
1938504
8242500
54244750
35584487
-96965998
11531820
77543618
-38111179
-6665678
34552921
-3618044
-50758864
-9742051
82238840
65547618
93466651
11354510
-59255776
37864913
20672554
78459631
-84896926
22644721
-66219011
-65214168
78833031
70605082
72783381
18494489
328881
88224234
76344199
23595288
-32548704
68892741
66006828
-97426209
54254643
-94068901
-37627018
-24131817
-27784467
84542582
-5031171
-51883535
-61084543
38830619
1215445
-42558482
-68013609
-37729220
76823367
26750483
-84678339
-31442132
63613115
-67942306
20308188
-80097229
-83798799
-48496539
-34486771
50304278
66554484
-86403713
25673701
-94773011
-4628061
16747248
-53257741
80463237
-18708976
93991558
88662737
11156673
32417763
68012360
-94614966
21890316
92569339
-60118342
-76648246
-11799997
89602217
48231023
-54480760
-33566916
25984069
62184464
-80463724
63472660
-50382485
-98623039
-85179464
-63264951
9798090
-83353671
-67117210
-67937791
-34445235
19107489
7401107
14429772
38225842
-68082220
-37357483
83210235
-84759627
8275886
24621200
-34082196
-73275992
1995785
22066096
-63136824
-9577271
50119902
-35354928
-61324779
8327042
75155226
43303853
95423824
-65246515
-40494493
-55326432
-25569378
11217108
90772653
-35519856
64248991
-14088832
72324720
48787695
42733380
-92083144
56039293
-54372547
-83284356
-4504344
50757329
-79368039
52900275
-47799942
-37479568
58631228
61722607
17740445
18573906
-21613302
-14942236
-38773932
-5605836
-76739828
37483375
-29094281
25667599
81818013
-70878403
11284215
-53111294
93656403
-50392768
45424515
-95388391
-78615987
19003612
6624647
-3327466
-80248298
91294723
99298087
20800945
-66449538
99751688
58979745
-20549400
-87657785
-7224724
-34375231
-44499326
-2005836
-72308444
74085980
59032550
89471278
31571702
-52498178
-31703136
-91668342
50760432
98752380
40936231
-27831834
92005862
24354621
56043452
-79990801
98673504
-67084646
-80378715
-65290962
-1977134
20286468
-44541029
47274710
59951604
-9924183
24674631
90396468
66882580
-59618072
40558223
-56279710
87960882
-36675657
54112162
33914872
94622753
86251205
-41340250
-24932891
42336244
15462593
-98249366
-19486361
-79293804
91812834
-75130726
39306379
5657743
82832840
39461998
66348840
7213548
83855974
-55073978
-19684727
-33868175
3144945
-68607515
81147467
-51611913
-11870201
-18731710
59677329
-93428623
-91808262
24908812
-9141030
-2846685
-64004331
30263219
89236178
77397363
41488285
83251319
-83902055
99767193
90645788
-8246538
-82791581
-56700444
-83731432
-36173739
-93057834
62499157
23959150
81729982
-18082548
36872727
26800841
-42701475
-79897145
70012712
-86506809
-90949141
21060707
38185840
-29711312
-3113857
-63647132
71274039
-91143418
88747600
6204489
-50595813
-13252607
-6020870
96187313
-31038531
44436158
54207244
84879294
-50778415
-38714163
31046045
-20404791
78924371
74322931
62607842
56762919
-21984536
-48913537
66425349
-93853064
97798587
62058800
-27724895
-21588113
938971
-40808793
-70024904
8797656
-31953125
-98795359
-86161581
64278197
88156156
-63550904
-94648000
84877370
-62872635
61587157
84991843
-21690261
-83781755
-75465452
-55984338
-43041718
-73991273
19197220
-5182782
-68412267
75753946
-92581760
44290092
9050701
61708749
-28727238
92216003
26490675
-8647433
-79532538
31411349
42741357
-42048572
28240860
-48607820
-65191613
-5041761
33850754
716808
72612120
41276689
-37160376
33244107
-8942799
-48128115
-94532227
-29079105
-52048489
4135777
-80699925
89097702
85578266
71994788
-39432436
47254170
-85380670
-70491394
43300473
10871697
-6584927
-38837740
92949855
-40560659
79614038
4915882
-91039893
-85708581
81194095
41571014
95411759
-72773344
-74144927
83261373
-22906341
-77970450
-33005572
-88261964
48977093
-49877791
-83943018
52423742
96238471
-40880109
94255853
-72268991
21549872
-12389374
15184529
-35726593
-74669131
88092156
13630215
-51382800
-18467015
-28036476
48487556
-50836956
-11015932
-96360002
85150804
-75522428
67914136
-16058320
22486451
-52428478
-60799169
1897808
42962057
22307690
70065446
31402139
45462420
-21088360
-95392487
54514820
-43665871
32251847
-39757801
-76471929
10994702
-33860528
-17964227
-90145910
65503204
58352494
-26570978
95204057
14543059
-68614227
17228045
3984858
77634387
-10436105
46785050
-27685739
-8968453
10823911
-7499136
61803124
9769911
75368483
39356442
20175168
-19708334
17682477
-71310182
12018463
14122497
-91666996
-16481990
51385353
43030566
59337890
71408252
98546234
69857254
63517879
76154232
-26917662
-16955984
3463732
81594382
-50054260
-36744223
-75241717
-89243531
-63617321
-43624007
-3068475
41775277
-90284786
3653741
37981925
4374650
80020425
-54751761
-53581153
78230523
-73564926
28488622
75594506
-93824457
-95249972
-21436165
-73354913
-33505579
29687841
-95778156
-43384236
-21015418
-7373014
-78775448
-43275763
96958872
94091793
25131720
5837908
-80224155
-32736942
51719248
-63392592
-30053104
-80797281
62418076
91250510
-69323211
77870685
-95207604
75544790
-58025181
-18360312
96701251
-5363817
-68274603
-25841023
42944570
99151281
39352530
-5726325
-65085346
68064314
37050896
-8213110
49728252
84880882
-96077175
3861549
12900681
-8598717
35737759
87867379
-22381665
-20392463
50730549
4991782
-33391184
60756875
-16101191
74062869
22240605
-90388200
3347292
76702512
42936474
43244696
-26703671
-59961751
5677699
-69872539
-15641754
-25050780
21768546
78518394
39730455
10522069
-12708439
-39206520
79800349
-87454112
-92140639
-27563304
-20858212
-73914215
77216040
-42470698
-19782295
-22126569
92833336
58948024