66470987
-30293401
-36308000
-16916892
13981613
-58625244
-76361896
5743294
13678238
-58712319
-41073686
85618493
-27650667
41872443
-27022974
-9394997
-23993571
-49069279
-30809728
98271847
57417803
39010954
-84405059
63428118
-96956279
11984824
-53274584
-19813102
-57444275
-66940512
53824597
73224174
-54868509
-77603270
-96855747
-60260645
91777008
-12150327
78599818
18017983
-71288079
12599729
3358302
49749499
96051556
-73823648
-24398051
71852923
-63208539
-62915273
-35830309
42756900
-66196197
-35311443
31854979
-32538582
-5290749
-49505588
-88276395
91583394
-29606835
58229207
16191946
30596221
32310128
-53081032
-64515154
-16943571
89734003
-16818449
69994667
-84658150
-55133760
16623237
6659602
-60095286
-30546675
2551518
-44253500
-8321240
53219582
-34443422
-75158786
-98936133
-86560437
-4871979
-15552162
-66894760
-57155198
-99072985
-60472093
-93649361
-43838338
46178725
9917139
72616195
-95315281
-41087190
64891049
16768424
-8464189
30134973
1085093
-83473046
-81566537
77898311
-25081288
-58677000
52927769
-32250104
24635627
93239542
93414171
48919339
66252554
48265623
-46183127
-81843188
-29376102
63124361
-45968754
-24779191
62921169
-11789904
89184671
-38476626
67048788
49748507
46916307
1255726
-55506091
51665656
74651462
-97384509
-89716548
-70364892
48915033
86095381
-78263915
46930468
77438640
94527315
-43642501
-88523306
-45709306
-91424705
14291870
-65357818
25788973
38744078
30702348
8119071
84610599
25001929
25093748
69023160
25522785
53163141
65282705
21108609
-78146041
50281391
41076297
-42083594
65221513
-67271354
64427604
-41479493
-81960866
-67519826
-82544311
-26304979
21084618
31053855
-30807098
38287395
5268694
-25757039
-26535738
-19831083
8098144
-73215847
23275472
-11771467
61227598
92421481
-83434582
-2924358
-44479787
-46947553
58978537
-90964623
84897553
-99544357
63023769
79229788
79023956
93500766
-14224245
99886361
92802883
13805631
13270274
23467199
-67670070
29251755
-5823389
-81672327
39572503
95987546
-33121029
83278161
39543562
-57456628
-11829829
16213579
-25415229
12709001
61402747
30351568
-32608346
21787241
51857189
22627847
-34925162
-547478
31961256
92073417
-41323129
-22260673
46978809
-86614666
-53418153
64628775
31022368
-24726952
5684960
32584876
72810388
-27891225
99634386
-50407784
-87721298
39693136
-63487207
15542032
-40152845
94396164
5210648
98580867
26589175
-88254086
9478931
8966226
27380948
-11039743
-53674532
8504152
46911709
77148014
-84860378
73854170
21692687
-32771152
54502856
42423135
93282297
-34782576
81595490
57983234
20720732
30074893
-16368515
54203667
5387021
-63998143
-44914188
94458832
-67464858
9138920
25842373
-14228490
68393789
-4556124
-49211259
17123445
-58734484
96293815
-58908548
-83356530
-213136
81595715
-89343122
91318709
-62769453
828999
62499930
-40977472
-55539438
-31774307
-87892095
68791378
38872890
36769351
-6829623
43163697
-73535325
5598749
6479150
-22801155
-77871329
33995259
19492749
51043582
8018181
-65291688
11004559
79529299
-66522181
830641
-26146694
-52715625
99484187
70903166
70101220
-27317912
-67121570
19130041
91602374
89177426
31356266
9819180
24838774
-16318735
-56528133
15831864
-36602408
85224360
-38725637
68667097
-87711199
-25298577
-31612643
99848614
78930269
-37018932
68324353
80255706
13215455
-33825755
64576407
35212757
77027133
54824624
11611407
-69878340
85528173
59336898
-5582410
-92241048
-98979323
-12678602
53033481
70529547
99964864
28670400
82917895
-76443530
83007140
83557145
-34117231
21063550
6929041
-48108412
-4353442
-5088531
-16991363
-18921355
-68408734
48423346
51788544
-13041697
50801564
41144501
99593301
30266134
66731759
-56594320
-8405264
-70606092
8449937
-62525971
-82418552
68183185
13939101
-43035072
14927205
11540716
80330149
58180884
-14184854
57019922
78837761
32812847
-7461000
6842094
-7694912
-40790891
-46089878
-44114691
-48629076
-16551750
-12576491
41744911
-55161389
-25772178
77122199
68533410
80532015
16910674
81136104
71113379
-85844964
-77217100
-20508110
22631887
-51982742
-40065669
-88744122
-82287755
64149381
1296987
32648893
-3086272
73431166
29862905
-61875097
-51241783
52446429
50914242
-96009242
-43723255
-51987045
-82505130
12929318
-85204257
5131618
18125695
-4285732
-42924423
77853526
67248318
71762851
95600050
87680844
44100142
-27513814
-57975285
46914141
-39449830
94532864
68771715
25328394
88461705
90001501
-6610449
86783390
73568264
94832103
-27090876
-1392092
89723089
-71464744
-34058352
-48305908
12827672
61867849
98469659
-33453977
-96635812
19613558
17435816
-25867038
13759171
-40265582
59722990
10081041
13680280
-33480993
-80472607
-67734356
-19294142
-35601730
-53404026
-92862215
-93140627
-94254447
94796422
58665354
-50954403
78881336
-44221958
-68492910
53656879
-14325470
-23202750
-11282902
-29094144
-48569262
15096992
12050753
15034796
38270928
-2235865
-84540637
48641212
66203516
-6550024
-19089924
6122673
95102648
-11610961
68539384
64225593
58699861
20541123
-342131
90110958
62813861
-27001667
30550642
-85789711
-82267034
70709216
-47377763
46750427
5473423
95079249
52700108
-61808096
15135884
4116403
-99432363
10311335
-88997942
-80388199
44416687
40236592
-59500971
-36907405
-4160868
96585989
56991205
99401676
40009902
-80227420
-82882944
68505738
73508491
-65703374
88638036
48754689
-98771657
-3146906
-68949719
65617673
83337806
-89147750
-87075411
-40511110
-47413614
-82774272
47358956
94825912
68505225
71126003
55326290
48079897
-1491868
-19986178
-38784230
31164016
44994939
-57024517
4083388
-53960911
2502712
61684787
63886035
-65726296
-86878939
-82452774
-93139938
82060443
-63806266
87213982
55518740
30066352
87354062
-32124716
-84075671
-95546404
-2360867
-30421792
-48301347
39601737
-45581131
1616553
-93254250
-32869235
-87674322
53751758
50761067
-18836104
-97775034
-70289446
-83382186
51629843
-61988630
-16448927
65507128
-65889393
-13684688
-3326261
62489439
99635606
54244928
88005800
62506482
-80480212
1329732
-20731943
53568638
-40142311
-95528290
41421916
-99560912
44704673
-8075081
73148934
-32778094
11752587
-50181916
-60443207
38955820
-93145824
60376123
-82063817
47109186
-82476207
-81828606
3071650
28603140
-72425223
-85740381
18035275
-92773274
-68977066
73520514
-33278175
29776827
-84230311
-8484082
44725699
-13000512
-88284205
-48678178
-90572218
92892032
-28501128
59692008
57783859
32535414
-412064
-86672783
10327808
41839418
50841642
33197023
26569250
76797195
75845372
-86166936
99890623
79420371
-95210270
-43784747
-48522491
39747757
87946510
39866531
-82924766
-82461824
3773310
60258831
-33188944
16197259
33275924
84051214
80260778
1483605
62322324
52580450
-44606496
-17786667
-33019
88668192
-35469217
-38537234
-18025988
-83344235
-49559929
95804678
-9721657
-47750395
-6380040
-87054673
40297099
-66603155
92440750
10937069
-28907244
32809325
-68402344
-45691639
-21611678
16323548
82500416
-46228434
-74273965
-61332165
-85922691
-95420424
-19082672
-1064356
-84588810
-36946061
-71272120
-39311449
-82140200
-67341991
27031007
4140821
-76586099
-54777798
-3992142
73729681
1118467
-34044628
28766881
87390344
-84177987
55962039
89997858
-82265340
33846264
-46377312
-43889649
-73141516
25645995
38859018
-28390325
95099439
77566308
-77065829
-17611722
88546658
-84979635
64384762
-44211912
36141628
-59360669
1658659
-70151506
80751249
15825039
-61785805
-41819733
-88288207
-96321114
-38387257
-5215897
59036692
-96530874
-63932518
68983570
99593732
-96093347
-14441115
-77430650
-446835
51185595
-10463317
3216361
98747055
7016211
20848915
-32385765
52906348
-75085714
91269475
-21854168
82939775
-92936996
20297034
-27663651
-78328673
28320213
23147642
-49034850
-36417887
11880856
60687663
-9149807
31143803
87764998
-58350702
-96134670
43141167
13994965
-52552884
-24977677
49275965
-86794809
60690512
21347532
-8101919
61448029
-53042361
27670228
37568179
-59569957
-77053103
-16946007
83904939
-18893978
-72294027
-98903501
-37153147
10293707
-81862580
-93874894
-18185879
-1489668
-18572614
-2639991
-1488440
-2911057
19801801
-13998293
-90800829
81517887
1260299
16513880
58115741
-56199578
-83657878
64316846
32189138
7161357
-65603223
-51060056
-48285027
-65811150
76514551
98631257
-85302983
-86215654
-49198464
41151550
22610580
-78615004
-4638662
-25463387
19674051
-18183296
82062528
77312529
-91523098
28475815
36389078
-2387000
-81262246
-72709044
85035611
45767389
-77653147
99146130
-49532022
-8010999
-60097476
-80340498
-73025637
-10197451
-67467057
89483364
16890915
-30141185
-35782645
75205053
-35961152
9959755
-40377888
-77156058
62192631
-33240093
-86185580
30924315
88954695
28934541
39872662
31232305
15119547
-49542679
-1779344
-47078566
57194826
42220903
-70642161
-63238266
49604659
42495780
46808879
-71730373
82622003
97136263
-72313861
-16272976
-30839748
-81451077
51615658
12184847
-3969403
98834235
10372864
-13689819
20435497
-88754557
-71667091
-93186534
38413451
-78316136
-67364123
51502280
14991851
28449791
5246808
33586325
-98532825
27040405
92809874
56352981
-24964467
20497075
53862409
49531428
38611933
-85743012
10360695
-99225727
-84949251
-13038056
-58831277
72458895
-85535941
58475434
-68025431
-31862827
46464738
-16987737
91634997
-50262927
-82858150
-81900294
-75752458
37488582
8874014
-55669551
-25371307
27471879
-51743542
84089967
43688222
-75694305
41101485
-76365563
-29251275
-63764921
35998756
58973047
-32931568
23531098
36776107
14803596
-74798224
8807187
60914367
79417115
-71899680
41178346
70390293
15864795
-81846093
84826746
96830369
85018669
-96516618
-84328087
7783653
81735951
35156112
-12441517
40831824
12278331
-74416861
72638147
21327167
50160585
-27352436
75263663
-84304932
-38986440
87992246
85032082
55549885
-84586703
-60669551
-49871159
51028596
-72872540
1641102
-96362961
-7805665
51345090
73955003
-87958623
90616919
-53995266
37135578
72256160
59817431
19206077
93283276
-25288159
39153
14717945
-57529686
16620853
-21607700
33450091
-35882274
49443850
-88928938
-56683676
19542574
82174603
28499904
66254840
77742620
-15083462
7222904
45002080
77338405
-58229223
28802024
-62344787
-20553293
93815760
77845276
-50104117
-94119461
-81457737
36612137
63056842
-44531304
-61674000
50460986
59903687
-1915464
-53555298
-67909825
59784075
-78224795
-78297275
99466399
-11131872
45090098
98355618
99638547
61792432
-49468609
58331888
-87847683
-19131795
90863698
-6402119
82718338
63305037
55536720
85953357
86012026
38621337
-39428706
-77872421
-30099618
31680725
72530104
-3647332
-42986083
17593143
7401397
51295585
-43951102
-38123400
-3338456
-78180810
62368826
-65014087
14848818
72673160
52768683
-14551493
68280945
16703745
10917640
-12700667
-91088637
-43267995
78211034
-79439433
48558646
29529734
-26301376
-42616980
-14550134
-69820214
38140346
80982735
11365839
-8162089
83162203
-3772187
39020747
76787817
92124350
-27538635
37502940
29850021
7912360
15512656
90579736
-6646206
-14660226
83589217
89749560
91294419
-30566011
9596847
76681258
26904608
61840999
-26692744
-27863141
220874
89709233
59392113
87473567
56178846
-90081591
-14414317
43132244
-26857291
-70465404
40690013
76012581
-54020327
-26559919
-60538254
-63027089
-64700207
54406712
17458498
-85399814
93003793
74715167
-66460214
53762313
96247426
-35190254
74760420
-60629777
-68679816
-75532303
-28280171
38261629
42010292
12275899
20835674
93466044
-68711720
-99295327
28267174
91292088
-86439887
7444093
-69233567
-25259691
-64437340
5998131
50539424
87542897
92009376
76936300
14786155
32367876
36497754
-66909910
-17141522
42393711
-95305735
79624123
79919382
-44616494
84697597
-37478991
-40235959
-2413645
76775099
69246725
-12221630
3955872
14434330
77263894
11110367
-70644007
-87728090
52601192
18932072
-87110272
-52237014
29128372
-9761663
19459140
14743925
10461670
-47183917
7027439
-99352645
94527349
-91996669
-19210920
-26144095
96017628
-90980848
58213332
-14708471
5256543
-63909432
28529477
32318992
-5001426
-27248383
-19143414
98774012
57503478
99074760
67964813
97632323
-70408192
-83940380
-82725678
31584809
-47919889
4181610
-79573058
-28560849
98732921
41937008
-39389984
87573475
-39378080
34078396
-29657618
62974150
-83366237
-62927640
83227935
-76655473
-16728917
64541818
-90076656
-90133121
-67952569
88027938
-89307350
-67691216
80789562
56654763
-305745
-94614582
25742053
45809826
79710040
-69347880
-51816226
85071700
-3394774
16703284
-50495673
737175
-15141324
-6886829
19520772
-74270711
-31455346
-36029645
85651164
1650417
20261096
-86193543
-9538212
-49716789
-15627080
-69068285
47055446
-87819802
83976206
-39407309
56828223
-78778030
67442547
89996070
-49031802
-84838012
-29717792
91215847
-53858220
97486317
29591762
92654540
98029893
65760893
-92773892
-93417295
45406582
88555629
-1702024
-71955041
49109939
-63848233
-98189339
431120
-68432738
70272235
85842861
-20294097
-54644155
29505066
-94162043
-42855210
-93174979
-41224432
44233547
-79740643
36830715
99560877
49309032
-39823699
87076282
18153870
-68561233
-28474046
87747640
31286429
40537958
40129010
-17725003
84128548
-36596149
11038831
64737566
-60718399
-66262708
61099042
-36638847
-8217136
79259372
-93492496
-92221151
-61050706
86635535
11175328
-41580261
58129073
66442940
-74980403
-25099595
92671928
1938390
-18104540
-80418295
81247337
-30242626
-59541677
-70338599
-43189417
-5341392
18603757
-6262088
-5494759
79716466
93703252
-92041430
71658737
-12180138
54463285
-36791976
-7667797
-55752
-53932748
-1133845
-32369895
86787688
-97828012
98614370
-23519800
-87318643
-92579196
-33392295
-24644978
-46000799
93558777
96730208
59344191
37544177
-39149757
-21582950
-13212259
-84543591
31149786
19333065
-75779877
-85539373
60393944
-71084725
24086487
44219180
76713538
18055058
-84351202
46737298
-45489887
-13346097
-73987123
93422266
4023761
-10379512
-45758528
-23179879
-61898530
-15060081
11609901
-88764930
-19586281
64447383
-34912219
27209960
-18568898
-80928897
49605356
-69341995
48279733
-23014064
4159100
-44475235
33676342
15042082
-81433477
52555727
46161109
33122738
46194528
37268768
-50581401
7764530
34389667
-67397542
81602585
11542306
39854875
65412179
-95215351
-6451053
31360924
87006239
-80469660
-35432718
-12788854
-90448677
28655045
-4122243
74870899
86189117
46431904
76589662
-13150332
-61598449
62746688
-92319352
-10541838
-24341755
-42768001
7965218
17422169
93021125
-85706200
61014417
54317801
-78669898
-99153613
65526087
47880930
65510016
89981461
-67783615
76288208
-6975453
21409362
56569641
11279803
-72827800
-92458631
38741965
-50466573
-5516547
-83234128
41303443
-86900640
7934195
39744571
-30376082
5706556
-67850569
58902771
-57276822
64420435
-99351862
-43410843
33627561
35567106
83809544
-88361026
3032291
6083314
31475290
-91944493
-6319302
-91345938
55477030
71850826
43364323
29282395
70201235
63029897
95553373
13511188
86832266
68376572
-75314806
-74395574
-17540078
-2441232
-66658391
-10080389
-76122853
49396237
-9311465
-84156620
-61539601
75412586
7957222
94902912
72295627
-44252403
-94486341
-83776810
-57505210
4420183
46984817
-35101896
38076372
31873021
39611796
46097688
90864887
-54007925
-9937928
-92503362
-49621228
62458761
23274800
-65321596
-30213167
-86778573
5675191
-88632322
-93651086
-82803322
61364867
-49561494
66007639
80087449
-2692532
12689500
-49907739
30651774
-37430327
41018875
69086360
73312207
-3155272
-6283432
78127166
-23991425
-30000773
-84300881
-43614431
-70247777
-11177390
54176848
36148740
-69875625
-15502781
16202563
2803990
-86108118
13014481
35241543
33685644
23405086
-34377626
47533462
10179639
42668530
51977958
-95551294
-6049052
51093301
50556234
-1176248
78594970
62969842
47084740
-10567461
-29491914
83351633
-48026873
-5426444
-75587735
76598051
10942873
-83841262
-3950801
-18864461
-7021887
81579269
-55084201
-86387864
-2542368
89701566
76844200
-58209308
22169850
33055790
20600217
-5821350
7915213
-39862430
-55711003
-66165847
-22251627
-87752886
-66817967
55023742
76841764
63316109
-24599217
85242490
-50748569
51083106
-40037419
-21638656
81794802
70995009
-1630897
6193744
-3358403
-11517956
-30635358
75548218
-5916523
94377088
50570537
45395873
-98289588
91500344
40687510
95770213
13179527
71115467
66059195
66079990
49053084
-82520595
-51920979
99786977
-89173378
97774859
-26026357
2357019
10386702
81510904
-41925190
66370575
-36378933
-9065025
-76296153
-64443591
17421648
-72288369
-65342494
-25056924
86491471
59171258
-69089783
47120789
53211694
2336147
-22825696
49252458
69840739
95079973
71357175
80104575
-94677409
-19353820
72712339
-62001511
-34742038
-838485
10756545
5279394
46181559
36001037
65404762
-89821289
83581710
13032450
68549612
5210310
-20528368
-4081059
-27814335
50217026
-70469998
13301098
-14646513
-73237472
82286542
83964641
87526095
-35017943
-1510576
-98039601
-4570917
13325454
-58782959
-41131432
51527336
-7682658
-65912468
-83498866
55999737
82048555
-23479790
94307647
85618477
49372002
93818814
-94733806
-49733272
-36429678
88364632
36764239
31918453
21782413
-89249282
2897763
-37212336
74179916
34912675
-55019540
-53507395
-42995940
-88660957
76336623
-86804925
-88584903
81227082
-58223813
11112068
73003639
-14040484
5209688
-76208319
31513782
97881552
-34819039
57762543
-75668217
76714475
-1374847
-47867322
12648478
-5841941
1530715
38068831
-32525200
15597231
-74910546
26203521
18302122
-51119630
-19958963
-30201978
-31751599
63042644
-18036777
49384210
-53001636
-95863453
-37898394
-25026557
35107060
-86466335
-15400154
18328810
74562528
53569878
-36009457
92464423
-45727405
64081013
10694720
-57551699
-4140885
-57475256
-65646491
-66029896
-70129173
-26096915
51848860
-53999500
25145611
87395585
-68454519
14169543
57430196
78874942
73667075
-98947109
-85339669
2966603
-5990584
22864425
8806745
65487892
-79065481
40082811
16960125
-41677877
-88918143
69891412
42766681
-10251076
-7331275
92718931
-53910349
97305981
76270814
44705610
-1921952
96442783
-15307881
-46881718
-6107381
-65487565
-21780633
53619628
-27726436
93107230
-70614182
-78702105
50945357
48703090
-38756318
-79647742
-39129672
51902636
65064836
54841674
-6465248
50664622
-4299489
-8819539
50786296
-43779689
24021659
78156247
19647922
-91990304
16066833
-83826747
-90166633
-2758469
90672400
44846350
-14503813
78678055
1939001
-18805369
28201813
11409040
-39552618
47908165
98829608
87961862
-17847154
-49475909
19765947
-17285988
29110496
-91164971
-19156659
-8627673
-20774551
-7719431
-20566576
50577437
-76433883
-96188919
88415677
44822463
-23508248
-85615449
62229473
55885941
-53975023
47145771
30163830
-75879913
-99920217
-12227976
-86318145
-21608216
-60553247
80136436
53081539
21001251
-79153151
29918695
77947124
-3482810
39320717
85934828
-84831460
86687744
34634704
-60284350
93131393
43500093
47729209
47143561
-62454304
-34261930
47612515
49237345
-23396233
43921946
-14525257
-5957828
58704275
99776021
-66103118
-78886667
30318495
63388475
-16573887
-9487165
39984760
67363432
-31881011
-69826354
-13198252
-32242279
13075830
72940373
2182747
-28885322
27377722
-20943746
49246629
-4773514
-18402993
4777249
-77488860
79912005
4292917
86278847
59608910
87158487
77663609
92507562
-33665678
-48755031
-72548039
23774914
31872925
-46978440
-63531591
-66640160
62647354
-86736372
58066107
71704492
98909263
38162621
-76058716
97872486
-20523745
-73462100
97181698
-93266958
-47018845
-35125040
-17666872
75245670
-73112508
28688256
-89751445
-24019322
-57678507
18049313
-38670197
-54372962
-92937931
-39099905
91612593
96704781
62190916
82479853
61899172
63038842
-3377211
5257980
-16737447
31206235
-45863613
-41444707
20341848
-96339622
-7856957
-33659078
77181737
-24997791
-27062314
19461726
-58603051
-57608497
-83851636
54881070
-78726124
13286255
-56255789
-71164985
69382349
24954887
19599195
21002053
-83272052
-10774647
34987359
-49847515
35754654
80026321
-16661597
65930670
-41094291
-54942410
31635192
-43366511
-91144223
-60190828
62829728
-86653324
21626133
-79426776
94832616
33802491
87801559
424433
-20598394
-72807947
-26342767
27003505
-40383072
51063660
-82004207
16362254
93758929
6835193
89750700
40261693
-6467754
96984294
-29101467
93947294
-79411485
-14562716
-43313510
-58572730
76223881
51863457
-66094470
10706035
86775102
-10141495
11573907
57833549
-87040394
39258409
-47766657
67498453
-79625727
42543497
63072220
-23853548
-49725977
-82846617
57480751
-41852621
-84369770
56781853
-53428286
18642072
-6141987
80317796
94007129
55812025
36455853
-88552294
79758339
-84467842
-32897521
86458667
66618600
21058901
66495624
82520429
-71843761
-64462108
60520947
-42318057
-61467370
95760072
-61376701
-77287981
-54787317
-66154493
-38464915
-45563373
47965646
37569597
87805123
43123996
-12495773
-81988989
52765658
72928248
56038390
-46025147
-55294476
79188216
-91546208
-32365120
-90617864
36408238
14113106
-97746892
-3293855
-25338307
-88397098
-83284122
-63996285
45883792
-36283002
-26693160
79730057
36610556
68873731
24924579
-9436767
-77055215
56694675
-14125187
53511989
56757799
-22552616
-52352877
55945489
91603592
-49671624
4114515
42116862
-58390522
25216999
-97444729
-46297477
62565639
-90032345
-96433575
95081126
-8856630
-87674294
64912228
762350
67275547
-84635324
-79802967
-48170601
-69922572
-84853441
16159944
-38193006
58831465
16717405
-75224118
52674382
21642871
-49706713
9944289
34022209
62881994
-99921545
-5591403
44258480
-54810428
5493563
-43092868
88582476
18420730
-23491995
17440890
-93290998
-98511073
-56957567
-15506822
65028871
-45940115
-65228651
-71587082
-14841686
-38920516
40163666
-41251968
72803026
-50402272
-94558322
61431750
22208359
41238053
59215458
11187125
68383441
36904443
-60516405
-1408175
-43767544
-14781488
-19347444
-15360166
59077673
-7192517
-90056817
-39091195
-73244861
21003000
63691702
86436916
65480815
-59905689
62682048
-54429193
29801612
-51799897
-40209392
-22852498
34874110
59839287
-92597812
-59334282
4812278
46924309
-41649137
62493734
60503893
-42947699
45066403
11811767
-22963861
-47943249
34676643
35613303
40930328
9440575
61525616
-94977980
-74116617
70489581
-37759043
-40686770
-98427564
-23642688
-48966283
74169435
63844259
22610386
78413468
1342148
27285592
89466995
11110159
75915268
-9858481
8852007
11991756
65803840
32217330
51101474
-67803727
72071355
5110983
-45847747
89754965
-18332638
89466950
13072351
12485444
56997747
-79633854
36556909
-50923973
-7543829
14440334
6337360
10542757
-87798182
-14659101
47708793
93470953
-12999740
-33506530
-3103812
-97909870
-75082873
-67194319
84974897
79322280
55905541
69211486
87976766
-85524094
-78212999
-89671040
66995772
12900930
86290346
44015494
-81267170
61650245
3339939
-34545412
-83792064
38215392
1356752
44514888
84337700
35839820
24670884
-47547025
1536185
-82520399
72316789
26707396
-51349360
44930323
47621482
-67560963
-34001042
-62413081
33250228
7785367
50698209
18081939
67247049
-95351778
2687333
46223674
33086584
-7964479
-7544095
-45698018
-96744121
-8130227
-27453611
-9586976
-42628527
11368776
48244113
13393991
17637984
75532497
-74956579
37838748
-54062844
36348220
37303559
82102464
-73657077
52701576
-56907570
-44351021
-82871919
86638464
77398901
-3349011
-88361656
-80793403
83414813
96061602
-6368287
6928548
-14898709
99681276
-71566575
91114488
-38945719
87528469
3936290
-69317942
75229776
52786979
-91639121
-11762068
55406961
64873599
-40573874
37215837
-64889078
52681101
-58812957
39044532
-53995381
-86725728
-67248949
49719444
-61503837
-47773076
98394616
11407042
-92223104
10039966
-20313917
84764946
57072646
94641966
11938101
91535604
30741917
57011822
-31411894
-98908618
-46546702
23594721
-51407583
-53548942
-95524288
-95561260
28995450
99619550
75091915
-347949
26139148
-89962581
18506088
3407435
-86926127
59670719
-77434417
12194826
-60291885
-13782536
88174210
-43710221
45333974
-66193046
92849974
58553064
-2653353
-1779795
67668622
38408419
95590717
-87989796
-61847311
57573361
-55409302
-87188147
-24753958
-97304589
-2510271
-70020905
85530982
-70500170
3692022
79766826
-26076710
33590685
-68676629
-27866153
8557895
-12371326
83991360
33841522
-69723176
-27527405
91255145
41421162
-54080640
-87655951
-92059730
-86907350
61328038
12417145
-41943276
84227951
-5529066
89309145
81168191
23176867
-30816051
69857077
-8039560
-70506156
-17926832
92292836
-75884063
-12183371
-76206068
73642169
-17862607
93351826
89818034
12464821
-87911390
77570438
45361069
-99140295
1466750
39538738
-35815608
-972790
-98348713
-8715313
-16983049
13562489
-67998831
66709916
-44521974
-7450551
3890158
-37260835
53936134
-48475311
43731178
97737489
25622863
-50907319
-59700692
68412938
-91961466
95350371
87033465
-48603279
34084399
9725155
-52141400
81164304
94416154
31545346
-5454617
-30322494
44640066
-20138037
-65783043
-85687079
-41473377
-33554850
80779928
11058787
-59721237
22646761
-47070969
-52687661
-74505691
53940413
-40388248
73472168
-63316942
28714039
67042176
26905731
47530701
-8206641
84362302
5055749
-71903042
-400572
-39890110
17163116
-48262252
-41786999
-70574731
-58973177
3978855
58910754
5572102
-89070455
-73235175
-76115002
-52966160
75872324
-68619100
12936758
-92722512
23993118
58926486
-50051364
31138129
-22618418
-82189902
-52447714
76524380
-2507805
-83898392
59377844
-96297064
-84912519
-84254139
99525731
25592285
2392532
-16177621
85495043
-40129498
-4648336
44574884
65983995
2926476
-26159641
-83902964
-30553331
38102739
29621752
-58867166
41335678
67323559
-52585495
40059717
32155773
-53983002
4613094
63853533
45991533
63337539
4672124
4003861
93360961
20805474
-82391467
-22405710
67927297
-83652192
-75703601
92168746
-21151549
-1004567
-65847070
94796457
93280787
76597989
-24704930
51830913
-41389313
50980399
57865156
-68713168
30523863
-50856583
-59228697
-96742479
16390022
60450075
79728628
-86379698
11573386
14615869
23365619
18781606
40977910
75523985
-20451981
-84398528
-590267
-83056790
-95747381
89263829
-41398851
46070849
95553117
-76039246
-2755262
-27540214
-93019152
65124424
-44822255
-61959626
-21593227
-52881808
-48676150
79442858
-83292381
94130065
-32698895
17897420
-39430769
95924556
-60328791
14227205
74787095
-9254366
20876955
9489088
1451342
69817365
72866252
74918280
49092651
-40210534
-58942881
-78192710
-45886783
11034846
-96982276
61170127
-49708074
94557393
31717626
35297732
72324271
35898067
69687332
-7394698
29239297
-32542090
60765071
78246153
-67150825
-59834307
32386974
25513207
-38999327
-68019287
98628868
-63738176
-29815654
37746409
75786506
-56902356
-4749297
-45405151
16830135
-60455627
-16298134
-64305529
-32824970
-12984712
94759135
36261624
-87326591
76625571
-97671251
32104351
27568383
-48971564
67858488
63136531
73388770
-15057770
-23174917
-99203511
33422058
11474308
-40682472
-17222611
72000093
-32627239
-30887316
17375294
74784176
-62500579
32519700
-68953885
46819681
15948717
-86541181
10129118
-96855187
-28661614
-54108616
-52962844
75123581
-98152126
86842284
51601978
23275991
-90177083
-18227593
39143332
9135259
-52608311
-63658061
87740736
27836368
-71962125
-28413966
54133928
-10715859
80788514
29188737
35669447
-1751036
33824223
49348359
41321016
-45653892
-9872747
-60299337
65538471
48454311
-4751994
54721683
-96218636
54893944
-80198598
61819078
56863564
103379
-11753157
44427477
98161849
91377162
-68330169
-74324710
57966768
5331780
-95450996
-96710781
-25693935
17186915
-6520185
-92460367
50873042
-90733150
18288618
69787967
97652332
-7360429
48007141
-19384122
-70458055
56429491
-58984360
23683991
-59162964
-40872952
-98745780
-93269280
-31163571
63605885
-14771276
-17912853
-1170985
62838204
-98532404
-28699863
54085336
-52117160
8334909
-76404637
84216682
-72524624
-24472384
33380733
-24220831
-19729910
15352203
17714660
-98864385
-20568624
24614423
-6119712
-83180218
59352016
40516585
83760052
-75826690
-86598125
44518620
16867874
63688927
47615185
-41100369
-7592972
-96182914
56435796
53809097
21422408
82827026
-53068374
-59526157
60758412
11394526
3108436
-76781221
19737327
55657727
51785241
47699623
3715165
2962968
3352749
-60101746
-54281051
21490095
-60061976
-85150260
36014953
15307015
28087772
-70013286
18952028
-76773091
-77085478
-457429
84341439
3152237
52901941
-31735342
-66489874
46012772
-25640867
-97305104
54747612
-99835776
14227083
-62356996
-33408666
-70458363
42446415
89221410
54029013
69869332
-44078608
181005
17562673
-61253964
56055327
71400062
56479955
38317335
57263422
-86777846
7988159
90529701
39607398
-85031639
79086573
35181137
47733256
63555258
3790157
50307419
-35951683
-38399444
-71309281
-76795669
-33488421
49100906
-21406388
-45778135
-74479897
75293505
64466215
-44453367
95183391
95564881
44545703
-35837055
52141099
-87443188
-16614461
94010872
94755133
88542632
-98250796
68237389
-29343585
-30899341
-76071156
-69466972
52860969
-72204808
-77298102
54313711
76507956
60073389
85756841
44512180
-33248925
84268453
82417890
-10123750
-93118760
-13726478
2712780
2485703
-20908336
-30823203
25026949
60266498
-88338989
-45568420
-40305701
92705862
-44644432
-81313574
2368353
-21318207
27324587
-61554364
43231819
51542313
17587116
-58914487
-10194026
-78373814
90476592
-86911908
46017101
-92239982
-49676213
57026112
-45046373
-84737873
91653336
-5425520
77553272
-66817393
-88163751
69514875
-27315962
-51858537
-15048021
31488624
71444343
-81324180
-50360820
-74800918
71756337
1658518
52233492
4633421
-23738347
-16964349
81800394
-81987492
-69773485
96788563
49284800
64593472
-52856175
58388925
53618011
-49180964
95088522
24332806
78793046
-20802716
-50317915
13188699
97831672
79583332
-66116532
63658856
-67638633
-51695259
-40753611
85515759
95181750
-27982587
-25652969
19299682
-86533567
32672966
24034968
-89348677
-10900623
60640748
49305648
-70373828
8561398
-23202593
60093656
-64854566
-78572070
-5074873
-20428367
19437932
-17733871
58734351
-58331512
-44626971
9571266
24125080
58354635
65919306
95766966
98861390
-1249190
36782291
-20574001
-45480222
75233499
34725499
16204007
-59927751
90825426
-97339623
45097539
-79115536
6178572
23144005
-31142175
38625364
85399015
18994390
-88211924
-5321615
9171260
23839574
-97835984
42289098
27452433
14929041
-97375866
-48365457
67510532
55889550
-2376994
8167071
-87740130
-88960305
-28353362
23591170
-32211055
-11432774
-47799042
19848535
-59183450
73400018
-22274254
-54001060
49012537
-89095159
73244470
-23941607
-27505087
16403818
25151528
92064741
-89657674
82818819
44011469
86336467
44162283
-12983959
78097499
59736106
-28962546
-77329383
-87824233
-48735567
35812375
-33561692
-40263583
62811817
-49507853
-11397103
27409933
-78894292
10914613
-70613206
31318666
3364511
9772557
53024560
-7818140
-17588666
49439478
-86018745
1729700
98817757
-19717185
-88729421
-347662
-41926634
-33522138
-76199037
-92539551
57509040
-48167998
-50982231
6774010
28806254
35397944
-14577957
-70695124
-20594591
-5179187
9135588
-72387348
8634891
99396722
-45340803
92110183
-48919426
-4571051
45800086
54065783
8329338
25297622
59812210
47262895
-93193522
-83849791
-82592657
93471685
-42886154
-22205854
72552221
-50019037
67903335
16370223
17224829
57829561
-65132861
20529723
-35369299
14217216
-37345230
45346476
3511383
-47748041
34947871
-9532017
10422575
-16598848
22598184
67869944
-28187541
22055595
-69273665
66422490
5535577
-4762912
-7336561
-70469477
-43778311
-56365347
81334474
98857544
-51560247
14941734
42620852
57356264
69222533
72028544
388908
70950143
97687543
53104049
32997029
-96060422
-28095728
23928119
-65392804
56121698
59169403
70970061
42171250
62947228
55519524
25228876
83996425
76822159
21740446
-99786
54312593
-29421432
-61779385
-97805308
-64487608
41876837
92775531
47685098
15022039
33054147
1272503
87942026
-55805686
-6421646
-69426992
54736142
-628007
18407332
17820716
57052388
67959551
1645460
-67516546
-95187751
59756142
-51624144
-18182521
-62982008
-10476056
10824679
1268087
-47564227
61240960
-71883302
-74205495
13311871
46815976
26313277
-69594720
17682270
-7409735
94733680
-21778152
-60064485
6757948
73687953
15694866
-81016734
-55605250
12379178
-30853434
-39252222
-46360363
-25348120
-61202092
51126295
-2285291
42316967
-69065449
5392109
2239057
-77100358
-7458750
74029867
72716236
66926537
63329683
-15256425
-28082707
8418569
-84483566
-95017481
-17629204
-1641964
-32832858
80292898
8398847
-39507877
-76821040
9559615
19841763
-15803679
77545112
-95143732
-24483578
-85182254
-90933335
69197567
-86786174
-2168830
94510470
47170854
3302045
-13197348
97520556
32455450
-5753804
-33198652
-27814116
-63162223
-24590509
67944244
30209752
68623611
-87430276
-81964651
-98938216
10739098
-411067
-66584181
29564241
-11200497
47028731
32751130
24823735
47533230
41711195
25835244
-32940169
48568668
-91384313
43675295
-29389408
-34896005
89880915
42878854
-82429712
66946168
26774375
-7165419
-5313286
64018071
-53430242
-14486864
84913388
9637000
-65552423
72786824
46986207
98495063
-79833833
91820898
13040143
-95394593
32268145
1257959
-60994500
-36100347
13054557
-58548053
-91304388
-75611819
-79453286
1877886
-42596398
-97104482
-44937983
-79583228
24951298
-23492971
-5465002
32181287
90099077
-19520026
-89552296
-27033159
51729283
-74487256
51506077
99315074
61304524
-6525721
-17776868
47146212
-72638441
-80250623
-30453167
75998020
-54172008
74920191
10538717
-4990993
-92412600
-24088195
8730594
-98783861
10585617
-81712873
-37682014
83773503
-68703299
7502647
84151538
-87379013
29761547
-16177548
43683440
-7955751
96820719
96718359
1423592
64375990
13876977
25878060
57598176
4894476
-86955916
-97613202
38076896
54478832
35150108
98046760
94433809
43225659
-91916936
96163788
55980945
-20685429
-47984300
71698058
48283560
-40800534
-64036592
-35821057
18776778
7619632
-28143937
12313246
-25536665
25675567
-79043863
-38856265
-90982057
-96654847
-60251374
-44339313
12946912
59244501
-14980031
-90595200
-44997249
67460760
94148152
-77959167
-70438939
-80983824
99563322
56208009
35806881
-60227177
23874308
-6349781
-89641752
-15881460
-97969972
59295713
-60553883
-61245022
-72270841
-60421225
-93106339
38944176
-80241150
-64803237
-45221421
-89822548
8255285
-3412088
92027059
-77950307
93785834
-20992396
-62151046
13009600
73303698
-21692185
29424860
-83373428
-36376057
32174016
-30085793
-47269443
21145266
-88832279
44570687
-56194845
-75114138
73560680
11677673
58831830
-84667407
73496006
-27379837
-15092750
-28693042
-44888561
-93579010
67507026
-49846575
87575122
-19748928
62883884
-51544593
56235829
22120410
-90098239
-72065981
97302617
38260110
68197595
-70455731
-77345508
602496
73957324
-89570039
84775361
-85973926
-77273722
24302274
-72423950
88185151
-6242550
28270712
-5888487
-10082995
-35462029
44969253
-83662143
-11097964
38065422
72274915
-14995717
-57986959
22368607
79769220
83903596
66913894
13448759
-1468694
75283642
-16671283
-57051382
-92592082
-90765058
88160127
52264242
94294225
99575078
-26333542
23123750
-16505547
57888202
-27115785
-52840993
-61363728
65239202
35610371
-98650125
41585055
-42770757
-51437856
45291581
7804711
82263692
71591399
-74751695
59660616
-76994648
-80119724
58062229
-92757444
-48116166
31507814
79045438
55718407
69809367
31127616
1600811
96026900
43473905
93686993
52014960
-549364
-35114326
-23392532
3916441
564944
-62524030
27054518
84598020
-64254335
-63044537
81931475
-49844412
98143429
34330666
-58787284
86526650
98319856
24364732
6496057
-16102030
55259313
94720276
-10426929
27715184
10127413
-44189656
51746227
-4678386
32428852
94571089
-73415719
32287970
-27685350
-21063858
-12066402
50483971
71853525
-37339067
14868547
-52970507
31152993
-41096184
95789994
-46581821
49811869
-73738775
-67871653
81939874
35047495
66669389
-361041
-78810891
19132141
-8294486
-46017833
-56273400
-77346615
54799583
25795794
-37211374
-67129647
-2709189
70326416
51538758
69024353
-46385089
-63115602
9049214
-10088615
44639323
-75803149
-91852349
4490374
-80363256
-46815703
19069234
46826537
-80791049
4570258
-29402631
-92628568
25288002
-14685189
51579645
62665894
-8741320
69651770
61085300
79895348
67836967
63567910
-91323360
32382695
-56376764
98960995
58504371
55775319
-36242863
90832425
26800711
-40770378
-44743130
-26801057
42852796
-27231299
26520571
246644
59641423
-49982934
44937266
-65504481
91967681
-18559296
-1833426
16595393
-64592142
-15845127
37766617
9467927
60664488
-37723193
-72016729
-59078839
15830271
-85179177
-65743441
-95408710
52801216
46894472
-15220820
-60194910
74707983
-70348245
-50067424
15310762
660323
-92002775
86186774
-20713745
-46303105
-54964029
-1353636
-69307986
-70849429
-72590140
-99845549
-78717246
-40625563
-86514519
65654048
42836159
-26810070
90713775
-36613892
96785828
27821140
-6129658
-74614673
83898013
-85467779
-87132852
68021673
-84061998
82885163
-69520137
59578918
-21072656
66634300
97296632
-70154898
-11476366
28843903
-79006167
42906591
-45279559
54823287
25366535
68732485
-27620904
-28527496
76092917
-14510637
3679511
-85419105
19693392
50121545
64816935
24283027
8180099
87171345
-68896130
56686701
-98710885
87191791
-39441314
-35575433
78483841
-20758294
-98796372
-95145349
67531712
8329524
92769949
-76867771
-25037618
-79131117
4165592
54757327
-49124368
10574772
-71259918
-53672612
-15594957
-39310481
-88485813
73983078
-94221382
-1731640
-5143472
-24874608
-59297888
-89548676
5402919
-70525775
-72060976
4790525
-64112523
-37995119
-64761862
-97826126
-21495244
65556050
26262159
-13276253
-3170438
32450248
74430645
86840840
56611708
29138833
-26389265
20772651
65496976
17387926
46934891
-55492420
28935282
87094078
-42543138
80928785
14421271
-49112710
36423137
-47241800
-4040406
84487556
-1568071
-56529217
56216997
25782763
89011635
-78452179
91675774
61717641
-86837758
-75515537
-5823465
-35708841
-7969936
-59625452
-96596837
-72512687
50611375
27717502
54692534
-4084860
20268215
31920691
82753507
-73818640
-40553314
93257526
81365593
73130195
-23495546
1418322
-52421355
64928846
-11178428
59668275
21758553
-43099287
-17606501
-3802806
-68543040
56287326
-59985994
-5230793
87657313
31208849
-99485817
72792390
-83638177
-6542242
-50060972
-87857253
-22896609
-85128012
61400976
16970043
-16788839
90091125
-17873391
97041889
-68100056
-65450575
-37350866
-73573608
68261809
-13413402
-5095234
16102674
-50033100
23334848
38132031
47207346
77634333
46057810
42171857
-13886481
-55977909
47804897
86441905
-68278628
48720784
-3301428
-46737285
-89566030
-30113357
-45893646
5348395
56945742
73238487
97533478
-22265444
-91647732
-62766936
-23660626
14126913
-66211851
-80908052
-3690751
-30016326
-69835202
27537786
-32082301
70253564
65578089
27399860
-55424430
-92964449
-22696525
71662854
94302112
92199809
78107000
-1074660
98805939
97271892
-99223155
-65753813
16941055
-27947691
60573772
14901329
-99141208
-78687752
56936965
68510041
47052201
25787885
-23927504
-144230
60451038
77538065
37621993
-61634796
36373736
15701124
-1399413
-94118431
-2655101
-94173746
99804976
-10676622
-96352454
-75069333
-13418685
-63889856
11934646
-80401204
-39211134
16072628
333791
-6039052
81121228
5238236
-96556774
8822102
88430651
-30641871
48167549
350975
61042734
-58528746
20497604
-1897462
565296
62748707
-75067541
11523709
17089195
52256482
66722384
83378157
-8887789
8494239
-75381278
33779381
-56950018
7431486
-9266296
-64346139
31765014
96840547
1092168
-93146769
-92768269
67542227
77442688
-47541855
39165036
4803890
-34943225
33500466
-52771054
-55872433
5992128
37223280
-22704019
65376949
64497593
-12078899
-89531574
-90729167
-78756709
28768038
85824949
79805460
-22510597
32739493
-31749076
49302815
92467114
56375387
-24701484
-16712544
43880543
96587539
87900161
-3305339
-82737225
73122234
-35089901
79769502
54413741
12263846
-20787140
4008260
72393490
-3678446
-75294718
-84133670
-87142993
49267061
74466941
52516259
-40434457
28428283
-5066871
-52035113
-16402057
1920484
-28391040
46523177
742862
19095207
-37998652
-49440785
-49688179
-33842489
-73551031
5568566
2001190
42251096
27278633
11601683
65378668
87497181
-67358520
61833865
-56816842
-67542537
48810716
-13053465
366255
-46274645
-92267096
15901903
16518984
97809192
-40507713
-17957426
-50131006
65163496
58685742
26867395
-8835139
-7644961
-56496458
-49628036
-4880515
55665787
-36786147
2848725
97183621
50901849
-53150616
-23617140
-80313435
72434271
90914085
-80480423
-81411331
-36847385
-50625728
-66725653
-56004869
89655767
97316475
-82816308
-62554723
-66237064
-6617284
-60158310
-4327053
-43232145
-29461047
-66121814
8195563
17680664
31957482
-11002736
-81539930
61381843
-35906655
35684530
77748265
70209754
-52589179
1741019
3080341
84841165
-532888
37386997
92403953
21530865
31750109
29067049
772899
94101557
-30423826
54104693
-98182826
-21450578
35724918
-1356644
14437956
-11780094
53858734
-71619592
72572444
-43252611
-85497731
-40997928
62357067
-95641233
54573977
-48239342
76569268
87465661
-80150779
-54739909
57657824
15513118
-42610047
81183578
-94782140
-37804716
-56208791
-89910917
-7371946
-13105276
-57197757
55278166
61130543
-4110335
-6686745
-26681773
-14148744
49747380
35698795
60760194
24174517
-7827387
69080397
-95580507
676448
68466621
81897913
63372698
-73115326
-48606776
82185209
21561242
96481527
-44199475
72706821
-68731169
-44788100
-84918680
-72400328
77977611
54239645
-6791193
3387226
-70989647
87449741
-2322213
50509971
-19277676
-14674413
-35047872
58964969
85209299
-15277881
-98392918
95492075
46607720
25477202
-84552407
-53995913
69722008
46892305
-79424247
-52156938
62110174
-16689865
79151126
40375641
-74990674
-89594838
33632897
83378792
15320396
-53613169
62608913
-62538821
-56287408
-30207617
81803852
76049441
59640135
30282600
40217581
-87853558
5132874
72249775
75831085
76374682
88744799
-30702562
-20015926
-98633863
78406459
-94364991
29469895
-62196735
-43293842
-63716233
-35520301
3181432
-39411873
15855278
19705603
-40470116
17179553
77882521
-48446259
74412782
37349554
-81213171
-40256516
-97561487
-75294510
-28746563
-56001093
-91177147
-74575613
-85696653
-90953731
-57028714
1760005
-10913363
2848475
-91518589
-84415364
99024088
-19685390
-79180949
-10678415
-45986231
-22243285
-95281704
-65764467
47852815
-99905811
45046384
47863430
73419897
43947907
92102196
-29929202
88376144
-42239962
-89977212
26387254
22719098
-59413575
-10804550
-86574536
23922838
-84294798
59464853
-96091194
-25089087
49219533
43629081
-87356545
-69370265
82985066
-78899344
-20997912
-74584203
85968999
85574539
8749658
-91283836
92195529
-72876698
-87049371
44536276
-99626030
-61444946
-58809136
57625953
-41091266
60866192
-78040973
27605750
-79833940
91065831
64754668
88732882
77248179
26046090
68757351
-93006123
59236382
-13759237
-51667231
-36067895
78225382
50422339
976051
-65930815
-96023302
-26066568
97608389
29360762
33392792
-27460516
69367661
-5263738
-11157907
-30356624
16513892
49273005
37566278
-1020673
-95319365
-31041308
-8567897
56416151
-85205235
11464543
8603889
-22106119
-36305555
-92865912
-42791231
65715131
56359476
-43540926
65069472
-34187229
-80138074
73368104
-40575221
52881818
39197627
65338810
98893764
25865270
23913872
-71997065
-69011767
-32652514
-33602893
97283302
-99839240
-81760334
-28441891
85164986
-68112508
4451137
20959022
4351536
28778647
96139933
-52704706
-88326511
-61127360
491989
66295239
56036756
-19391487
86292919
-51269043
46527986
-3612294
-95583977
-10080553
32862161
-99957281
7300675
31187053
55364162
-62629719
-89129524
85695249
51372478
34581782
49313270
-9712715
-49621378
-75324293
48921270
56032582
5619246
-8151290
46104098
-70309836
-88201264
-13390399
1646203
-74840650
-3573280
-8972914
5174280
44196333
-34696150
89213952
-88792953
18252052
-16494256
-72027481
-26183043
-53425295
-94597886
20036854
54473722
3807361
-87810874
-58271762
14666722
-90084029
-58975532
-1128379
-79296842
4777154
17163856
60445257
-63433829
35176581
-33564531
88411457
89277989
35237714
49955120
406041
2362513
-10283960
38207511
5580322
-26519963
-64634236
76071108
-72951930
75247693
-98620008
-4373570
-33253445
-68559233
26609878
24898576
45289188
38428583
-8610463
-70277205
42138751
85491549
-63045278
-18534240
2325384
73774432
92164794
-68796983
-97593308
79063208
-3899814
-5969365
-52550209
83606684
-12759199
45103886
79411555
77878757
59990971
16259799
41957086
-42083474
-82588595
81166711
90345635
20173411
-2968669
48979836
97370747
2893416
96301308
79053124
-73432630
-38235585
-97899748
-20747636
-65356788
96869196
29403189
-23400501
-89834091
-45803992
72969962
34948414
-74135138
44364445
-49950102
-41566339
-96825807
61644481
-81978990
-7856460
77974069
-99967970
80107521
93202352
-28916154
-86923392
-32937166
-58502016
2872816
67737005
53510287
-38080231
92203310
-47393983
-51027605
-68723436
-9849211
78802138
98615383
-58220244
99555236
-77036485
90900996
97752192
81889713
-37706743
90736891
-90766565
63943795
-82264084
33743622
-47057312
56294542
-12824370
68765444
42912008
41058902
-16257672
-32082243
27524038
-62656751
79155428
-1910450
76305731
-86145210
53638024
-67701308
37702542
-28171841
75422314
-92361326
48383956
-45386457
-80868609
-11986839
8205564
34928233
-13405586
80422160
65763593
-49118526
86987142
33255125
-96076404
36516088
86273639
-62040506
-95276506
71953920
34268830
-12505097
-46377689
83799895
82884373
-53998300
-57629608
61736216
44899366
29942756
-30008882
90094502
-58331262
55301496
-60944401
-18731917
-36704353
-86812138
-39722157
-71713342
-1217897
-23513908
59624711
-78243411
11282545
-29866013
-20806631
-37788783
-75570455
74052850
16367895
90382301
32712500
-41626481
68862111
-91356514
89430323
51476253
72049690
77602967
-7652341
9209672
-31930970
-14029919
52655826
84781715
49243410
71558769
74298807
-37670747
-89172606
-75120310
-86314670
-22751734
-70694689
72682745
-14900820
25661720
58302691
45096252
-96501262
-60504629
79237478
34955809
69659349
56604102
64620463
30296454
89729318
64211937
68579613
91758023
-44371032
-71227024
-83728824
-45581779
29726348
86418141
6436456
-26978557
23253570
25250497
-10189431
-41917833
-10036606
-93084121
25133661
28144390
55737884
90123284
23500714
-47772756
-36182109
-53422638
-21562706
60462632
15850118
-8108976
5710854
-7807615
-41172251
93272590
-16801740
65112994
-31619892
-25581475
95575750
-1139877
-93830649
-1891430
-93372286
85163940
-36295103
-88979446
90379288
-40098920
98007318
-31533957
73742329
-63966442
-75605741
-97319424
24251164
-29181528
82164194
-14357132
19567215
40383424
31518117
51466082
-60563579
-32615765
-60979372
5085881
30943441
19926925
47139258
-52004206
-32543167
24188035
57860437
3919168
9908613
-51999574
69483812
-78234535
43676445
-13795634
87100558
65809868
-52162172
-90955869
11638310
-59340981
-28092327
20473384
13931269
-66321564
-91582209
-90543405
-41956918
-84691137
-93054451
-3661533
-38913035
-40457919
5230224
13019392
90982285
68911521
-91435734
-53341426
-99911684
63863570
-50085737
-16064927
-99959557
37647821
-4518931
-83940620
866947
-54937989
25647210
12878799
84580649
64678231
-48314097
84962055
90611048
65504121
12673380
31971249
-14001139
-67440917
-99539827
-10731470
-59711424
-60138898
92119139
8397364
15177331
-77990164
30856444
69852501
80152114
-43666769
-71387199
-20144268
-50408454
72394423
-90625709
-59922574
-82053270
56147824
31282728
-14909283
13679910
59504473
-20998972