65701489
-66807898
20067268
21982217
17831862
-54606191
-34676623
98795987
-66836743
96631933
26281680
46793409
94184102
-13365105
-39771540
-64786684
-66604306
23207671
-92717272
46050441
22192165
86326466
68064707
-29440084
-25154827
552742
14516971
-50876072
83705613
-6156927
95009330
59757614
28470375
-22171756
98374114
-26139604
-18459392
54606384
-92973465
88051793
97905913
-6798270
95621064
96425909
79132190
-60474833
40902390
-49507500
45269668
64114663
-23104529
45555507
-18684767
78548417
-23425675
14873387
-59985655
27083235
828245
83743093
47284141
11327032
-39560514
-69218099
-83215880
55396156
-10469280
-55873524
98472741
-71992007
-5758575
52074869
-78558243
11251449
76976217
23383114
-51551849
57225481
37294188
1166881
-16590872
-91002606
90172716
-53260504
-63542909
20220505
-6040795
46788964
-61430574
92935327
25101730
21444531
88418526
-47544953
80685472
-87755320
47093475
65793532
-87077199
99770245
-51177773
25273228
9199905
34294052
38708753
-5506509
11652149
10829507
-2158291
89345548
-88524573
64184760
-64820431
-61278127
31218218
-80772163
9577075
82914347
-36292221
-96176138
-74190685
-26117262
-75655590
63617673
-87561535
-52724644
48918707
3768555
-14935178
43418504
-97120597
-86009384
25035156
12314380
55977374
56987669
77028627
50391761
-80596782
-20600074
11811253
14708833
-57265502
-29456022
-98893038
19407707
-40927719
-4208375
-46961490
-30105238
94723476
-98271394
16506657
-78566482
-60548720
-250300
41906739
-90127629
-33226433
-44570702
-77017500
79354916
77170305
-11533445
60853281
-92094684
-22351040
29509338
62499266
-77447024
-92409193
91392004
62202925
13592007
-89104473
84504719
78861256
-93135459
79918947
73780000
50863302
-51648667
-91144046
95775513
-60304440
8683142
-42048969
12489168
3289036
6787367
74523867
2861748
95896546
-2354324
-68706967
96258130
-76532923
-4992822
82197576
-74705950
-12725855
-59807294
57337949
22676685
92021874
-70168298
-67300127
-77066703
-42764978
50283715
-3677489
32644396
65211277
-4824671
67524957
31893175
53249477
-81933973
2140364
45371879
93251512
-93330483
69650020
5649406
-88998903
88909813
73665075
-39000261
74754045
-78470213
-16883322
-78264663
32395671
73807931
-960566
-33518601
-75894697
92355642
33256617
-42756095
33400133
-51510570
-20750642
-54372313
-93166101
-30437940
1852028
18367000
34884684
73653892
22799299
-14912291
-52054424
-90580044
-65961764
74901217
-63522616
75308409
-73072555
70751119
-63201545
-92480304
-60491680
-65245518
-68944301
29194684
-79421414
64934147
11777105
62189888
6124325
-8417869
-30738673
-37581234
-18940908
-72195186
-91999593
82960369
81585607
15353827
25307563
69219681
-90390963
-81975497
71467395
-20032653
-56787215
-82401958
75691278
98024075
-24801634
-69095307
-10703132
-6726598
-82463898
-78402425
74206403
-52152151
93957838
67086077
2561712
24194907
92628291
35884190
52329749
67551683
63776289
-91636599
778039
-13756568
-62752559
63434890
-18801897
62914399
-71298135
73923231
-71265697
17424469
8297458
4003432
-48495792
91424540
-28647865
-80197605
54497996
-94277498
-58081868
48313162
47737122
-66735739
33587138
-54544028
95013079
33331582
-90425644
83527199
84054865
66290250
19520602
48087189
-76164246
-50277405
32894228
-36684277
-88379160
13365670
18675249
91848035
-15542223
-15764507
23320499
-91619018
-80808427
10071306
39421006
99091106
-81091576
95156360
43860523
-20372322
-95626216
-85177522
98897593
-70078669
15400915
-97281532
-80575782
-82629725
-50607116
-71901539
-70293472
-14447255
-94193895
8746836
15927549
-87521130
79588998
65183784
96437251
-15950364
22142931
-54832054
-70606858
1725656
16407751
-29887335
58688748
557980
7468371
-53148181
-83666598
48544714
24382574
13114141
98147995
-83371119
55006848
68881335
-78179883
-19253005
53226711
-69769078
79671928
3413582
-13145238
-96782085
25949667
56901279
-82453562
76839945
80920184
-89458114
-34723106
-31414934
37615489
75904417
-36975227
-32883091
51974565
56558774
-53307342
2490650
-89309850
38456704
-35567337
-64715633
-48758764
74416863
70598867
-24936927
-31451761
-75108817
22006167
-17611027
-59781959
42394998
-48134468
-48640958
80642812
-84750898
-20775680
66888100
-27065855
4953001
66808898
-8855910
43177036
-98997614
42893970
27924927
51435850
39934751
36257041
87638016
-63389711
-40494387
-69448617
51964957
-6060626
-37455912
45147977
31433707
-59082199
60245909
-54043499
30549099
-63368601
85039531
-11027721
9064350
-50370628
-46135539
46560302
-74167460
14909500
-7332585
-706367
79270333
45268547
23508845
-10801806
61509082
29706212
45765121
-57550872
-34436915
-10228455
-836753
-75073571
70686699
48306890
89808901
-78163545
-52686488
-79372688
91050397
39407383
4062964
-93740066
11314413
62869069
-65480199
52300225
74188059
62108862
39606122
-27826299
-98628505
85372255
-70068130
50484486
81330329
-68744726
-2900687
21696217
56222318
20467763
-89993749
1435595
-72067820
-2010521
58588584
39892105
-56890838
-13286908
41431136
-63339946
-71187646
63584087
-44696772
-95340825
-52562992
-54214482
-81414024
97861998
-1258180
41953069
4722202
-99809326
-43070743
45156718
15300590
2151635
91761263
67222885
33708669
-59240764
59090998
-44850610
-54803071
17224358
96693691
23227349
-41134856
85834809
-70865337
-35572412
-61240419
82586235
-29983812
-60133389
-22445930
82407107
88983398
95521166
-20409818
35416858
47562232
-48023197
45618292
35334695
-60446007
14884643
8618448
65814731
97922651
56412238
-60158489
46789479
28570295
-94291071
32826407
-84461865
49071541
-8264760
70664867
-81956102
-62887577
58424326
-99114648
51737028
49107831
74918334
-61901762
-62352159
53950093
39861697
39028563
-95238317
85560849
43902917
50203723
-99068182
-39591543
61566170
-47683815
15705730
74408972
26529342
-90689090
56352460
-7714081
-46572069
72707552
75492591
-27763479
-16646858
44791797
-77399725
81353481
-78002332
39867135
77490021
62799899
64406143
-32016162
-83399166
-15824302
50341045
62524868
49424152
98018466
83543806
-93610127
-58356595
-5710769
32217318
86188042
32953811
-2943099
-68230491
60388608
-95132208
-44722399
60798983
-58258549
46434240
43091913
84182546
97576505
-88832386
18921759
78105805
70353962
-60792483
-15060747
96461947
-38263582
-53361750
-553653
-51574816
-17925938
55556046
58939101
-78756669
44624548
-85762211
-19212707
-95406520
57934570
4687011
2231946
17583879
28979439
-69087595
-37206850
8124316
-5183952
37593928
60385643
-69695247
-74661483
21888523
19032258
-49872001
11172780
-90883365
11169197
83261567
-80140486
10995303
35756207
-28702971
-13879048
49877073
28132473
-94990430
-45835808
-2736156
-14589627
28362385
-91848354
-47195443
-61794372
-83304125
-36665801
-43195582
32670771
-68780377
-32607101
66794858
21826674
79984128
15825304
-22354878
2931231
-80520152
-57110550
-18070008
81841569
15348882
78212569
-29430610
-19057807
-82918589
15198894
7414020
-88091100
66267965
66702170
81977443
4278251
41672852
65147437
-43424928
93095696
-13548194
-67390071
-3600049
25138986
-79068531
85254153
-87725371
-80379680
19086400
-38389756
-83486704
70004214
50744422
-53872896
-32143449
-69151292
48770371
17577027
-14767022
27335447
44709300
12388694
-35525954
-10219061
-32833266
-26454693
9386460
-73953549
-36341443
-37073398
-39730404
65952146
89387258
-92317708
-68797266
-25362667
27177090
65342910
-90003655
-49823161
47761517
-64829139
42591218
-38739467
97936266
-46197059
-76419407
-66038798
80469972
91076296
-56370988
-79163055
7637156
-48055090
96339408
91154500
-82183707
-96385283
-94663039
-37670901
-39115702
38970469
23542975
-57767354
-25034247
-1419552
-69801148
-52857007
-63537130
16190459
34260394
99988781
14083506
83873640
-20388902
17265190
-74189984
-97223634
-150986
18243648
48518719
-89521336
23230627
-96063082
78852559
-77298682
90295041
38763334
85973025
77558035
-22647858
-74309349
-92018134
-28375729
-19505245
53014979
-85828391
14887414
78881484
-61141281
-95769161
14545863
3132144
12114844
-14936497
59970703
58234248
92335586
3341219
-89873989
66563172
-97714246
76457073
-48060014
83692059
-55217916
-41593774
-50687293
92404772
-67851667
70864661
2258122
-4498870
53857994
1269274
-87559416
38726176
-59036973
26612368
-50384728
21787966
-60571800
40803086
-89709140
-20462821
25737909
9807998
8307538
47404933
48505207
-18039284
34750503
1785670
89026545
-11223329
-48888099
81335699
81992202
38204269
63570041
74246754
-24380271
-44633558
-74203760
-74332607
40529274
-87785310
-52948913
-63255678
28533319
-29202321
-82915727
-79543808
-92280817
45997552
48613554
-15932109
27097082
74202742
16250482
-32206777
82367877
9248459
22672466
-11494850
54731824
51121471
-88587816
-58013350
96800599
-46641974
-93521889
7456859
-74183111
29997791
-59260875
-90780509
5519583
61873679
43586988
-62567170
33440440
63124939
-69096924
54553274
7974877
-66638694
-4571596
-45596109
-32775087
44036332
90021431
-68940820
-20150540
86246805
14840800
55683250
-15793021
8685147
28622439
19422912
90678930
-70232858
70853318
3813968
-45733849
-75134376
32737785
45518615
-64784275
-35241952
46250172
34709852
54806496
-18271496
-97364371
61421677
55618601
-85244540
51820150
62164474
5270961
2104993
-58622602
24414666
-65905369
28078581
-13090360
-49459037
34041511
8927599
-64020207
92298288
-29020932
-35750116
26286936
10650319
-89008461
-33564409
92718112
-71810881
-8463627
-30945231
78676373
94234000
7738312
35339849
-36836869
-86317928
-17315047
-35860471
-34012855
31032673
-17106657
-4483586
1646227
56694209
19771878
84519966
93910547
7307685
68798482
28808383
1556622
33200565
-37930861
4318747
61380595
30651612
-68792708
-71677745
15458166
98618653
-90600275
35159025
77643470
-47112071
70615834
-40475912
96614331
-84209967
18575302
-57995000
-31918274
-21476931
-99642479
-38057578
-72131017
-60687627
-28868262
-37157668
-40291887
83520201
79353940
17540474
78643854
-43310739
-62865485
20145461
-87791677
-79213722
72190947
86856333
-46663428
-2109803
-19099873
-42386987
-44473680
75846700
-94731566
-35365811
94904687
-52909816
-38364002
35408649
-31779038
91912025
8157828
-46100149
-19861523
-83264039
-83851279
-78182326
-54646834
58654745
36964674
18521887
83056964
39408074
-46396518
-9928368
-11291865
-54103264
10864856
-10099804
-75331974
34240096
93836035
7580471
85233543
69421904
-51572928
89794939
13992361
-35039694
64986283
96655362
13227545
84088340
91720603
38785130
77101392
45971390
-596792
62065536
97108982
77407580
-4577215
73733541
70802810
-62210639
-60839383
58362781
15599728
61672637
-42591013
-47718570
9694623
37741646
-76889822
-46440181
45013936
-85302663
-46007791
614550
-8809168
22180188
46355960
-85049614
-93805294
-86295549
-95882166
26324794
96742589
-66606308
-82791028
-69119023
-68842899
79305807
96440209
19312288
-27268728
-55000457
-18435129
-4484790
-35367031
75224602
38660965
-44325654
53112353
-79029064
-2998735
45097304
30717087
-7063847
-96441621
15626290
74856543
-4075385
-59464170
-29951612
-48876440
39901457
97612760
46495729
-95926419
-72865222
59363960
47986107
-61487367
-7375461
-92543387
72810245
-51184731
-36272125
-10743957
77804734
-34609107
86700316
-29998721
-53461470
-77779743
97376448
-9320119
-6600910
74925771
-30654770
6951799
89274411
-32058566
-84636954
66460552
25283554
-61381674
-49021575
8722743
13396045
52527239
98624206
10662278
-82915291
53231951
-53362544
44885185
56888277
-89019225
17977580
36587337
-35222199
16519312
-5808113
-5178988
-44605994
-43906894
67894815
48928867
74904137
-40944711
89514559
55835725
-78178767
88156665
-26362432
-84746799
-28158851
-12755910
-41928154
-82692549
26924825
-92255342
41578826
72359637
33128503
53302437
-59571707
21785305
27415481
-33060145
-67875097
39275700
53782529
62125548
76014775
-12305606
968680
24398440
-16306603
17983073
30308967
-68931415
10795058
82819184
43993413
-73641165
32011291
-12794585
35460814
51226462
-54799023
-63043407
-13873487
-2400044
-78278522
6207494
-38751823
-81125991
-50737090
-60783325
-1292644
91539750
43478205
-33908566
-17975005
98681502
14638961
-92465683
80231601
88992060
41080071
91309249
60278634
49322440
-2154807
93021422
-68794013
19717601
31974368
-69442951
22143270
41307944
-40360752
-10564982
-24713133
-38033743
72231746
88836768
-25699734
-20343093
14423394
54969477
-78675403
90260654
24731966
-42518717
84102064
-31488743
77940668
-7585353
82457027
96571899
82270224
93086316
-7981072
84821049
-20253068
30931347
71828536
-63703827
90479539
-98432533
-48303329
51819533
-37305837
-42319928
-74605213
55925535
-83168609
-77214121
97162197
20417294
-58999616
11706912
28512748
-58448755
-35026854
-81061700
-33977258
-21459930
-13707108
22830356
29135253
79617956
-4944996
60329448
-28224677
96629994
-17391540
-79405913
-3836540
-22631395
-89881967
79063836
86412886
95197982
-62086502
78171358
-77601376
-8310633
95334905
-44615075
78135961
63786883
-50438872
41272759
78173524
87025093
98512125
-2175280
-47763774
95780941
-23231211
82618281
85978326
7169836
-82143581
-73272478
-18662413
-16246894
53550842
-51193929
-66075551
-6745089
-65498890
95991664
42746661
-70756740
-48473457
48696583
15640413
-32809097
82409053
-90367711
5975546
97080867
-50847696
-18454765
40927315
44978844
79242998
-64832469
-74732695
88021488
-72280510
75059394
25606326
-4276307
-46469237
74188351
78193323
-38879330
88019823
-20297265
86184008
-35683461
35491564
96089191
37852258
62416676
-50248780
14817151
-80409260
25082671
30514438
-1200739
-3767269
93269570
-99335054
78508783
-63508467
48474219
-87564505
76961717
28657144
47838727
-13235170
-81103902
-71314285
63719796
-28015993
-47219378
8423352
-31302188
-94317617
-30719028
72560385
82303979
2948593
40672818
63311678
84347550
20784368
92550502
-55387542
59795794
-46062813
-76691470
-80605450
-20417482
55967769
-6523180
-74870133
10179532
-93353599
46231721
-16943408
1807355
-24761960
-63815473
-35473666
-1727721
20785952
63001119
45528031
-86689132
-49040025
37079689
-49871630
-17625343
-8550065
-47286935
79320726
-44741871
64185756
-38537366
34511648
37602262
44182365
72473791
45377239
-55764718
4903092
70007291
80367765
-55133928
67027993
69715859
95435848
5234437
51608439
-92039079
59463906
38986320
-89359102
-87128555
35461676
89787305
59586388
91665691
-83364245
-89620250
-70939618
-11069135
-74632009
-65873236
83313895
20743940
-3030736
3432323
-24979702
14841614
-67942080
-3826600
-30307408
-21251804
71282531
-8702623
36975084
-14164302
-45669663
76767400
32602234
1661256
41782763
31051991
-87667716
-64994566
-75613407
96570241
41075379
-56272238
96578231
12066744
5177340
-959493
-94216638
-77902488
-99938008
-15960518
44526955
-50232239
41708505
23273982
21704868
63513462
-36273718
-15265270
-92155132
40473798
-12300307
477337
-24249432
46859880
44490359
-18272280
-66060460
50310517
-86880536
-14061607
74475904
-23871280
18423824
-45156520
-88447448
63203989
-1087412
93917813
17157647
59784797
24931875
-74934779
-11086855
56764295
-95495340
-44729849
-48195675
-64400166
36945639
30820442
42221601
15809335
79787228
-91386311
65099449
5391013
76845669
31250366
-57346773
41162914
-18620195
-55308915
-67584620
-91908655
14993724
-54873986
-85582792
-89149892
47336536
-88442493
57272994
36550967
95445436
-21514296
7024221
58907195
-10686244
97387188
-59622470
-26373970
90966358
33792557
1375155
67996431
-24489609
-27736818
1475997
-25124563
-86236747
52474793
14583460
-80342180
-61127090
46047435
12267292
34622499
632834
80102736
-62846878
76627382
9589532
9717406
-25462627
14678257
31967382
82584120
80013549
-35769571
5634296
29011397
1804952
67938183
87431664
-40109911
7589973
-81856297
-16717495
100717
-75755910
-70091751
99669746
-39090621
40142396
8308354
10226886
-97888565
16716911
35799202
-75698880
55511093
68344133
-44338951
-37700046
78782321
41572574
-50386408
-14239655
-87481460
-37305980
52876727
68159595
35338394
-45676458
-62116794
-71638432
-12184417
80283006
-38681277
45467089
-23967365
41969209
99496904
-4750501
70205705
57311170
73606844
85597806
75907718
-49409502
5368146
-76462104
-6892513
97099563
82504398
70200810
-12311646
-30479949
-327680
43873096
-51587392
-84179870
17495298
-17345865
88235168
-79660764
22191666
-2733672
79948943
-85422385
-8269502
24226521
40051439
28514250
-35492036
34553690
-73204065
546212
-69740183
67920295
-15676168
72275957
35392434
26666922
16422183
-33869956
-65167063
90481496
24607820
85966211
-92467826
-19939686
66853122
66000460
-96956334
86355442
10937338
-21591463
-22403858
-46909799
-71227791
-29542323
58088044
49883085
1029906
37199583
54952105
-47874873
-6423744
31390293
-41147971
-41740988
92282049
-95931120
38028016
-88637971
-93467465
-45892106
35226949
-81876898
-34091781
-96760531
-99345787
64863777
81737615
-46970077
-1457903
-99040972
-34380986
21769287
-19139
71751914
-33177753
-1699678
54861118
74291327
-64694275
-1480233
-69244720
13512840
-90445078
-53255097
-20033749
88494980
62592686
-39937915
-14169793
49004630
-46383695
1865647
11388485
94073334
-54557453
-86905729
-73011975
-15019423
79430179
91386217
98541347
48165490
62895466
25227266
-98866206
16607032
-69689627
-49072695
-65781317
31547101
-519786
59774023
-38341944
9424861
-1181546
-6743864
-16448516
-76561987
-57067664
19992352
-63168682
-33625381
-73648057
-82376003
-69733285
45635457
76389427
9635171
57958287
23384366
-1406273
-54029370
-26766116
55588573
-30633529
-72248218
65567003
-48077037
-14397184
-49434378
18991254
-55913078
-48047104
-35550737
97032328
-29078393
46994389
-99369289
11451927
-64325424
-96992035
11219837
-44992885
53869913
72117900
24188528
80709428
-8535514
40579655
31138107
25854706
20005208
-78515538
-6160116
-70800147
2624847
21315399
85468017
-32021782
16753544
-49967311
-79405917
-31188132
82174045
-10265482
-92441103
-70202965
-54246036
16042034
-24440312
53358525
60115169
-61377432
71994532
94375640
-31678253
89097887
-45856243
-58546253
27965319
5595275
30610565
47354043
-66314552
6843824
-6205885
-76945042
-54029159
-3952772
-86874300
-72001078
58236641
60089409
-79577280
-31206654
5519408
39631446
49174993
27358220
78026173
92899923
3606219
-94213725
-32793486
-38790213
71907967
43974953
-10797016
28415045
-39164957
64289107
-6488274
86551247
-76404125
7903923
12777396
98384281
74155764
61193123
56566752
78831199
72903970
75261228
3003463
35367780
-97033278
34373095
-39062578
49177079
-75323524
-88844519
-33305451
-27475911
36189085
44947001
2836642
-44190080
24348737
35910171
68123242
-6031276
48330634
-82832530
-61314867
61928629
-83453105
64731860
37012432
-19347238
-78451776
-64649325
-87759285
-7968295
11972273
7793658
-9930117
25665980
10183111
15515229
99310229
-83546424
5272236
-55448388
-44065717
38858132
-83483920
76347684
-75752335
80799255
35997218
-4313030
62570059
-51541391
-6714549
-40199920
-4266752
15580137
72273600
80622174
82891938
15385831
-99353440
-79357975
17885192
-36107713
-64258299
30471873
-82032324
-1841500
-43265609
-4883462
82606214
85192652
-35436975
-87093782
50575740
-51405526
-24053401
-83247165
74871298
62319526
-73821935
-16555384
-53640023
-9291781
40241130
23921854
61315459
8044262
16217971
22164831
-53976346
59672941
-93381761
-35159382
27162461
78752166
85648077
51318412
-34366510
-38292843
-67074048
24964830
-17861125
5040177
86554628
53969658
-30766881
93339282
-58763502
-21762163
-34299035
49096935
48775035
73608988
-99249356
-82107872
90198315
9607048
-15054021
-54759622
36949539
-71712226
1844966
77302894
-29121139
82212977
-18627281
71924052
-95662265
-27743484
55281613
87110433
28935320
-48419184
-76350987
-80555229
-97447886
50190432
27138154
69632780
37356023
-87656004
-6776641
-64795783
37297016
-30825698
33119964
-8050746
-23851412
-25159678
-75207930
7351183
59290075
-29950244
-8850303
-86203433
40611908
-85987048
-37818931
95643932
-56603554
-54646526
31956418
-24776018
-50400641
78890664
-58142501
85308129
-41072914
20907936
31604417
-19073255
-80349853
-17574296
87965230
24923392
-59800722
12506326
30525836
55384685
975032
-66761254
-6838597
-37521070
36415293
73126322
-90021278
66905871
86053907
-9802503
58471997
86948025
-34616918
-67659791
-46842774
61297947
47642504
16138531
-70590552
84894185
55688644
76355340
-9084715
54997243
-12615969
-92485661
-92112508
-4854585
30265239
-68158062
-22170914
-35502871
-92690296
-99710945
-68084316
88263242
72002131
81838959
-69726204
-68554811
-45294200
-63347218
85983845
-72105367
28118954
-34919296
-57310756
-54662423
75216282
-37603410
17358330
-72540639
85697200
91158086
23204742
63051713
-72339666
-90983761
27217263
-92319882
69660302
34768867
-90869044
-78410343
-46947978
-25458907
-6727016
20856555
8589447
63294482
25987528
-73115656
9792083
-72119765
14545185
-82396796
35485455
67035958
-91085096
95160830
37085669
89186636
-38215812
17207446
-29902104
4669941
33418220
2888503
34146339
28238878
33044111
81729601
45517985
86748700
-53354965
-65432196
-14941791
-561195
-68457882
95812804
5293791
-77197877
22841051
63629474
-16833781
81508786
-89035735
2323490
-16251700
50896277
46175736
-41297590
23777050
-77139178
-16235434
53356863
87860878
7158300
-47134017
83539727
-46920595
-39742254
-23768092
-34534844
75752827
49290417
-58005087
-85449761
-57964428
-8814060
34496935
72730904
70357390
52206777
-71641265
1302673
-24912868
-60834319
50275199
88176125
-86895929
-2161174
-63757547
-39920
20818399
65252909
34313293
38393994
10062461
23356010
88786481
99135446
20793422
-29353130
-42257653
-60211676
77837717
-16564964
56693930
35545495
14638450
83170105
50981203
94512839
19161982
-29797474
-51408952
-36831880
-85292299
-45904196
-84037223
36718682
-76406989
-59779137
-87469228
-86537261
-24370192
-83433295
92452465
28151538
-50987189
-37568480
-48231244
22026994
32113715
66181532
69966691
-87076353
74673291
71935322
26214218
39138627
-56614462
-95044579
-50947097
9698143
67013102
-38048452
9248580
-57600246
-273850
12035030
95357779
-36891913
-69544346
-84586576
-39954108
81541885
86608811
-96377916
-69561606
49918847
-5375450
-80846708
97122511
-34510672
-52522219
-52272693
-96523668
17165576
55134493
-51480271
21545497
60416194
71900580
59090176
-3651988
69165046
-19878706
15151412
76707186
96521807
73828105
-85474525
73908183
78610832
57379571
54926013
66410406
-24559401
-56598887
55561302
-57231064
-90253799
-37861007
-23838950
68574494
-97658193
-26041890
-99427139
-32989916
-99187182
43471759
55333227
-52417622
-70352493
40340166
28795364
-15596853
49137283
95783184
107326
51757245
36776126
-20322660
-45440557
-41929374
96059164
-76056280
80698074
56955479
-43098828
-74379271
88931024
50256193
-10150605
-74863548
-14058253
79336307
-44643692
69240918
35491679
-52694814
78897311
-68852719
39973994
72172988
28516209
50010014
89062186
96543087
81886987
60096872
4146928
-99903270
25743092
-44593384
23014844
-15177235
32318337
-74325675
-59944841
-40103136
95308904
-51299236
-35878684
56283094
-71359019
76591467
75901028
-52494437
-99307612
-71016456
-99550171
95894402
-59479841
60409405
97914958
-75861319
-27282162
41097169
-79970755
73025341
-41743343
-767644
94373758
-978500
75113086
45837192
-24854406
-31653438
-54890327
-71796533
11096726
-65016377
28214879
70532653
49432844
91337577
32357215
6129604
-74070577
9297563
30427882
52794473
17771130
63301099
39262069
-24133636
-93366974
45601558
27944956
47124791
-74310230
16449791
-63385157
-34675574
-22229038
38427918
59983447
-88390169
89796388
-60616687
-69899387
63936600
-8541919
-3571589
-48288073
17031054
89018321
6092852
47411480
54442528
13131174
-50633896
93834687
72154686
-69581115
-62801940
25332922
-62833234
56535571
13975179
-90481149
90516703
53837319
40082478
-68239392
34031016
-44693142
-31401807
-46318835
-50477826
79555847
-3969032
-57456698
-20410398
68505427
47103208
-24908071
-72639043
22038264
-72880565
62263777
84604746
-66477737
-81952157
69413336
93616822
75668458
-83639146
38920202
15927925
-82880694
-39281057
-28096302
39373775
37022614
99095558
60522232
-95026635
-47768669
78454986
-74941841
27050184
-29895250
-52547551
84904171
-95579089
-29700336
-24299689
85666347
-4810516
79236644
-72851047
-46232065
-6423868
26279300
29484680
-82690157
98040356
-87485209
-22382826
-29957999
-98629173
36662765
17080071
-45629292
7280513
37169935
30146294
-69741343
585268
77843002
54483286
88136462
29999159
-23782192
61315571
64950936
-26273226
70572916
22437566
-28185731
740398
-61266406
-48690262
-82320092
59816957
-30285000
-49631564
-39259895
-48059868
-9298341
-56059827
95134048
68963999
83061172
-69982069
34354721
68163828
-79146814
72173288
-62599679
-6876654
45233162
-28558122
-14296717
-72569378
-92608435
-80069491
-83916273
-71748026
-67444143
-61950738
-18135563
58856438
4565575
68155282
53204258
-31235406
48778242
-92371965
19275080
-6487227
21047924
29383399
57628029
18094908
99399719
-90667403
-75725310
-36607990
47587117
73914666
-90590604
77207500
81085340
-13825256
38140346
2152942
77499848
58938911
-51793783
-17921733
70546245
-62418335
-97832590
-64838936
97719739
50292438
52459608
16472491
24941058
27096829
94253987
52527176
7366532
-71821645
-67490173
-36057654
21621302
-4176866
29340189
44474260
-41805056
-41283338
221139
-1652338
-6972093
40339353
90797541
93673239
39767242
-4436148
-58446255
-82381832
2799786
-91866684
28040448
22263603
-81434008
17609683
-47958236
-6349417
11653759
80252063
-46809978
-59708207
74678226
55771302
23645659
56435551
50594361
-44520744
-97025721
-1607148
-86057844
82228909
-50695698
-14937135
-70894083
44904953
-57259169
-66639902
34134665
-71721259
40309342
58041492
-54287558
1738188
-4668003
-93328157
-20228257
-82814071
-10527378
84494190
48382294
83811341
-66361419
89235895
22580550
-7829319
26837495
32447373
76330027
-18136321
-65280948
-12625156
64463642
87317476
13750971
-21315074
-47915100
2323022
90947137
-13706048
72221745
-74204518
26703286
87513234
-79213080
-62146227
52006012
-43566499
-8508519
-18353918
57017323
-96481468
52634152
-4102967
43328451
-75278031
-64051375
-62233626
99586827
-84447914
56961717
-39310335
32397095
2216443
50519763
-60106846
-17073944
-89927526
-53690416
80813645
-38500496
54035219
-75268078
57703520
53998784
39943501
42223275
-25046035
9132996
6302989
-82605901
53513882
-60476393
77094969
-22676919
-32732783
-68634407
88693170
2493172
86993214
-17097797
55952781
-48290050
25562837
-94494010
54838441
59705079
-17898827
86425134
-34652961
30677624
-51952321
94394921
42191745
15848788
45699479
-10764183
-31292524
-14567074
17352038
-27875686
61094016
82315960
84454960
19050215
-98159181
-38098392
-72668058
12441544
5500738
-536271
-77804830
34283007
-20872101
-49536065
51537172
82067011
24450798
72321740
52225475
41034267
-75832003
-16145691
34658059
38524963
-69906839
-47268261
53916900
-23857884
33848305
88506925
18188598
40966590
-43086084
86916997
-45581320
18601275
52936493
54202882
-30753170
-58674935
86753492
-72445638
-59845920
39492757
-49270890
-63609016
73119439
-48207296
48427198
67909014
-4002007
99282941
-32282254
45831554
-73501654
-36305936
81590491
-35594217
-4664240
-98259947
-33119542
-68190657
45706622
-608474
-24783688
84191043
60671606
45154919
-36103923
-16633066
67684537
62042053
-17157132
98143730
-84784592
27027281
-15582407
-2381655
-60258567
5711723
69269192
-64278573
-41453633
53991535
-95352418
24008475
60405347
70500666
-91848992
67629502
5972262
-3058342
-53538003
-90943211
98294732
12841078
-20621289
56335207
-42454341
7878107
70374803
-68321137
45403207
26181785
39583135
89328481
-58872213
-82480934
80956757
-24694630
-94790957
-11630611
8557227
-36085487
-65727426
-45616433
-16052689
-85866481
41319304
-35896088
18674466
-68006721
-81315551
-29275564
-94717842
-2052423
47831802
70454024
48521170
-61853491
32425187
-59021491
-41648109
90244923
-39872983
28265820
48990999
99967729
-7245450
-70701641
61813780
36244414
33067914
-87727974
-70079120
26652668
99468218
-97394426
33141217
30711912
-23483450
-58388047
-88245388
34484477
945303
-56632431
52420987
-14314523
-82809456
-16222509
-68809027
-34590678
718576
-51584997
-25157752
-72029413
-40424495
-51916306
-44423898
-73715670
-87912025
23576875
-15708616
-40309534
-5567584
43514569
18410809
37742260
21765979
-31249193
-97405382
76889922
80070036
56402981
11976854
53904039
-74527253
61871493
23030752
-45814860
-91367680
20083700
-13642981
92198534
68172160
-5839925
26107007
33640758
92218169
-75547785
92322349
26117761
53187014
21768912
34760033
-15147324
21268154
50753507
80858131
45023950
-15301259
20356989
28652372
-75583974
-51863797
-67043348
-18633430
92433482
-9496528
-37327249
8596333
24018795
-35058541
2144960
-96148743
44286000
94395635
57568800
-334599
-7122231
-59009765
-17307751
-10315185
-31763882
-65784475
1082689
-54491031
-85748857
54699449
-83652224
22336341
-24248763
-82140274
2652615
-46218815
94325401
-72542123
83771991
42593855
-77590500
-57411590
46916765
1377081
-36174841
85624400
93884329
97808508
-18998544
16577772
-31802652
97724634
-99529182
-86002421
24536123
-77903385
16473976
78976059
-60541428
-77070132
68668453
-28587643
3090349
-9851539
23889334
18744986
-73879161
41851946
96907594
-67362998
10638956
37971641
-3751864
-59707097
-76658902
9844543
-12861733
-46036248
77584217
44373614
54008483
-79961469
86549150
43021897
43100533
50040239
1410832
-60771980
-74503188
-49710628
-55264328
91319601
-21292808
85521267
79590363
77469144
95937237
-84149674
-95106435
8893862
52305830
85947794
90877003
92862043
2218746
36965840
71327872
86963190
69140662
-45582998
-34980006
-22649401
-80126843
-51144261
98513714
91233353
77996715
75996181
-99512038
85058931
7682973
41197478
-95134069
51462908
-26161676
-28368092
-98509250
43954258
-5615778
-79911824
-8977529
-4895436
-51368420
70353614
24107481
22509077
10087214
73015816
-19638676
-19295178
-44409887
-19513920
-86387756
-28845303
97596476
-27008450
41925015
59803850
1303680
64491793
99156295
64823150
10163973
-78987970
-92622241
23746366
81231497
88609181
-11304423
58390448
-17304768
5377289
63525970
22157521
-5078599
3105577
53218058
57781861
-94467430
-64173353
-57608910
22633614
-91945109
40379150
63353681
60814165
-62633613
82763198
61263176
-17678398
24250047
66723070
58158408
-67233405
96739078
98315239
56372120
44572917
-90167834
-52332495
-78052370
-4578507
-70824878
-73366939
-46359942
-97880453
14231198
-87541656
2545256
44988140
47836127
75108214
-29508814
72981083
-92916767
-41585724
-63434931
-53871572
-30904104
-63765111
30151632
-69951912
51753885
73641003
89773875
39555279
27075404
-62729372
-66505991
30716597
-68061049
88644220
6726026
-38841166
14270938
63355525
88096943
9275081
52989491
75466288
-77623053
64079110
-89554309
-77453006
-14763677
-30104658
39568651
-89239370
3588829
-95651647
-67635468
2377321
74896685
33223854
19863643
34599106
71349916
-80103236
-56324426
40333249
-19179005
-42008241
74052812
69224094
-92012114
22124891
-58536525
27708606
-86244643
-44417136
52801133
32107357
72904029
69440985
-82995746
-31866539
-96944658
31768908
29240943
17780279
-69453776
40802138
66425403
32649530
25101119
75051206
98419487
-25894976
-5616695
58574342
-45979385
-6668564
7817175
75706435
53959026
92238029
56696412
11178002
-98663203
-4652189
87861581
59971379
91233132
93900876
-4758368
-46748258
-16745944
-71958741
75308511
-41681520
79149212
-11135791
-10428342
30889848
96545481
-85580403
63631935
-79530737
91534888
-9309737
90900888
-8926266
-90464183
-72611826
-17869694
11930598
96364298
-84379094
47006142
-14617914
71017771
73301635
-62300030
-47907885
34553576
71006302
85016643
59896516
-77690322
60072981
84361994
-11596783
5147421
17393097
-15130499
57899262
75775009
38755480
-96312048
70888669
-76715944
82351915
65615299
-416049
-4917643
36526057
-70181361
-87790832
47287537
92250843
-94755870
80131693
46727947
33712036
-76417194
-77669789
41641540
28792699
-83703929
44152593
-14978707
89826628
-75392439
53207422
74927044
54631140
87751445
-62773545
-20325797
-95778718
-42101426
57487816
-5761211
-52411212
-62633679
-71874261
-77902019
85101043
97928763
-91902320
-82279628
83426686
-24611641
-8947708
-42846165
31927170
35523166
-78195153
65341163
-23313897
-17117280
36786970
-80721350
37539420
-64410389
-69792873
-67226395
64140475
21127780
90959682
4527581
6133528
-91884280
-12130494
-99423501
-1592193
30695653
-54305911
63361772
-22620077
-72672091
-39409084
-66776953
27829016
86121738
-12185364
-68417700
-27144099
-74893275
85398949
72540657
53048315
-60746311
-43316119
12234792
33806696
27482714
-61594771
12844228
-60119362
-76719751
85826431
-12060210
-91566155
-97500836
-35885575
34639894
95502678
99951141
1371564
-16304382
80370764
9285619
7893687
-95832236
6551666
4904233
99536917
-91680112
6683878
-47584986
36482526
-14574666
-93567558
-25329337
35763618
55585991
-51057391
93065952
-18263178
24930036
-11480411
-29871842
72621570
4443730
59392033
-13701972
-87447725
43116854
-23328900
86498158
-23168972
37790709
44280439
-66727238
15080216
-29748329
-21971956
23558518
-8589852
-28150489
57412571
-80453546
88048744
-60963228
68232227
63235914
96588343
31894509
-22834572
3883403
-74694845
-17904766
-90299715
-5065143
-35079176
-30636132
-31417558
-27826363
69500350
23006856
-58049907
-85984946
40337591
49021506
8171024
26396360
44415917
-92148904
-31368069
65367124
-41602541
-27238605
-51291870
-56946090
-8264184
-94822294
52851237
1870906
-66510650
-40805134
79063088
-10635790
44588331
93627070
-31617760
14009570
38024087
-83228121
55579160
529581
70427229
47064578
65826266
-4873426
-75404504
16551678
5285216
-44969491
87250530
32633329
-25032052
-24331862
-93518162
73035215
-95603760
26717500
-88583450
-58654593
-15241995
51359876
-88360171
-30549076
19394038
-95478914
41310124
24986701
-83899984
37473492
-17951667
-11012626
23208902
-67257540
-5901906
-48564218
-26820361
-82216216
-38357623
70858424
-17906337
26251356
-6406844
91022259
93433432
30630710
-35126585
-85051178
8679554
96612226
-53979552
9132552
-36705162
78950901
4093913
21442211
-9986851
-5407509
33412590
57846807
-9515239
29665184
81557183
33897336
12873910
-94596573
30719181
76333334
-42643292
55891340
93528984
-53139348
73239328
-14401168
-16405574
33544118
-52072513
-24169261
93733326
-52926804
-20347017
-37391883
90027739
-76651259
-87204698
70179195
7617705
17882008
-29148819
-77407375
54975417
-64851237
25502135
-63878525
99765090
78866124
-91934154
-94904938
61790326
-37780989
90479995
23055831
22574314
-11302459
-30746600
-81605681
-28978024
-20726215
21040523
74168197
-74627431
54200629
-74778749
-38318512
19306558
-86695620
-50972399
99539255
-83241155
9138792
25958228
46627023
-46300948
-87757790
71932475
81945986
22463164
-19571115
36327588
-26013751
-31378377
55697257
-11198549
-72728681
67594323
7620606
40428611
98931570
51092441
-68287882
87618412
-64458706
-94832639
13491457
-64200416
-34705794
-93002653
50716463
49080827
19137205
-66377621
74140798
33799471
-48491364
-59778379
20397580
84764570
13340560
-65270281
18379624
33182438
-8047991
15981364
21053585
49425850
-39332752
83961399
65952844
64321144
41260268
94364509
-26054175
-30730088
-18679778
-23512971
-71152596
21583593
85615260
47610708
-76367641
-11527883
-17381257
-64861854
48711539
-43889641
99768322
16675428
-53821573
-27407142
31663350
96353163
3214320
-99905481
-512546
-37795622
76765988
19109327
72948448
-35801352
-56800162
81644084
-97025806
-7244708
60583976
-69959155
-24584781
87199424
-24977626
-48968007
81929749
-4151201
-22228404
92724587
-22527509
33621346
6693598
-32069482
53252219
98386789
22595895
61521065
93047637
-60733734
-38497966
-3871624
77702893
80468881
-94571274
16755736
25312843
34331493
97037377
40509610
67255982
-28024185
-56040212
-42971816
23746840
-28732161
-28603230
13004409
46211322
78412163
14379967
25328617
92609461
-36341064
-3146441
64467661
-80663061
-998352
43566800
66539045
-43438921
-38529461
99980768
42764787
-43370862
99892006
48795298
27603999
54196623
9251528
-82885821
46081109
-89905181
52985562
13974648
-1279901
42875614
-5959411
85096049
-4153237
-54805517
-74144922
-61802595
54525751
32726746
67019195
89679902
-57726892
-21081762
2645013
54098961
-5932484
98975498
31077121
25218527
-49523626
60757560
-14639774
36430762
-36605273
-92320525
-64610386
-84011456
56049329
-4452633
13504705
4561621
-74886185
73930548
-78558679
94077562
-31034621
-8735944
79405589
-88525277
-35927789
65588679
91275966
94279520
96528879
-27666819
-55228033
-35233238
699136
34848141
-84208116
-90220707
-18273
-67934617
-20641178
-71799571
-21932032
-82668609
59074605
-2045735
-88035469
53640265
-68931569
-21223828
-1831557
30441311
90781385
-76145479
-77168782
-32568425
76581030
-54234994
-78092392
-94118027
64185165
-3092213
4919306
47424995
80159232
78614427
-97278270
-70603868
-48825813
72219934
76614982
15946524
-42341363
-35732722
46334671
-68595461
-60427392
42910694
3442139
93349215
-33792840
60009873
40440177
-58893968
70503212
12543785
-14356444
1166317
-39399832
-61579028
34405475
-44869927
-31193696
-66884575
40611030
-59795123
-82933726
10674014
91041767
94150218
-95061612
-71044115
50846314
-83314964
82618235
68333639
54798428
56509431
28830534
56460727
-64703845
-17075984
-73489063
-57935264
-7954104
-23335644
53699242
54839619
78655393
-42910998
94093869
-18525301
99002770
-16045196
32264960
-13529649
-41003945
70713354
65473957
-5553656
86275379
-6025428
98205344
5048293
1608694
-11602158
54553570
-93647294
3235867
-17851932
75371428
87212201
62292394
99993497
-86748678
27476999
-7442845
85125127
86081898
-79491348
97399648
47923692
-44508711
-18154894
62951400
6848001
56612515
15730115
-37264026
-67925221
7541286
-54781605
-63138396
10176878
12267357
-9376105
52321394
65455900
26197423
-27669510
4869299
-31499771
-57357108
-97144559
-1805625
89473226
27998840
-36414048
-75755430
-99663821
-90313654
5106543
-61413687
63364318
44619042
70299
-75841920
13660132
-33779002
-28210470
-53219077
15599984
62804677
-72926756
-59256061
70064490
69718247
34404110
22374941
-26492794
-78874704
-46366701
-98623924
-24688118
27764393
78403120
-55955776
32091393
-19187381
80736699
-46484869
29510913
-18217861
-84822116
-52061971
12788526
-14932276
-94502961
37706558
67118108
98309730
-83992841
66725507
31352967
-2241857
32365786
-88142728
60863345
14138937
-32644186
89893353
-80479196
51207409
-30817091
-83192712
65206849
49626933
-57293676
-82431912
67950106
7925189
22426598
-53398214
-30940413
67870540
-66544194
-16593066
-27335183
59120638
-51827447
-42838631
-63245327
-76441501
-81408338
-97382417
152328
-87407104
-24615557
-71213917
-27648753
73764773
12542605
45262329
-38935889
54716690
-29516963
-13029687
17429138
-78103722
91204740
-97753119
48302895
85626117
66734307
25666007
37171508
-26981212
6170866
-40465528
-19969840
67937184
70220939
-35342763
-8156358
13489121
-22941249
-34939795
26536421
46691967
-9891776
-83980162
52193528
-50247146
-92505592
-38856065
12564750
-7990064
14363645
-75708496
15119089
41561207
-4585472
-79169614
-15040894
88107666
92867223
51017201
-31970918
-13177274
-75189166
-30983294
32651732
84774065
15896879
98066519
17390562
-31471809
16706404
-61826336
10149980
30821177
-70109870
11846588
-60681381
-94768589
-88845592
82817172
35430526
-84708845
73722836
-56726446
-63604772
85279615
31884698
24914863
18235081
-28112629
-71451004
19236457
89076858
-69619933
-71774546
69335668
4499262
33976835
81542897
67885934
-51184028
78551386
24271432
74462081
54487815
22620834
7897203
32543776
54521747
-68880540
-12637415
15120309
-33720199
92638106
92040432
40203341
-21328279
31192466
53296937
98844142
-57861117
50291267
45120724
-45176221
-94782927
63663185
41330545
-69375709
-10233705
-39307643
22704141
10464538
-64699795
75261497
-74741769
-68891305
71784822
93901643
56066141
-8737943
46593839
57731528
-72779066
56048203
-23169571
-28213400
-23030320
61853574
-94898544
-84018163
83022390
36183566
-94837610
40007144
10406760
-69348320
72817699
-83797246
7600131
62726553
56048433
-88829681
-5238774
-8559832
-8652278
43537777
-50811208
-20865615
4975639
49815258
36819007
15289133
-64585416
70817236
88303141
41036268
63133926
52770226
15431754
-37662579
-56697672
-92290106
-60515275
80951769
-87417944
53371405
9269736
-69649080
29684272
-17772846
-7250297
37041579
-87460475
89218189
7142936
-70547771
24571593
-71363553
-56006922
-42143082
-21898470
8131330
-35557968
-81566559
-91557471
67330823
27565904
25472491
10168387
-85126481
-8373142
-88131737
-36414618
24660883
63049559
42036504
-18930408
-14717661
1749247
79256973
-86795192
30782720
36786038
-63968166
-9324989
-86000471
55435840
-5093447
-64869518
72758367
-8481859
82406592
-19325133
-67592132
-33682301
43468680
47882190
43667470
122719
-58019598
-76945423
-98548066
-87472311
95997379
26831381
-70188170
-62616769
-42572878
-26853472
69579405
-19805748
53260993
42856906
6393848
-47690518
8364205
5623090
-58191243
-31844968
-48128331
-27241012
-51858224
-10324687
-53929424
-61994105
-1497671
3125076
-1565063
83619448
-98927298
75563132
2404138
-59088206
-16669150
-53470122
2836106
25581616
10052498
-60811197
-29642536
60848132
15233210
-2074940
21057137
95578049
98530847
58886487
66384708
-56541468
-38253369
49424560
90326553
33717024
-93862164
64224876
-79057680
65991845
27034891
91625653
-11376743
-33784008
-20767134
98437408
-44532112
-47536473
-21102443
56691585
-33387696
37828204
-37848605
34211954
-97424065
11959552
-22149697
-14518566
97572095
92452638
10045926
29489363
-32120706
36739562
-92437559
-28793791
77820564
-13357018
49388580
-15812365
50732442
-46947626
31394431
-5467537
-41537962
77894538
-21246044
-36820037
96164850
23321850
17191644
30191891
64641724
-8645588
-7778980
-92959735
1952722
3955983
-90383639
-51085756
-85992662
11975322
-44856052
32100671
47146994
82854441
97392523
31366064
-6265418
66342274
31818549
23362120
-77594339
56894782
-98081161
-95847282
-13892322
59451360
-53977006
-13273107
-76390417
98847586
13981455
23220425
43654150
91039473
-2076122
-52857628
-10309105
68548675
-33397929
76639471
-70380036
97668031
50166447
41381537
52722573
-74910983
61632705
71506810
20767999
-19592944
98741889
5253438
-30484854
-23849443
-88021403
20886666
88763267
76538921
-18012343
-6868621
-78717750
-2361453
46749241
-59022309
18118157
8503409
-28074214
-71257144
-57331175
39167391
19365657
-54229319
-43130305
-46345385
15794547
17538184
67664267
-38706105
67009885
-20349699
-39876153
-65257401
49303695
9326726
29920806
59387836
81310800
31501154
-19767954
-33942426
42754414
-17683855
59370771
90758279
85545607
-14826354
80667327
-20494045
30401388
-50988881
46939988
92323184
18568742
-62995813
68924936
55432426
-65531907
67434313
-50711562
-2732098
-43897277
81244588
-2493684
-63838914
97732031
95859874
-24946489
54340098
-10268382
79950952
63167694
50525641
-99519021
65832788
26076812
38272976
12925555
85472269
-64091884
-5366524
56462096
95734358
-16197677
-35235266
35760315
-70763193
18805724
15767303
-97264423
-46299952
43583968
-75800577
18473043
29725693
-80873291
95387055
-64376838
50212001
87275604
-56757363
17073897
55384265
-73458117
19162719
-788972
-74090079
2334379
-94606211
79220595
94664139
23829706
69126482
-57201322
49190495
-69024436
38392514
56306144
36869095
-89050035
-83322923
-63584647
52247418
80673969
-70714574
-15336904
-91246292
72036648
-25976129
48768823
-43175700
-57268029
8185907
-20320055
-12226654
-38806557
-25336101
19202999
59706318
18282841
3111011
-7200573
70658886
-25141795
27250438
-84887519
48203329
-37237387
-66319181
-25027953
89517157
66168658
-38321894
26245317
-14252061
-20970077
-83534340
-8091605
-48360284
-10522343
-83600502
28039907
59821267
-30330279
-37469851
34718995
-13801261
29553178
11621010
25786438
85036420
-69963551
3869886
86622190
-60270761
34576713
-37436952
-36245019
-63390466
6187467
37114971
-31878396
79291435
27803627
-29794968
-24519122
20556224
-11831506
-41182374
-93727733
-39264709
-88910785
87469193
-91193693
-21107457
33513697
23819096
24149250
-48989976
-83259174
68763756
-35029146
59479701
32872766
-4704615
-36902658
10887766
78732371
74858361
-41509821
98743068
-23383662
-73644025
-13449233
74642700
-81445988
48888780
59419607
24004050
9335471
-43678260
-95051167
-56922494
-11637000
-64447244
48316242
-45003453
-34827049
50065863
-4902592
-81896222
-53844888
22520421
-35435061
-29299690
84810964
17606997
-28902709
13167636
-89175376
59850173
-29187339
-10448617
77159515
35779854
-56689092
60926693
35508641
94535018
-76213757
-21756835
-94147497
-73690398
94045190
44121849
-70165778
5744526
-58474681
29750074
62862733
19468334
94388397
8714179
-84659829
-46232124
-87511611
98824851
2518457
-40078015
19929466
8114174
-41633168
-99218899
34352239
31077932
-8968716
-76792640
25716115
99847559
20668781
-35570832
65812540
37013264
-55887252
64064160
-75162437
37401997
35153609
-3973149
93213554
-21220012
86244888
90579945
12300048
-94374148
-6150410
-47960118
4046573
-66036140
-20104074
9880569
-68919942
88422436
-7498183
19394526
-47090241
83811668
-39130511
-21401840
9863900
-87854949
-15752371
52381394
-81181715
43261621
-59434054
54318448
-37058683
-13253674
54348519
9151326
55481450
3361060
-80809664
-45241547
99227903
60916624
-44435742
22089268
-82479049
72541871
24145693
-61480132
41535531
91150009
-86346445
-23227678
98400625
-30825877
-23071692
26701229
11780592
-59511127
-62144059
99391592
-21573796
-30447513
83105633
71251867
-98491270
-26422121
-2410570
-15248901
-56175852
-98160342
-56798936
6819388
47824451
-55792588
-10929724
-37885104
-58016002
-52907278
77129570
35621445
-82477060
78998990
-19285401
-3731405
-71606060
-45669095
-44938680
50445415
-3039774
35191472
-86532265
31122850
41882426
-64081139
28885858
93944790
25997116
-15122666
68541329
87803261
65933091
26025666
71655658
-76212906
59425049
-30391864
-76401422
61957436
-37938697
52056314
92308738
74986607
63505158
26306217
10853880
62782208
73816239
-47105272
-15503773
-61622655
-91215114
77460981
-1316566
82461835
52157170
-47096902
62392557
19790245
37777661
-75523841
27387462
66081158
18810331
85209333
94061301
26398706
-64345620
-71274789
29737176
-96235360
53108254
16276722
-80418006
-16987572
16675397
48417413
-7810888
90805119
83821044
-5256238
49570191
42188155
-63417046
-42162895
-77858228
88137783
-91042660
-9112378
-17982753
-19936708
-75351559
-83097068
-82238536
92857746
-9528668
-26141569
43933150
-43083104
-51011221
18470502
65245997
-19761788
-19354073
28265744
-24395673
-1588710
-52655818
74458785
60133416
88998027
-8859651
-94948427
13709650
76300007
-31160462
60234548
36968435
-8162121
-69898267
-89321956
76057782
-39818555
-75975485
36792828
-44484818
14629626
70983111
50725026
-68416892
-5129107
10602419
-53301032
-66560292
-43448459
-10124024
-98929519
-90145910
25790442
56104411
63617951
-24483949
23929754
83660741
-25609634
-79689461
6843062
-48797906
-74169215
-91506455
-49957748
-92160466
47064056
25854915
72464415
31657799
-61277133
40900772
-85817028
32489872
-4393722
23088939
35174246
34246289
54232140
-69861931
-98328354
29586875
71992082
64197356
-4877946
-20592276
39473238
-34700571
52891699
-46760473
-43004470
-26146771
2562061
93254027
69774807
72793455
47436165
-55380049
68245814
-80173430
27399327
-87871430
71401278
-43319917
79901293