57044639
-38208716
24419926
-72240990
94954439
-48779109
88521793
-10626145
-32469335
-65785602
98883772
96160716
-81903475
-29344282
-64746810
-27891279
90275390
36619779
-69293315
23155698
33361325
98029355
-15834944
-13098746
11987636
70188843
-51441966
51591826
53403812
-65712929
60826295
26388966
-25283103
57446655
-44889250
-59239783
72517693
-91571701
-80163193
78164127
73758410
-53531641
-27315225
-40512883
-572602
-84032152
68419794
99596456
18477524
-60957133
-66014686
-78528735
32041697
-31052231
48216330
2923919
9932945
-99808198
-10040299
-13806071
-95002950
-84032835
51471077
-95460936
-81227749
43582688
-33521011
82916805
-58182074
-60589268
-54957142
-18603445
-10868690
77172687
-56639188
-53469094
-57854132
67536494
68273446
22761222
-68534937
-16970276
2792672
45795190
-97417242
-18066104
38334235
4995196
82330354
-22733421
-12820201
-95063101
62598628
-39551952
-81855227
-72467862
73256940
1495901
-86419504
95256352
65264646
37018884
32366819
3726066
27860507
81119011
-77160175
526604
87762260
66247025
-56582399
75929231
47512349
60745721
-22989343
1785931
1221823
-12709295
-60130339
71166329
-79245942
11717107
-6803683
-10560331
53997267
-13770259
-27454914
80471090
-83939763
92006467
72778317
31289658
-88666358
61823667
67423540
-95095929
-13272451
16232248
20529839
-97519273
-32454655
-27728190
-58605385
73672581
13602341
-99949494
2101336
-62969120
92824231
17335185
-86575957
32399731
69584685
49566680
23253352
-73048923
-30595710
-75440348
-62836013
65116167
8950196
53658123
-72232211
-82684724
-80707818
37398512
-65466785
-83060030
-34116249
8485581
38292743
15013961
90431758
44921789
-33716789
20921164
34466734
-96676038
-95329127
58554222
77113190
95014340
-58544205
-1379965
29827298
-8969137
-18150266
33764840
2702236
31378201
-20614030
-74744838
-89790608
-93011793
89401060
-22736127
-93289675
82905574
85542726
97744706
-78071236
-95764451
-53282116
86315495
68152644
98076100
82998506
-46165169
-34331939
62799552
-34328687
-40931204
-34562257
-71898824
-89495341
-39689559
-75596787
-7888154
61512343
95563509
-31988158
-71702634
-88490832
95874097
-74991804
-89037025
52025786
58767085
50948491
-25695097
-93073537
20197150
-83390465
-7331021
-86354119
-55784596
-65524586
-44541329
3407262
4090382
-56936503
-18865260
-499760
-52368471
68991424
-85954843
50193317
39463269
53931114
17715887
21702589
-70542244
-95178526
30472415
16694785
71465734
-79349544
-28194591
-44578349
-25974364
-9672321
63181245
-88038529
-57527877
2392783
1161016
-29014734
-6062936
11256510
21979629
-66158864
-36784638
-61735023
13452755
33698188
-97355976
-38300159
-74024229
26370046
49052832
-54705016
-77426034
-44945891
-8374842
-49613020
38692018
62021638
47542589
-88318079
-28814453
92103923
83346594
59906276
-99624337
96477361
-88055075
-48837386
70711044
-30635134
48207469
-54489028
-94500465
-31640613
-44309202
81859865
29697781
-59451975
71037374
-93012041
-31449704
-87161319
31657601
-93920533
-7513042
-18690704
39697331
66269587
38712290
-50002545
24951457
-91716455
9260231
39752361
-89960654
84597341
-18301707
-94537895
-32680422
-47364180
-27352649
-57963924
48248785
40983518
-22276768
58224418
6128966
-80790751
96577071
-52448411
37741528
-66135352
95456279
-80422454
-59517559
-29636485
-15176248
-77590107
86868273
64567159
53705310
93524
16925383
10258055
-90177644
-63905705
-87792854
-99526242
23505841
-34612706
51210594
-74445677
-25290160
43854371
-85063659
29888019
-94956006
-78984357
5248702
92661222
97408964
-28567963
71632750
11640263
-46174888
-78966374
64338841
3778297
15533316
86296298
41386073
88774818
-13949559
-88731276
78562059
54499554
87093340
3197489
-12969076
79777186
-1274179
-75367599
-17626068
-4545085
-52208730
-37583408
-6085555
64513649
42890860
29844583
83166331
-40024042
4011880
74415798
-13020007
-55601013
60569058
-98725984
-1472001
-87076476
62969699
70418837
-29238289
-87021555
41916828
45039659
-12831702
-23942141
49745889
70878701
92874096
-3737335
35688834
87509707
-59850150
-91293914
-74356852
80283008
-9588708
-49723677
22066956
94072259
-60540595
-90672644
56514417
31840018
37384546
71848018
-67050378
67151345
-93785843
-98473021
1892883
88109199
61786087
-2549700
-89448168
-5294711
34898538
85234546
-53899731
-74918718
6639496
94836029
72603731
-58162186
11209814
7347209
70297657
-52869226
-61835601
28892060
-50719449
77911719
-42383655
-91774843
43910062
29260708
-4185335
-30001677
-5307381
77214505
-51678684
86536622
-47725528
-3591403
-74935350
25610001
84653754
-9562627
51362594
-46289751
86780269
-43834311
-62206585
-79789312
57327399
-36964699
-82631078
64631136
20766156
92849721
29953951
52281089
-30935074
-36209847
69319345
-95383443
-78552186
-54888632
-53326788
16593574
43920192
-52731343
-90757561
-93394206
60415064
79298264
-10379938
-33139182
14704300
53424179
39479941
-59154407
87192642
78047835
52490948
-73102870
-35193211
63056438
-96020508
-19380096
-839213
40615729
26532434
70328820
98602685
57270434
-61718721
33873755
69640181
19851885
39523286
81764059
-81105055
51747687
24170752
-85859826
-53034215
-7044569
22178033
35967045
10090406
87363661
-43434553
12218676
89822266
76341595
-63276955
96267645
-44294500
95210369
-30399833
-86222925
80034667
-87662768
-31218966
-46471921
47665807
-99846138
-8412440
78987917
42798146
55852538
46882260
-13980732
-22159536
27753896
82637790
-81871107
57914942
91769989
-84097556
10766949
76553541
-42044262
-44421885
-22171958
-37178600
57521987
904293
2737236
-44913363
-66401744
-69178664
23394207
76208879
95015656
92017231
56865820
-49935892
24719729
-90660105
1763512
26209863
-86643978
11630870
74570113
56008909
35553300
-50384943
37481532
-48200092
-22276643
-73843726
32063939
89777812
-47340506
-52051551
25868283
16657
-89977029
630455
-16579828
-75584129
44774117
-55148576
46559390
12605508
-41502103
-10564052
19743683
-35107473
-23003795
48567132
91990020
-43794687
-88378291
-95473227
99601064
-53703288
41230422
-85695958
11429442
-92250887
-61323323
-12593384
13771307
42771294
-50196887
-28084096
-77553867
9341010
38348259
48941169
-5211696
89921296
57132506
42466101
-70203667
6701312
967778
40916572
6550807
-31792012
90589578
90172393
10521028
-47339872
21661799
-84161551
-6267546
-89647172
-9339830
17393424
95062423
-75790385
-12040965
-89939837
-41120978
7495458
-52885788
24186716
-2922533
-26685994
35945498
-64545128
-92675115
1975908
-95314242
-14708988
64796126
18788338
-32956568
25855558
83366269
-84484186
72338956
-58270429
-76144446
46211396
44256601
24698181
-30578725
-44784899
-90040570
51793020
88972546
79858269
-59493471
71895690
-90999174
63446041
-65929966
-84372328
1072969
76631535
-56789338
-69064668
-13781688
-90913895
2524951
-71970501
66909519
-81420328
-4946631
27132353
-40641459
4659837
85164687
22114275
25993556
69816787
86159451
1253003
75174911
-40650891
-52581235
27730725
52280784
-2257500
73253049
-89817228
-71987107
45417357
-82944002
66033196
-92569651
38881484
60023
24327996
-4965930
-85797973
47863015
72342743
62916623
-12551346
-46395993
-30720251
90292138
-31664860
95795436
-5627526
-26159144
24460164
66847165
-85733080
-74308102
-28147631
-45788865
23460316
97965890
98051933
-63777816
-82915736
-50067890
28406654
2227082
38748748
34920692
5147753
-31207209
-75067891
-65718391
22628939
-74279630
-54790093
35185124
65715199
67141945
-77087820
-37192180
-81900847
-18602008
7514369
59143757
41686800
37194866
-34793718
-44818637
-93416968
34341025
82417722
32857311
-88906599
-99641886
94756834
44653652
-2009647
68913408
-83486805
-98461256
-11611052
-85411133
-23492560
32808366
-23715658
65495014
-7960295
-71252477
64407307
-1788731
49400368
19155575
-54318989
46942788
75494845
2065865
-60762866
69780516
-24266891
-26618662
95680362
-28215462
-33723113
-33882044
-86524796
68484686
-3766688
-59803220
87310449
-34389741
11047145
53546966
13250494
62797696
36869634
-22663867
-77950732
70820103
-33019207
-96178565
-8013521
69940633
90854353
2209377
47678075
-937605
-47825895
4894705
-18888590
-54512408
83300713
-64634119
-57170755
-58192218
-64045386
-6488190
99720586
-89737213
-39134542
52969744
-54997107
71818888
12116651
-37169151
-16522155
74400664
35588621
60282777
-19115421
85997995
-76211185
-88414772
-28362452
39149192
41975513
-10146834
-4655614
-99542592
47141795
-60888526
4846137
-41758023
89355439
-4333555
5917045
84744035
44729579
38162408
-26599945
90449560
76295596
30109861
-87504948
-51047271
-2376900
63474022
66213182
24710641
-73613180
78782905
-50703929
-95219922
58092260
24053049
45675257
99208878
31831233
-96567390
-54018516
66100148
-24492884
35744682
56199646
62331793
-2986657
32017006
73902338
-67758007
22983392
73471502
-6930312
-97566984
-36930841
-13252527
75434205
-77963804
95252531
-95838635
62796311
-37021729
-23807149
54202547
22237521
-52595263
-53132269
75575851
-45306109
88068381
11659907
21615954
-19868404
-68583766
-62818091
78636625
55856343
-71210857
-12905373
49141169
69508604
-36980732
-78402559
-96660552
23741595
67967125
56251698
-29895129
-60493843
-79003843
-1422695
-1150731
-62945031
46561208
58924873
11807314
-24006404
93140304
54179675
-56992944
-81826679
3167635
-56920842
-21567771
11035748
2032324
3710549
-20298200
31700486
-18962050
-4379165
-58893751
58569169
-62398328
80488799
-69610573
92798332
96078994
-44845181
-15172986
-66297431
57193766
97809725
56339023
15734056
-64763222
5086683
-5017822
-35241384
-91229897
-79238875
56961661
-15990809
60617292
61503340
23329193
-26902840
41137849
91246021
37361659
-20295372
-47599522
9882730
-18682106
46091266
70668593
-17917209
98145505
76130362
89388646
-98524276
-57533270
-10140940
-92815028
-35415827
-82865859
79204368
78021403
-29242223
56505584
-92895700
-20459513
-60890983
41089418
86612734
-23227321
-65705115
-56442092
30792289
-52409978
33714833
-38485497
79209984
30736388
23820721
47691374
21596569
-18548631
-4470579
-46338997
-1540125
80981791
-64070619
31015131
-79445450
-30281227
33896305
44797615
-71316166
-78614640
51303142
17729209
-44213434
-53289873
32232068
-37544754
-53836020
80791125
-31025670
-49002411
41021772
21600204
58523219
-89066793
-97745535
67370193
-71072073
-47848575
98595316
-48536895
-27512772
-50915231
-16452574
56453001
22658317
-34838312
91223659
-92947640
-89090112
-17947314
-91015549
-84715545
10805061
-54753208
79392645
-42709815
-52129440
-31163535
53694808
26724794
88206702
9750270
38117318
-33178856
-19667863
-34135815
24861481
-18374928
77355221
58967755
24101609
70388574
-69629446
-9086265
-10005147
47639533
18539838
-55233001
38333002
-72534941
60183175
-41828429
-11779125
86785105
24253556
69988968
66742895
-40060666
1878203
-3447671
73566811
92124788
-85130097
-59592707
-49863799
80092522
-2640814
4400390
-13338164
-92314370
38870956
21610320
-45643566
1162976
80033803
-71056915
-2933269
-53785087
77153656
-12314545
66431563
81771309
18313712
26562923
37878707
-87967866
-98290479
67702560
-75958840
-34533815
33488591
45473460
-11240004
74750278
23649126
32120800
53003161
-32206158
-27462951
-2545561
-12753502
-21413664
86657275
47614402
-18302449
-71684773
-9366069
47989617
-33713435
14952481
51022132
56171437
-69079085
-19890579
-34939964
89617113
-65028994
43566365
31830201
-89007218
85462179
32067835
-95528208
-58033329
29461670
13627205
47705022
-47393309
3698337
-69817210
4880212
20906026
-70879753
54163084
40855156
67585370
-84639696
-19613607
58698258
-78752186
-20178727
-68727850
37134973
9185678
-15454827
-29022822
10553515
98164352
-98862324
-52922110
-52905277
-19950775
-1943181
80367789
-94710288
43602020
-31433228
31074995
14766812
22848720
95908547
81615666
10198045
48845680
-24821955
21858413
93166621
-29021312
-32945778
-59436224
-56799138
28031632
17389497
-84931910
-29489246
50753153
38154360
85892220
45949112
-56087135
38574685
84268683
59916852
67646512
-2939052
93417512
-32009341
-72123611
26547210
73824401
-34496503
61470254
-46532078
95868674
82308169
20088735
-32135102
-98740506
-97101846
-7531368
-56492609
57661777
-68325199
47101146
-33940673
-87004445
26992338
34534330
16908735
-85770362
-49126617
89555973
-3147077
-3001855
-14426374
13087649
49091475
-35228448
-17201826
684815
-54756988
-50411040
83625147
-21476049
-92244126
-50584594
-7415961
-97631620
-33425907
72960518
6876093
-83354088
22654293
75926648
-10279867
-13678609
-26213885
-29425906
43005416
96316204
-91572034
-7747139
37773921
-1142861
76692063
54866389
-47684422
-17876578
31527730
28534267
53266383
-95012328
1351031
-66402615
-71358635
-99336154
50622700
45061553
14889591
-64088413
-89089175
-60700386
93716732
-57178530
-30177636
-9856691
-59954657
-58762726
-11618522
-82265099
65793310
-71970485
27687950
-59925029
-42720802
86378567
-1333749
-81100531
-34052577
29311621
-3349247
11200843
-2856268
3947433
45305409
11234226
-99659094
42858440
50368427
-84467785
-16703414
-6159230
40207394
-24860725
67435238
41959642
1120306
59309434
1109739
74026329
32696894
33558149
-18436533
-73990697
45860854
32794836
-98302812
-19696763
19873281
4157483
-35567204
8107574
81971118
30356652
-41898336
51820877
-48109540
35141751
60610011
41157327
53382665
88888765
-16152330
89465925
71631110
-24275115
84128329
-72476543
-89199531
56794618
16015230
-96113345
-81921822
88483198
48031456
-76880497
-26028388
15010167
-29900219
-25061534
-709709
99452808
-82418792
-72709325
25286739
50445108
32755125
-54846556
-92065180
66669778
68229630
-6086032
-21657545
-10744154
-12941456
-83790878
-2245397
-16955969
-46259685
85962080
-35975954
-506747
56922899
25034348
33558817
-49503245
-67539705
-8164891
13039122
-98733649
-41898802
66397987
-55790974
80902763
73551904
7903849
78285043
8092464
-87994719
-61809347
95390281
-92489464
-45314368
51313190
-16603726
91394939
-70504242
-27061175
-77995637
-65691741
77679217
80761456
69485443
91144630
83346404
-76738127
-88533588
-36931218
-61672603
43437291
87569125
24080651
76155844
1377303
29915649
19018758
35215155
70657289
87401012
96365350
74505554
61871022
-47564108
52447046
30106906
-6134899
56522887
-99366625
-48891561
-23627964
-58620686
-81355943
62983709
-3951120
85414610
95430923
-89358502
-81527532
23347360
-54875962
90506077
4402295
-37116255
44027100
-63610336
-65752587
27872378
33224205
-46440099
-22445144
-4650339
-53973178
79171500
5192176
95813248
85124103
-11147485
-18634591
92289993
-25361515
1274121
-51434258
46915223
-45548659
-20314528
-49007955
-49845873
-72001629
57356965
-91373051
-43887124
-13786523
81084481
49901634
72439003
75114121
4197192
14737666
-28597346
20525173
-40363679
52252929
-3630619
66051174
83085488
-99487184
17400972
69215349
17417388
36507054
-5333631
-63515518
-30465766
-67823148
-83249537
50430301
9028230
30964552
73863911
37434428
-9637394
33734649
4302420
23267451
-38403155
-48191008
32919261
-78302730
-27112037
12186133
17801501
6602545
-38214696
-63163227
41827287
95572139
5257707
85223720
-54616180
-6331194
-10919448
76613425
65055326
-74082591
-64330321
67631480
-45209061
-30287024
63407226
-15857544
3266712
-1796509
85371546
36886553
-87670600
-21916229
-34452496
65393147
-31231894
8501170
-74518476
20918655
-77037914
-59944436
-97667649
-36778535
-19022445
-45126119
-78602430
-19251453
7908964
-9824145
34654714
-51998475
92585216
8520540
10935385
19878891
33121943
87649208
19701404
44166753
80916276
-62720929
23866977
20962936
-59290452
72623026
-86265521
-2780248
96638899
-86672550
-88620780
-33772084
-82019446
19281657
-41631021
-19361513
-65041118
80233220
-61648790
-66011158
-2081754
1939558
65874419
-37793323
25556842
-16812351
52623761
-90972660
-22092335
8098217
8464792
-8909422
37910831
-851998
3350721
89427433
49087746
-74947732
96595157
-29545171
71158715
-55482280
4497207
94973756
-75963388
85130631
54185550
94985741
70992490
51505163
66428990
95318114
92722102
-39382970
-44687914
77731549
-60375429
5424174
40697646
-54640508
24747869
-86071847
59205644
26621842
-49171440
-11411279
18110597
-59816118
24943595
2084389
-40864626
-29635296
-17674704
-95298278
4732236
53173497
36896163
-1030723
63276910
-22331986
-27461953
-57516467
-13070294
53496446
-74242761
-70086489
82403593
-32578335
-76287994
88653961
-45378650
-7237728
-86574211
-7809949
-83560988
67832114
-60104394
65548548
43151582
12455606
71441636
19476734
77866929
-19102415
32895580
48489529
-87064449
34121678
46648430
-8794430
8137223
-45744902
-16707178
-41062502
2216592
-8924613
-87602487
-68046096
-74121234
-12919957
-15486133
63190837
39717229
-14779505
-56702191
-91671940
-92093079
-97815524
-11369701
-56080051
26094646
37686710
-71553931
-75679735
66577995
-39756114
91206644
60894264
-21673430
-83616540
41886315
-29785524
-97165736
85976885
-85633522
44397595
88896918
-68663403
-13704794
25709712
-74570843
77091732
-87141211
13221031
-78132935
81274424
77336852
75680571
-46068717
43628516
-78658148
22620458
92308159
49617134
41155887
73824903
40386248
-86791005
-29552336
-42895388
19781305
-90658161
45001684
-42866563
-52781899
34075911
13686778
-19197000
-53339765
62086540
71604927
72593305
-48580820
95890320
82523398
38896087
-27580594
11666144
-72268503
34074970
69874513
7157874
4328639
3505785
68264733
10948213
92635308
68272250
-99468548
-87448942
40715540
43524562
-14689928
92917992
-42062795
-85407134
-6174362
-83956651
60915220
-77759784
-75738168
-71327939
68544208
-21662337
-43355596
-93140718
20968235
-92434392
-84217831
32915914
-34867349
-52461485
-37681353
-75564788
-61691309
-56647016
55301658
-30380507
58805159
95728503
-53190967
-89480047
-61461509
3267195
57159063
10508961
19641665
-39778848
58646187
-64506826
56731399
-90644603
-23224287
62626965
67899013
93344413
28486449
-57330945
71733593
-81360301
53280187
73478836
16475793
83565035
-17158564
-705442
-11482068
-13454542
52227801
67164654
-41216274
34815096
2700490
5785779
60525276
-44020764
-91473630
25998083
34304638
-74486614
-43931983
18183452
54641117
72524927
-66302902
-38990119
1036261
-33577453
82843968
-16752260
-78837959
95324798
54958289
-99778307
55858729
86090686
-88141224
32227767
93225589
92193713
74556298
-9789526
1486277
52394489
-36018370
-23000580
-29070454
-73182381
27105206
23620277
-66618729
-53272791
33942722
-25478745
4169123
95515286
31241925
20558669
395702
55027473
99314564
-1835558
-50644740
51449076
-42629346
-95046359
-86893986
52436631
-5138320
-87577419
15021078
45075350
68251821
-6065686
-55748627
-84124842
60725339
40064967
-530485
-2258355
75955047
-30632245
-36700451
84769674
77784876
-62799507
-56776077
41671803
-51973222
-32443312
90812977
-80435940
61928522
-15354769
-74431312
14353943
60204085
-33388749
-68336996
56166808
-50130441
-98753812
40288564
-1265036
-20325608
-76102647
69293718
-40601287
71113166
-47864955
-36444734
-17070216
-13802583
-52052742
-38857666
-22901695
92601155
-37500596
41699164
-67840743
-24293237
26511117
-66268619
-47665181
75849590
-31586398
95865986
57251555
53486700
29748022
-95527637
80777649
75794150
76413435
-85826679
-64831515
55416816
17514482
-77843584
83815795
-88272620
-95972561
15697119
-57170931
-26943589
-94407370
57292861
98602284
32637330
-62748183
-65383309
96089635
-67275355
5348531
-9549310
-57812410
19187825
25752480
-97752534
24148852
74966991
-91430524
98626466
-69758911
67773585
-48099473
-35356880
9077300
-43622364
22731346
-67900591
48695098
-19835507
14975086
95433675
99016010
-54787114
62150558
-91175396
47798173
3079884
-82964383
-29438117
-4317732
7850234
87304782
-9584732
71870254
83442605
139688
-9961026
-18080490
95225373
54607855
34786360
68968717
35998790
98682161
-11554790
57622889
54731558
-16503302
38494986
25952639
1276667
30247047
16092675
33924859
61117121
89168383
74328501
95381134
-54144087
41011547
-64447544
14649974
63498722
40860335
32773831
37339973
46422794
73982716
90458488
69191597
-76290887
25451329
70408632
56281683
-40599551
95422145
-11176988
-43493067
-10600796
23532572
-67073589
-33919755
45561590
1022755
52454482
-6836390
72224470
-29157169
-90983991
95464845
-39018856
45227181
6595924
6439467
46426514
-34981559
-38743530
61412129
-37834033
49525692
-32402835
15817265
10617563
73742528
-13919285
-35141283
94906448
-89042063
-16854581
3999806
-61469089
11436948
-14623927
27949279
80837632
-90665458
50201479
-20986934
-10288354
4067610
-66321445
-27164882
-71001752
37499529
-71113156
-72392803
-517333
52178788
13616219
-39534834
-68882076
-57059650
19952508
29488582
-92421229
64920917
44633324
63456599
-2368855
-49646348
17632928
12735720
-25124222
-35793471
-83896234
95806530
-19389565
-47672564
96392521
91184603
85563010
92391463
3926181
-15037538
-39050032
-37345127
67060775
67617159
-13329519
-14802443
74236909
-42654238
-71044643
68999432
77304965
-97490280
75355373
93286405
-80751250
-72037624
-497357
84529065
1400968
62834251
-60100356
72485437
23333154
-45934806
-95536794
24536707
-29402530
-41592133
-6501254
-10430819
-86868620
-90430096
87740246
16530552
-27310368
-42503489
-43648115
-61314478
63814736
82036293
11339843
-90198692
13926819
32088326
-73376155
-13786186
-40454909
-59345594
-81646778
-73035358
-16003777
62189560
-92806859
75255729
-6899037
-45918606
18804539
93776480
-49262469
-77876163
-80544039
-1494373
27253098
-94796605
58476854
-77157533
-18932247
60680583
16893954
50405557
-16168921
83652068
-46151322
83573527
-52973370
-99325818
-8645054
-51694912
-72760802
54785664
-99786164
-12895251
-37962651
-68890482
62844393
-36112662
-52270678
-8635792
74897786
-59548709
-51731803
-30978611
-87059242
68375528
39357868
-80143318
92944903
13488911
-291407
16542949
-52513523
-88627061
38957896
-2416470
71584995
66281941
-43824628
-69673324
2315154
-91464616
41621998
-81273669
-14544047
-77693006
2821808
-30582058
-93159200
58650293
50159521
-92599287
16483066
-16647997
24462153
17414245
3404001
38388268
-59156641
73282682
7955668
-31803966
51391326
26022337
-17972918
-73071236
14137897
84054753
-59030902
-56808395
28266515
-8952630
-26544329
-16999408
87636785
65125261
2631351
23991236
31829517
-23999190
-55588578
51268040
-40662995
62733666
-70454022
-78306687
-23167106
32784816
40354262
76375094
54925230
-30409415
44790722
-6712017
-48041114
-16663259
87075040
8078989
-28666721
-85620205
-76716320
73428316
-51815551
-69912969
-80449368
78757623
38440353
-91192195
36607374
93152262
-96825078
61481716
44764403
-96127922
-23651139
28854162
-11136884
22851555
-1606140
-61927282
-84855345
52729338
10315972
-90746791
-87253369
67352473
-64021962
20855642
93940888
51750479
17421421
-4407172
17941543
78609445
83143848
-74972117
72098894
3652874
-33095994
7151715
36321521
-40236790
13136468
-78741449
-18783672
11803135
-61846853
-27714977
-10924297
-5460679
40115869
51385067
-57348136
56649027
98753983
92179019
-98313422
24735754
-78215137
-47393531
-5520856
-45222789
-90340941
27322106
135237
-72076008
-17024748
17811139
-65625984
73951765
-88616765
-25784057
-98608433
81888426
71656587
-10471025
83432920
-30666013
-26621929
-51919983
938445
39327226
53125076
-48723823
-78417813
460134
-84639502
-41885725
-93048599
-42975836
-69781519
-72793868
-54076021
-67697102
72618171
6292945
92794638
85495340
-74752309
12713114
-57350143
59076434
-27490542
96381046
-83480220
44681445
45657031
-60683867
-50923929
57428092
-30803817
-64766148
98271894
-77324857
-64229502
-17782547
19923088
-39554112
26570078
-56698840
-11712396
10559859
33412421
66040285
45547430
-84754205
-16242292
-87797010
41314642
-17218172
-83283690
-98536729
42753288
1992802
-63160433
93041102
-72769595
24291289
45692022
65557692
13247157
-79928353
-64216821
-61810086
-2894122
59303582
-38999259
63355044
36939661
-51601242
31063498
-20038678
-90533324
-41294812
-83771189
-51814691
-19382221
70642267
32245338
-70597609
60164677
25015497
54626149
-28939293
-49159838
-22854230
-79791658
70586871
-11577654
-93251467
33034780
-30785798
-69283814
-44009704
-77383154
-92770861
-46769438
-99559566
80146507
-46540658
37152423
-71835388
19667361
34746092
82832368
32934507
-55740121
11765162
38579196
20394173
-8694360
-98046813
-16527820
93295777
93977511
-73810493
-42816493
59132744
66947533
-42556079
30138133
63498951
22102092
-25702771
-70123509
-24437540
87077955
-78886414
44554000
-16882927
49057166
94180029
25400648
81294282
76120766
51858791
46500024
-13378482
-77353513
-44962437
86188290
-30174177
-74986372
-98106211
-65990364
-57024329
-69304432
-54026704
-8925701
49020784
-42064056
-84573508
-65331790
32024343
-64144786
76113735
-95427161
1080761
73922799
73670076
20914506
12916339
-11597380
87559855
-94685816
18227051
-53694599
-87341657
-21011589
-15397791
-97341443
46593246
43073807
27335862
-69426594
-48279089
13231341
-97765237
77944695
48927105
-72412048
58047205
-10552991
37516560
-22014286
12935410
-97586371
-69430748
-12074544
-32222047
10104789
42753522
-37420698
6773782
-3188061
-37865477
79978658
-12222871
-32829496
-53850864
43331700
19938664
-24110504
-66750849
-8425273
-86922591
53231971
-695995
-58828401
8111969
-16322175
-69488699
57425879
78893540
-78932591
-65465430
14856198
33997173
50418253
85218584
4231093
-87494382
-36320753
-59619408
78005189
52405168
7969553
36902931
32545829
39133171
-44828062
37351583
30139554
-53297041
-24972422
-89575904
66059478
-36028143
82983848
-73410435
62743605
96663388
71482148
-60278599
-15355481
-37285647
-84259752
-21192843
-82131998
29588189
11467867
82317458
93234705
-7799698
-18897203
25361472
53349621
72210213
-10032077
-99979006
39508399
80092881
16234493
-61941281
50783491
73838307
95244670
88681870
65923184
-71130233
-28538388
-68190208
-61155194
86670721
-74881826
85973180
-37707433
-82602518
-88885182
59180561
-23612566
-81353799
87665228
-88813113
-12504697
79738203
-42096386
75709742
-64829823
18331345
-66816589
48276311
27502480
-43442560
-28291290
-22176524
-49448193
59254929
-72131588
-33835249
85390002
-8674690
-57690489
-6002038
-6514260
-56866831
-41514618
73345889
38172952
-13812578
-94643276
-98330914
-77228268
-28977025
99149698
-17280962
-73530153
88330122
20120257
-34168316
-23133352
57780618
53786449
-12693180
-79948597
82963829
-95131593
-94429130
97627474
35678645
31755909
-32815591
-60493215
-44208952
51625593
-46341785
68783004
72424952
3799735
18493499
-58403937
-26955850
-94990788
39829734
33289304
-61479900
-8337880
-65282943
-92455228
-55821035
-17019887
78911734
-39574703
24523656
58949949
60299115
70401881
49907795
-20932205
-22882345
4629781
-92384874
27687567
99637921
-43894602
90547139
19125924
47222386
20154308
72849153
55124711
-59284892
77101600
-16357837
68973135
-67520454
-6820674
27332718
69890120
53482104
-19887829
-9022666
-54296700
-45759985
-5920513
-33555162
-89474337
-80546061
-82770187
-42474178
-46666850
-9843138
-42011338
65499375
94814531
14181887
19881734
-63051287
90792715
79504661
20705176
58042671
-19804349
-26678883
76268321
-20085871
66733500
-25242349
-11864163
-35817203
75177107
-59306983
-42448413
99434501
88406406
-4822304
-56438797
-67174691
29694988
4095756
19637039
-95166156
57790586
-94573556
-30840793
-75844974
-79304828
-33056939
-63075992
-38336736
2532763
62208849
37810669
38624455
-50391992
-63538125
-25665700
46991315
-89669007
98306270
98951150
-20823488
29090431
30726854
20251133
-88551237
32134273
-7542367
-51188870
-46990713
67944224
-76467131
-53133278
-61373316
-23335324
-89080576
-80681454
96623784
-8822741
-35627818
-25110083
77809650
-14878643
-49159456
-78646522
35742332
-10246328
-77061691
49649688
-43751118
9919861
-15255305
49830146
-38262602
4093386
-95588074
-5263285
82302887
-9289361
-60205496
-66755777
-67722097
94041839
46966922
-79392160
4415904
-70541232
51838770
81029590
25946140
-49674120
72290513
-57521639
12301133
86716316
39055253
99922098
52145945
72424656
-53364550
-20646627
-47155146
51892386
-26164715
-54772289
-71749112
17390364
-8629096
68348707
-65695690
72798869
61430113
71398682
61930906
11423661
77309266
-22623671
-37019452
83449205
-14294155
-8636482
-47064561
38865851
-38779553
34746691
-41685727
-21507381
15460929
-73149677
81381741
65132521
2158072
-24155185
-67171294
60163011
26735587
65252888
-94610238
-51418065
79228651
-48775419
16838989
76365234
22819921
-76796139
-83691866
23755364
35693037
5167927
-63077316
-53170193
-88516711
-70194238
94069857
-23833691
27483262
-48155005
68554125
-19019080
62819792
-78556070
64111038
-14425981
3185349
-34884496
-99723074
-93198967
22469456
97775572
82823235
-75777057
-27581018
-12762419
-82962748
56245169
-90843745
5774415
-78328181
10141538
-476410
-18692041
26949592
-49540958
-72106385
-8391797
70507055
-46180939
-23262259
-80830937
-32934096
-14759752
-95878186
89070762
-77184746
32714335
-60792157
89933445
28605426
-78368111
91944203
-45134374
-84755485
65565592
-7186023
99011865
41422656
36624607
50944626
7667052
70760836
-20697408
58310880
-60814968
-62213340
28141274
-30114484
60491453
88382216
-15189623
34129476
-12806441
38655599
40056402
-27113020
-98394518
-8685983
15712036
61807511
31450046
-92355091
76854077
96677432
19356720
25575179
-16253179
13747204
86272104
23121455
12018311
-73020050
-53063831
50394593
91149300
-25153369
-85688726
-89923690
20861131
95112886
19549394
-49861443
57003362
53923829
-53280514
-44266290
48836961
-62131619
97428780
34642762
-8429077
-89485467
-74028211
-62263343
32678712
-15108294
36904955
24679404
-63121452
-78556882
63015819
-28710447
-83472612
-80933974
13732356
734485
-25280311
54667131
-93074794
-73404646
-87681559
39090774
-37412766
66372291
-82778549
7573064
26403556
34865021
43317225
-4156544
-69370778
11277730
-87691874
-59553519
4323902
42095012
74808637
57804363
-45196541
83936471
-70878865
-71700722
43669366
-44567726
-79644556
19141661
-48512402
39697352
64517337
-85987892
54023266
-82958101
37071721
-42910343
36586438
-58183127
-46602053
-43166872
58076988
30818741
10856789
-67783861
21713930
-42234975
80491555
-80651703
69086584
-9821178
-69408301
-14130710
-55502712
-21909426
27740395
53281375
-66895713
24267181
-50523131
-68249735
-97834938
-71833924
-85941443
77330312
-62266525
99071016
-91204656
82665525
1465599
-6131560
-77393977
28750058
-87360785
-61458657
-89788307
-7862118
-29072926
-40272090
48373626
-62466010
-23299675
-40160470
-77706476
25248866
-54178069
65289478
7845799
-36047620
12659798
-29276742
53427743
51802350
23798647
-75192769
-32131189
-21248548
-67438224
98444689
-40427214
33621541
-53010890
-99989134
-20204569
45564351
-38153799
27535746
78342750
-18571269
-42614028
4484951
-5566807
9534005
87388440
11332035
-52363153
-92825702
-42525598
-73660769
79193484
-20929513
89294615
-27447828
-44067136
-61832949
-4384949
56656834
76060071
34393228
-95330540
76672604
62096669
-62586288
40192429
-95847214
99470899
-48876776
-83725628
20411697
11453439
-51137048
-88164042
19141102
-46048827
-91155023
-80483010
-44308527
14828516
-28039976
-43686741
98502079
19774313
160019
-27087310
-52801754
4794434
-72558820
-36640536
-9897552
-98112509
-61641485
37047055
-91993081
70473007
-38165041
-48716179
-2526219
49521014
92671587
-62690691
-30720453
-60511901
-87228864
33182742
-96172553
99219427
74036084
85003797
-46710271
-398079
21292868
65946033
36149383
858671
45886275
-96011376
92619456
-61840551
321514
74492427
-61136614
-82569711
-68580791
11864191
-22197854
-75133559
-35726658
-20702801
57080647
-77923687
-92849492
84363960
76485940
44382795
16667035
-70682700
28763560
91184408
-74732844
-34481869
85037201
-8646938
66390425
-54479597
-42434094
46944567
-95088934
8056023
68690816
-72877209
76025036
-40624626
-66632680
10732139
22900123
-78907678
3568975
43955628
97353228
45016671
-15660688
-41311734
-67255735
-62963354
47033671
-42464095
88231638
-9239820
96933594
97833320
10695490
-70804034
38544487
93957200
-95714575
20841527
28960726
71386056
-91046403
84084508
46093003
66793489
32585605
1082725
28114154
-87057117
58109286
-53363050
48059588
-38790286
63172101
-56979048
-60896055
39542804
75611258
85089737
46044366
-77770199
-39452555
72845389
-80432172
30051573
-95244103
-34258830
41542529
-5109422
-10410613
30827447
-43924820
71829522
3223856
-90080180
68936018
-44752658
-21604494
-27538628
-37958154
37249268
-68753836
-13291868
8127442
18236978
85758420
24547490
26129095
49867234
97431146
-71745044
-88360794
-13296697
67178032
-14964576
56337094
62441520
95348991
-65798737
33528828
-76837411
-63184656
-83042572
30054076
25462362
89692318
90215055
-15430264
-36606094
4597728
-81105902
14475067
36202614
-67642857
75714816
-45491055
53954409
-74637037
71090323
35212452
49134442
24683545
24181185
68733026
96170923
45005485
37018207
82840265
-12737944
31228151
81220307
35360944
-12646128
-78306125
-93437612
34394508
41148223
-37554597
33146319
83283314
4133715
14843685
68963328
-30343174
31250439
-54945848
87859990
94957832
-27038961
25684107
-24415657
-89507101
-1690249
-24592708
-52234392
-76034510
-31458317
81801178
81180104
82810128
71216658
-65913104
53716935
-40716996
32467401
26069446
34589526
27685627
-4264018
2517671
7071852
22196169
70647332
-65086554
-59615866
89574557
-55058734
-24391600
-73813733
47486953
70868911
-73634614
-50134981
-4453645
84899709
16494134
-81928145
-40795581
14182709
58375296
-66348109
27220453
38164965
60317672
1633837
-18737122
-35785484
-22192500
65118123
75872982
-96010552
81338808
62624370
-67969197
3889989
96014128
8916815
6229722
-71475543
13092709
-4882161
-36876338
-73078176
-6829039
-45746822
97163173
-43143666
-70749269
8405201
27895987
29836086
3426560
-49696306
24119096
98843016
-97868043
-46364037
-43645220
-4864978
-21498586
-73373122
54987399
-34033262
55860869
-22242162
13871260
-87668054
61761062
-22712456
-99727241
-97658876
43373181
-17722288
4048373
-9502869
-13124599
-30104084
-28787527
-46578394
-30644601
-43717490
81842633
41182175
72412249
88077287
61529723
-52045986
45137182
-65415125
15661720
19980527
-84487796
-16936414
58657506
18140337
65011713
9803305
9664897
-94377767
-25839173
26829535
18616423
4527768
17345627
-17642963
-87527171
-4752919
-36822901
-38607907
67955316
73535294
7967258
97416606
-28831835
51729561
-25897975
-86959134
-76156960
-40651496
96275286
-87827767
13833718
59443383
84376069
-60910386
8722141
-40020308
-27681761
266482
84354056
43412816
1962116
-22495222
-73198987
-58183444
61876082
-43186886
93721653
-12852672
-11580190
-2302108
-56494620
4662621
27181571
-19686096
63953816
-67940436
-87505133
53328649
24627078
44973282
21595086
-93232574
60738856
-56408212
69934089
52787838
43803747
87200029
10800635
-19752129
-89943496
-2528752
-52497487
49441393
-48410476
73368659
17535910
-62353328
21223661
-8143464
-84587096
17298037
-31022048
-7338444
-52946412
85338351
-25244585
-52720451
71963892
9249103
-17330176
13805128
86189686
88404134
-42660656
89007551
-62032253
-57059748
-33945211
21705380
68082352
57070772
-9712228
-85189388
36554047
-19259565
14014993
43048075
74162179
-91569696
18133734
-1788813
-67326350
18225609
55585615
24976380
23508582
-64310342
79609566
90855669
53133987
-46791041
-49119718
79203303
-24746596
61774227
-59590629
72243048
48787521
-84178566
-93023981
80598507
-50787455
-93724624
74256352
-72278201
79709873
-67791390
74199915
33632699
57785777
8011376
84030884
-15521589
41077369
-37474861
-16207243
14728244
12259716
51026200
96451858
99755066
-96163399
83186668
37001721
-53346366
-80796965
-83585686
-17470560
91872289
-67513603
-57794611
16398134
31914756
14814548
-80285056
9762705
-46267843
76133476
34093015
6957543
52477237
7250571
-58837140
6061193
40532893
-91986482
-29425214
64382664
-21221914
-19433363
31220082
55475579
22758053
-56308727
49392250
-46703639
-3592295
-14915785
-62143595
80448325
-59993689
49123732
-9984848
-57444168
96011226
-45443812
78255621
-20669784
-68863799
-69267981
-87636361
18689560
24482124
-21266853
-1366557
-99224738
39285924
-93368177
66458413
75166041
-33445839
-26894046
49143545
32300085
69938113
-62388262
24382136
66198127
83208339
-4745222
15498501
40540304
94053334
-78957478
-42047505
-52130739
17824494
25009639
36005500
60838626
-2241293
-16164830
-81367005
98075182
51635349
-71829081
15930823
-90786499
180895
7560976
-74140094
-64526879
-36382439
17266624
-32291176
91837264
-48131289
79750900
-38951438
81250828
51250536
99741917
-16708866
-97085259
-90638086
-58304544
29431065
-21788589
-19797709
-76302325
-93852949
91551559
7593925
-89762183
-95803171
95238092
-12620313
11735305
-98048747
92117324
-3248205
-38890466
-43419898
33101576
-87986617
22656103
-17975643
27113914
18596542
-20667102
51462984
-39216020
80329068
6581729
55682072
-90503568
56816643
-62351570
57734727
-23939462
79518236
66147477
-74850143
49197756
-55434399
-89422549
-82141176
-82318547
83228065
30568647
39348182
22388888
-89230782
-77826309
-10927027
78904182
-10585813
38073083
-83313205
56387121
-78078051
30436947
82443455
87086351
74630651
-65493560
-40415
13019021
56077108
35851753
95581084
-12709092
95710632
72366411
-85623501
-75591772
-46588000
93280935
-42078907
-6780174
65531655
52602742
72384542
58027294
52846194
-61820278
92479332
32138613
20525115
95352925
-91331485
-53329518
-43671607
847117
9536717
69666718
-57813162
19456659
-42331909
74878742
-12484412
35564373
-31039079
84548901
21284078
12765272
-10684700
70654451
-27768481
-46293972
-71802925
-24263395
-55267537
74944399
46437006
9653542
-95354422
60524727
28522766
-58292680
32206163
-74051993
-2306958
7144982
-54746214
-17476202
60326527
-3812176
90007703
-53064979
-40269347
-61190809
-4784170
75943182
50992435
-23011983
65466320
-99069428
46694674
26898554
58519619
-85816895
-40808193
17856073
-18169699
-52886577
-34428017
54511067
-63420235
-82631517
51571223
-4306095
77904525
-75768373
97295918
42436475
61486527
5786810
-56835510
-95128950
-88750764
-38464032
55689867
-9956816
-88689169
-88614838
-4302257
70412747
-91634967
-24639401
-37388232
68517632
-13648738
75877029
2932503
-16930620
-24856325
-95387918
-37478642
62672705
-21532695
85296798
89248440
-80427263
15440050
-49691740
32257589
-53449433
-40427045
-74350109
3758674
33757183
-83542883
99694498
-68447003
-28533150
38041815
98212658
21167895
33006583
14436103
77373480
-70624663
42941740
-19714705
-63075898
-22290282
-17483210
32575278
-36157126
79938742
53497354
-52618353
-60719742
-80546385
-30665656
-23021042
90917315
3357230
41758466
83261352
76779543
27068672
34089202
-88389634
-33831192
-74767074
-58811289
47924524
52339593
-11101531
-65055590
-58401775
-89639712
15345791
18163936
11861733
99682076
-81058658
25216523
-15158116
83664473
-6423165
-60171351
-25302654
-63251888
-93024085
-75092408
-96091771
-67474059
-30443953
-19896103
-63837556
18902601
62420381
32330656
55721109
15063939
30806945
-21825436
90934790
-57600614
93526248
59731383
-829102
333700
60642598
96242247
59052911
41280473
-24767200
-95550150
-18355827
-3248064
34242831
-83808493
-22252027
16704698
-43496007
-15823398
60781446
64377068
-96428901
2804468
-86231936
12647054
-23353011
-2360977
-24125352
-25624038
-20304396
-76105749
78256055
-78562306
36337582
-9636925
53562634
66423037
-11610164
-39906804
-39235149
58909045
-37755028
9357102
-64362584
-67055828
67557868
39661686
80162609
-16838167
-10041384
-96969555
-59885882
-2766925
27882575
-544975
-20780210
-74138102
85438720
-84876424
20194714
-90565738
-5249780
82973805
9581103
78638547
24439690
-56623245
57328518
35082609
-76224323
39050436
86630638
292443
-45092189
43281277
30089996
-55201586
16182816
-99362646
34362024
33320948
-29645050
55506313
22830081
47321634
38135106
30769854
-7725415
-63064140
92356093
20174559
-29383203
-18261599
-84876290
-35511264
-26964942
34385541
43621392
9327271
-85065506
27110789
-1604899
60973271
42484293
-44142524
6930385
45717297
79174720
-62003556
-74694159
-85156790
56989181
48414544
-13783139
-51953548
24231114
-40387101
9908143
-93514194
-70421783
35607468
66604780
4770199
-40065393
-25268481
-73421574
87572735
-52487737
-19917988
-80812551
-32838699
68019522
82972282
-64516881
71123688
-13692252
28208677
-5604331
-41708671
13236493
-19268888
-15619625
-17232260
-77484366
20901346
60926404
12266490
-4277998
-92357877
-6440683
58928650
-84536737
-92373780
-81559717
-11712938
26901659
13729350
-57022773
-40769433
-22511198
56259540
-30080137
991477
-31124393
-57546664
-81028980
-68396582
26820384
-42957193
89301799
-15359250
-80888433
-88174531
53083528
5596003
58590767
-28818673
12518950
92206178
-67164719
-80943916
21757717
55698921
18359207
60941234
7694152
-62718409
25669192
-20450298
93073268
42229464
-42518827
7648914
71711405
65766992
37659963
-97554234
-24541816
-62856532
-87599822
32232788
50704303
94697241
-53595712
-36114195
75567040
-76715768
22429877
-63856939
59227652
26032959
60119838
-95827507
-31449099
-79821759
32656709
-38557195
-40875842
-25758828
-21360934
95565022
-94490382
56986415
-571336
-80234657
-38941963
56409864
-9554444
-93992864
-14203194
-12401445
41867933
96608684
-75905909
98024934
69731117
22176440
-12663092
31035832
-32465265
-52575635
22748202
-72282994
-48638014
-73180898
-71282944
28649277
73858722
95158394
-23660570
18652646
-48474281
-74418237
22995420
-28733349
-19027985
72772355
24650475
31455518
-34187722
57041616
-81457865
-91138176
-70838678
-63705846
37048031
-40068772
11788222
97887728
-98745781
-92507274
-18872484
33992508
92311978
53366875
22009717
51850424
98365919
-55763867
61435933
46799269
-83152380
-74773017
-6268772
48538784
-99274076
-73154943
90879078
87908964
-33460827
62118511
-74768691
-84210490
90102144
-22998724
40075867
-8961290
74023838
-66569660
26212446
-83615906
9260487
-71948646
59688671
11312507
46505126
-37583629
-99992988
-64086837
-88508533
68024952
92628968
-72611872
9181994
10253914
1896235
2341578
-18933325
27821982
-61424985
-12528329
-76151367
-56365554
91347032
67253251
41962628
54863683
3930065
-76782287
22066332
27012931
-75442943
-39438977
25766394
18098143
84018154
80281348
62548238
36251011
23860240
32457554
-57444548
75364385
-35014805
-19137971
-22296314
-95750710
-35717789
-99801956
69669761
-71693379
-24057798
48850672
-13506089
-57601283
-71673017
95094115
68490405
-3407072
49648906
91690652
37766323
-66423406
52496190
-51395166
-1320377
-18278199
-34036590
37287724
65131883
-96804862
91935945
-54514310
-7055901
-85662090
-33687059
99672257
-62893016
97976676
-79858136
-74452199
-86271822
-1472101
98427312
-67164664
99540765
36029195
15037156
76471923
30279335
96354106
-73755675
-68616705
88237183
92321827
-92957104
89647281
73476399
-98957329
-9073893
-39452868
80155041
86836070
-80085095
-32360036
21607071
-84293346
93552886
12121480
-26750743
-4664874
-32240488
41728881
-76315218
43415987
84772463
-87397104
49222990
6091755
51851541
3157662
94715652
-23027023
-21169350
89443741
1746677
-44227362
91528977
47523411
-65734381
13690408
-95323403
-40682289
-6756759
65567520
96517636
33161901
-59398841
42800503
80043600
67754459
-27012498
-14420960
-93466897
-78648977
-7450271
40957472
-4091882
-9639822
-95685054
87539604
99022307
5279953
-76489081
99939658
-16858958
-64336530
-9531422
80178626
-32038424
-88475760
-43954822
-52482265
44227979
51855550
-11423595
7021931
-72943176
-55082231
-81236140
46205199
-63386077
58621103
-27680875
-81495302
7353542
11178146
812219
16681735
-27244932
58179608
79140262
71767711
73791054
44101875
19363517
9681683
36265562
16184017
212772
-33067243
-45610690
1377613
18901868
8006842
-66896914
25934873
83479571
5264095
-74250306
-9962924
-58158516
18144756
63901354
57245766
-34472361
-15209187
11247562
62876370
-97029921
16848436
-13600764
-13840807
12651845
37711461
-24911118
93570886
-39875762
18043672
33358185
-8816518
9091022
-83654633
60379361
91264242
-23272834
-45212247
-50491317
-19834006
52732651
86635956
-17341566
40945994
93120391
-94081902
-11994240
59358662
52299243
36255545
-97027337
32372901
52608589
81404600
32324594
97229831
65237319
68548446
65629144
24378559
72240177
19026723
-99092562
-81365234
67487173
-86837323
66488846
-41546891
-48287401
-72183234
-57219286
66065957
99368009
94752828
-15064823
-35185541
-19309403
56859148
60026534
-91076247
15268195
-35210899
41874637
-20919071
48517360
189831
81272375
7179852
98482140
-90629840
-718067
-54146431
43241808
-83364577
-70156232
-36319338
-66193642
86758064
-68643256
7251499
-9306207
15816039
64567472
-67482984
-30839561
-43001881
94008521
-51170136
-81398870
61767704
-14837679
-50294042
47665708
-50198130
-2246444
58989736
56980773
75023600
70159776
95356785
67201181
-19358692
-17845076
35915996
-91353912
15979238
-54303225
-26103083
45052497
31010126
89780157
54453700
95072445
-16312
76533940
-86599928
20148188
-37533661
95076795
94133095
-44290190
26275780
45031858
-5170715
79866755
93888246
-4906855
20062018
85286456
-56506843
82428465
4111921
49529826
-82880953
66958550
-45533100
-75178228
-70270062
-5975352
76803725
97350745
1933730
-92939452
5985779
85041816
64545156
16235258
-64290298
-36699761
88295276
-63302087
-32000055
-27211306
81270956
5488805
71477153
5259485
77433677
-7383220
-97060362
90615428
-57769596
-26831944
-44408543
-24782333
-9616317
-4677836
-51302472
47170394
57866302
39722436
-64756661
-8890228
-64173418
-43290761
22479505
87553733
-48014355
82734819
-34787686
-99228646
40697506
-81269807
-72876102
-89743594
60303863
48290701
-87595279
-22271026
67982948
-95039774
41196477
77797631
-34580369
21745019
66935568
-34022663
-35164899
-51851423
-59802957
19781514
77408988
-72895046
52590342
24165558
-36328938
-24096652
53171503
-77834035
14050718
84031604
38311908
-12160151
-93701343
-89569964
72699701
82995682
35278698
48999642
-46457412
53884688
-88172242
15406425
8182129
57371175
22402152
-31705696
-61898208
-98392932
47888474
-31122661
-46216623
-56876319
-12919467
-42343921
24252138
44351743
91179476
78652044
-8234530
-80282534
-83984622
69551294
-22789979
6566348
-19245347
-14753822
87126940
94351967
-35737389
-79621634
9828860
28315441
8016041
41917326
-37806454
74383575
59054904
59084070
76087766
51492636
-99678449
48514262
-9882212
-3480628
97964294
46708016
-42477981
92262421
-47804392
53151976
47828968
-85220388
4367570
-86333765
44937206
70833051
4650818
-86541163
38817247
48257274
-83935670
-94108279
29380111
18611532
-2848719
-20572390
-3949673
64409931
-53507757
42940463
-75029630
-43787674
-59723553
10122794
13450811
85700314
34692552
-89414844
50693378
-49244585
-9348703
-41605959
-78406484
596412
-75525416
83311282
2615312
-44643776
-540224
-29463246
-74574795
84319983
-58260870
2477968
53221184
4975163
87366829
69433772
78491913
-74138955
-58810775
-85674063
-58177815
-1605582
-28508104
31620949
61580745
-58103748
-41199995
31537467
28752414
-66452846
-81928327
28809621
85556504
79490325
43317660
-79854155
90392132
-16479686
333014
-85433012
63141007
-56214281
12800269
57818117
80272850
92447698
-19573983
-83609668
-35075807
-22047846
70791573
-34355443
-32051127
19964857
39812355
40194706
-69445047
-30317075
-17908408
-47554376
35363102
-10450934
-55591278
-61738471
5177019
99168741
60524079
-77752534
9324184
28041641
-89462329
-62528032
-71821090
94288609
-24820073
-91712849
59986991
17639971
94812475
-37611227
36811114
89870148
-88240412
-67237251
-93592344
-73951064
-26523022
85098637
-76770637
23144893
75149818
-96805412
28486827
-96744706
-15571462
27924166
89798559
22699682
-93256681
-63697317
45630569
-61270847
61139393
-86679458
-88471005
-75897417