55120894
96763224
-29609181
-48735036
-64989656
-92011481
-59159575
75292312
-38613025
-83110365
95302320
56723077
22660320
-83118502
-45232785
3346828
-23899189
41220239
61753442
-89459997
97909922
-1296125
58514183
35195573
-89611451
-21846619
35203722
-73213735
-18506288
-55903733
-23447180
33519780
-42478816
54379589
-50639470
-44136517
-72396664
-836206
-13636251
-93724917
-71016611
-11353252
-69678977
-42426467
-41589115
27291849
31994818
-16765294
-66150949
-63576489
90557200
48334162
21092022
38197727
-10157749
44961199
-51111361
-50788417
96617130
-26208578
-31061508
-60642279
40173184
-63602125
75732034
1370572
93741443
93122307
18628415
-65665120
-63340331
-13193749
84727116
58911412
-5852319
61576258
-19348651
29308035
-50429223
70909596
9771888
-14740933
17533913
86489362
-79113826
90303074
-69230757
-54274732
-68923270
59406345
-27285720
54435198
-63523260
-42164244
75782294
-39029249
23753081
20974839
-91455146
61595081
7467601
95779478
-88899474
27123259
-98222218
50165322
-79125054
-57837084
84821207
28633217
-79124080
99574538
-42257577
35321959
17430660
47738653
60356723
48996066
17601704
97958271
-31538059
-71496933
30339965
-58788803
-12059383
97599724
60953015
-91734394
31229649
77713223
-57670506
-84189230
88399617
-97110769
31116306
74759050
22405937
60039915
91551472
13897120
81281791
-96178396
66238110
-1197424
-21129308
-87095407
42984159
-71511241
909347
50316969
-93478171
32701759
-10916783
9226425
29969264
-78259033
60537214
-88735456
-33117013
30190319
97717939
-83316916
91264880
-92546159
-14298845
-52526049
27893257
-99964955
6232436
-30263257
-15726590
-51017992
-9301526
-15795872
30032767
-46771366
-83899729
-5595087
59046362
96306613
-20190781
-68766847
75442642
81723044
-63091154
-40079033
-74721298
26469551
82159635
-2060824
-74444548
-51927189
84081681
93712418
-64659264
31132847
71710638
86193538
-60832089
-39949593
35340550
70364581
99428786
69077503
-67720046
43160896
37677706
-13086665
71737465
99106877
28263709
43310888
73380530
-81488735
-95850194
-88154941
-87508767
36953740
62371844
-59716219
18016416
-72885025
-61134790
-35185774
-31903780
-26720928
-51388365
35508799
8209251
36436762
-26000731
34332401
-33641586
67618484
66979067
36657963
21923042
-89744624
-81601903
-48169819
-57335670
-32079120
29451489
15364691
2177586
4068881
62189479
2061440
92718604
-57145730
74374402
-23402211
39056429
28457031
3202813
-61984401
-55282143
-75313214
-93519278
4458800
43287643
12087251
-55645985
98376254
-48853834
64817631
20103774
-35710206
-61589992
-56312465
-66674297
-19646073
-76915996
62915018
-40602675
27773308
83432554
48917654
61827773
-2069530
2028908
-5524743
3425539
-92594082
18627548
-13989086
-76067122
-30349317
-59100032
15284727
4560776
-98804781
-20979567
14119868
-1063834
-74390222
7496303
40959435
-23251168
-48578519
-30490613
-23753444
-58830214
-68604130
-51658944
-53463098
56077453
-58702794
-8439153
-10716098
62696007
-22398694
-30761060
5132379
37224885
90275731
-31641608
47629309
-89603159
-65299949
47199531
43017304
-78648168
5601304
-13548018
2820918
-45261601
-84757176
-56343457
98557956
54329763
-32554747
-85838246
-62467405
-7454916
-51602853
86599115
-26242900
65866344
91165534
54218244
-23529701
-44463800
-36296968
9741888
50695283
-57349373
95706753
-10140965
-41683196
-37918271
51715002
-55549748
-64449934
-83004217
-76299143
-50886441
-55100996
2316876
58666620
-3691779
41041866
46749094
2540301
-24323074
65260502
40064289
-40772170
-9630537
-55963462
-74021525
-31813511
-96565184
-13420275
-8623772
-65788756
10005890
59543679
58219662
-17262988
-99745203
-64737132
-67148995
-34757734
68952856
46894566
3671682
-17736839
85715238
-35064930
-52164926
-44679385
-83678153
-22619391
-32782940
-82412576
57472304
-82812809
80939163
-97467643
53306114
-52640919
-32938317
-53568890
17921434
45676948
64128781
-8573751
-3129824
47292300
-20512871
-85097531
-19031361
47999906
-77106248
-99342611
-70486073
-3859858
-23130167
6725991
-74937876
-92336872
-31917524
-66857332
78732823
-88456614
22365837
-51499199
-53530202
-56878699
-55833943
73968464
57849675
-99163129
56158907
42620016
64313224
22746199
-66912095
7469514
94753485
74068605
-75935828
-19585993
-80312350
87322943
-36214834
34976890
-53899681
-8509246
-51741740
-42081340
88452494
-52885418
66173907
-38167460
-62713848
29141664
-41737467
-75765763
-99072769
-21957637
38500564
-25511896
-34285925
60808319
42662643
-95814651
-74808521
-23735129
89126177
-94582320
71648863
-11989712
-77143551
-91224015
41287227
-76588703
-18000131
-99901741
-34613220
-37507307
-82869790
-1671106
51531375
64457147
89315791
-82371977
-90506062
-99716478
-52793223
-40107668
-531540
46590438
37912467
-71684862
-64021225
-69914436
-77010208
41825218
-47210779
45043998
82202689
38791825
79056539
90241310
8573252
-16754364
43813273
50173763
-95071561
-9466325
-12041993
-67547049
-60915204
-24215873
55539637
59551564
94254427
22165664
-12913923
-3830831
-45325452
81218154
63795038
-30141239
-48742289
55486960
-11638554
33784401
-29849284
3610126
-85875280
-44938627
-3815484
43057904
95045559
46024491
-58336615
62974754
10817844
98151418
-37897192
16773112
55234754
38166561
1522793
52795131
-65609684
-20604991
-71925515
10244017
63809769
55517397
-99289382
-53454254
52830910
92180456
-12141980
91229408
51829305
78353371
46441684
45976824
9216899
12832070
-57861703
98302930
-44604511
-26138272
60180498
23101748
99548555
6443922
62546708
58368232
-22216148
-61047958
-87858436
31928908
-49554298
-38998898
-23315508
-10004976
-80626707
40813187
4559622
17665503
92991852
92870585
91813426
-72284879
-28402199
-14390939
95720572
-69605585
62465980
-20509365
83486519
5428672
62779848
-69160330
-24855526
-53525059
-23460025
-69690750
-72522103
86960167
-15971462
72451261
55346051
47301841
4682314
97305877
-17076514
48338372
-84050845
42583434
-19520415
84107191
-53576252
-451698
-51773653
-18891200
-54162009
90912034
-72943854
-9018527
-19829873
-8760720
98951208
31742795
-24197690
60881068
31387074
-70947225
-10329640
38850939
22129495
-9740822
49293646
-26024249
-15498271
8128674
-86855808
3582924
-98115487
-77124948
80553423
31458963
-65284592
-56110892
-76190815
10627419
47334853
-90529562
23153510
24619637
-98199938
51273403
39127927
-64701918
6348397
51823993
-12137734
48610024
67512683
21080523
20338021
36441654
-19305869
23817582
65859403
52273479
-47694861
10475770
-33382861
-17923367
-12685189
-5320713
61643210
-10275250
19916400
43748436
-95978982
-59069786
-45612068
29915017
-58076675
17079564
-25925888
-97615117
-67758979
46515185
-2439856
67682721
40596788
-34773161
76003223
-55520823
-30996171
19791291
-9208014
-16711305
1296425
-34955527
-84152184
62201642
-35044197
56733157
-93684153
14494134
-42366278
6747304
-16855477
-3400485
-48966740
17250948
15612935
-8964210
12245448
47656031
37289105
-22843717
28910869
41792645
11301772
-59194219
36213680
-62631619
27519716
-83487662
34160795
65928678
1534873
-35835950
5254105
38886904
-4943826
78618417
93070392
13318523
-44390566
83350289
98688040
-77670638
21629970
-87984949
-32940301
-77151453
-2997159
24704981
-94361579
-65058013
70994764
-2007305
95546969
18211412
-44124577
7140603
-68086351
82171914
76219320
59547490
-25053557
-66895973
-1822301
18567158
-1015863
57505331
-99413256
-81362703
4932751
-90943552
-80851193
-62297114
-80588742
-68723197
-22406065
10993909
-28425592
-63504143
59407462
-41999091
-66471429
86398166
-45120208
83596379
70623241
17718813
-18697006
21336547
-73466963
90340991
50996054
-42783474
93473324
10381875
-14168888
-20265348
-71438419
-54385065
-43103979
41005333
34418704
82056537
84233849
61742513
-27157953
-98926933
80457611
-61447205
44632809
30067258
42610695
40289897
11424770
-2013261
14045418
-70790783
27531310
18561317
-24164937
-57703755
-77474792
41042742
88488121
-81995244
62875183
-22668435
8339046
10384233
-33526187
54337401
-22344696
34500796
73187305
45535398
73441656
-12699413
-32566883
99937433
-39429168
67802399
7757740
92016088
-963228
-18123559
-51556336
-67052069
-9752835
-88506236
15616253
14036166
97845193
52424432
-74188984
19728077
-96727841
36762903
63610149
80524075
38277544
-13402975
-5178183
11819685
35350371
58443059
89984825
52291066
4568012
-43694076
-35205701
1353587
-88032480
92673170
73739897
47055530
-21370143
-5870761
10894848
-69222564
-3126796
56564143
70259856
86941782
-8947256
54686218
41285553
-63119408
25828569
-1198886
70964155
-29599946
-31009312
-45596129
-94381137
-18035467
-73372013
81855899
-86503655
28438437
65098036
-94623888
-87168000
-59353912
82398601
86366465
65851243
-73389908
-99248941
-96599107
-15061439
70576194
36991783
28564237
-65289937
49258631
-80705691
-40490586
-5205804
-49504340
74504204
-74494311
46095218
-53105070
5530585
68585513
-54247549
-48704213
-31761622
-8252221
32115706
-64357518
-20640342
27075008
-33478113
-26953056
-57446180
-22908667
-61107438
35274821
14122791
68396667
98773282
90842272
98831511
-48180551
-88830065
-91493272
77219918
-76495521
-67119011
36670368
20637245
23723966
84822783
36446029
70841001
29357858
-28396223
-36580015
-21467574
-4945643
71608430
-6295781
71844745
-37808465
-4210258
-62266300
78452821
30913185
17963561
-87474522
-13691100
-48259614
64238432
55027692
72942303
-24691235
69729581
-69090353
62023054
-57184861
-81732879
-77115961
97916189
-19901567
23053460
-68127575
-62471224
-686092
22863236
-93476302
-79420557
-89730231
61541183
-71481437
41979686
53114365
66642624
91601622
-56122727
-39845300
-39323470
44637575
77320054
-2348923
81951385
-46364197
25123049
12416936
-98062551
46006060
-37559989
58549665
93195241
983394
-50317543
-16218006
-86762749
60378492
-5140409
-85303071
-94508691
-43270631
-46307274
-81375733
-91077418
-19603197
-96933239
-34539559
-94811035
-34198612
-68607559
-8612785
-33266420
22250414
-54999588
53145337
31396470
21795174
1670966
22523256
-85839771
-89576561
-60936173
-8912714
-25270347
77793099
85323639
41809055
-83769819
-76666556
824804
9206659
27254776
77799233
-89096585
9234991
12926458
41901219
41503605
-40022823
-52333395
-80559507
19733048
-19956549
-72450151
-12764248
3951816
50123306
69963153
91330084
-54133949
22347978
91632145
-17396680
4270846
70898685
-82763059
88489270
-24846565
73182242
-77244900
-53323068
39057176
63904583
34268055
83326540
70407510
98635809
61044131
29449195
-96887268
-93265895
18969904
-37059333
-24030037
-9207467
-35475353
31429978
43284647
-29087956
-72570800
-46106545
-22366198
33427822
-3474757
-3823446
-78075662
9821821
-19606142
93627008
-91307466
89856384
141668
3449104
50696686
-48304084
-17604785
67225821
92806901
-91652733
-82008565
-34490923
-87564337
-60735615
-21165483
47465106
-75830881
24648601
12405715
-89734958
63323597
-5729207
-60547106
80198049
88278400
19616298
-89622353
35793593
45598491
-67473714
72500633
-55717545
-76108581
-72044466
56426768
-86615888
-99254541
76969237
18045177
24331281
-13717373
-38300966
-23450374
-32578417
-86292531
99603862
20077300
-54855571
73882517
-22319718
92587493
289160
3941928
-83659706
5759649
26817982
-81956752
-74039482
50192967
84033956
27385226
-64540259
-67606046
10609547
45312178
-23229785
90809264
20054132
79770603
-62673594
-22325635
91511385
-20865016
2911864
8134504
19676937
-66979153
60725114
-10562684
69410134
-96934921
71825903
11559128
-12469814
-6390734
-66627692
-96768751
-95620939
-482334
-37104785
-41289995
-21639912
-65227101
-12232339
-33756170
60940898
74881249
-57347722
-55160741
55898506
78335158
59202817
30730804
70869875
-34187020
-20280489
52203349
30566886
34925136
667754
-29138039
-62618440
3059774
-60566769
-27514748
57362821
86213860
21179444
82910113
79766152
-43694908
75377148
-85363939
68802356
-30238576
-26726967
3744211
52883003
-37072449
18235499
19292297
93731997
-38471334
13856077
68085873
-2965020
95501055
3552077
40575214
66610376
-79037590
74969675
75553303
-73876100
-8255788
-75529706
18762229
56446670
-44703079
65873252
802094
80718586
-68922914
48525485
38911867
65538290
-78127215
91463802
-90859085
75545542
-63148079
33716435
97826664
50612277
-11474346
-7058003
-96476372
32602156
82742982
-29495950
46353703
68594958
-429084
-42230105
-9079728
-11972209
64333598
88419826
-12624659
-76741768
-66615834
-61968861
-13251424
44333192
7218557
38726465
36464006
-81273100
-26286359
-54181400
35798284
-84614940
23886611
-41339468
61480537
-32464551
10127136
56513530
53513572
36999169
-33385573
33229687
-50873674
84511232
20289762
-60737571
44067112
-94680854
-68330798
46518523
62091260
-78217308
-83591790
-90314827
-66345715
19620114
-58422885
22248534
555222
22099635
63766832
-15236825
57091276
96260642
-71419432
71813982
-36815075
-51943652
24089920
-42054568
9079287
-71022749
47858557
69947566
-49526254
47932467
-88406297
96257314
-35009633
-49385191
345937
-82038320
-25552177
7632860
-98285285
21768266
18030388
-6154673
-7585383
-54449751
-97042462
65349711
-47801879
-1725583
-87692837
-32433275
-31727331
-33343445
-59733260
-23517634
19856766
72990430
-69477081
92497852
69538137
-38440509
-7070344
39396076
-50916592
84339668
3531921
-64554320
-90110619
55346949
37565609
-2595245
-60662392
10871365
-50739237
-5784615
-27962317
24436760
96655521
49099657
43305448
31983149
15468349
98694962
-3648014
-18097360
29211531
19191172
-71243817
72356478
86650945
17436751
93673401
-58652149
-68030732
65649167
14534606
-96352939
20707396
86317059
-73780483
-21686364
19995557
49473354
-18063135
-18596628
84851221
88529975
40574713
-87468637
-8207187
19753139
39454399
56682337
95890195
44416662
82322455
-4001468
-23973321
12198019
-71966899
47456870
58759506
61158850
61614243
-24298575
65258179
13966902
88787167
79584899
-61899388
-91926377
-88620064
-68033314
-51066098
74387085
39470781
-73169328
-64634860
81994577
88724367
-17778147
-48105515
-1242453
11153585
4772946
-19083832
-96971347
50547211
-74927113
62580745
-43834877
63899958
-97514048
-86924870
58010932
38801166
-86381462
-25386192
91691741
-66309599
22753584
-3264252
-81236536
37781371
-23827815
-49851503
14691712
1809113
-22108101
20371961
16784046
-11692594
94358295
-75414029
37161882
72140313
8531040
68632422
-49878997
66246923
33904401
-76355085
88520029
-23300570
-21366730
12318486
19560628
28042961
44326778
-3032560
-1466665
11303194
44579524
-61167620
93739587
-72855111
13767229
98586145
-89954500
58717470
9931469
-57192871
78970266
78302610
-30155871
65373049
88914967
-73082201
-60185115
-69045228
-15266979
-70417513
64779124
14219563
-55082367
84789966
83886053
-96722169
-94725781
5582011
57139794
-37189552
-18427276
89333620
88521204
-27377378
63610914
67207644
84701920
38500926
214547
-77428852
-8506382
8497306
-30150736
28765726
-25770254
77173965
6410430
-2715304
73944479
83772546
52739867
26639597
66462358
-56911237
-66037067
29261311
64328365
-7133783
-81210730
-56886969
75829055
33961277
-32078341
-33843653
-8538060
-19273862
-10425425
25438208
91617469
58175966
-50841541
44173361
54949524
51150405
-94297070
84511550
-69921205
-20133556
92401976
-17257394
12247527
57799450
4576365
-79239345
-53249763
31023064
-17235605
-63170980
55747790
40649336
-31440816
40712023
90941688
4098816
776301
-15442643
70513447
-28574009
-33847986
-46366567
79049877
-74544153
84766282
1408190
30405449
9295491
87673111
-43906683
98815241
-98609270
41871709
21184048
-21445535
-83544177
82758939
46481535
-25928977
97862843
-90141411
38962705
65820087
75240526
-30701979
-13579685
36099491
-67197609
-57689378
-7195128
-85357540
12412006
53612866
-55662778
23592580
-68931823
68099199
67339746
53173337
81667312
-11006750
98338398
-69789996
-45742838
89554707
-25930961
92623687
-79387835
35086445
-34223477
-20313293
42034649
15515644
1852657
75859098
56525141
94055286
83587534
60084328
54367529
-49105390
-41149064
-46391417
30872981
-46451649
26949627
-14291400
-23156202
-79828602
45866252
-32813574
-15530355
-73877832
7932659
-99076381
872184
97303672
80437792
-13871059
11330010
31625414
24297309
60249165
-7232862
-11335527
-4914376
-90624312
83889930
-73349760
3230947
-48602161
-74133136
-7007563
-76866655
18747971
72573103
-10561050
-97138987
68917753
53694516
-76455503
-10746631
-76668563
-95967721
63983610
-26191762
88679839
-69522892
95693785
-75213339
8947899
-6683975
-10638499
65032190
5898644
42817942
-31532951
-68810920
6597295
-23514428
9131898
-46164017
66912744
55577501
58243999
-85613218
-86655871
-49774518
78818033
-91998540
-32702864
-19445417
-53774902
62377096
44607718
-76424711
20532259
-12135104
-56212369
-68719626
50404566
67223406
-17012020
72650182
-59028108
-57741825
-96193546
-55716520
-85029207
72214521
-19421626
10598194
58045056
19391428
-57084976
23989357
49019759
-97384233
-28575926
58866332
-2196780
85552461
-89512145
29162743
-58742878
-80852511
-87323883
-56398716
-22627711
-13970121
3954227
-4205529
-56104746
51329425
8092190
56216747
-37296003
65127666
-81774315
92754096
-22630881
3162712
-34074040
52032278
-66895191
-7646202
2624017
-82058461
-64819304
-13138832
-71685768
87375723
-31282295
85694574
34813354
-46237800
-91575781
-87718040
-89425289
-49387590
60693275
36444543
-14311888
-16349178
73262087
14601310
-31450814
34549104
-91350270
20187206
90492434
-46413758
61906779
94699761
-67082360
-64185393
97674955
-83516259
17713288
-53508768
81040795
91435179
10439941
-10297889
-13211143
-69365231
77166920
69584445
74839369
37013746
-99895046
-3567309
6350777
11954469
9775670
-52130335
-28657835
38475991
-32096364
3300901
-86626267
79475882
-83144537
-80240538
130889
43550494
36960364
29060081
-43674601
69506212
-40949967
34728153
-6115663
4052855
-96995998
25597521
13572777
-61898825
42841449
-56727944
-46753439
371696
-88794825
-18666942
-66151145
38845193
-97001408
-58822266
14478587
-75394094
-4451061
32095233
37984124
40879455
-11390229
-14236347
10922602
-22497178
47868866
20441268
-66525921
-32106652
72664950
59909208
-55100268
-88424657
-78814805
-21196920
98979469
16965621
57800456
-16499933
75224286
-66236483
-3710245
-66910337
-51064487
53062978
-23809036
70413526
-13306388
-68467304
-77989806
-19090293
-58256575
86285819
19058088
34404169
1353833
-56531105
10537256
-75424379
-78934650
-70153152
90477952
68220805
73172698
-98151247
-62264552
-51619446
-52397891
-53668035
-90366860
-18065343
-73085021
84040018
-64211025
-27873965
-8380138
-74054047
-80485303
-60599317
-60796135
-82050962
-44270635
-72592010
96638567
-7767651
-13083402
-81094996
6735587
75308253
-51041961
96961645
-90429609
25750469
71985397
49954049
-82888326
-59298297
-98214641
94066847
66599116
-76975322
18910073
76113731
-88767150
6355203
-20403570
-57563023
-51528240
-11881817
-46541398
77862506
71821255
51789289
64790285
77655427
-93971540
28692368
-58685499
-13856381
-94743799
-94561241
22451092
62243432
-54951699
54737133
10562100
90103359
73605231
-52145468
-26299322
-85716112
47224495
-27449870
-25435760
26347754
64670576
-44512094
75169964
-13384257
-83534413
19537636
74661505
58388527
-80250459
47149492
-37596003
75830180
17895583
59687321
-99582391
-57387073
35985868
-67974708
41392003
-7568625
18147513
50250122
43816237
-99393480
46325655
12416001
-77620467
-89385760
158960
85193809
70006321
42173517
-18618938
-67464497
-47018740
86304158
88340933
34030054
75484974
14993247
-75261581
-48924024
49913934
64952201
17036278
-57616213
79359024
-10226508
26486383
-43349929
-51274122
-23562679
-30658561
14732066
72689599
-99837026
26439647
30033915
-24867729
-74280537
-19214920
85015700
76767487
3269487
67278717
19578243
21049126
63233197
-4090541
18290606
-34844915
28969044
-97365097
-46086402
-36026118
50682882
-73936632
37831761
96301535
37706438
63540706
-67476400
5212754
40135826
19520326
84239243
26505266
-14749287
36907972
57699754
25313011
72105411
-2224178
45491125
-16033648
30384222
-87724631
19134351
-53831911
-50185787
92168443
29175458
80353484
91523955
-99316704
53149533
89934048
14359505
-37189895
-4185048
11458822
82060905
-21628593
50878290
10456134
73255711
-66625548
252179
87832099
86961159
-35168082
-65499171
42720536
1200906
90511931
58817460
-28884187
-13815532
71136376
89081194
92528130
-46806017
18291615
26797523
-42674702
62824574
-61512397
75272111
3855555
56647702
61897130
-17566259
-20337485
65323369
-29766554
-2805442
-33744499
75683559
-87086759
-45076473
39465420
-14614365
27028483
3337718
7773501
79741210
-85747076
65795483
40179199
81506368
-23482004
48439645
-51611407
15650032
-81310135
56660438
77902397
14836218
-95713559
-26088464
57917502
-64341799
-70987501
72924799
20872053
32458425
41296614
33401072
39584101
-51098862
-36016692
78181577
65683182
-41668308
-56894527
53593969
57338626
-77806309
98670041
99968219
98111060
13901473
-35631142
25357407
-13248568
91547047
53609003
6354404
-68270807
-86419537
-96990558
-24573315
21273750
79263933
-15208788
-22943121
32833121
-38911385
73388661
15904613
10049969
58132528
21132605
-50286919
-92293256
79465295
18493782
-5611811
24147952
-4562865
-34957868
6775264
-4996405
60201720
-58979950
1133571
9003111
20100161
-74506069
-69622999
12208388
39783118
59689448
-97314400
97071363
-88157320
98268683
84009744
-87942015
-68540020
71765715
-45815243
67538236
35026905
-30331882
63014448
46010302
-3743260
25697007
-79101932
-86777078
60640852
40237153
-68895586
9205489
-30279212
74008019
31222566
-69395032
78498781
54997921
-69264248
-27916256
86516532
55740467
99806516
-95867425
-16232030
-46310247
-99860056
-26917011
37405763
-86296000
-87988239
41308527
44079229
80998671
-95924536
55878108
-72149316
-83692383
-92610481
-92126458
96515933
-77132686
-90818185
-94222268
-13003804
48859074
95909856
6223948
41901067
-34562570
-88004227
85388553
-61318501
15775260
-85696073
-24961116
91444267
27104355
-81823022
-94442348
46406535
8666860
-33754531
73549291
-16895319
28665029
84014271
-24039086
-57378657
-60483571
19167427
-5663639
-62811720
-80781939
-54051122
85746364
60390444
54129916
-8192544
99663506
-94631478
90072754
37976283
46696002
44188550
-7710153
-11096873
11968941
80578544
-75508148
43666820
76575873
-44697964
31323483
86958999
12566276
-97328050
56007824
15232332
42479298
97985442
-69451632
-18978226
-43377356
29425016
-56289274
2509403
-77273822
-58430419
40406442
-14519601
22306158
5344882
-94021427
-48298646
-44907820
95005143
23027904
57115812
3387185
-21380991
34485240
-76687422
-95019330
68146568
-19411463
69525830
41464768
-80290493
-98968373
-20733727
38897277
28512885
-80634066
-66347444
-66898592
-73180899
460454
-83185620
98873642
-20983023
-45017315
32446073
-12548977
-64098582
15900242
-17235205
-63744119
-10650586
-73789460
-89191430
-4868314
90692907
31966506
-43081195
45369113
98026252
6909260
-90859994
48344528
33290389
-62836396
86893095
25713235
47533850
-60873523
30975657
-69556111
-80638655
-67967541
65439493
-87855105
-56402183
-23186880
-46023655
96729808
92851730
4550752
94011504
31731410
71758690
-88353766
-14041614
-34311145
18203985
-11792195
-51114040
80607317
48727726
99134186
21569789
-67127582
6418751
-39896903
-9936321
48786367
-94923546
-97300067
82507543
-1477874
-23014481
15268481
85443627
-22163442
-60867013
-26302700
-49256054
53113008
-10739147
37711890
-96468489
68684313
-75618881
17242795
-2738950
92558604
31117682
50975921
-19735165
-26787451
1830550
-77600042
71451026
72095032
16311907
31410438
10068979
1998322
-84894405
69825062
60471102
50965561
40438290
-12223818
-66056470
-55397876
31560058
82398395
-1413785
-88209543
-17579724
62018489
99752634
-12124069
7790912
-71577544
30685371
50712178
-89348153
95800590
1336008
65292492
-87732655
-95590010
49640521
-74763422
55578163
48178855
61231971
20960377
38407384
76023694
52713320
11625107
99970375
-12984798
39299863
-64425502
13531083
-4761740
-14629584
609141
-87390994
-54399170
46427083
64862299
38321190
-24209158
-13434330
17393893
17837646
-85685822
47055130
39597411
79749599
99640660
-43034279
-93762058
-81159666
-86869758
-87348596
16729672
39594682
26023651
-4320347
-49101517
82307589
-69375471
-13583161
-1864678
-20810293
-23178639
20815513
89735103
-50826711
99255089
61793072
-51770329
9189619
17450754
29804504
-33098927
-53782731
22324039
-88942152
86444480
-76930326
74611543
-82059015
-9026361
-61796917
2996963
-69880885
-87549524
-17754828
45960038
49191931
28112520
98922626
-81725209
-59069096
-85817756
6042225
-20811798
33534001
-95746006
-95164127
-34368068
-22817958
-32518479
3610238
-15503777
5689192
43738437
-50884214
83122682
-20856714
-3903050
-79547201
72107388
-88146470
-83867209
74443231
29319555
-52773968
28951617
-88732473
92607950
-28392401
35996528
56037566
-63451489
72468628
-5808409
-96621031
36313143
-7491366
85249843
-15639076
16475576
-35354222
-88488504
-95097617
-12876661
-88442264
-86495122
-90418571
-76712971
63874704
5881672
-65014095
-41829171
8032922
42274998
44566679
49661206
53103148
-23463580
-96633865
-78999040
70677835
97627754
88819247
-68863017
4744956
-42403886
-80370636
-80399885
-95860528
94596108
91175988
-56612204
65942657
77390990
-16523543
81755314
-47798163
85991859
23055084
-17166439
-29453795
-59569876
68399011
62957352
-52317396
79965603
-63787624
-60751403
2432024
45630483
99882015
19568288
-43175255
80036156
84337403
-10564931
-62341224
-33539420
-12354575
10925673
78632835
-62220286
-79568478
-40515827
2108548
94405747
-83221345
-92482481
-34529132
88126484
-73408349
-37498759
-74638662
795262
44322617
-28117969
95357651
-18367222
23024741
-14672602
66306804
-34661406
-11918676
-4512208
82575907
12778412
88106894
-8124608
21763989
13727311
-75379934
-75472110
97933008
-3639332
46083316
36907874
-69738113
96338651
-48867042
77076346
92866205
4009329
-52251541
-49973048
-54947927
-4368904
-96185423
26536097
-35977723
-58313609
83189810
-18996765
-5258590
92042773
-57091071
7957656
-61356743
3460511
39156152
-40705351
-17486875
-72881344
-41874897
-79023218
-60740581
-14406708
-95642974
-35709747
57321122
-14931391
17178903
81979647
94674099
76055358
-66370501
-599841
-93542011
92689155
-45912059
-27130816
29363979
-60837864
7486586
10385167
23875156
-81444815
-90573428
98742347
86853984
82595632
4386802
-13848889
-27901843
7553994
-28108654
97681963
87238107
-55753889
51992815
6338181
-38605613
-27293851
66024538
-17955830
-87672387
-30420399
30634620
71360933
-54755068
6438970
76914889
-9993157
-76811241
-72308991
59141465
-63857078
-29717417
-72559539
44448912
54824584
21166131
-16347938
-68096966
-1021263
-46574656
1414007
-38453926
16110004
-5504757
-62909434
-44224446
-10311777
-76077539
-29901688
-27645161
-30929195
82487737
82354963
62818463
52737409
-57641875
7620396
10269379
-92379327
-97294766
29772004
53180282
-96805936
7485870
-53446759
-49453634
-90745477
15706071
-75231083
-54617249
-96910816
-88408391
96688095
-83542666
48541431
-16658225
29555025
16522992
23152602
53929092
15965843
86854451
82218572
-4332345
26833335
-69088585
72953861
-14237579
-76334004
-71281629
-48733900
-97491162
-64061119
-82120409
46143081
-71073067
68334375
-46747745
-36851211
45297430
89473399
-15232282
-99332858
-16830231
48358892
58419529
-22429564
-75142373
52807495
20892465
-35778208
-17921233
68223865
-17950250
24694794
-56231032
19800111
-31363378
-59036056
32534731
61700967
33670429
50975116
-93060645
-69238087
-64862824
94618646
-50369284
87982858
-68429779
10394164
-31578876
-8148866
-16473985
-84011608
71035211
32396525
68681494
-53762322
61576878
18235409
62949280
-25002418
-27786193
56618248
41168506
-20005903
81718726
-68872229
-64612940
24513380
48082775
37271326
45269907
1953025
44638580
67700421
61331178
32351642
-28288043
-95061600
-79188326
-84938240
37781340
88671654
95080222
94165081
96085213
72558754
92323402
39910194
48219404
-15892867
-66361644
25640846
30395413
61568190
-80288218
-98947500
30890570
68514694
94859560
24078378
12801784
11797035
74725792
-13915520
51451
-32795321
-27208051
-34656906
-99885067
-23826637
74551928
-17486884
37776487
37844354
90100713
37242981
84311819
-96578330
63431199
24627368
22053263
-24137264
-58328664
92575955
-98290537
-94313499
11199033
-37907423
-86903425
-23410484
65543324
99925232
-63408831
91773811
-33274431
-16012512
-61283107
-81848999
-37263889
39268102
17800515
64403677
27923454
6897625
37404012
-17114852
-7417748
96426786
-75807837
4460462
46625888
11436932
-40104808
-29579753
40339321
88764585
880008
39351270
72998449
76500582
-88171322
23533923
70643832
35389790
-85618416
-30989902
-98404339
-32865249
63020134
-65257880
62181429
22436605
-63944258
66261420
97629686
-75468325
-68628409
-77454389
6555811
-72871577
90686152
-46928450
-24935416
-33824800
82996306
-65022048
-55362026
-37263388
471654
84599124
-27386441
-4053703
-66731813
-66932750
-2704792
53804338
51807656
-26221186
24074560
-48382116
30771872
71202056
72530768
-18241874
17258210
-44919767
-23791358
-78710239
61057663
82249869
92003801
-33823753
38945009
-14119925
54681694
-46534352
-77846328
-34230902
62865958
39724603
15458960
97164890
-95743013
26697615
66704560
-10093526
-52845657
-16302653
79622281
38462947
-60685457
74769706
-61321562
22076619
35662163
-28147385
82442756
-34465168
-81562480
-35723337
48477837
30839624
-71852056
71912694
-60513118
-34512714
-18838966
-66650652
-78388625
14017548
85617143
-60279417
-52392066
-80860575
20714048
-32802566
31328440
31119734
-96873349
-7297167
-88934714
37918517
-21675694
-47782171
7519088
3922956
-76505059
-91312780
-95155931
57146607
5931224
-12993422
-48432415
-90215835
49788591
95220933
-94747859
-55298823
-91991826
24164236
-70414695
81493550
-40238990
-16498219
-29057210
28760959
-78340518
-48113177
37154387
-12344981
-12483754
-18250528
-92028914
7344539
43090488
83448823
-35101802
-12478532
-43120851
-68764571
39525058
56214962
17382836
-10656865
15078086
-1115355
-90482120
-60532658
93849281
55842906
-82965193
-55618646
16122281
-15843818
-67450917
24610955
29564776
43698373
28551564
64910647
11359612
62140807
-55602030
-49938614
27066525
-80718347
-24276608
-65615002
-21376468
-33046885
38300093
-72104439
76984864
34185831
-61970234
-51480890
83591173
-22257278
27858675
20830067
37562140
-87263365
-22324288
75788800
18866766
52952493
81760788
13970820
33989883
42481996
-81943075
31060113
7232019
7889474
49345904
54676072
75088933
13344129
81261185
25625463
58366426
85941257
-49065761
86551801
-51037912
-17765469
92645988
-46099599
23611139
5753822
90451149
1595890
22176607
31993501
94001943
-20486413
47089379
63250697
-54941528
10289953
-55993655
-78986940
-86463935
-16673124
51862229
-19964284
-4338876
-66001768
-29064073
-60033222
62632487
-58793604
-12595405
-71443465
55482880
-89979802
-41017874
35579115
-71451720
75673306
-9266057
-69353090
-80605682
3370311
93529828
33963345
14193551
79636336
-30129798
72516877
-61881744
-78783479
-1715950
60744524
-81311569
44536999
-35166222
93991194
12775912
-16249588
-57445395
-96310309
10555039
56166365
41209829
45081543
-20976905
-30068088
-97243695
66258374
91506793
25879908
-62630980
55360746
53316901
-91175185
-44280925
31178831
-53464016
27789712
57119991
18195944
31978875
5359594
72100104
74373681
18320988
-89652539
36784242
27978799
79619559
7125597
-84663821
-62035139
92346927
-93565102
41950178
27117612
73821016
98811045
80203649
73152005
52136920
-24751205
-8547885
45788023
64741151
90817782
-59496679
-57742230
-37856872
2120681
19801907
67682800
-25716220
22136608
58336336
55058737
91964513
87126213
-67830916
-68953720
97534917
-12015538
-28821165
-47091904
89140539
-99361994
-124960
97444398
28697284
23540326
-75969235
99820661
-82832006
-34493697
-90085252
-19148774
37437919
98205315
53511461
30925206
-54310527
14800850
95313893
44682283
8316570
46439016
69560146
49931163
-27671037
61884446
-77013486
-85261777
24076442
13285634
-30684628
67381369
-2290571
21443645
-77882930
23747389
-40004711
34443830
31787211
10177160
-86826670
-44708807
3838633
60846286
32843017
12426190
-74567926
29741191
31261150
16034121
-79042824
27264279
83029382
43207054
-39073345
87709255
26786823
-29454340
-53096589
-43750862
45797241
-69895956
-81051928
-1370874
6187832
41176634
35360949
82697031
-47719243
-55348155
-89297558
33621877
28998300
85336458
48860279
20565938
38806621
-83751772
8200626
22682521
34288198
73909126
-94354070
-17613076
-78365041
89247718
-13618602
21299546
-41241557
-62702788
27336308
-75328217
-89254323
23377126
85453665
76279875
-96334745
2453161
80740982
-6801843
50868706
92736879
-2182842
57385161
36121718
71828903
54929776
-703437
36767963
-3800263
44724856
-4669550
-47061919
-51476856
91297032
-50947128
20210584
66164396
-11197486
-85138599
-66191546
58490679
-53214144
38361602
-48808425
40057931
87494223
37794981
13738994
47639266
3664251
-31934868
-75591778
88569569
-88156472
50118686
46436869
-82663856
-64899782
38111697
71039060
58449692
-87755490
-43963514
-35423908
-38136712
34352117
14794635
43160892
-94381178
-18968269
40904272
-71186513
-84548477
98221548
43774981
-78998421
-53789357
85863745
75612513
-36539647
25378416
-94070288
-59250428
67103253
23748127
58760546
-10247125
85234714
-93789491
57026261
-65286434
-55041392
41718121
-18525841
-74870841
-89350095
93653322
35433308
-7366245
32161320
7698710
-71874408
90349253
45881403
65229307
76337669
73907741
11004682
14349665
-89346207
81930917
-56530305
73607690
34007395
-97508743
73309092
49593771
34420831
36549244
16344290
-39729470
99469735
-70853812
-51328318
-2046226
-67526812
25618509
-70330901
-35262490
-42884201
-45749454
67390445
-2957632
-96902964
-2418862
-53571286
58775289
71746177
-64425844
97518234
-14682534
1114136
-873413
-23838268
-66239039
78790165
59565189
94451023
-52889814
-56256898
-62645576
-82348895
-86358454
-13266738
-58375398
37698735
-2177321
80187567
77243091
-54363395
-16546753
-49407554
58602024
-55227711
-99050341
82954679
-28957629
-98672317
-92974871
-44632552
-89542652
-75794329
-9103871
1149561
-92771720
38565816
-49241757
-35403896
81161913
33529082
-13568834
-31289261
35395958
88858410
26975628
-95979208
93319488
21499249
75811024
-48982110
56494534
7299589
-74995039
55076921
48215649
-2427873
81968671
-88829615
82976780
-57338598
6583041
90318656
58297484
-14801185
26505194
-89456840
-49058917
61323509
-66759255
-84123917
-17107554
-49661237
-89334347
85257181
90442064
-10453644
53262376
-67376676
-50356240
-26021275
-53735697
53215590
-50234167
-29814795
37012147
-41293623
38647332
-19150260
-12220581
86302614
-12800206
52587951
-33509839
31359732
52294
74503796
-72205168
-30232383
-10740752
815192
-85316683
-37903975
-37303091
-5769327
-83087216
-26486068
-21073403
71510784
83784190
23316993
-65437614
-6914042
78613965
23881045
-10836239
33611042
-33263923
-24267461
6395620
8374566
-21574592
64843940
82919050
40108972
13864591
-61482716
2650666
-39115514
-46707139
-159030
80292422
-91877198
-45665560
-8269141
34503954
18479730
55062484
81342210
4119884
32668174
18003757
-69232858
-5142574
-58184740
-41524955
-87641369
19020489
12246427
74980105
35982803
80657293
-43166120
5519059
-32231469
-35790839
14860927
23929482
-39214731
-54596905
-1195778
-87488002
49150998
65351378
-99488638
-42682747
72450371
-13113421
49186290
79574733
-67362394
-4890358
-96665375
-40163212
345637
-33168944
42164337
21131345
-19741721
-81531220
-49974073
-31792336
38615049
-38708496
19684730
92221217
-71137235
-88493503
-94613810
57437212
-15962674
-14571408
37063225
-97175723
59446421
-72041959
-64243878
54561131
31349683
-2290498
-28658446
-9818924
33802597
-39075621
-66508765
64705280
24717170
-96498366
85997155
-93275490
81674570
80864238
48622437
-7910162
19509545
-9289771
-99075633
-81459628
60950464
86388661
-43819484
57550227
81168079
-54057607
-897464
-950224
-47061482
-12028697
-55363195
-23772013
65631624
5662315
8506827
-56713109
-51593119
84690760
-67117583
-20282593
-93189013
-45651370
34224261
34585260
-63065812
-86975662
29794208
7494607
88909007
-33866072
68126399
57383601
98068776
-69250888
-72911221
96718382
-44648272
-41495857
-76641268
-74331072
50149032
56376830
-96279292
-8857352
-13647760
3092067
-23725015
1345495
-11288639
93371126
73341949
84047526
-3766324
-14771907
40320461
-85293855
8688753
92605772
63167821
-331258
70913685
-1704694
69404517
-50438240
-50877615
-55529989
-24396296
23281663
-73338731
79800240
87819643
-74891045
-46585048
-66368508
-31177401
6907655
-16449260
15820160
8970456
-4520259
71906285
92578988
-23794726
-74802467
9146753
6032495
26272734
-30033153
-49120986
81061037
79651800
60893916
69937568
-894774
38179052
-59985721
-45499456
-26475893
24134941
-95344365
26217325
19152780
58416888
-12366973
-26770730
-93413805
-79439292
56808510
36616437
-44443683
40782431
-55948219
68961876
41942073
-10601383
-41655751
-16819222
-30819942
-66093040
42765377
-14063381
-88568698
-86495417
-57854711
89552791
97268587
75592119
57799876
35808055
-57753704
-79135099
66043562
-59885373
-45481301
-94612612
-96510247
92115351
85847577
-4131440
20009522
-30450966
-12446485
-75460912
-57043505
92447941
67522957
19891807
-25014425
-50551712
-96624455
3507848
49244112
-16898927
55568040
49998753
29283640
68971742
71793982
-83860600
-98015924
-95485144
46223955
-38696579
84569555
2060695
-24347279
80758978
-68318052
-8838981
-64831286
7818521
25979545
-10028331
-38664686
70767797
99838126
8996292
63952888
83350209
-60368440
83321628
-56061945
-20121471
32347956
47827368
-98355103
-55549884
83068864
77984389
18624254
-34413966
77369856
-59031518
-9302994
5305852
-3644591
-72274496
-64226448
12680820
1292022
92304307
74737906
51446773
84319482
-40794485
-11437320
45293773
-31393142
-56233489
-90805611
62751362
74741091
-8398881
83978117
91106909
-85284677
20118822
-83775814
6794306
98045929
17990895
96902564
91492229
11052204
66022235
-12666929
77236718
4699884
94396314
15754088
-19582771
-54713816
-17636739
-86561216
68921945
-25340222
-43981599
-71109262
29438729
-86671738
-95245653
59975617
-15597780
36948265
87821409
-77209145
29467705
-76176765
18471069
-74146302
16806029
54413908
-40484878
-41341589
35793361
-59265200
-36206879
14663836
-4673764
-91684835
26711123
-16820877
-73671872
-74580055
17038636
5277202
10818621
-66366120
43023572
32812482
-86384043
-11984460
-2935522
-64981266
10597829
-86097383
-29601283
-71622721
-92167221
10421728
-74104943
-90483510
-80517500
-37371485
-4023864
-45051974
64663511
-73149582
15802737
-62675631
48002534
-56572493
15276601
21165606
19686479
94611198
91758371
-13460250
12734035
-13786111
-10809349
92215236
-45874943
62453190
-90188768
-10503055
65659371
37375465
24033804
68513359
82270916
61829616
370619
-68644708
8538980
63289556
67804256
-83105503
16064462
-2945148
-56408251
95738323
17338957
-28657230
-5541451
-67001177
-76756061
-20749405
-16211434
98903635
81341848
-60739065
-44294260
-72417972
41943480
14214608
56609564
-15616524
-75145800
19686590
76163604
9450884
29275347
-2721084
59390823
43231684
-56770217
-50439926
-69065401
-94627559
1005807
33574391
-66628134
-90519619
-46820792
-67992022
-79890156
-10889203
-26857589
-85663284
-47739686
-51666023
57791153
-76821214
63163633
9400195
6054655
62804585
-81478975
81648464
27107600
90446665
53460821
3019284
6657009
60182950
-58925197
89459365
35844794
-83206846
-51285147
-1476701
-32706256
-15189604
-37401477
33495123
46019610
-60441724
-61449670
-33783342
-21301556
-3643406
-4203423
42497466
-45739348
-20127469
39004425
-88499124
-91248845
27988041
10973947
80172007
-70369012
72330092
52796354
-77986808
89368594
55513491
55005921
6609148
97619097
49304506
-50941458
-86412359
41585805
-70081480
-30079055
40445918
55641097
-31942389
-93565074
38953459
-21740289
38828013
76997587
8693610
16050970
-69232204
60677238
74052111
62738754
38670649
-67851771
91950131
-90670868
78493357
-15670012
96870521
39124712
66267794
-38915246
92581372
54052352
82534858
-33667554
98720962
-35732873
88443529
-52538916
-79412326
29335105
53005592
-22922735
91467738
-1812048
75496291
-24969598
58789110
41512655
97900882
29004520
68709780
11507624
52023960
-43901819
-19954950
40086247
42475362
71454063
90290855
-30798629
30520244
73643801
-61718673
-37735151
66218316
-35390392
58950757
-98812460
-88253153
3767894
32997666
-42582816
95536894
82917476
39516928
-14768621
28932646
-99851547
58105448
-62249072
86468605
-93331120
-14452419
-76968422
93395416
72681008
-95312100
-95984899
88598667
-8526048
78979403
-36218448
-72575536
-28128344
-94350444
20711244
-83391727
-75779688
80282645
-44125570
6450850
-43271807
37542057
-67427102
-32009325
15178105
87781811
-27797095
-43258949
-28052763
64122030
23299657
42550659
15767517
8636498
53985344
25090148
-63324488
-43817343
88279267
23477255
-1356995
96676684
-15539121
13180656
93471518
48572822
94278577
84856075
-43508375
66935201
29259719
4511837
-95129682
-66504539
85028422
-47980460
-14964293
-87845719
26443119
-12781459
80183727
22820954
-82976444
25663478
-39874865
68439803
8606332
-15632715
-80307566
39126748
-43932421
17823821
-64049080
60892001
86532283
10588328
-60964210
37130231
42901401
19375651
-58859561
-93704498
80190580
85581142
-75773166
-75068057
-21253744
-16476711
-64946013
-58342550
40238839
27386178
40117808
-15014993
-75255354
-58524338
24198097
99526336
38418188
17896143
-98740233
-60306827
-74922279
-44135632
90017255
-61654378
36234808
31897328
-81201589
68660874
18196047
-34099164
-429738
-92720779
-48183067
-60888944
95323349
-40164733
-59034398
90908678
64523437
-74382726
-84033638
11359098
-51178499
3404717
-91603492
30027259
45308296
-23294119
18398154
74611001
-92993091
74808026
-78209789
-28741151
17657800
16907094
-90168802
-67161372
94310015
-11317681
4951155
69792415
-84836719
-11241839
85592369
-75029508
-21378346
49239214
-24729071
95228602
9492501
37891734
-9813238
66891550
12352710
-3277737
86412200
-22853249
70644262
-79851782
67533318
-40332458
-77804489
-69985235
69055623
-41810937
-72957204
-34603356
-49650949
-19419876
-60436356
84339443
-53902688
-5866395
-93763358
-97173228
-76451443
75641201
34168936
-14638951
-86341935
13753062
76416325
51132284
45220435
-76302525
-58375013
-15513729
66110223
-56907210
83963952
68346161
63584896
-59652651
12484011
-98662738
99352119
-62958812
-31183423
24484744
98951057
15023907
-7208443
-21591895
95522824
-88688439
25018950
39335039
-47242661
-39344080
-52328983
97617534
-66395227
9307819
43719486
20432295
72227677
-84781265
79780197
-61946440
3579448
-93171748
35017510
-33255324
-11345361
-87562328
53630589
-50309847
-63980522
-71619031
-73527087
54738816
-5068492
5858657
-81834120
-40159207
48762597
41820600
62603036
-53944707
-29638719
28788357
9895718
-84637213
84167943
77983501
-87324594
-45370498
-77935503
42365150
75563452
-59123435
-46187062
-68554669
92155417
-82486817
31605691
49700656
-55495825
-95099763
53417009
-31290139
-3206595
30604868
-25951606
60958639
43619463
15662608
47895462
28116252
32477455
39174517
-57559160
-48092242
84351695
26239338
-27028107
-76833501
26175211
-33480544
75351340
37022691
-15535709
12816381
-65683015
-92504298
25758718
19163471
89135277
64240735
34936959
72283237
-97603189
17447862
24317526
-19594216
6449613
26426004
-16745260
21887390
-66101218
91889031
39005740
45361999
-84335522
67374181
82355341
92097754
-85333372
-1400549
70264014
38722706
-92754626
-38653085
96499145
68365030
78227510
-74179810
131176
99503676
94690788
-8811727
-2288376
-63852568
73719225
-85521545
-95771032
15720761
10176101
45077709
55291592
-9228436
55436271
21241575
49855190
96239418
-60453631
68697527
85837948
96502951
88035142
-41040250
9997583
57821031
-75179328
78674591
94590204
-28736682
-39968760
-55154679
94876463
-32120750
88198620
51541251
-53726955
4699044
-19408303
81305674
18041519
-60741831
58249208
74976931
20357834
82617223
83236002
77601905
-8241994
83706551
56194493
-60476761
39870285
44635407
-55044091
-34131134
-9152665
84042073
11565279
-59448894
58385726
-50885633
85175366
5002714
68429212
46304164
81451868
38224950
-46257136
-46499672
93762432
72084303
-44755587
-9423412
-43606502
92040813
45069861
77839129
26224850
-43004484
22476273
-26994956
29015333
49493683
-97226952
68301291
-16372059
55663716
69878534
4095725
48546674
1821128
44102113
42581725
4032488
-58196945
29479708
95491205
92213311
-44698448
-51349508
39322096
-35499605
-25185902
22449230
49787346
-59449864
61396374
78706962
-72164101
-89742540
-48789181
-33967041
63956651
-22500267
-65029828
47923320
73439383
73090713
-58711838
-51047301
-74494889
-47275815
-23550986
-20790835
29715246
-90663469
-19337659
-641858
-45216826
65205627
74573444
74905453
-4855531
36201331
79894939
20665990
-55026945
-3018123
37495694
-58375661
-13411193
-38854281
10466988
95174526
70622096
42431828
37277251
-82626376
70564091
82937866
-79753483
-61453640
46566353
59099246
92437183
39768233
-74853246
67404304
-73460522
-66036923
14247774
49169908
11850968
-1888899
79815522
-80170926
68500944
-51203061
82265992
-71433001
30764170
31540154
-69097701
15549017
-16690874
-317030
82106798
57614532
-45555350
-92942956
-76770733
76967843
-90201659
83148294
-61759028
-8176892
-31131064
51827175
-3657496
-16365228
6314325
1237291
-68762403
-23957673
-3748463
-55776480
-77144275
-37325848
-59093037
-2460883
62723180
-75955483
26528240
31707173
62302071
-20321678
18838905
7961371
-72738167
-12589998
-54871098
-70266391
-42006332
-46516560
-9850634
94329875
23089525
74282830
61021981
18552180
-3071841
96848672
-69441068
-79301713
68376186
-12807599
-85330321
73500883
-11959721
50806189
-57334163
86939780
40962511
96884359
45348524
-51058990
-50071487
-78298771
-34728129
5714847
-97137250
72609515
-41459328
-86781545
36483613
-11002536
-92104780
5599884
-69531591
-78039751
45259317
-16677795
-45860932
-23268222
-45988517
-6164189
-4118160
57298385
85988281
40917068
45784892
-92551647
40845856
-58762673
61437083
99207315
83338887
-28143631
-90336355
-29603088
-3957863
-80614704
-60286339
-42513674
-12346025
93245664
75930163
21145118
-85252436
98593960
6984600
-2132258
-53855114
48907249
-68673747
-65008841
37222341
-78100296
-26780016
43807333
9684624
61261689
28069006
-4088099
-62743758
-11562222
-78638269
-37023896
35363212
-96174187
-53731998
47335024
74045533
95579349
67563681
-99137978
-71726032
-91497028
63075107
-89307520
-74451125
73008394
71770827
46388356
-68695063
1132440
-27736894
-48770530
23631833
-12732787
-30287433
-36293627
-87636033
-6012788
84611095
80480905
75117232
37164430
-86427162
-56646585
-26212457
35096298
82760651
77678131
-7340366
28489084
-37656016
14631996
9215162
-29415508
-20039906
99820555
-90313957
-46409987
65553897
96535783
-29395325
86854034
-47317347
15329172
-70971877
-36272480
-39965893
-40419407
-46176514
-8360770
37662631
-2231434
76576581
-74917723
-85473995
86021086
57289551
-63663953
-16098244
33160232
58404374
-85348533
-84672026
-73434083
70471171
-50162504
-37627584
20612891
27137651
-7074327
73572676
-97597949
80673524
-74818727
47169507
59032342
-41521456
-19914419
-56057187
68891955
79913648
-81644043
89097133
-39826101
-41867690
53062349
-40654630
56415859
99132563
-11228130
14573258
3267894
-13213798
31713479
73573095
-83946709
56986869
-75939089
68106684
93362390
-33061892
-97856749
-25094294
5405789
68077635
-70845952
-50209159
-79267786
-88778590
70454519
1191874
-73751621
96285712
83030771
-21459448
-89041461
-68152311
86532554
-7230798