54928520
74505509
-65515365
-75881169
81800806
-50855802
-12077898
-95522736
-77170070
9355870
14445130
80468117
99075914
-3649038
20295966
-50597664
-64699450
32271595
-17625330
-26993766
-28673723
-49338971
-24827797
60754913
666701
84112006
-89873529
65027339
-35012827
-12086124
-30730422
-18707599
99124588
76087677
34980502
57275691
-63632735
-81636464
-36007748
75228037
23562043
-55619327
53957927
-93434319
-67954919
69854238
-28993532
86722847
-77306902
37274311
87211565
-51753915
87220933
52530269
-48493128
99871087
47254262
-5583438
-5705974
-89124985
-68472036
-96373106
7212948
12290516
28348695
-5612717
79109513
41140222
84008954
39528457
-2548788
-27419969
56384564
-47004320
54053627
52773539
16885198
99963200
35670812
33519296
-35595052
47503370
-15145952
67184104
-9266362
-10488691
55507
-42535121
-70369827
45264380
-83440271
71665996
-38793891
-79629182
5364334
-92527620
49834519
-4453327
-90399236
-63999686
-2511383
-55377931
89718307
-28222801
63127289
22172741
58417983
46975320
-45360409
63413054
31848074
26678625
30896598
5370589
-46729062
-11551362
-78846911
62963750
83031668
-49078490
-99876729
76392374
82729458
75936572
-61700579
56388350
92844770
-22773096
-44954557
-78451670
-52001774
-90715388
53759610
-52887241
96492516
54358986
-23843251
-36262471
-80682892
-41221786
83990922
51698716
15542031
-30583111
51724948
-84516088
72322121
-54099200
-66816543
7072441
83389456
-15881580
-53161847
19996688
-60980020
-69555964
65389219
80213412
34902143
-69058422
43596706
4125061
-98188942
62123920
-25431931
-40836887
56773280
-29971853
24240222
-77053098
76510395
-41363949
31702628
-84220586
40440655
-29643539
-1615553
-35615139
-69394607
18225955
-16962929
14455980
-55868553
-17332473
-22245175
-67523546
-1324820
-6908627
57741051
-29702232
-89162883
17110789
15532847
88891917
70141878
-66129530
51794478
-82116323
-86715673
9514266
13345226
47060630
34699875
-53531660
95428170
-70557841
60183680
60810357
-6717046
30618166
-78052840
16189745
-18398526
-2594808
35066835
48030470
-34662393
43522627
79749517
-82915982
27562752
-55279031
-46081223
-65000724
-11813739
-96051646
-71024638
7874678
-4859477
-90413405
50100848
6964731
-44254075
45075121
71874888
-91429434
24895674
99200051
-50153538
50446950
-32320981
-11173746
80058839
-21909713
72628830
31699500
-47116172
22828263
-16737907
-98783777
46935190
86922003
-44459823
-31139770
-20850200
35224216
-89852319
-46950386
-86419399
9362515
46975298
4766481
96716384
25507915
64990133
80769869
-326526
-24933115
-68874643
-82128585
-71977477
62067784
-33182457
-94085345
-21763127
-88574090
17266315
9217658
96632891
-94083755
-39661851
18333061
98386740
7265605
-92107264
-89175486
44511668
95080782
-12901332
-59372726
94953281
-13042623
66361594
72854444
-50582532
-98920978
-13115090
64877574
-36538546
-97268828
-97373601
-67267363
93242138
45987974
-62839135
-82936924
17444282
33211468
4485903
-35408498
82960511
-73376240
-95380261
60752043
5852397
-55922432
-82254562
-99710694
95440497
87950740
13321483
48422507
28551386
24485014
-97332962
-90575662
25987407
30870117
-79009681
56876853
58357257
57507414
-19892905
-13530558
-12563298
35002429
-93883986
41327338
35838493
43663620
24902493
-7646058
-94376009
84920827
83474053
-20792015
-73162067
76299183
71071431
-83277545
-38280611
37092974
-99649321
-90506252
3655763
-46080985
64663338
-88604424
-13436623
-63938409
90822559
-91133629
47321237
35962419
-83073571
12311966
51507239
-17128077
68727848
-93400267
70765177
-44100315
-94045338
37568651
-17599699
-67753117
-84028425
-94762471
14346477
83327475
78155845
-95337741
23846394
7325029
74906762
-55201919
-84897396
-94087508
90445390
-83136369
30430081
-65453205
73755832
69647813
-20755302
-50452716
-7031284
41212684
88467040
-39746979
89661972
-20009140
-21850025
60690456
12064851
-38969774
97735664
-28575263
-71714119
85922596
-91890932
54330076
-52758966
70839084
9944646
-78562722
33387503
14416891
-30818742
-30482847
7451999
99322552
88202794
-17833
-14832229
-25882571
22570331
78826368
-73714827
73593366
7101793
60304642
-30908082
-35362001
85368464
11972884
5826283
91216611
52553515
54088083
-23499838
10284100
-99509622
3787391
64182173
70733729
-53713364
-67331789
-76703480
18825153
71024335
72332182
91653842
27348450
20101620
-89512350
97103876
-10698557
-58343623
-23690844
-15711658
-66885840
-57246963
53172636
1229639
91202194
-45750829
-86817382
79370648
-17782049
96524391
-67641633
55012434
-47601617
-67763676
82405191
86505998
76337756
79724049
51883363
-27655037
-75163336
97860876
23772560
30436228
-14463097
81856906
-84692928
93934305
32242883
45516634
-49619696
61155092
-81093513
94623357
84091756
29564058
12293377
87697508
44856156
55934220
38371372
24206393
47287680
96610308
88049780
22857719
-70716351
-22653394
22521993
-63959623
-65368587
650671
-12208199
-90987836
24939613
-72349142
-58205895
99204868
-3692910
-20907963
-91942
69499720
-5907289
-43756810
27341464
-2093584
-17972220
53518411
-26972262
37977221
62225719
54041075
84878323
52053883
96231005
-87284390
-16058411
8838949
4663681
8823108
-13325389
-67868902
-69030049
5549484
-1591111
-10994519
-48034042
-41241131
51820187
70807422
-20907018
-59333389
-61374557
29698701
-70810115
30851195
53586647
-72204913
59142191
79180533
-66780268
3698613
76281785
-53927942
6236317
-41181523
8610554
-45396837
21438463
51744249
81403588
-13238042
-77435095
47474273
-70435440
26795781
-47607835
-72242347
-61581389
-78737797
-24948352
-63171627
50802366
77788586
61714995
79273575
-30324602
-71239887
-5910012
91514041
17737072
-75447274
52157726
-22859333
11639966
2349087
42998912
-12917100
-22818348
-48623713
21295731
74133118
-99703895
81972439
-72256494
97739285
96670358
-48802050
73431603
16026214
-9542685
-50167824
-3827235
87525424
69659536
41088653
-58908884
-97290411
-10847323
5327959
87091985
-60233647
-85852049
86449312
2558911
64298188
52701510
78854953
-93283956
30635410
-63601657
-46701093
944993
48110097
38111974
1002103
67167473
51344908
-59780599
40282136
-85599668
97189918
-90984524
69462878
91809503
84426574
39464178
-70370263
56164846
65518397
12541007
-97047118
-14023090
-62681544
-82660947
-49749376
-1892644
89745438
72486671
-52920103
48070126
-30263329
49307379
89169681
-34511142
-11854638
34890706
-5184377
13094840
-19232881
38023470
38901076
18004628
-16733349
3157569
27535255
40316414
-84930398
-74359290
-16063804
-25285187
23206436
-50099898
56427188
6919144
53451272
-39260774
33040775
-26246890
29873079
-13227514
-3267333
-19997464
1569750
-42951164
-60851320
57232812
-61782388
93094729
-47672874
-56313939
25976547
-66120290
-29624460
63321821
28984862
39139021
-60925096
21272983
-15363020
-91442644
34535915
-390609
-80702985
63548567
-87231575
33333637
1781819
46388941
56008394
73247234
-93178736
-6600618
-71462877
-73798048
-26124174
-49298094
86517511
-38062574
-62762362
16404568
71149354
-67854765
7276396
9418560
47761199
56306346
35736618
46229942
-68783111
-80927132
20611912
54213142
-83038225
-29556294
-1432372
19904819
69468736
7591051
-89621642
-29465442
-42862459
-86786920
8402705
-26908807
73425327
73344042
18825449
57768228
9299744
35913822
-77133483
-75256565
-19263741
89807323
76344866
67955496
97331478
91537934
46962620
66124106
30584966
-30141466
85976692
91750266
-42076407
26226818
58097958
49223619
-73998563
87603361
-94375525
3611989
17214309
-50411401
54695686
80610772
-92475137
-2354652
-42307308
-35862121
24840950
88030349
-80341479
77197304
-91099861
25507800
67245599
83337307
94555409
48764325
52678277
80212853
-50679329
-16717512
-38902857
6127212
27976908
-29838759
-59590039
44034775
-43081568
24655368
46164715
-56332130
-16526555
-76904350
-31382920
55830552
86384473
80242658
-51043886
-83056737
64352618
11034698
74448197
84500563
27581368
60655694
-81258583
-20811012
17917133
15408387
-45184747
-56821183
55647556
82440486
-61970594
39601067
-17749070
77066955
1819312
93490067
-96494251
23719863
-83350309
23118722
4888256
54664841
-25689985
32352526
-3635809
47145587
-74993124
-70076782
-46160998
-5750469
50054166
-97081834
-84829641
75590242
12308215
-73782424
71322818
77650058
-6930624
-14215550
-93244195
63133276
95408569
81491845
-29059358
-65047709
43415438
77313128
-93230587
14255586
-74496948
-84509781
53823617
-79115012
-92478762
91186190
-99900601
35782609
-85064334
62126891
-32804326
-39701041
-97377672
39580415
-59846236
-42123177
-8235122
11008480
-40327349
-39673456
37196199
17894126
-59455948
-92586742
-2411424
62311539
-64989142
53324946
-33604675
-35642563
-28759513
-6448929
-56724921
31917665
7009304
83726254
-94430964
-57131427
-82671416
-49944101
90081174
-55782534
12062717
86624167
-85489138
69229758
72804093
93976519
54682753
32944549
1698627
-14850391
34053434
80721763
37440766
-89074176
-70307944
-17281842
85359545
31482315
-27220181
-76006966
78296070
77390707
63180673
-70591332
39152021
-73444219
-62850042
-58696694
31177606
61066355
41902343
-40656915
-53646148
-74777939
36928034
-60321148
27207791
8883111
-83735734
84730994
-60940101
-48188911
-1796313
2285945
18686794
-10196494
-23438301
69619454
23608753
47433594
-49458508
73858384
-87357320
-38212730
10754129
-288998
-68921579
-49615939
-8575530
47747838
24030320
-95026792
6894838
-22236933
-70182536
99413999
-51503448
63477750
73230259
25555726
51731974
-70387915
-2060017
-78806465
-78627904
3365482
86061949
37573956
2620986
25793912
25063793
96818600
-22570822
46513132
40214967
94358262
45986674
78048566
95542821
-316520
19425211
60498283
83614868
78444505
-59914462
29545125
-17208339
40641675
-74910452
64623456
-85588099
-27979497
51498181
-38714453
81364044
76172551
31020466
45369095
-89223540
-60940692
-34919472
13478469
38770442
93149466
-95248152
-92844178
14100743
-63459603
-25747439
-41032219
-56331932
56938903
67998833
-43926034
85531853
51294410
95341632
-71705123
-15136979
69067459
-5492440
-53790997
65404239
-30657280
-22664568
43816400
20971612
99116361
89458951
57113974
33916878
-45175217
-13169373
18201060
10240667
1366300
44314686
-52280706
-90730327
69497845
-41360143
70995688
30900301
-55226290
-10443954
70976503
-97779462
82302428
-4502216
-92272922
-84902008
-92015379
-80908386
87297383
-69159737
19668164
-83268089
-29196062
-83317091
-35820434
82989878
-74051601
-86073660
99641128
-86674830
78317780
29798048
28107120
59129987
-20970460
78224577
72161182
-54188011
91779055
-98211921
-800544
90209076
-11219687
91878124
-80534890
11574259
60075836
-17890236
-9530853
91648815
55896014
74854125
61899279
-13011540
-10503438
89208221
-79115804
86259676
-63792914
77559097
-81273639
10941435
-34063213
-50087072
98387419
-86018159
-54214625
78224826
60716828
90051050
-15054370
-30551073
82404186
-57518692
-87425577
-99177615
2644217
-19508341
-64178696
-11200161
-29443893
48385619
57938735
50536508
7318948
-55349690
-99920542
-42883269
42455864
77493339
-33900308
-49468203
-94757678
-82428216
-32779576
-17196111
54640936
43693247
99316381
61998664
-5144101
-63240443
-12866833
64874586
43020627
92219098
1992919
-949272
5208694
60531504
-81759051
33350738
27795340
3598260
96147376
-3824461
-57149493
79643748
-64285195
25874560
-86849606
-45868196
-77875560
-11524292
-58228119
41828351
-16373509
55431164
91575059
-95753429
60131989
-18744115
-92726827
38311937
77379860
83995709
50732219
80378144
-50861184
35214722
6192300
88094746
23765720
82686794
52060286
-21943808
-90930714
58076228
-95998194
-77980732
-62111147
44440357
-85351362
30357117
56370111
75559182
-13762230
16534154
58430586
-36474233
-30545401
-24492876
40727693
2105096
-23566421
55340046
-21212865
29232384
17496426
-83564674
7203799
-51949605
28434361
6613382
42090414
-5739815
-33184003
-38766612
85407841
-58701890
-10358276
76489651
89532280
43197596
4362801
-44550293
48812839
-49011942
81734010
-2195680
-78204272
-21993079
3617951
-90452725
79467402
-80185789
96401262
-11358455
50914563
-98154088
24378764
42823038
82988962
66054839
1459440
4625708
-73452994
-93409840
-44642916
-42783694
46402940
22932372
-94656815
9347453
-33370191
57179681
-92540845
93403035
575171
4888064
27025166
-92617220
-41904912
-99185286
64837031
93542016
-81477510
5783846
43715771
84232403
20026548
39761432
29853780
26761450
71512681
-17290392
-44191080
29486233
75399657
-66392339
5195574
-16474158
91372241
-19808709
-46009283
64494707
98767552
24055105
18602453
87592830
-38137046
69456813
-42229392
-15785345
-72258006
-59750501
34127251
69715914
-39896496
-78680602
98891654
52668227
52745058
69142262
-52401906
89809700
85664295
8336580
26519507
57707116
-82361526
48672638
-63430999
73033733
-18266352
86304217
-46031817
36268733
-24441989
55004114
72295986
-88654772
32549860
-6272018
-52907611
4533448
58369708
61715428
-1216014
-25277006
19863105
-45065277
-27236241
87404504
-99664479
-94814481
94302693
76750123
-82922538
39496104
5064684
46056828
-56331998
30725536
11039508
-97275315
-86249693
87406987
74411110
1607938
-37894513
75568047
3582876
11786258
-68596301
12389470
-71607417
-38497033
-43406509
-73555384
78469015
-11325418
43120573
-27446865
40672041
67622427
25803796
-6304943
-18064422
-65953304
-9415124
46718778
7561574
1874632
27979770
5080303
-46579355
59754884
-92237093
-73507272
-70528736
-16850828
-51560575
38961188
-57031806
87102736
-40089489
-40229805
20203528
16162417
-92117673
-73219938
-6708777
-41548017
58016765
-18975232
-92162789
62341813
-84989662
88327328
5313507
-11807371
27455667
97328830
89630096
-97047871
98989375
40578924
43930848
6930571
-89618801
3403544
-48347390
59875008
-28253549
-57030108
-51542337
6269227
90087842
3481677
68406135
20819617
37907244
-20424678
-82825904
-32178553
-40272347
-38190896
-34354035
-6888536
-24668191
-28184857
60497382
-91768158
74917788
36359375
-69737455
-97369401
-52886409
49911136
54691899
94729869
43857525
-81718839
81270626
-30679602
-631089
36585175
-50690260
-46423471
-1389397
24973496
-29923187
-9635810
12402522
-78917810
-12062060
59492157
-29225866
85783887
18440384
-80807344
88949047
-96768113
-98961164
-39011026
68504654
-8816485
16603022
25406572
78506944
-72895545
83604313
73894478
-98489796
46463134
-1927093
90574152
81177983
14344203
-81458502
88987615
11222904
-14243776
60089568
-29475268
45299856
-18720918
-89411032
73743171
-74969731
61377113
-36596857
55875752
57802141
-14142620
-84634721
-42293051
70502800
-33078143
-20035119
70946737
46820286
-63678170
-53112824
61872070
-71259362
-42417522
-11813968
-48644465
-87300926
89283137
75720505
-59985766
23435428
-79886462
-86463433
93850104
-53943566
-64799078
-64458937
53870475
41429732
6739260
-9173663
-75428060
25253737
-75536278
-27541040
85806215
75436326
70419388
26939847
47475434
-10154308
-93472547
-72141780
-14533587
-35647031
-47084804
-51858940
-95787359
-65194109
60593873
-62253986
-95756264
-51871228
-24852102
92660723
58875319
93698946
59244482
-94172136
-46207893
801597
96820632
33380370
-28844807
-7360860
-88274237
-25672759
78735136
95321773
44004013
46205828
90482214
95448147
76872406
-88225558
-27708760
58630105
97004013
-70629973
-32729216
71977427
5426261
-12176624
-83480874
27443717
-42187794
57875528
-40901758
-87898911
-49548507
-79087986
-35495813
79823971
58940577
-7257775
-31962658
-68558652
-56241869
-84911725
36320112
-67845538
-56114286
3720113
41677073
64392496
63446267
23252089
-97642905
72559071
-13291815
63178427
37165066
-21261368
22581537
70798187
10075331
92252573
97558069
-4759808
66617336
60793336
-67986710
1045489
99575015
27257745
40072924
-78461268
-22806875
-88543241
51473833
86642570
-70216548
95288377
-74775716
-8587475
-9223292
-38515777
40080351
30509012
-44140014
46427236
-10331651
83504377
25898511
28313289
-10391569
45697417
44676422
-47813378
-15227748
-68735493
93057112
-96563025
-14703737
86288831
-14468115
-55287080
52597718
39956871
-11483029
-19255479
48606292
36117511
64209980
77919847
-18857222
41804729
-30761131
7490998
-27730146
92851355
36030569
90794325
-23425491
-4474248
-29189157
11011850
70037289
-62693178
-18215913
7369245
-23100774
-60708073
-46181546
95867218
25344434
31616429
-15252916
-8296566
-72819913
5634182
48561033
53962677
54675567
62588591
-90006342
89084274
24011136
-51451220
-76209856
4748945
73419413
-3004238
91284515
-26052118
-40169252
-16973273
-9296165
65533416
94661115
-27800791
75809916
15351948
41844119
86536625
-14340558
32961210
7713206
-70835885
-93872151
36320388
-34045016
-36724052
-15884288
-29806729
-38250162
-69333728
-40159073
99888169
-26645651
19046262
70965405
42026520
-60574023
65231727
-10034506
-71158965
-75865482
-85217127
77864358
28680202
-82358692
-52117080
-63705993
57541899
23730522
-61735175
-3291116
-90456011
-68819050
-75597525
96812909
5445669
-77728767
-86410122
67642753
-95874373
-20375983
43770355
-56098108
74996154
-81049927
-24739305
-70636764
-14868588
-13901719
-34088495
97474988
-65936272
-78181744
34420145
-83738228
58013746
70791214
-55535221
81228484
31451590
-46208503
49722798
-31239856
78575089
2155689
71889317
-76131895
-18632425
-83178747
-56463526
-17135324
58437994
94240786
98622807
-36683243
91234558
81606761
-98719840
-5893793
9556312
-25624657
-44091464
32190975
-51984354
-90767180
-15883031
-45778103
78067066
-42109929
238533
-45715407
88638678
-11649675
-24543818
-4259208
-59991361
40931209
-89737727
-8981845
-24435732
16494555
90595584
16644993
-84321890
-1989380
42091875
-85540388
82637794
-88708065
67932058
-89608631
9898665
45815308
-38784302
-66903518
31577017
-11502360
-28966798
-71306175
-45619196
52579959
19719597
15452493
-29880374
-85872937
-98561785
-35615293
78406723
-55861137
-38425040
24034719
-47836675
48523184
85796294
-30396566
22437562
69745685
-88843398
-2864305
-73165304
-26304620
13711404
34978148
-39863408
55699069
-15554545
-56502850
-33643071
96301146
-70577367
23497315
-34502589
21678030
-65390459
76428079
-99229377
-82833067
-49862242
-81325392
43967609
14602462
-78351589
39834062
-1241877
-58500567
41449036
95523605
-96311363
27817208
-64125207
7054767
29162677
-63363227
-97897292
34031108
-15025258
60356851
-16273593
-90919051
-99359866
-40632508
59007382
-567157
93783172
-78531469
67917839
88015365
39932670
-62930179
-93775337
33589301
-9026630
16989072
27790516
-24848019
55342486
6977020
-92099559
-51778449
56014722
-4259760
12573828
-56060378
54225105
96465712
95972949
-3189865
-95225889
-43096357
17545827
-76204101
-91315667
40276175
-62601123
-37688265
-1476186
-10645149
-29835470
-88460568
-13669737
-28420359
-68607228
60708582
-23484226
22565985
-58192959
43599582
38474576
17762283
-64516459
87920697
-36373239
53431518
88999609
-65647057
-72701036
-61796173
86939678
21361449
-92048752
-58377986
25252324
-24688017
-62590299
-38307333
-10861241
18611262
-5282554
38974883
-6439433
4970246
-58406182
-3362953
-51640936
97651704
-92377616
-12723848
-43936255
42307903
91253924
81778679
45787906
86167901
760865
98606232
-49615115
97255712
-74962262
-59722705
86176625
-86410268
94797523
-4857830
-2208708
-42266213
-30411207
-63376423
-41325354
52924025
91366890
-40578224
-49663503
41075600
-76009317
-67395804
98199544
37849551
-36790984
20133581
-94829072
-87384420
-63288925
-61735168
-91899807
75471542
29588076
-54885042
-78819051
-22302517
85422716
3598212
36860951
-55457966
-47939486
-98465660
-91003221
15056892
19556052
55086832
-60901369
13213495
85275907
4654187
-41808436
30682328
-47962507
56833987
-31415139
2657036
62127404
-30696942
10757660
4731368
-62974274
-26542691
69406920
64053164
18912256
49651429
-96340076
-2194146
36822877
18037727
-42041267
56092129
-83224544
-22219954
21108120
68515964
60705877
-63393765
61595806
7461350
8503202
-5166873
-2643546
59489047
61056813
90436389
-49811777
-76783258
-16152061
70857482
-61659186
-23335500
31532876
-34148082
-71625926
-46958882
23980833
-4881018
23560619
-3723498
-691631
-35403336
35945076
-24891900
-65825041
-5829863
41296578
-84626602
-62811567
-61962339
-99186639
-2768375
-88942309
-68874887
-42106052
11165417
-62029883
3542396
96775688
83429975
-51529438
-2979111
-48531400
26497751
-41692594
3342956
73394400
99596264
69289286
14141113
-68133990
66051468
-48721288
-37700033
46621141
76344846
-12228092
25588187
-26044473
-95516316
82452288
-44114754
74197597
67298523
64763834
-18115237
93024721
38421635
-84775857
10569192
84801554
44854584
4121202
63923290
-21442381
-35362438
26553587
92203422
-95420001
-49134113
43061993
-81012409
-43352405
-14819644
11771342
-2568979
19552343
-60860944
-92263545
62392628
60274038
-47144352
-45753696
-56135462
-4625549
-43836622
30713820
54565575
-70955961
-97270360
-77828299
49950708
58187002
-78637753
41894321
25711957
-73795963
82507011
9417993
-49904316
96904497
-18672321
53838342
45510479
-61276306
-67953071
-97873593
51698200
95755681
-77108222
22771156
25221533
-97131814
5251114
-98291256
58574758
39196130
57040836
-83924767
-89586352
-44240860
74278757
4599832
-46723637
75858089
-17332172
47906714
34664912
-86670805
-36895474
3459979
-93704367
-17333880
-63877194
-64826218
-69428850
62909717
-26944062
-87451836
96933290
27327902
-16762205
89077755
-32329101
67032031
-29173191
-89385377
70876940
-67564114
-75468767
51310197
45245209
-70696539
-89155924
-69564492
40042624
10311507
-81943980
-58589227
99885725
38791345
20807254
-76878796
48010880
-12821890
33402430
78243380
20408320
-58946497
-8119167
-23097564
63159960
-54996353
-58910919
-58206680
-72719700
-99946431
-97267424
22412952
89517224
-9039757
68757455
-96456866
-98449838
-35785498
24094866
-68364579
-52221235
11412826
-25977502
61194859
11340099
15558607
89612769
-43645071
66676440
79245609
-38118682
-24232598
71220670
-65263563
26902640
-80413133
2566843
45987707
44254659
-25290107
17507872
-88034901
8547755
-94533171
72493299
91092299
51676378
-71989606
-63671682
-75513209
59651661
13516500
-34343017
83168450
32817048
-55378842
-88443429
-71705652
-48391590
4602682
-25155816
70737440
78413410
-56592205
74660447
79604966
85665832
-64621544
40932739
13722524
62096377
47769422
70282574
-42353303
14081184
99600174
32029943
-18874010
75587187
-44441711
-65757375
-65105440
85442906
99764570
40849882
96684266
-83895752
91599494
-99612002
-71189631
-47570226
27772799
-28464149
-17380546
-67969476
35096857
-23297733
53396419
22612441
-91914011
-95064866
-2552646
-59575214
-21089852
-5565622
8833878
7780274
-98857331
7243281
94899364
-639507
86016706
-61181302
-37579435
63686107
-54194321
50073083
38995487
-56744045
-94151728
-29034214
72446092
-74803800
-83141601
-27549546
28466863
22928664
841676
-7098129
-32627257
67046360
-61117068
12497173
15692580
47850688
-96238096
-96352237
-73931016
-69953039
22522669
65378420
21154188
50250522
-61667007
92243067
44389331
87242213
-7812679
72566145
12140303
-75430140
-6635161
-38358934
14895023
36708420
44215985
-63331877
30707232
87025440
195548
-83442702
6638355
-94221773
65410468
-45956727
11364064
45564159
-56113731
-19043002
-19908632
3250293
62720964
93817886
-21566957
-78808492
-11653118
-17318479
89491398
51943064
-78987158
-14282245
-76671662
51773000
42565062
29255936
-82163639
7336483
-29959414
-454223
46605627
-53080416
99981462
19882689
18407213
-29628937
-85413431
24296718
60150215
17958697
48943251
-73286793
86387384
88828259
9391773
931953
-60823373
-10347838
-96784913
81259450
-80483380
65501091
-93012825
16480918
-57966455
-48225971
-38862779
77664573
53235113
-74814824
9934252
-4096599
-20326987
66298749
48620791
-66826177
82186743
59601473
-97199255
69271339
-64773491
16770225
-12381982
54937317
-51587049
-87064733
28512952
24674179
-91274244
-69034280
45860102
-88631418
-68946028
-467188
-2078838
93251694
-77024163
-30306637
-767502
82776164
-66227388
-72856699
21115170
-31216014
73243787
64332221
17214474
-18221039
73822781
647331
98261087
-55194981
-59171405
3337972
85653710
15540428
-15872111
45001568
-65864010
70690869
84152043
-13826496
-23729109
37248696
35997890
-19351792
-92264420
-68776814
-90512125
-24758913
-62540252
-49511811
45960706
92238820
90660107
28986414
79398389
72147063
24805156
-12388170
57771856
57756096
-92422784
-60365634
-96371026
33662997
-13139
12703060
-19937647
115832
18383100
-39662985
14583299
44155165
96730541
30654159
-2850794
11803833
-84034098
-91509642
59833468
9669063
-87223529
-78690547
59683702
75224324
-75182042
30223632
72189940
35330643
-50591178
-2286146
98959623
42668480
13199129
64733391
-2617314
-28077986
-35090939
-19965990
-62114449
98857653
-75311723
17470074
-39376872
-86979341
-6820110
-66285349
96887914
-19464056
-52636211
-14449873
68270237
-85245046
68491758
-24765094
31589179
-85456966
60430184
-36853331
12670490
34920211
30931034
-80397040
-69556212
34276770
-51620008
-87133942
34458479
-33006972
-35906368
-82740428
-2120755
44547019
-74160193
-95351759
-39029607
38759862
51017339
99380070
-86881042
-93050034
-44361297
19641013
-56644135
33002145
-23722036
41522669
-79423901
77530139
36515437
-35356515
-16092383
87954789
22500482
87451138
-37621916
-71615293
-32535257
-1510679
-28406743
-32366045
-28469536
68643830
66357381
13404892
-19004457
-18513450
73929450
-97469744
91496336
-85582011
53206794
72390499
50307366
-38838437
30852137
50468116
2481192
-30195306
90390864
52277860
17176973
-75131687
93823664
-54194444
45026310
-52457909
82753184
65411348
-63182323
-81678629
-82146824
-1707689
20072383
58769422
-87161608
-46402384
-65477885
-29520883
28119830
87874764
10559949
81375160
65541726
48090774
-77173868
-47591960
5043346
-41453817
-88722158
-30399411
24303704
35180904
55168064
-1367659
-92926194
11150421
55662588
-37216712
71269613
-21798723
-72842572
53332410
-67626245
96238652
35643040
-16702610
62975308
36529809
-92855177
-44525034
11945717
-21445032
-71023056
27934905
43180061
-59752993
-88531717
-73588787
56224409
89510359
-64581804
-75381935
-10368053
15734916
-38081153
52051621
-51052152
97017962
-96777764
95397326
82094004
64111055
-69792128
-24475933
8896479
-29958772
-33810650
-19103296
18214430
-43043786
89979574
38120185
-20613279
-20453316
50991766
-8887669
23136269
24957695
-31207289
-34331774
-27059427
95306832
89030725
-81956419
-40838414
-67086695
-23881383
-83770047
61570250
69239202
-12049078
7806142
-90130465
4644845
14763133
-63405812
37481707
89590789
-3458547
-71194598
-27778692
21678355
79882302
-24927292
-60268218
-38408602
-25807757
-26604238
19495082
43317080
-77409403
21337153
-75530935
-45853690
-21457296
-36270275
-48486114
79074247
-61952389
85092219
22474840
-40084338
65187137
-65678028
30182351
-611888
43944044
80030196
31121382
33914968
-89827563
-81441151
-63869600
75769362
-17282512
-46339380
-15077253
-38940564
-18345415
-50708811
-54127373
-27800967
80297506
54968194
30050180
-12586702
29963243
-82378574
83240287
-33364203
19101399
70401462
55542570
96180448
-34908195
-74422209
90411416
-86343504
81844903
99920784
48804724
-49187403
-34306110
89617278
-67342274
-19002545
-11667710
-95633351
87155092
-12326892
-57163432
70108182
20653624
-59453382
-45134306
-82875324
-95582452
-82440847
23997359
-33721243
24428367
-36406578
-71906604
-77305782
23701792
27461656
-13250413
-67441096
-18376011
-91093413
13362445
11505864
-53041104
15337126
29533418
-37734771
24590099
-48553650
-52066000
-70142142
664629
95728889
-74803714
-7926427
81181653
-66690034
-32649348
11844489
26253921
-97548535
-5756916
-32639740
-73324973
71635100
-10945751
16769542
82031876
-41250779
-22504039
-87039818
-99676013
-58703263
34648353
94872046
-78949232
82832217
36858902
6310289
41665831
-13383318
82058643
-89437428
83730989
84585080
79203304
38953795
11433501
-79799845
31449743
-60756230
14226901
96679198
-11283585
-53152080
10790209
93353478
41680978
96233849
-37833730
-7313753
63827931
76594765
96466538
-69263477
94014
22279565
26649194
-22674011
26325772
-73819758
87834272
16122842
-50937278
23395906
-95165546
-55129195
1681920
-14335695
-97224657
-99473263
-33766543
-59086968
-85559075
17224192
-41835793
-90960171
13184061
75873796
-22242236
28507722
27780440
58090803
-55005695
-52694841
43635324
-67210362
-12419634
42528561
-78455841
-36656373
-27316204
-17639509
-4751739
-30432806
-82538834
-22279816
30699841
-49918792
-14874786
16939511
8770071
-41231479
-75456365
58078362
8026557
3390643
52053641
10210064
48744765
5176107
-93196921
93347729
-75571201
-7209029
42522627
-34524413
21059698
-66260316
-60699604
-28186471
-61328651
21368008
65397985
-34187130
-6832253
-81484107
-11370697
-69452702
31156519
-60306512
-47290878
-35338595
-47340555
6920975
-74803340
67599981
-63708683
29712555
59557568
-87387110
-48247548
-64087569
-83521847
43572586
-4009664
82584281
-66250356
-71759632
-2396282
-71141086
42623234
-56798121
23691778
75310715
78372129
-17886555
-17609686
-24080207
-53912895
-45758259
-38260088
9143223
569595
66245644
-57573843
-49023420
92212074
83783182
81135132
41250675
-23341110
-77907834
-66579563
-83991515
-32519225
-12660308
-17147361
41321166
-12839695
-41889421
-60369408
-28662625
41724108
-99220519
-25955491
-22132422
-24770825
89280418
97054607
43048120
-472647
98667378
-89358880
39077291
-67548616
-63570688
802194
53040993
82947889
88075675
-18322361
-44838853
-3625190
-97799038
50505698
96848261
-14909990
-52153243
-67652975
16336866
-57060819
-63786540
34090259
-66306919
8183015
-53753558
-16477759
28203277
-98000641
45695892
30330001
72158708
-26846608
99691326
24707818
23128220
34114530
76839588
51674334
-51369757
-89572233
-6132421
-84739462
-28398350
-22633832
39085423
20976557
-7958056
-9746559
-91627622
-225824
87508518
90149408
-64969467
-96014418
92092115
70978244
-27603395
-48749403
43390659
-17232340
-99561316
13421008
38529947
-40166649
89555114
88656751
-50518720
22990351
-40899640
61868094
56655739
-44917341
-65731832
-79479142
36682911
85063054
17300832
-38610817
42946378
20983291
-25685367
43520908
-56480082
-1266776
15394799
-80089464
-60488102
-28024129
5467079
18178605
5706306
5059909
29283013
49672074
-93362273
8071999
49401141
-97214557
-43520671
4165314
-90196344
91536001
50800807
-54041085
1064357
25627938
3789445
71964915
-93215010
-35950780
-8669551
81945862
63901170
-87233877
-69552455
-57832264
83727913
9478305
-67103024
22753941
60402148
-35912233
-63117461
-79393490
21345944
-85976968
64408713
-149307
-93019402
96740570
29429194
37664563
92545760
33852727
85400326
19646078
-71144462
-87382465
-90726425
-10336104
-30860666
54548356
94291121
90990767
-19770951
80519540
43542484
8185267
41256611
-54303925
2451801
-70610214
-40695141
26597439
48796804
-19281525
35559152
-35465824
-92691197
-11560863
-52100201
76715986
-62450833
50970883
-11447099
21003052
-19017468
-45723968
26403024
86489779
-58489303
52384427
65798139
81910992
-16802340
30071
15749885
-17773692
83899195
79581188
87428670
-30679812
88518386
49010172
-49038791
-88744927
-27481364
11197597
53875154
-32759151
10376690
57322683
96390044
6428371
-78853883
-89716369
-65330429
72193640
-77813517
-82483005
-25224388
48543583
-94896062
-24381365
91987569
80595325
-13620898
14399129
-21247559
53415146
99442990
81442384
-39746401
-43129004
74300653
73928942
22291055
-66325641
88874990
-94219693
44978937
92630321
71964562
-78166537
79591964
20005874
-99024710
78552246
83076684
38875959
72723069
39463589
88167125
-66631691
-96245973
72354620
-867453
-7021295
-72043322
52847702
-49218665
62681574
57120076
-13578810
85372045
-21315744
-94138635
-92547187
44562724
-95534471
41280222
35541658
35669399
14744018
37912443
36219747
-73899954
90522215
16371907
-74352456
-79448971
80027915
22461993
-64932267
-38258159
-73461241
-24300239
3399493
51843290
21839191
-29143697
-51652687
98659305
10132595
72938072
60947893
13162490
-9258851
-46217482
59476420
-97191249
-31895018
-40796466
85016260
89727112
60603006
-25550791
-65517385
92432144
59132481
-96340326
-53708536
80236941
-49568496
-57659591
91583677
-46061611
43090710
-11187689
-63864275
-47381488
4653427
-17125162
-97724521
76345942
13821605
26599644
-46295050
4967769
-98930770
-29417896
-61344103
-93304995
66814109
17248473
-41479402
73301529
-70224573
-52850381
95227006
-67925601
-27022583
93251993
10501396
39805079
17446170
-19725330
54796139
-87297419
-61361368
31089892
37069964
-59517251
-71442161
-60185779
-55241728
10217111
54870383
36148368
-22508154
27054138
24145689
-83652251
10191120
49122149
25649203
-46334205
57804562
-45083066
-62010360
-55503498
-5485410
19997004
-32885261
-19464676
14060498
-85914391
38786021
22768712
-5388030
12257120
68825293
-63681546
-39765456
49815842
83014490
52271351
42568655
73578007
-5591726
22708895
92755495
-10566752
28156725
-22438807
-80460963
30434912
63265884
-56062845
7406805
55064676
37028709
-4274887
67827935
91680135
-6040838
-86814816
-60525423
-50980847
-76676012
-26469401
-67203441
74401286
-30172586
31960637
-51425826
-40462129
7991688
82043292
73426427
-45613770
-79350467
-26266161
43138353
-96132297
97650184
-98885966
-99598196
-18147955
89703406
-42187033
9927858
72663996
32555859
-96033782
45224036
39236649
-13174013
-82556421
-96700670
50443192
-75210024
13271978
97888194
-76773760
-31626897
-83276571
99517758
-23923673
87211157
-46277556
36349979
33941597
-16583570
-55669395
45042747
-97383011
-32448182
-45132230
96103835
43679227
-77444511
44057783
690131
-57159552
-72140869
-96092968
94201030
68084186
46892960
20115415
96386647
-91116683
-59884043
-85110229
-970304
18515169
-272576
90955543
-91755072
-49006524
72324671
79376539
-10837581
-32099182
-95184891
-59245341
-82196421
-70416016
9960988
-57230714
77220953
-53753448
60154399
-81784726
-18144242
-87952608
-91476505
44877397
5360820
4534463
3968329
79627729
5344760
49672403
41339533
42140357
89010388
-82413056
94684666
43352239
-85915600
51363680
-54270871
52442715
-85874644
21200966
4657502
-96831441
33368328
3302900
74287037
-4678772
-38365063
13270645
7106012
50570761
34893094
53580694
-67616018
-93131225
-42202632
-93386512
4167444
-60508191
-57266198
15447602
-75719947
4059554
33994378
-34644418
-82778998
-98318974
-47538694
-8692905
-47142221
54957941
-18019816
29170771
71209278
-38865079
72908445
-49703758
-47558670
46806711
45010290
27185801
-68071708
3284984
87437426
-5377869
5377454
-56671544
-92395461
-70197421
-42898976
29499539
6348504
23384642
4720630
36478821
71097967
-50934994
26812741
1201048
-44982368
-23536922
-25694785
-1757527
8311869
-39036601
91497701
15527569
97868962
42697010
-93772643
29895681
-87611297
2253709
-91243295
-21357124
-1698616
-75246442
34187179
50556599
34771333
50588496
-41533687
70391722
78132438
-13848826
21392287
-97157669
54020202
55479073
-71821986
-18717489
81885616
-94405683
-76263215
24784121
-97642013
34992803
-63390437
72194874
20822209
-34001523
-59821660
97753238
-27177528
-23050591
47666427
-27396969
-61925008
-62231902
54726974
60724816
90374055
-99199148
-3365601
59568673
84040310
-32974153
51084227
73452561
-22327565
-16837163
-84545711
34248304
60772648
-32438595
-29768306
13369124
25123034
-18804233
-93544746
-97592791
49344422
80068114
-98491417
-86688604
99596427
-64630017
44050837
61069198
-19893208
-39850073
-31933263
-48118432
-32860146
-59890308
-53866363
31618715
93845032
-53040009
93793505
-49375425
85950855
-8334145
42223149
87998871
-81115489
72745637
-63359234
-14494557
-29273459
62391270
-84517092
-23676837
-30211417
66934394
-68174046
-95804373
-1222943
-7522396
20330526
59862987
21756334
9122041
-45356883
-78147300
23003254
72001086
-28628066
88427044
21058089
75435794
-90921643
-63837580
-59753435
-58940525
97161903
-54399390
-9282174
53618061
29257659
88233328
42045734
-39492662
-90506454
29139195
27010254
-36745288
-21105554
56227053
47219636
-68529618
96449367
-92041155
95963549
74602794
4498582
62602955
-67702801
40598150
90329443
-29487181
-32028675
82951182
45515599
-66032258
-53043921
59677319
-9650907
48808537
-52926778
80594904
-61342712
62988523
36274459
-40834461
84900196
-60614809
955798
2877652
-24380172
-48744776
-83233538
50663715
-74413069
-42686642
-4462655
53845743
22751435
15165200
13637190
85258308
-78545696
14376958
10089030
77195042
97982693
-55507898
-66112255
-47870530
-60150716
88585256
-61459451
69572801
-37853325
88171493
-37022997
-8719421
7429429
-15071478
-79849791
-45764971
22825670
-18684633
81400971
98900063
51396779
-5686208
-65233514
82249830
15812753
-85352089
57453183
5205880
31960635
81662473
-19522234
24884880
-11175868
-54192527
49495489
-85570673
75285924
-54245606
45132980
63453172
-73313958
21707355
18824123
-55695777
-83097409
-27304563
-81966654
7202790
28989335
57063755
-66343668
34703509
-64652242
25057873
-10861210
-69991450
15754435
-8126533
79738029
14706681
16100465
78991520
-16217783
-84206879
59114523
41384941
96528013
-8545914
87755013
-9002883
-56399461
69013104
1183282
71676592
87637026
54050168
-33630829
-91241020
78115176
-93889292
-73687499
36015914
-68542935
-95101649
1408513
-37802490
74225004
17364756
8748261
68851836
1484482
41186709
-52796821
-89254352
50802634
-11251608
39035075
60779915
-21251081
-85400760
97501126
41497570
-24099642
34463582
48061144
95995733
-97855836
-28424908
-900668
42328034
-17291664
-64870739
-49366155
18247873
-91489138
-64624951
-43380654
56088533
-18804040
74953075
-24271994
-18395302
82442033
-75810996
85962304
19745435
55574043
70274052
-33722210
-76882296
-54399473
1202564
-99177784
94314744
-21455820
-97575188
57818289
67711697
85130753
34267652
-94043177
-40690964
-61921946
-75208237
80930332
78323028
2036927
-76211885
84625777
-35154612
-73941139
-36634791
-77229878
-53029543
97742017
-64835414
-49540105
86830857
82352348
25228603
-73127702
-8084327
84538233
-7935469
50248512
4329337
59229392
47987493
-59283058
14143244
3321853
-87807003
-807172
17530781
62934222
-20943553
86497776
-45868163
70118722
-7531294
-35035013
59416706
37180624
62736909
96672012
34614729
-42661916
78617050
39256806
-53473683
85861306
54586753
-70299765
47636759
54114187
-25242593
-32743521
-19833293
81848310
46345666
-23688921
57874093
40903181
73274413
66479655
-7454540
37711080
36165707
57002768
-25639866
-3671360
-22163874
99121517
4898927
-19388923
18809945
78498276
80185098
89303222
-27446489
-94134848
-62698143
82096004
54413585
33775571
97764600
-75947434
4603249
59071312
-75677107
-48152929
-79806151
90643415
-37942771
-6460657
-56651529
-26888194
-20868323
2610079
-94232859
-72620946
-97342909
26163874
-82085105
47841173
-26713476
-26235092
44888302
55866071
-61316999
-26354260
-14832909
-29992140
10576204
-37151234
-13450503
69300300
25847497
-26797363
-91287072
5685263
39054716
31240978
-56836240
822683
10130984
86450426
61057731
3524230
45790066
-42808584
-17465067
85998376
97189559
91436195
-17798919
-76257328
-17582098
67090398
-78639059
6429912
-55535506
42855674
48423955
62225920
99874908
-12588136
-55986662
-54240709
75149828
10070162
-19621595
25213633
-31324646
-28398247
77756770
-69963110
-55698086
-13450867
-80638544
-43298477
99989271
-71672841
-14041623
5993925
-30329211
-14811482
33515622
-7723938
-72093441
75373046
-66391652
38229788
-1820810
-40828417
-86641694
-75951849
1385753
-11411222
-59523069
6671578
81342861
-39374425
77552279
-65908616
87760106
-44876093
96817017
40491592
25604670
61144705
16493837
21072296
-8332448
-42704577
95161489
-17182366
-71351093
21257978
44113963
20742073
34938101
-24415238
7836594
57297052
-81663883
-26185722
-21316219
-96889468
38426208
-43862304
50069501
-47903085
5643452
-47589226
25562822
30275136
82891179
-29867917
39791955
9947222
-58136488
47110247
97717032
-39764905
32569333
4890976
-83354760
40393262
-87305162
-72893798
35026904
37571519
46764327
-11080700
68187649
-32641268
30627916
-97492231
-81099380
64956986
48623858
26467339
72070426
-60279873
95974837
33520414
-6201337
-86383298
65342860
-27496330
-75362942
-77313418
39103841
-52091856
-17678132
76708001
40239500
93713441
26783140
-55568867
-7349179
-43666688
56311893
-17243610
-66390606
11077890
-13492640
84003412
-47162942
-58462434
67236104
98796303
18134364
-8041787
-3566418
3098935
-6642045
31475172
-85940613
7649791
48085212
-65307236
99894070
-98310866
-28963612
21292982
-37367776
-17426680
18957850
-34828730
31939346
-94280076
27052283
-99146958
-1131103
-30663701
13116849
-9035656
83008344
98477043
153309
-62415596
95678776
-78969042
-25718741
-29788449
-47266387
-13790033
-78016945
22010799
-90449094
-60229573
-38660389
68318063
-43972637
8469259
56737673
-60095586
11935978
28821791
99165580
-59656846
-43692223
53327416
48560145
66695086
71880130
20506177
78190219
82001292
5443843
-85124331
88122453
95010868
-80429374
-85572980
-58350218
-87370661
-85183330
-31911510
-78731171
34003423
-77295193
90024890
97601817
54484798
-50217984
-50923399
16846634
-54403739
-61093296
80742171
-64617275
29809010
80397402
80393853
-41393791
-48003495
87221741
38903046
-67306995
5728792
-12610723
70436334
58124680
40972681
50735331
90096364
-62596705
58835641
87481640
63490287
-87426527
-1054042
-31248839
2541201
-44141630
22167369
27756039
-51456401
51814101
-85807993
-69423424
26037440
-67956684
-28137765
55609678
82348043
-45536132
-96526612
-3545340
47613970
94560894
12222158
26815320
53558066
71613945
-83180242
-88926280
40791569
51909663
-84285809
74065714
81632629
-87205466
-66193092
91377833
-15468136
-45055347
-50466883
7063239
-14014920
47648135
78267672
-84056476
59054624
-33255529
19107228
-98622818
55991759
62647843
-25833731
2672113
93352715
-48793000
84763072
-12139113
75445597
-78598854
-73287154
73776619
-23201799
29501115
67104096
22485116
-56809392
-42968385
24911614
-1779491
-2574325
-21697036
68401812
-79633239
-59225253
-41051116
44366164
48087532
-57064465
49481134
-26971795
-36311312
58951144
-78449334
-49745011
-50006207
-28306190
-28238193
43750955
44881304
54565378
71329764
-32739837
87528244
93117785
73253303
-39839598
-10988513
-66941516
-52752352
-89028076
79674510
-45239057
20344559
45193116
-75377098
53028124
-58800841
-57608509
58217644
40253723
21957364
-87822089
86926911
-83151442
-14891929
7361286
-90907351
-36774991
65929061
-11151421
-8442718
-40934766
58753654
22622626
-14696061
51797534
-7545972
57336480
40635637
7393464
-50645349
58293846
906443
41796238
861211
75383287
-41690549
-83748575
83889409
-42715288
76747196
61172648
-54838920
-17977042
-99126725
8856726
-2938251
16010913
20445292
-87351032
11141550
-3984023
77532443
63500740
51774026
40791442
-43663228
29878091
-1458431
-7888411
94552535
-55078625
39244373
-31104094
-59339169
5004093
97923743
52757605
-82071774
-13362026
36436266
69997506
-68234811
-5455558
29188278
-81674791
-78617496
-43422384
18737951
42845720
1456872
-13457521
50933197
52110557
11827926
-86680682
-28298025
99049604
40962476
39245974
-99409229
-64450539
3161158
13007442
-71555599
-80507534
-86170440
31059289
-70296504
-86673159
74956218
49838791
-57039885
26199277
432419
59362879
60882184
-45499944
-64368723
-77113536
-84513944
-13504612
-24864080
-88979305
-88000505
-46413412
-26812184
29923635
-86358320
41106327
-66320337
71401264
-27540184
-85767919
-29930268
-23442385
50519980
76103732
19295926
-13660080
14067625
-96152437
-90684488
88290476
20579142
-56517736
-83661703
9815876
57706362
-79550824
11281214
-41066536
21165925
-53786067
-4416055
69680751
49399469
-64056063
51854901
-61406207
47671568
-43555105
60832736
74090611
32127778
75218994
-29367090
-81109989
-74590691
-74877925
68767832
-91636560
22878221
86931704
21249028
94306642
-66919354
76653287
96961872
-93650019
23849170
11313349
60397827
54792774
12564148
-32346131
-24493702
1521360
82187475
65711849
34779223
-84900166
-89509029
-10233248
1932111
72864177
77288612
4949923
50508473
-87201606
-19252713
41899346
-19489639
-81424866
-64302638
-21715365
-52960638
-86640087
29065187
-11279431
27820685
-83685101
-35855745
11416489
-87910023
-56384546
86397902
10185071
-75437781
-66082502
11789002
82377452
-83350208
99493509
-97697372
-24228408
-44224010
-34400945
75410049
86837322
-41409485
1305639
-68183200
72070768
90189062
91930958
-40015841
32051044
-20026292
-7149044
87161969
-37115698
22593338
88752364
30727927
-92333902
36946460
74971439
-82039624
-81819397
-60515800
-50499718
17613682
-36503676
83706494
52962136
-97833454
-79461361
17798447
-99265490
85042281
-59158955
-94250585
-51292375
-12365017
77270639
46414025
-26114502
48962157
30097674
-85831046
26330918
80601082
-51210794
60520196
18918564
-33587045
61935198
-26636602
-22620359
-76554378
43413434
-13697198
40008344
-75684625
-87732419
-10385694
20800825
-3432678
16037532
55091679
56574290
24821149
-37537681
41704845
22164784
-33841283
-89934959
-1718784
-21939371
81309304
-85231497
7694393
34762524
-63376689
-28469924
-54138241
-38587396
-42953196
36687013
-85555671
-52221934
-72172348
58831011
-74814797
-78987152
77789750
-89950541
-20954177
-37009495
87341664
-53451943
42031772
41365887
-43884762
99767653
-53391528
-72053133
67377320
-65953579
-63218780
54971288
45562261
70439144
7919871
4351735
-53480908
-4514458
76629814
-33937787
-22883476
47620421
-63825545
-21071862
85369263
31437783
22449546
-12894152
-65962488
80910428
-46633388
1636896
-38462901
-53584624
-18680156
6898665
-79153556
-73072312
17821166
-55904519
-93745569
97303498
-49620028
-753900
26224789
70236788
-19107996
-57087893
-43441781
58801285
-82030100
42576698
67898629
-86307676
92154143
-926771
335073
30438267
62142126
-45826857
1510302
-21535617
52291987
-45413777
67823382
-93732064
-61349638
-6917476
-19374929
-94993427
-32630435
78929990
-53916745
65711047
-79829872
-83522547
24016301
82230110
78024082
-1147096
-27173448
-83076275
73119878
12218964
-47188378
52458849
-71394967
72006717
-81585344
68890959
-36837078
-40211819
-22262320
-99351265
-61182159
-5972082
86995042
89506259
-41477801
87944463
-4477149
49425855
-93178844
-45482945
20306036
14627311
76938468
-17509568
-6361445
-1198497
-40306249
-51999935
38809773
59777712
-45659050
78995838
-45443220
-20102655
36344184
-94515396
99927315
-15212391
-94839870
-89142603
26630662
-33892250
-22005968
-61808062
70625773
57543221
-98382909
-26055777
-37626599
16356606
-80792314
-70228416
-99959370
-33171395
42962434
24699213
-74229197
-8013811
-97369542
-47567801
-3442198
99738717
-77047350
75102775
-26033054
-38785095
-97763080
88243403
59173238
18126
45629859
-32355544
-80353167
90685621
-75152172
86444046
-43679128
-47241221
-6588354
79802887
51316128
8732711
-4197847
59965139
81035336
-99292231
-57019592
-71553838
84853243
93256989
-69609378
91348419
-97419627
-34163702
-69508293
79918883
24192093
-94222447
91255318
99812490
28955327
-88409412
-70708629
-89840344
78632160
25142754
35114351
6910286
-79371112
-54862206
30389896
64400690
-91579622
-26642979
10531908
-31737420
66627191
46297644
-53521637
-71141212
88418896
-85389762
54864010
3495320
-71272946
91941885
-81778314
28627361
34852270
-72848805
157142
55425076
98970940
-73254561
49937544
-84637150
21007989
81069102
52287963
-77791752
52869551
-17196314
-63722293
47435302
-14749642
87842298
91983815
-36345636
-72678684
-34671858
-63665419
-31711231
82986000
17598898
3204836
47353382
2384399
84645504
72444172
16575918
39664343
71840322
-23881751
-56603587
-62040311
77970468
-72217865
16557134
4393302
80081716
81201439
52599896
-37041901
-28512787
-70646056
52619493
31148215
21278139
-36822783
-35314779
30410843
-45345354
81902779
63108701
98537811
-21322619