60507379
99848340
-86817866
26454838
-74888047
-40606669
-85511771
-28736519
89533522
-76709331
57983036
68209102
30581824
-80939474
73792782
-34663480
8759890
76057194
91782289
-65313695
3936432
48380417
37237789
59001728
-17975836
-78276832
-29654267
21377336
-32436928
68290787
-93741389
64686846
-59778186
10984567
4880426
-36159585
-82635507
34957872
-23406027
-56133194
4097866
65778216
-87261907
70715636
60482308
26036836
-99108443
13940695
-59422316
12315860
-64105952
76406287
90458146
-10805619
-31934960
-38347350
-28895038
62254384
-11366280
93872608
17760090
65283244
20446380
46466513
-6896317
87174026
-8610213
-2403706
63875356
75565821
-76199797
-88962620
-30860821
85790681
-68153718
88862208
18421181
-12523907
58100644
-5636812
-23205469
47171169
84936299
-78569181
17523657
-67018732
-52475625
-62996185
-82735015
96571862
-60866663
-51117532
-22578234
-39828752
34937760
17172017
-55049297
18353948
33966867
35106219
-33298996
-48814869
-57144284
-580114
-41742411
-59166227
33882954
67191559
-12279240
-22600229
61048107
-30869240
-49365704
44906134
-41668741
-87186503
82545856
7541553
-96702863
23132023
-20466048
27405958
-63948603
-29247179
-37301851
54481437
-78065712
-41093951
73012196
-65172068
63734557
-56597491
-24739499
-68602274
-1068857
14225844
67586197
-9338529
-30404747
-33100895
30477387
65205686
47264304
76629428
-10588298
82937767
-41206438
57495272
32650147
65418953
-32583579
48512257
11400153
3303746
18974518
-97171607
48836446
88010234
-27317588
80661438
-40651089
30835574
85471213
-45543679
-90288571
-53133182
65707167
179811
-63424985
-38036430
35266070
87727329
-56595125
48515062
-99313002
23869860
-42442331
98497576
73019016
76030095
31198585
42339699
12646330
-64918609
-15603355
-71653266
-17647567
22892046
75934133
23334605
-2469931
-6556021
42701550
-79957851
15703593
71137342
35745155
61701200
-13087814
63640543
77905991
31078730
-96765523
-50146649
-35645373
-35271477
13971536
-70974476
91686568
32414385
-11566886
-79765783
-3002884
-55985318
86272629
-9375479
-72397414
3988256
13415859
-56295262
-90326342
18231637
-29700605
50143786
89562298
-3378088
46168414
79181009
-38232741
1325992
-66320950
-17762664
27061553
-53749946
-14870215
40838435
3461332
-95451426
93677520
85742735
37875882
-99294696
67565113
75499123
440955
34919172
36355273
7385379
-16026393
34654346
-85251901
72478768
12265608
-50945573
-81682682
36592278
-4601848
67154784
-62155794
79650632
-89406835
-27536523
16649785
-56440526
-24911683
-20181486
-23217994
39849582
3577640
-36042106
11759073
12853155
8734491
-49908641
-64788951
89932351
-96968171
-76807379
54757404
-83965409
-1192238
-77985688
75342538
70448363
11281467
-80928413
-5252427
-74674942
40229042
13398112
-59302938
-75420368
15224120
44744477
-13658354
28755430
-33722971
82550820
-64054846
32817099
45638537
-67163335
7911852
61187173
-96410075
83220918
-90297230
56108211
-62151283
-31217682
991554
-49196140
71958691
-7895439
25419772
-28126747
-41209355
-30957401
52388560
57272598
85036206
-57676609
-17829864
-69483846
-50146747
44337771
-32784609
-22432410
-89406732
-42688781
46411609
-41367475
-68608194
75365543
-25027775
23566418
55186513
-57734014
74185835
-41505543
-42714384
64516254
-45980179
-30721988
-26382336
36073775
66930642
-45077227
-60282390
-47236049
56806938
-22399676
-6483882
68910892
-37674322
-17777841
-94439541
29063854
-13555379
65694164
-63501209
-94406980
88698507
52679631
-74572770
-92382063
-80983032
-88908447
10280977
-48948723
15917388
-15091624
41477348
-12826244
22555107
-77042760
62250943
-55054182
-49005575
-83690826
-29000927
-71333102
-4324152
96890265
-13455451
59514751
51680964
-70626621
372323
7794572
-82442912
90263859
30325272
-33795718
54456640
-82475046
-91713384
62157037
-67499123
-86856895
-42982448
-24601795
62246878
63775461
94804061
98975294
-86029431
-95371418
-77965418
66087082
65457586
-33733123
-19000778
12290694
59407503
-5273058
28300286
61348022
47750821
-77310137
-79254630
-3742418
74242336
-17194816
-21873723
43049242
32618111
-61298732
701445
-53313705
13715988
-54826561
85159230
33693834
-65879545
-20639222
-21559841
21265462
79948782
-57180936
-50016395
2323688
58293318
95545308
28149265
64211811
77193761
51337189
42381653
-33913489
52390882
-27531048
-93737223
-4727047
-85066680
-69590565
-47875298
82086464
-40990039
-80508441
97551200
-18145679
45157242
-59123957
36434646
-20107462
-97447330
-42792399
13316382
35629936
-77545764
85364789
15526480
75590391
-88171217
36540688
-22575453
-37837769
67771904
-40518888
-53273826
-47102006
93548551
-27522635
91495533
-66365706
7249858
-70824449
-13291343
38725920
17335018
-30026929
-33602309
-22910144
-7917988
52008424
-19064660
-1281221
52405997
47376681
29498198
61067591
63516642
-2481788
33653999
-21722103
-7388238
-11205023
1814779
-88248570
-40109800
-19603181
-74635891
3703147
25247746
79920906
-96785996
-75948632
28352260
68827876
60996506
-89143131
24350786
34233668
-49361773
66796592
78743451
91709861
41860378
-7067490
-60529455
-39662520
-11087456
-30951983
78944311
38489192
-66722019
-48184130
-43173531
31385591
57966698
82715682
96478781
-99341417
5498627
31174212
-39697756
26578139
58866672
77644577
-84270512
54719449
29741685
32557372
87290136
-83393118
28383661
-41660366
49086414
94724165
-77863983
-53544371
73448703
-89219379
30275718
11582397
-1198262
78214448
75673810
-3660980
-58334516
2172151
-68532461
20606271
-8098706
22034537
85187651
64364061
-79769159
71788747
43019316
25901522
34558484
-33880167
-87001000
3457345
-59681510
-12466017
-14553228
86593087
32900236
43863734
-97562621
60895846
-96856646
-92095004
42268294
-9910977
-49115957
-24289989
-54869253
-38339813
-36888596
49099719
42949708
-8710540
-96013162
-86087695
3854524
94433775
-9575072
3600041
-57557955
-77188677
-31589865
-77447680
43829034
2292274
90805176
19051422
-79541389
-48017373
33442191
-44535889
-22155607
17101716
16279137
85540782
-626574
-73026942
91208923
-31871547
44064188
49535917
-27031044
85641619
15655046
-7581773
97106621
61489636
-32530865
-29835740
-24311881
-79754280
63037720
86406857
-72083450
-46641976
-82271473
-72974071
30207067
64053095
-39317799
-30755490
1579239
-99296669
54730365
-24576758
37025217
-4828283
-8002316
76849617
-19071957
-40466841
-24773051
-14880301
18912258
5921820
-21758353
52063105
50195060
-83817443
78104718
50521090
-4308326
69549601
32904010
15103760
12709251
-97352933
-50195007
-47640618
-33853009
-85965853
45237409
-34387612
8817961
-91533161
-75789118
28209129
73556555
98258441
-80812516
-31689778
65312919
17311397
66286665
-13182661
-16166802
55511896
-77809333
-90024278
68471094
-2381009
-56566857
56333763
-73780592
-71576679
-94102135
-36204419
-17741954
-5802719
-5893634
-12195236
-7590017
8762104
91915693
76396880
-4578651
-55330494
49441194
48844850
58561742
-81836550
30681009
-11403949
35996465
21456557
-98225913
-99338105
-59421985
43373441
33509355
66702208
-26524294
49902852
-75798198
-15359822
-15320439
-3248795
-22407511
69934209
38540972
-85105434
-85535262
95663837
11560565
73417067
65787330
24549293
-33779269
72502029
-60568507
99139568
79964901
-2079995
-65152773
97551425
-70934358
75597952
-75434824
-17779025
97982463
27275039
8658924
60757355
59189365
66890996
-76545469
-51375455
49937583
-23017643
27592865
-30053092
-87626797
-17909858
-6487127
-81486570
20320478
28044865
75874180
-1883327
-13701102
-81537344
18891983
14797323
-79242845
72109500
85451423
24451704
12545592
-44550553
-90965266
-49978196
-13656309
28694142
-64415053
72294410
-94791975
89867522
-93723060
-73437980
-50096571
16272760
94472703
5884353
-33837331
6731743
-59204434
-54289790
-62902261
4128038
-89063293
-61560093
-58491926
-79825301
-432673
-15466832
64677552
72499910
-94874544
-36816479
62388251
66883995
23801791
71104236
-26266478
-89042511
21883310
-56749506
17549049
-29700874
-70841717
-25921396
-35822045
28887690
68483935
-17017758
-85939938
41978862
48552742
17234895
-93223307
-29876125
74061553
-20738513
22062311
-91331290
-60122787
-12628171
-49200359
-42171345
-3600654
-95836204
1785960
38720941
-70076747
88247290
-34407621
57052275
-59912262
88992318
-40431735
-22190836
-75144434
91000305
-17226984
-29077616
40883063
30519926
33120694
-4057893
-65226901
-51010592
26486176
-84255153
-56623462
18676763
-1875355
-85799931
45866478
21250729
32064781
9901446
16536297
-85859385
-6642118
99546445
-66131277
-29389894
-57957088
88789866
-37139532
-21535808
-51050719
94141853
55367644
-46610192
81142830
77097213
89339238
-11593852
-73771898
-38056327
-99710940
-10037419
79653174
68773380
67251358
74880418
-69036517
86823259
-17346105
-226739
-51067900
-18755212
97783741
-98729708
-34281096
77581057
25270173
-72243378
-12037651
-37901667
-35675687
-31847013
14231890
18605045
-78103649
-2279550
-14735079
-4928976
45904768
717738
-64551528
-24214431
23948110
24560231
78122083
-22997601
20868690
50470003
-84151878
-44878688
73209458
56529847
-63954062
68505214
-55533491
-91072322
-65199724
-14484265
-72955246
-72093112
-68261520
-65335785
-85332929
-54742403
42744856
86663093
42400369
-85291527
-71483627
-76032414
23305787
77463308
-82576888
71643845
-22840134
86145658
57035667
-94332151
-10032628
6821
-81861291
62127774
-64465877
69535066
13889442
60762572
-58688442
12254267
-824448
-75594631
99200933
-45620856
98729631
-21261351
35154916
35191099
-71603215
-96664899
34299405
-9244697
-50842385
73042671
33170813
-11722249
-8258785
-44531286
39293449
-5075331
-92466041
13977672
-16567832
-81468890
38754469
59047003
-99071401
-96299069
-2593990
-39880362
44341299
-88654656
-97493708
-97552360
-91754578
68125223
-10710326
-7438832
-9373003
36683898
-51910970
74755311
99228614
62597675
-10816408
-44589826
-39068462
-60809641
-5887109
98111119
-27021534
98882866
48501737
-66592123
82265781
13706151
18009835
-20824238
87432609
-88668953
57312572
42563458
92524686
27728731
-9554147
-65900439
-68677121
57174891
82930286
56175122
-21700342
64708098
-60148391
-73005325
-32433003
-53604210
-10413983
91394632
-55832468
-25842123
8711562
-474135
78479839
27068416
-1750735
-77084486
9343262
31819881
-7709200
-92039414
19500608
-43729164
-33993934
8949143
19318072
-44665689
-69600331
-84379367
-96306298
-98503589
-6901028
22463908
-77661572
41490888
25658069
-39118391
-78367230
-63198996
671674
90847855
-43016425
-42772336
-8687423
-82878738
-32303395
-40057176
-1844231
-41305830
25416850
-54213651
91025604
72051445
-48310520
34068439
-46041049
29720569
25450689
-30503708
44498480
-87539870
80171137
-16582817
83981337
1988840
-54003447
-17324928
88547396
52920936
97882548
32020347
-18554619
-59274424
-80176043
91288875
20268480
-33268832
-19355736
-18186086
-72696637
66644749
67774514
-88958540
40846318
-83156256
-25298781
-49703223
-44764070
54865347
70092705
-73179213
76411318
-50479672
55406682
58218818
17855244
-18688628
-3070641
-42294168
33453837
-87326625
-98608572
-47284077
-49425911
-62939327
-93471725
-99556207
-87963796
-97046287
9751947
61742564
-55731785
-29577279
19195868
9013379
25684899
-67033480
82804887
95164674
-33934120
-42612943
73330938
25065723
-52365153
9445069
-80642084
55477037
23759041
23732409
-94818761
-60652057
-9910520
71083877
18482945
67138998
19245051
70622940
99948187
-55489115
78617309
-10530897
76774723
99014817
-1865141
-28594636
-96491471
-8874296
-78792151
-81545264
-46423400
-20328667
-97558502
-57291176
-7340030
-45616784
23280684
22710343
-47478575
93562569
-35384727
14239900
36493043
31034789
-46560065
28641616
-74923031
-8524527
4676542
57792920
-15466356
-24534379
-42835473
-10921840
-19580842
80447948
85319587
-51922519
-55324576
-28674166
-48173036
-76479043
-77512452
-51842252
836771
3206620
-87461960
-2962441
98743141
33745176
-57831473
-40096182
995426
-48917629
-62225219
-64783616
-430131
95937928
64005270
5493366
77720645
22064360
-27767433
-45896617
32009378
-48594041
90257429
-86725690
76924544
-36229839
78517327
-29668798
78354230
-32594447
42726121
45491191
-72137662
88674194
90998334
-58146663
-45676407
-16768130
76213450
-98250373
-1974091
40587081
-85590231
-95546765
40009094
99693792
92393483
56801310
-27661487
3904802
75581768
-23624390
-12930577
-48179080
-76374257
11666695
-20556000
3250069
49142890
-46832399
-10754621
-6935427
-98167945
-76980446
-4589616
48069943
57690945
60353637
26795119
-21975733
-53048511
56707891
-48972479
-20203316
77529727
-3066491
19474936
-88165963
5576257
87742018
-57613688
-44833393
-35213226
-13387914
-52114868
57781517
-94712523
77856711
-41821359
-67784282
25269112
-84583150
65381021
67445668
42942756
-90153490
65560837
34227325
39587039
-17291661
23349985
21106821
93645258
-52870631
81761569
-96023672
85191427
10094975
-17107319
6201780
-79783073
-53357393
10283318
83041819
-93169561
23996924
34611543
47311631
-27273663
10562194
98097913
29302940
90844250
76106282
-21969840
1513343
16568729
-42484750
-3834797
59474895
-5161106
-7681647
84846136
-33723331
33200879
67413767
-91151636
-66403543
49175362
-53168433
-17025927
29918251
-46241305
-47465415
72476396
-46593975
2244178
90636474
-12245510
-40961397
-38523560
-11209182
57312491
-82102748
90318252
11502528
60643527
-97261417
84152824
-84971986
-83277188
-68640298
91208352
-51218795
53609322
-73971631
-55973198
89749151
47773879
24486249
91791818
-886094
-74310372
-69162197
96079077
36193926
-41515398
189416
-12211976
13777324
-73014859
-50244577
-13888913
-51087741
57443697
-14174805
-70884840
54130233
72197230
41216011
-85873096
76751119
26634570
-9994746
-12077652
-48589698
-98161028
-46916537
90096427
27465655
83884873
-26233071
-80785330
14307512
-40040914
57474784
4781500
-45455121
66832710
-77549773
-94925349
41128247
59552279
2877317
-40158668
-28405620
-45716550
32606437
-8356553
42189161
91115434
-65216163
-97323807
53733752
-24313389
-92521665
-58188193
18303700
-58894743
23873483
27238650
72659603
-28982147
37264900
83507765
-69100748
37487956
90704502
-49607048
-26005648
13700835
-84858830
-39119093
-77285789
75769467
-43994140
25233817
6315122
62567901
38074138
-16870427
-2926863
72830505
-75659915
-923969
-36405123
74005854
49423105
-71150944
36525002
-94222333
-6827777
-80700228
-37581810
11827909
-94331647
7717997
69505534
16085553
85784569
-86248423
79573397
-24152825
-69236474
-39090391
-13221073
22950663
-46177099
-26250654
85874708
-7163190
63163401
-52850815
-34325370
27460839
-36847892
-37169366
-17360293
-1990745
57958345
-16174278
-35165874
-41128987
25155428
351105
33156135
-80304383
85703666
-6806704
67438649
-64169568
-88023843
-60845109
-60134181
-23652498
-67341443
-12332822
-344499
91957268
57111927
99844416
28715884
30263299
81089452
93715024
-73625343
64104615
71940786
-54558846
40496815
-2236880
-55884699
32714426
23435150
-74346005
-35412051
-97794108
95964026
-89451537
92966578
-10727441
-54815519
22068806
-54194806
-90756878
48159371
-48040569
91760475
-85866081
-67329863
42795550
-2099544
-76259622
68076115
9251653
-78699803
85676791
-85253481
-73035745
-60801703
72736132
-19516734
16525254
-46386840
69660363
-37283472
-11310050
91692711
-47777656
79816415
22565041
90372676
-63475526
97930928
-84769926
-92322532
-84320096
-90843003
30080858
-60169567
60892949
15480662
-18062284
31793417
-24896587
9485511
38847705
-26747026
75316481
-93023679
28848487
60870965
-14621533
-16923831
38660771
95369725
-45397798
-51541319
81229343
-62515322
-32228544
-38186141
70785055
53193101
84701090
-21352577
91669890
-26879560
50100010
52725548
64355947
98558308
6039677
24578537
22222503
19744491
28074787
4882508
6691913
45869244
71197166
-41714481
82560641
75084760
29653653
21462694
-38728107
-93123569
-74394048
89341909
-50591238
-11758171
4597617
86175566
64820296
52873635
30650540
61000200
81412870
60113823
24959648
63140432
84714525
-39489412
21554270
-78572913
66815468
61998861
-92326899
92053789
-34797794
-15503977
38920285
-49213457
-2189787
-62254414
49308777
21441340
-54665086
85009925
-44345972
45450147
42599123
-30599155
88430056
-82104373
-95653472
-41880040
2175610
-10451170
83403482
-59882793
-3110170
-59855910
42276298
-25666136
86427532
17331189
-97574412
-49524116
-99124948
-40844058
-40761407
46083802
-674633
67849713
65950679
-64324774
6204526
-45155301
-54917406
-33280270
-24333407
-6485801
38056490
55606162
97564201
90118253
-53908759
-68900305
-29626142
-34700324
-88808768
86162333
-33677632
88103282
4706418
45062656
-68503454
-75883163
78233412
31020605
-77518381
-91483105
37795378
19707527
-73739932
-74747390
20431097
-5049917
97867737
13739027
3170890
-66886861
87835282
11924066
-16636470
-61267919
80158848
82066335
-17773512
-38224425
33495498
-65005120
88256074
-43632857
42137156
-24748272
56193364
-93572424
-76603084
58149342
-25215551
-40671417
85048851
-26278238
25049564
-50018434
-54078556
76810620
96078441
-80843552
-82350851
-72757471
18675833
25743977
76703910
-72739367
-98491104
11503073
10782887
14807355
40228184
49130297
73330329
17862102
-37991688
8314889
-19998611
83782123
-77258009
12826364
-8788927
-5736719
17395066
-57708269
-44216191
-26080072
-56442865
-75990500
-43512224
50664886
99381688
-34484692
-94432789
-94214773
-19451493
-95898341
54325379
58990694
-37130385
95944134
-7245881
59463563
-4948601
-55416245
-88595142
31478923
43266022
-17713815
-64988478
-5185179
-47390212
38472153
-30516972
94980078
-76757801
-16149347
-81567879
28873114
8606583
-69283284
-45618518
25815523
4765614
-34444015
26881045
15625855
-38035759
-88646143
83803001
-15056903
-72640988
-89440530
-82366258
-47798152
11806452
-44370787
-85988446
73645870
-74522485
-75931230
50705395
-68580427
74757693
8366330
52544195
-75289705
-96248317
20123481
-51750425
48603298
-80309419
6296247
-48703694
-27450042
39421453
59492859
97963464
-13214172
13162580
12126948
-83128225
60534118
-49358668
-37823182
-97201774
95747820
-33522067
-21278971
68769266
-44367757
33903209
94270397
-42142795
74856282
83030650
68575737
73823585
-36671050
43869339
98795136
71203561
-31234764
80914556
50403858
-6852298
78525889
37223719
40646590
-98488002
-97129506
17634894
-73210288
-45042276
-66031079
-7008673
73317303
95201813
-69339987
19304206
1754512
45367889
63729541
11915295
90633318
-14331592
-93464533
-94400603
-92162993
-53853734
-22106690
-475334
-70809998
-94871826
-31158350
67843101
-5456868
-17125284
-77306645
-97165297
-27229639
18780716
-20266509
-50612142
98140187
-726338
78051665
97778514
-3215295
15315161
84138314
-41645924
-17704354
-80486967
-97583388
-44202805
-74455724
89874729
24385030
-63904254
-65501198
-14241226
-56246419
-50208009
-38569742
-42431489
-84742550
-14691592
-5126978
91517776
50721261
-74547087
92843737
47230248
-79216486
84375477
-56929502
-37796478
-45373710
96100982
-84977329
-69514648
5437723
28567781
-15634786
29170583
42960775
62931676
-60263061
-81058651
5316045
-39336243
-36154076
-8769444
57929172
10664292
28203511
-81911769
-50444469
12984248
-30565461
97917230
-6485427
-66583013
-22598893
-25151416
43695310
98177901
1986461
66671696
-61669805
-88190102
-60480540
64551947
4447727
59418419
85062711
11693234
62771586
98244894
13318483
-74481355
-66783926
-77225847
32919556
-38831303
-66028462
-41604746
-43062478
47963610
16637819
87542624
59545000
-68174977
31978066
-53059907
-15550280
7280155
-70329108
48582858
-67396769
66226901
-99778595
62095920
63195450
65188303
-6455278
69324219
-4520724
99672253
87340578
-73054748
-48406064
30750537
-54041487
4449775
-47746466
96284269
62511924
22702221
40396788
-32930671
-57888797
-86906989
-20999578
-24508392
68713667
25809415
-60322882
53121558
-99263153
-82681554
10625181
-78436001
13033121
84481867
35216291
12367530
96618757
55370270
-6078420
29609484
-69523927
-54010475
52595152
-88537767
80479409
91069280
-41307902
-56650601
-19898001
-5033206
-14396779
-39474029
37845927
-19618595
76363962
68648041
-99391490
85732747
31280444
-59070440
-47240109
99480599
38642053
95826606
61909721
30541433
21638997
-82121786
77470806
-8529172
-82262795
-53680375
9268047
30334441
-45635550
-66574664
40614060
67303037
59622072
-44959939
35810884
-47200584
50069905
-37333457
40498052
-18396293
66863018
-72637111
91535180
66244708
53796881
-44033149
60559782
54086031
2624027
-30076057
-70213950
90334721
-71470705
43807876
-4591877
-46640257
69014086
25398519
25371519
47591336
-52449743
92740754
71854571
43136744
17824631
-98606216
-67878178
54732250
79151227
80043090
-52571807
-2521681
79513412
11393035
53140755
30642734
45436263
-76886807
-84761316
1033900
-51137759
-6844027
88340355
-61518729
27839630
-29204505
-60405236
47217527
-70762932
83496445
-77740504
-68043785
-51704867
79354365
-35868960
-98076082
46414392
44277426
28381995
56913395
-41721983
9031888
-6288586
-67304790
99600624
83694400
44426963
40168050
-59289463
-39898725
52718325
10492961
13457428
-17686799
54098961
-96879259
-37417918
-90863742
-11004944
-84031459
19430427
66059768
88592023
93261144
-63272479
-86282911
-38382286
-46600705
-17378674
82635691
57820231
75057331
-65560263
60575278
-60539884
-10200052
-60915419
-17650451
-53532930
49424169
-33971815
53605538
-82693374
-69822986
-52272353
-84865491
50286989
-61047789
-15047061
-47898390
47968254
-13354674
91282741
-27211174
59695340
-84223806
44952121
-10175532
43344284
91627816
-94110891
-32039541
-42648957
-976352
87669336
-86790320
21651611
16161981
-53136389
18218606
-25418467
42583265
71252304
-64483697
-87504229
14940421
-99939707
-98625909
-15431439
51600445
98526802
-87376340
-56893264
-58151488
17894065
6680082
-96855737
-46833090
-7987078
36098210
84197601
85188237
53465123
-35565195
3373710
67578960
91007965
-84468897
-15285116
-29115894
97671287
-2103037
41709708
-23039829
942539
69725748
97449576
54763331
-70539332
53142998
-69736797
52544391
40568063
52551772
3265825
6313170
-80542089
-63838931
29505575
-67579852
78816756
-98893825
-79214783
8465481
-82732530
8089536
-94643575
-82273117
-31890635
20658096
-60102883
-53954318
41739504
-76412519
-44787610
-57025847
79765862
13175739
-50102177
64475877
-95393781
42135499
69476885
17431110
99567765
-61638786
-55820487
47923570
68657266
-25795964
-3099356
-77872017
-74872294
-52289038
-68970708
-34108398
13896198
-64790548
-31155162
31027135
91854844
-22134237
-14020638
82961513
96195176
58436961
67315988
5024682
36340467
89492215
63554799
31959524
-96444666
-77617207
44097715
-55578965
84267229
72018551
19383332
87594324
-53529225
5122498
17851481
74760409
68229397
66044264
-99042272
72454835
-61085439
4982136
-42774533
29183820
44200220
-76659254
32155031
8085795
96486773
39500889
97205377
60305821
-60501780
34347544
85968143
57597559
-78554768
-15141696
29801366
255479
33136055
64101481
-39853591
83590495
21901719
-33942475
90399948
68534107
-7206177
36364720
40389171
-53208909
-91669188
86801621
75224970
63248929
-10965188
66293439
69304801
41742918
-4503892
91715327
85943998
80869086
-46156323
52863332
55167609
81240541
-34451481
77564573
-70040803
-74944026
70743160
25841531
67230564
-61301619
-52326279
-42973844
84172879
-91066278
22548917
80049465
49110167
-66111676
-32541013
92338188
-78654254
-57687331
-82333954
21695502
-95102119
-79855423
-26058130
27039718
64282085
-79683595
36931157
43332644
85663680
71214144
36615817
-25251115
-2663579
-5473301
-96413799
41728532
-87222922
42222957
37057518
-11626430
41822006
-55947472
52918830
-88197045
87414934
44192423
57000373
-31773183
-167760
-61358639
80417508
47572900
-77729116
-83947024
-36192770
52724319
72023275
-14814784
52004753
-74859884
208594
-39316106
-46515668
72918530
-5031892
66461306
88856722
821776
-18633205
94145465
-66496022
-78978912
68130984
-80001995
-93601349
-11346455
-26255915
42095367
48747782
-42759942
7796122
81073216
-88592255
-9277291
99614574
-40518886
-60930
11421931
48376389
-93698684
45581555
-2762369
-47775653
-38016704
91091011
-3414991
-52364581
47631598
-16347025
-13223615
39301154
-71491538
13668222
-65981582
-46696399
-10185647
52839466
-77660353
-63488197
12955085
11085960
30654932
-61793436
-629466
-88354099
-13464586
66025089
24955329
-43311832
39606169
32359660
-31791154
17121455
-4200212
-78608748
-12787052
20309035
-65120192
72227476
61489364
-35511941
67091795
-93902793
-40960068
-76816228
-67738975
-23737596
74903750
6217026
-48694280
-56159263
-48894421
-95245077
-41398707
-5590458
83165386
93566643
-18778201
-48102868
8035104
-74636319
-72834159
25819834
74404772
70992098
34683951
-9444475
-96848672
-98385318
-43552740
-6097334
19253338
46521356
50005589
23856093
91524924
96510606
-94342544
37416075
-79615281
-11778535
-82771901
38744235
-97974788
-25464529
-80118600
65992752
77689727
-67529297
73830407
16262186
-86440587
-78598185
-40148843
85699138
98341821
-99052470
99005834
-27135160
-58814286
99591868
-86769598
-51302320
-16173840
-87184546
4179682
-15331856
14575683
-12919540
51095825
70673221
-26625783
-82609233
51030464
-80879247
45746554
-71446940
93677972
-39922449
49473436
-84985174
-64105651
17513163
-33580371
-83194960
-29059669
-484770
57501512
-98221747
-28681521
-47004064
-29426017
-9704849
-12857427
-67326765
51738974
87952917
-60803418
-76185930
25865905
-80815038
-46844703
85510377
10957602
36451080
-51633775
1322332
42958464
-42005724
85203988
62680414
81686570
-40535160
-9669704
63971538
40338496
70376704
49064999
29973475
-55192393
47210405
-26928377
75780852
-56445438
96321676
37761161
66399585
-35935160
-38089948
58192217
65514212
-19836036
69356954
-45643773
-15824763
64731553
59848581
-27512038
48990815
41853404
-40403114
67869586
-65571201
-90505931
-83317706
-50929151
-8704547
-19195918
53408978
92837893
-67806895
65684688
-73047631
36007626
-17124071
-7584268
-53503694
-54065728
-17788685
78141439
15606900
15600831
-18191170
-92912019
-66648513
-56943064
10064082
-33959147
31801212
22483448
-33431076
68153376
-93761880
5439185
-93258799
-20806830
49951408
43549156
-71418907
67782083
-49004471
-7058292
56932720
3610554
-31620811
78786672
-35203107
41417086
30681114
50588931
54527169
83696691
84435971
73586348
-39257763
-53218778
8135016
-84846438
22105070
2097389
41826232
-81342093
-47131049
75684041
1796220
-79618043
23741530
-56117346
94842947
18381715
80736606
49604413
-24482406
-53547377
42688925
-14373701
-35066044
34326265
43970366
47223493
-83810682
-13971114
-64555824
-80710311
2310779
-54589065
40070598
86114890
66969050
26294640
25726451
17042764
-64266445
-6902034
20652380
60911793
83859505
1394964
-81101418
-2703052
-88285256
6207525
37344514
-7277191
-38474375
76410792
35764333
-23547828
-38963001
-57618651
-37058346
65912877
-55274014
-34378816
-53124172
-6484626
-59636245
-20228680
14333019
-23716725
-61652222
1756461
2615571
37946352
43838511
-55418727
47037115
-49069610
75765700
-53781770
-45769160
-96785693
-78594598
43255639
39364189
-84659803
-45167499
21193547
-75886535
88861416
-19497618
-48099080
12941578
42397052
-86588780
63277769
39310841
-12300475
81763727
94728743
1051653
-92587852
-83670742
71502909
99756766
89024742
80246087
92905581
-23177055
48009742
-10790363
16015778
-87307227
58614366
92506625
61832574
-231797
-98879916
-31268923
-43796982
31351277
-1242000
-55600876
76999950
94298730
30028842
-91030167
-34085235
-43890791
52598442
-58731549
36575094
61879351
-71477092
-36493560
55466103
-95550753
32165028
23050354
17850828
-47347834
-68110161
87711378
-41691456
50681541
-6154115
8998535
-41268836
90853079
51271280
42580599
88854063
-78016415
-60851387
-62823209
-199954
80770613
72675788
-76128523
-7903239
51923890
75749116
30968602
48899351
-31787039
-79952214
41638432
28005308
68523566
-44532290
-81438502
10556850
65146667
-55844529
-69876679
-76280603
68803330
-85299596
-27720497
-78247835
-68139428
-19877968
60831101
13797288
88392082
-22411881
2535350
-30578376
12309857
71122523
-18597009
69359244
-80593386
-53330452
-24005331
-80928324
27819875
-30843783
-73358517
68434335
-90820989
-79301120
77891677
56211031
-3874648
29618447
-97357343
16694118
-54374522
31109840
72256220
-66216260
-60380253
-32057759
-38264985
76695124
74030699
65834557
88775066
-11930953
-42426634
-89249529
-85389065
-82626913
-94761942
-46228346
-11211143
-5861474
78291749
-26722024
43681609
-74367957
83708259
-56608102
48451589
48072557
1190511
-65394478
-43129431
-18685726
5529982
-93343651
-52491384
74850871
-26947937
88134678
16825934
85857163
-38874703
-20153306
-69477049
51944234
-47211815
77888960
98682423
-71011202
-13122981
-61889232
-22669114
82388771
-41634853
-5295223
45075066
-92476254
4748235
46144037
15046447
64064861
-23077912
-66146124
-91901530
28373125
-97287248
-44177095
83844736
-39490891
4807444
14528958
1357669
-81382349
69838551
-13233948
-24497473
-97509766
-12285811
-86613403
56373389
-70817137
37046301
-81548059
53193448
-75017664
-24588633
-45002944
7290390
-45423164
75965298
-13789212
1520797
52474820
-81299185
55214838
76958101
-49455369
-69416940
-49990371
-86115188
-89542939
60975571
-86373034
-56079485
-82934406
-42740677
-17332449
29453906
-58623080
36290939
99994677
39081413
22903505
-59019040
-16698839
67110924
-16571394
4205709
-24873512
-63587703
58496521
-61604003
1797139
70990889
-69400093
18595837
-88340326
-18146882
61005549
-62911784
61165363
81613561
80138358
50952367
82915292
-89566941
-52792702
11305025
-54454276
-96005638
-86490255
48004769
27462864
-15870878
-70983852
73963275
-45643199
57190931
39617136
-37622869
-66009384
39665018
34819808
80176070
-39551632
65042622
61246821
74915669
28743013
55711878
-64497252
-83694161
94327779
45987351
-66711877
69958036
-49044420
-36509780
-21798513
68776006
-83541450
-58591552
-32658922
29576605
25190289
29752989
-85579489
52832109
93478376
-81553142
35226370
-46886120
40797918
22169171
8116624
90032279
72822042
-66751440
57613592
94055217
52003796
-6024194
35944954
-31596694
42042186
91077359
-8059616
83036268
-44738750
-49564387
77838066
-51678198
75328078
-85775808
11869852
-82941603
-32146434
72504355
-56851410
70822758
-69496312
86053463
-16979967
29467424
58549130
-72478009
71031451
28690142
-78955394
-20885512
65460927
17405590
84833925
61311454
82709500
-99353271
-92496377
79852042
-115989
36120259
-50441071
-83507435
-60251256
79100110
23137359
32725843
-14653710
57446021
-79297992
99082187
47952739
-45614106
-49958523
-72254169
-65606750
21114082
69258942
-12425434
-75205982
-144263
78300702
-95477065
77219681
-58099894
7599565
-93691231
-34361708
-13361667
-77628786
-21607282
-40369771
96216457
-17631074
72411927
65685896
64509738
34507725
66483533
60628655
-43666060
-79907596
71860962
86671780
9763800
42721193
12784502
-23261937
-66771433
67555546
-66551849
-67725769
24814214
-48392091
-75790408
47772415
-43090108
74430476
-38602080
-48593269
-37289564
32191402
87334010
41600768
14040487
-75682242
70407398
43768965
-49813031
38038366
-59781038
96875991
32905808
-1699298
-35443530
97436151
19326459
-69087793
-31621197
-90798874
60142677
-52089044
29287561
-49208497
58526662
-78445737
54009214
-90191462
60453580
-23900348
31427825
-58579465
7949202
-48156453
12614721
54719887
77533750
30553063
63967938
-3466831
36085707
98208147
44597435
8160636
-37648692
-49322523
-89263634
47167376
-47440261
-83825838
-41455648
58553680
31494511
-83313840
82255806
-91155198
6647385
1255598
42656421
-91161710
-94705126
96559533
-13420451
3606416
-48102835
-3898946
23373798
-87858109
98233262
-31697192
74015336
-57094218
-71239983
-23067013
-97588748
-30030063
-80393015
-69007299
-22930941
-31181768
49971217
8214728
-54783923
90534936
50626078
-41499687
15761525
3739407
64717874
60232282
89471099
14045824
55559402
71693899
38598088
-66292184
70105169
73315664
-69830293
-33958306
96026236
8938641
-22275820
93380284
43259150
-12603126
-54587180
88030300
-94543219
71121458
-44945853
76012382
56295880
-71031681
-86403977
-11577432
32026085
-81143028
-70619446
26084614
27235982
-62328664
-13960653
2780792
51802768
7321922
31125266
86696646
9252444
80913149
-640506
5092091
76551995
-24780183
-10216356
-73671320
-86620059
39765178
-65042471
59573345
21305734
76195904
-54792844
-79555041
-67184624
-14415867
12348719
96615167
71267336
19364192
-17677075
87064234
-42367122
74514699
-12136807
45252037
-10309730
58719213
88301414
5962275
83397344
475991
62266883
-16743508
14701340
-49117159
-85098489
-15106628
-16794853
-93766950
-87199045
18073959
73477224
-58258745
20371917
-80954832
91173455
-57991569
33559447
-90976592
-25277873
-33330733
-56270411
-9911774
-89556459
-16161802
75348359
16946590
-9793376
47652554
-64637590
-93871629
63661952
87865805
-33123641
-6265556
28042485
-81948167
-11911956
43653859
-52220214
62330078
93011198
22979350
73298259
-9825744
99151597
4918627
-62646025
-58125463
93971356
90195312
-17270534
-88946406
-26621672
26602791
37487715
56683951
-34496135
-77985212
-40939448
25916785
-51445897
-92382556
53167990
81948971
23307501
69429260
339451
29017938
-81254978
3002154
-38455719
84133428
61590802
-96918159
24466969
65788739
94668060
30347003
32893084
-25411834
-53778565
1333936
-29343190
12156840
-83407782
5541227
6394562
73215472
34933231
-47338914
76118766
-67457454
70121884
12934799
63142225
-41906633
-80790322
-90911398
95962842
-11510324
22541203
-31832169
-65742483
-10693993
-52806652
59039311
51296144
-44877808
-58336514
-60200264
-41405864
-36039205
46891416
69249942
-8101834
-74018518
-69331626
65217723
-11117227
51498228
49293082
-33693997
69232489
24806076
-72578829
-76128217
-82136963
-18748634
-67741533
-41003840
3055540
10641716
-60116034
-24251268
-89036576
-47349006
-61760335
-50493888
89472529
58113484
-30779718
-26696950
17519268
-86471368
-40352720
18262365
52889989
-80368928
36746655
-25421371
27787584
-15228255
77053996
80016302
-77530940
72588255
-99724272
707606
17570424
95426995
-61869213
-6265814
54796232
-30931481
-98274852
35763428
-11174294
50833252
-45289776
-79094529
-60823381
64484434
-88432592
-4235524
90100057
-92920422
-1811813
77315753
-70638312
85284245
-49329240
-20049986
73988667
-14466582
66220208
46019816
17162811
-89087617
91240397
79990806
25419482
16830512
90513285
-88148167
-65899836
87694785
-55094120
38686656
58420101
-27878848
-45011429
61571070
76900626
-19315672
78125560
13020696
-41356730
-28960400
-48765272
59586949
-10203364
-14704118
-96266841
87849009
-21062538
-43829016
73834925
7240372
54119367
-84265831
44158943
-85075648
-36376289
-34602998
-7808301
-9318418
-68812113
-34395120
92348347
-21355474
-41983025
22203092
53877068
-61902106
-2237809
-78030608
-20301451
81127430
63909802
-99640703
15769970
34356250
16828897
-87653592
-97183894
32911791
-17337206
-72602844
-65522981
-84858330
-90191732
-64794954
-65673103
12846824
-57327996
-98502106
-43018385
-48996086
27892316
-52270265
72047104
65414534
75694706
-47045705
51517601
57226864
-25244768
54398914
-23270150
-98279095
-29818933
87713509
82088110
-33238824
-82237730
24960733
88297841
78107027
72935085
-36186915
-51028076
-67599383
-2881658
8039414
-34044511
-91958830
35000917
-14502306
-60590321
89387862
45778673
25272017
-77626107
26709624
39743915
-65117967
76183967
-68146429
-98881196
-99725381
-92849440
-2464451
-55738760
14730372
85464188
86377190
-30635949
51535095
91812504
-96388248
99738852
37973926
-24776876
59960972
48104581
-58808390
-84199279
32272582
-16579268
5843246
-77360436
86844922
67975438
-90771688
95428877
7049619
40573908
52712153
-52441048
-73250367
57553766
69078624
2569634
-25099472
28949524
31779269
-80998027
61687909
-64345593
-30645735
-20609149
93796306
-7207164
-96033835
-89399524
97980
69131305
-38669278
-34990322
33029831
33540182
55538073
29494167
-21720321
95045591
66186304
-545571
-26347661
13711328
37513833
-72221129
-77986322
72470009
52362196
26081802
-75456174
47368612
-49308988
82445158
32288862
-38056649
71979826
-53648242
-70894035
-69423152
-45522697
-17511685
10335831
-10742194
34658401
6160337
-71299440
-63801932
-37474408
14326361
-52220893
95865932
35040347
4341440
-89212693
-82264533
-34217292
-47386460
80509891
42929352
88889895
67266108
-78522632
-23954506
22683466
-32767732
28885493
76101699
44313689
85308736
73296567
-61637398
44267433
-98793421
75616801
2993974
-7495003
28096482
18914250
13381681
-58131603
-58265470
-98508762
-84100336
53523013
88462222
69189403
-55272865
-20181032
85931236
22239569
84208048
72187267
-69735251
17516645
70270272
25351357
-57357440
-7425030
-39606052
-79446556
30325374
-67255100
11596880
-55332466
-87288736
30350763
-51082843
32447866
-67228565
-55245758
-39051903
54045097
-28819515
53954433
-96536504
-21293622
23361286
-29925835
-26059248
-68319446
-15126166
-92626962
5527987
52888385
85035568
-35995641
15652094
-56513475
-65098130
-44666657
-73294945
62854090
-46240963
9946845
75178132
67346702
75151299
-12486481
-58113901
99288242
-41411123
73027082
426492
-38826801
79075598
23007077
49786959
54194329
-44304942
-7385080
-16049792
-29674334
19902691
29858696
-40635372
-56419562
-99835412
98807630
9135751
-92187697
-20258781
-19707843
-82218308
-13344906
47535111
-66152384
12169718
-17924479
-25502439
58910400
43173307
-99841524
62484538
-22504447
19423223
-13933323
-32239426
-30990596
-76344025
-94525951
-91178733
-85845770
31761796
56543735
-69261274
75682850
-33155670
78344998
38144674
-34589652
6341044
34258286
32610455
78164519
58194911
2740326
99091739
94548065
-65275002
-99023542
34310224
88520612
-50948493
-28539375
74077467
59480202
64010390
41328260
14802711
16395797
49463903
51934486
-57543041
-9346365
-69485229
68153033
81584069
1623107
-36501253
-26538458
64816101
-87643415
18609415
-84468508
-54093911
8742924
-10775452
-27794806
20754847
60313147
-33658846
-87838586
-47689597
74046829
-66878760
74087832
-89907609
75515338
-4150324
71652811
67671273
-8775391
9863065
-46612464
-91663637
39362360
22955851
-34928648
-53972708
71704326
-75386545
-86779534
5914426
30705636
68957991
-83324372
69358202
-76936024
-22404820
-77716371
18281355
-58488657
-41034504
38050725
-88673802
-82614152
30355203
72894654
86615997
-59928078
27310708
51196892
-70829815
88131803
-54225507
9401711
-36556004
-15201994
-46873988
37872000
97407144
-47346745
-80252972
-85831756
28733289
-48156535
26518192
12516806
-6273730
36102572
11230795
89288861
-1139825
-12259643
42969802
-80662762
-54051970
95499200
81510977
60698397
-58624698
96801247
-34485766
96752909
10507729
-84266987
43503846
92728243
-73823546
-47849535
25588704
-92967222
-86006546
-73118673
8813104
-95812862
-22101299
88524318
-99512703
75355515
93155849
68857883
87469951
63259637
-29760810
-49688712
-21809963
-78530666
95235843
45293333
-35091650
90548232
48196047
93049487
-52222873
-18597760
-576430
41843919
-81834151
-34640678
17041400
-91843096
-18575621
76484581
-63270831
38308048
623537
55878879
21210705
-83586568
-8532388
-45482719
-43112195
-16086324
-26983151
61134451
-7619591
70313277
72565426
-38336461
-90601764
71182256
16430754
-55723466
-61743554
73956991
-40518323
45933488
88894663
47124661
-13276229
-85617952
26760589
-96182925
-95923127
34767025
-89628085
64964252
-46263114
93158721
-41905021
-18776390
-28678745
24191728
82253630
-58848241
-18242764
-46484585
-31746709
-66473728
10380454
52094975
44000591
-961081
13321741
-8010335
-36557301
-69501036
69162150
15344568
34871805
19059120
7530274
-60589139
-25584494
-67288797
-58796119
13443245
-37186129
-42680887
76309690
92345998
49869231
-23952580
-70363972
-30801418
-6138032
-44322662
-13546994
76663881
-18998457
-65981
-26727177
92511852
5751572
-52363463
-75055624
-41110289
-45489391
-77315804
47739580
76379071
45588267
-51419303
-4573493
-83203342
-46620858
-87942437
38762937
81564910
-13500540
85758990
-18209950
-19729209
-22299699
-21721687
78541522
57608124
-14255383
-26605839
47473128
58633056
84547005
-40135620
92927028
65427043
17087100
6499911
34659526
27457473
89541348
46105910
-65047491
46355603
-22922380
-89565810
96400596
81446641
-65217241
23798383
-48180303
79633004
-74228663
-36148235
3364172
4715790
66135796
-98008545
92169946
11383363
46610867
-86312082
89589149
32618481
-89406709
8236984
-82350085
48708586
94680244
-55735725
-9503492
42395706
65742797
9741889
-64000862
-28393540
95049650
-29071660
-49884955
50819159
-43113098
24889547
51342619
-44175805
-94653948
-52348187
-29512188
56566615
41819225
65035658
77878409
73603163
-11160834
-74394079
-80362313
-66968891
-13914192
28817417
-27240692
-48265925
81622647
-1769864
58493252
-7738806
-37485852
89757417
-43387012
-28661060
96587630
41063784
-26654843
-53127419
-39602596
83944863
54579676
-67207597
-37333024
-2635626
96581454
-84006049
71349569
85106405
-3977607
64220856
-20486364
37300649
48889144
-46422842
50065183
80569857
14962329
27493193
82146855
15472465
12159645
-22409017
-79353786
46889459
97928279
-35881068
98786489
6588936
-51928435
16237049
49145141
22628047
29608000
63460039
36578276
11250317
80077109
24613400
-54961992
-96676018
26202418
35538463
-90899318
4557804
-98494260
37878210
96390967
58392668
18348007
27540953
52067222
-23528019
1181285
17618647
-15962787
-61943309
-77831625
-64972800
-31479163
25980228
-99291971
-58704282
85774445
44258731
-50206692
-72380281
-34026860
-61342610
63654370
-50643500
94226161
-8445340
-91669625
20618777
80657390
-96646561
74239342
16447498
-76136813
20282250
-48719349
-66662646
-99640637
-2937171
-66003870
-81765174
-89912562
-90581357
85264920
25538371
735044
-13569840
-59046122
-85466414
-40077394
-69889445
58757132
73719786
-88470153
-11861676
-84796497
-12790078
99920020
64365251
-33680159
-82555300
81444697
57572969
7708527
45785440
-55280321
15678040
-38970624
38638426
68578935
-7181091
-60966109
-58207717
13913074
93911991
15159129
12473749
-33614064
-7962643
-82759642
-43516135
-75797429
-4549750
-75978425
82993053
-90653993
-99002114
23815361
-46502611
28361356
79708689
-38106851
-95934148
55484571
-5835736
-41059931
68291185
24979622
31155477
-88549530
60906029
-39041229
55188905
-84015917
-90437341
72850708
2576555
-64139964
-33227937
-1184592
95112054
67860625
-95617635
4475939
48306691
60445132
77365650
-26763177
49709263
-71949672
34692708
-71819230
-98853078
14535456
57775675
91683778
-49270314
24615245
-86910602
-86032631
-83042588
-14203656
-55444019
-93458171
40598019
-66622446
78446421
15507816
-72689805
-36897435
-71505227
3617932
-58449891
-62403000
-91896342
-58077976
-99719146
-37935586
87977487
-45614134
77459868
96085859
48341180
26473061
-50156192
-92216918
17793329
-29158387
53116144
93039588
33683342
-91116001
-92467697
-1445083
81412924
-32302138
-27502159
92860860
8603515
-43018928
7348702
-27479240
-64343632
61108987
72934321
36530380
89322094
92637612
43250488
27453482
-60468452
3321274
71961681
73057207
28223317
47773666
13283349
48355372
-10856652
-13706939
29940834
-81690718
56708734
37489063
-64770229
-12336840
-29903371
26999522
62427874
49626437
-78999968
-63890104
88932929
42207692
-33627488
-17364614
55767443
52374829
91714734
-51709783
7159618
-70691906
-39728754
-79213948
-16704420
76526844
29436353
-98454011
-34551351
27452773
-66587978
-20653582
-99863286
-74639655
-46244557
12577086
55849150
68605526
63651393
-67799449
82525242
44439647
-95396372
77878281
34454103
-60142105
66975116
-41165261
-83493026
14090397
5229068
-96970720
3599428
-79862979
-4488269
-67279455
99062408
-49587781
-14539382
-44254580
-97802322
14161216
716063
18953526
50236775
-60185162
-13586433
16167848
38428744
73083946
-30178168
-33642066
-46423297
-44046495
43194069
-4644126
-84068752
-36009489
-98001908
-44556568
-86801649
-49060395
66031154
87171828
-19689366
59912766
3140733
-73607332
71127396
-30821929
79800742
-58077980
-81177939
78999523
-24644231
84077871
-32561453
80241589
15076449
60857339
-1574082
54043632
13223049
-27026924
76657560
-55120522
10372679
26478103
-36612252
5893724
7926229
42712150
89522330
64215301
78575842
-96705645
-65214861
90202024
-75291821
1123167
22152359
83886976
-95620376
21433609
-5837312
80931217
45385163
8421744
-31441618
-83926937
92630285
-96059829
92902296
-75227178
27888124
-50453152
84450936
-52381683
57039791
1958686
17512641
-58731390
-35022343
35104834
57139820
59839327
14816136
-2087606
-21411640
-11390466
11011775
69839398
5468213
34855410
96723912
95530628
65228337
1799810
-12266869
28357825
91123738
77359266
75840937
-46428783
46610906
-4088173
20014440
24804101
28493824
72145002
47363508
-84609161
-64843325
-99508214
-28538748
13917393
-59145139
-56833513
38536360
83923357
4731900
46984162
44871103
-47148928
-89372908
-83642677
-58396590
-20719658
-81619468
5997153
61547235
14420753
44143966
-29676530
71404862
4819638
-68460609
26210659
24591578
49031741
-2833265
-97824250
-58405478
-15518920
63059587
33233677
27140371
85479784
76026873
-53284679
-17917869
-90147494
92998021
86686846
-34301978
55529320
-84959692
69795875
64498761
36066171
-74272146
75625243
49106102
41450501
-44239235
-2265340
66166769
-39421296
-71843082
67149650
-68619775
-71676319
1804597
-78594180
55650923
25519463
56437146
57088971
-71314290
-19871406
-94405964
-25200310
23484137
95500638
-11158215
87183985
-43652983
-34535192
57433263
-73113013
44890439
30593449
-13345297
16760916
49135065
-86027960
-3248910
-38523858
-34119839
-10660425
95443690
-51694246
14112422
69547311
10984202
28349331
74966773
-46446407
45196776
77765255
-57294712
-83424167
14175116
-84960140
5369028
-80401925
53981749
8028740
37216716
67950009
-14236831
33345014
-48607462
31659538
56179878
-94251848
-76338785
21991164
52300857
23713619
-84202934
88023533
49670539
-22309667
91142194
-40090749
-84941433
-23270292
96423548
91040661
275208
-30771654
58807127
-54777280
-95290454
84232443
-47544352
11614606
9330569
2621057
46600026
64776121
53765269
-50581452
-37725640
-58547079
-46223653
-19045616
12466954
-56211608
74407201
-17171162
-87093003
-10932489
68404013
21977871
47961288
-95040927
60889283
-56346023
5497557
-19910538
-58421607
-26416718
-6391080
-40042061
85752196
40864120
-76840855
50386952
-55411551
-13669079
-56740280
33388187
-29914863
73536435
-62478111
-83261150
-47788665
11361977
-27402812
21184475
-42678082
-77345476
46740968
4481583
-50088770
94977133
69406077
66574334
-27934290
20201982
69797985
-41653021
-67578410
-49873174
-18955899
-22108615
-3495693
41492911
70050376
-46832874
-51224625
-94756083
-38709574
36684631
-36320314
4950989
69357299
-97290963
15616596
97164722
-83203785
-91788778
-28022740
97536338
-63082309
46020634
31701183
-85848039
-37315298
-88486977
23537380
-2768185
41232011
10023609
-997302
86758402
-37481119
-79441719
-25799909
67611913
76971906
-69594868
-95168231
-90089016
31329539
78252811
-98998187
-76062939
62600436
25790815
86657563
-56572994
-87926854
67062509
-68731641
33013893
48811130
-99271461
80442994
-27773364
-5335324
-97961665
-693141
-7360773
-67595323
-54341977
-57361962
60944999
-44088549
-84310333
-33583421
-10297089
-55782367
-61567361
43590561
-75808003
-58706005
1062629
-23627374
-25795401
12201971
14565026
1552469
-97026182
-84261247
88830140
25649868
91830974
20270720
-47685869
61676367
-2346903
49903295
-96694142
-5656468
-11461283
9690710
11270293
-43698375
97556144
-2241804
69876956
18594486
40250305
98713017
-53889044
-68581343
39702686
2719134
53220339
-36109566
-70136901
38767960
19911590
71976620
33747886
80719952
52804548
-60644331
-41053703
-44479838
95883457
84227938
-22329049
43131391
-66780140
77309778
84163466
-72430620
-21377029
-13626262
61377835
-74041071
8534027