59737881
63333843
22073765
65353947
-71037798
-36587615
-8228353
-69156436
-77865093
-84833755
-4311346
8872288
-94974101
-28627816
87450651
-22606627
-7018079
-87143849
55987711
59622130
53801358
-83805108
-32306712
14313983
48656245
-18490385
26425616
-7304527
14737710
-73712198
-12283907
39957283
-50441312
76326769
-44294508
37382752
-28348761
-48874538
54391246
10895336
-31280994
-50673507
-98453388
-64065630
-79415554
44343788
13510203
-89172761
-84153900
-7702481
97972117
-95840816
44862959
68010012
43274859
82856666
26364696
488011
-54769737
-9878889
15581546
-58127934
-90448981
91142575
69994658
50351541
91575468
82070287
-27647456
-70388306
1694707
-56195993
10745857
-3929163
-51756413
-34378303
65937260
11086700
-65056676
-27804669
-85665163
-43262339
-11240919
19624150
-41097902
-47341792
-49163561
85448159
11223594
35402315
85960005
-79310713
-44544725
-33937365
-8944889
22070491
-9950116
36020968
22577397
-8508262
-10670697
-17778129
-62341008
51408583
-33119137
-47920722
-12033173
-44649340
55706517
-19422003
73074313
-37457802
-30411750
80243170
-3367898
-54479772
75631831
93440521
-77141528
62054682
-54057696
-43580129
-82116435
-15432291
-16845662
15976112
10229852
19182119
-75556832
57986395
-92232558
-454323
81300154
30003918
-64593332
-5026811
99415098
-6171396
-29414305
-4309420
-27019824
85215733
70337624
37001051
-46215132
49108644
-75399366
54464406
32729923
-46435399
-95134615
-21513423
46537793
-98336041
11577325
40467075
45306375
57552855
22341258
45755050
-71704712
-88337014
-25669370
48710752
4490744
2279830
71772743
81336407
99271538
78429275
87568666
-70373107
3767871
-38929633
20977769
-82338355
47193528
66443677
-12466600
-70624957
22758761
-2691948
-86245596
-25846383
-65714675
-86443448
-56367658
-87552369
-69212535
-76085245
-16171789
-3805938
46540982
-95628298
27466083
-22315578
-92752451
95433828
77661210
-81787665
-4386205
-87894469
28604951
-94561013
58414517
14341479
22707066
-92738660
-75055011
66427951
-86693891
88358252
-9313898
-13081386
86723172
-58691499
40948422
70474812
-85112158
92959884
-82079069
-6470524
-86091161
31130320
74098559
-7453187
-78530064
-31250460
-5718044
-22657912
55982336
-39491828
67891437
46961105
5726583
46463060
46305640
-44979722
-94636169
-83159800
44105357
-82509146
96740776
62120310
5368048
65780191
37744141
58876438
-13356893
1562258
-78838812
14715865
35813784
-13208958
-9069879
-78637956
-71138873
77140041
6845644
17402944
56006139
-77746574
86769643
-4954263
50367551
-27440999
59470958
-57541874
-64855408
40531938
74735720
-72040395
-44430712
-33294993
-21488205
-64043556
-60366372
-20069
39036812
-33739998
31104720
13769878
-47337456
83376507
-24563942
78878493
755031
-56681460
-38138084
27380985
-14283058
-15742423
37002746
47108266
43676978
77672918
71598483
70771305
-97154373
42310859
61792178
-14113797
96007679
-33272513
50906647
-86062656
90451008
67690608
-61717078
-76708039
43269514
3311055
-18729633
49262664
34687369
-4982455
78915208
9853861
66924200
28592563
97007793
-44552829
93426911
-98712211
-10846989
18076620
-48636907
11353257
47628783
-91587051
-53754235
-9016652
80566215
-19232427
59477899
65030460
26327860
-36431276
-85481830
-10361955
2269272
-13480822
-1412410
-80306617
5733095
-93123594
8879059
-92363489
76108583
-74737857
-12660739
-67638244
-38241637
-90904918
-37314181
-32472791
-78266604
90187190
-45404626
27043257
65384844
72263999
35654066
59020323
-26824864
32978376
-67633461
97964272
-28021236
43213613
-65152110
72349607
-79416635
-35526814
-60702041
28658955
-40622300
-75452309
-31586376
-36431064
-82830531
76661975
81540139
58287385
25089597
48392560
58732871
60228886
-40042331
-5616364
-90599045
-92473729
53089654
96369702
58689791
-59652334
31075056
-56170605
75636904
-94854812
-86236123
24667990
34469308
28437782
-77489189
17664557
94162007
38612126
-92994152
-48967054
-14221138
35005554
-41808273
97757511
-33320836
-94264819
-68985860
21687271
-26991792
91998444
-9394236
63068123
-7800673
-15818305
64366382
85850847
-73851647
38785561
48008422
-93896268
-8375757
37660542
-59205594
94338226
46105399
-85839213
70540977
6291898
44952178
-42931969
-49247715
86395797
87577073
-13655277
19167411
-11970977
85200379
-33605343
1731589
54756224
-8005820
42338825
58596659
83030080
-62566513
-10099979
86687740
14339832
-28055716
-37338737
-66997237
25866320
-31775511
76472395
-60649504
41468364
35521614
60217305
57528761
20331714
-2581120
39819933
-37118153
-33570498
10139988
-88544076
47190338
-96576879
-38795333
11979711
92713638
-11988763
-51795638
139991
-88636083
-30021288
-19982515
86209337
62458205
-77112211
-49743646
-51667036
47703997
-55942690
63737896
-16663118
-37267372
-72812592
46314406
-63302755
57178367
-27198442
53982883
75153110
-32268769
30833284
-40036163
-3574457
-12595840
-87646910
72087731
97089793
75078506
-8053060
95031831
9395885
76446476
-44942259
72386214
-4430047
-11266318
-3095888
34641029
-13633396
80419548
-50504801
-63376510
-67245907
-73811224
-47297816
-50531455
-44986086
46925622
-17101862
20590644
-97802002
92478113
-55611655
89548016
-77062039
-94611363
45673396
12069101
68081458
-26530420
40745346
-56248711
18787548
-35811003
-9696208
61526344
15107333
98510726
-80975668
-237332
2475838
-343195
-24624970
-41276619
-12057571
-66464098
-84152918
76732124
75035241
-54116966
73952305
62940771
-16492631
72907645
18803437
-49059648
26168409
94665851
-20225457
56116886
-95935048
-49234695
54310183
33118102
30664405
-77853248
4614333
-56811043
-69944634
78781178
-85847979
636494
13682387
78445144
-81606135
56252863
-99886275
-71547954
16338382
20651297
-69802021
61799827
-14564396
-11052821
-70126486
-573413
2299245
95334097
-8762049
77355463
92345898
72818850
-88011570
66858863
-44681185
-14161369
-38118530
-28935068
-46219230
6704697
8911509
99651286
8480125
32397068
-29772477
35948142
-68138692
-17271445
27325118
32967904
-70717659
-66277624
-29776194
-13274961
89382520
69116513
-75531111
5649933
-94747343
21617931
12639723
7646167
87170737
98733887
40488082
25780519
41067811
69586769
68251430
-97016727
-20342098
34752508
78450034
-80167445
-16833461
-91000181
86844143
66047179
-8025021
54755990
77662939
-5691758
-59188555
-26066067
-57115472
13229009
-69817786
-75351023
83976791
-74140563
24333990
-2528674
-70041754
50440135
-46679035
-31895366
91732447
-85828514
-84738266
17891976
9954976
21390640
14559550
41309933
-54681812
-19820085
65304112
42448011
-87788509
-88521483
40483588
48690219
55004187
2596759
97899401
-81638948
-99808647
-22399300
52331770
-7103793
42823292
-593536
-72684593
80606083
-91194273
29631640
23513280
12795192
-18700683
-68871489
11724067
6832848
-1926028
-22408138
-20775158
-970096
74685786
-9367655
-13416685
26433437
5067404
-8999367
-17615314
-98676167
-76692130
33236378
-22341655
66967476
73728966
21033626
62158268
-4570151
31234419
-65621896
23247626
66044289
38974674
35473492
71963243
67805786
92599660
-41514747
74908191
-32102053
95098498
41722129
-68646764
6429124
-99141004
31571371
-80874491
-11193403
-64938088
63033604
-36677017
-28012752
-82899653
-10209293
-58709194
-43767935
54597475
63976207
-15984539
-71821245
21530405
-73295713
-98661682
-51608726
-21219655
-17658249
74785918
62577740
-93711441
96673082
-78648468
39095990
77496406
69025919
51438420
-27758875
17213540
-30933886
-56986703
61557472
52855669
17914917
33156982
-61965321
77673162
-73637092
-95811569
7409367
-31659332
9857238
51668314
11370874
-82632023
68653102
-57151576
-62324151
-55770220
52305341
-83219420
-50664028
-15971904
-2858444
52959897
35418341
-4522949
31502104
58716156
64707801
-92083935
-75022077
-8396845
-97444323
76364855
-87755275
-76248055
23887897
74504812
29499116
70450223
50604784
-18952226
-61660405
-68581547
-8831957
-38704316
79000603
49449184
58421294
-50678520
30241172
2045326
4063779
-21752947
14207777
36074572
-11977980
-64783782
-78940637
-6327998
91589792
-67524611
90125827
-80892913
13182354
-80520386
54055852
26393340
58209887
-50406546
-60328187
-6149563
-96768088
934410
52231299
-65530869
91715175
34132550
80915187
27929494
29851244
-91089496
83989543
5869741
-87922962
35013492
-86386779
97107569
24748757
67309482
-74124870
25777635
60010496
16985072
81026193
94590768
-93017002
-21719613
59011773
32739559
89123111
35901711
79525906
90004775
60297287
53771884
-76573784
-22695672
-79230277
-20521907
-73528385
17510947
-51609800
-48001708
-28635388
-63824869
-67625993
63758251
-63195203
26141340
-41750936
-35259464
-14506402
-19816710
-40977817
-56500282
64312836
52283453
45853427
70174910
99220961
51285875
45756654
-80222859
23034826
76367098
75656485
-97293088
64703830
-60144786
-63650938
56701197
71057822
72603353
-45216722
70321975
-2503962
10002599
-85072987
-13270193
10096897
-67904574
15584793
-21092990
30930756
-33042238
-59915743
-74929496
76796576
81081369
-25050199
73636252
-89319721
77756254
-52775066
-32326582
-2221472
-76115267
18965534
22559890
32876468
-13359258
20741698
99847306
2635157
-5702038
-12015250
98933374
-65386902
65514572
6752899
-72755450
-25318632
87224948
72167862
-75873757
-80157361
-69138366
-39787251
-58534047
88457512
87658274
-71310341
-36443371
-55698463
62791736
5064046
7062173
69599964
52103116
-13866853
57048864
49513116
74271809
77975597
18844765
92337291
-91140700
62295426
-60535650
27692950
-2874582
27758908
-43284081
18774811
9370172
-65810917
-75692552
65366459
90444061
80085686
12638092
22566620
8501583
-39876471
15105827
46178013
-50504391
-63999755
4535103
44135504
11883350
6234647
61251851
5422788
-6667142
-50103250
-64575863
66904929
-96006762
30863445
58825813
71196993
80658242
-21936486
-25192116
76863898
44258480
-26389440
20080060
13586547
-19997041
75014437
56256446
30095273
-37685996
74625607
-83261878
74962951
66093934
27729273
-60827717
-57397780
-36659029
70136188
-18112431
-75920660
-41611549
-12532382
38752049
28493174
-92282089
-73886083
767166
62214152
-53613584
29902607
-77881278
79171544
-67664348
-71370404
86810046
-81696355
98244769
4188458
-52671593
-21651809
-62630118
-34524163
-64104567
-20246885
-97416880
-76056706
-10641494
-20112773
24051759
52786617
-40037507
-54007127
40721082
-42124466
52182988
63598202
-66427259
-33552426
4216458
70756781
-4916912
-50440512
-37762798
80929258
34105711
85909703
72740119
76507195
-27166221
47597705
-19831328
47837758
-66291957
16399286
-72468735
87152655
97104601
-31190879
76580577
-50934369
-65779638
4955251
4372153
48893936
-33811892
-65518170
71398618
35845354
55428085
-79238118
72742343
-64993078
53809883
70258040
74804745
-52866220
84292721
-28962586
-69248789
-59375666
-28018644
46576673
92587366
-26644447
-80947776
-17638093
-65247440
68912226
32781007
-90142503
-56106615
-80602479
-47971055
-23933994
29607325
95762689
67336484
-40683683
-69535342
-91441586
-38121065
-84199040
32918067
75636746
-40571992
-62788347
98078317
-6357734
99254681
36976996
-82577078
-49680669
59940102
-46166774
21453846
58861513
91335570
96802495
40274488
1712717
-49445481
-68704109
35294585
61190261
-90513475
-62550524
-33448292
-58893471
-89099745
41633686
38634394
47974906
-55327880
-70808590
-51288004
23428468
60788977
30159922
45385331
-88771870
-40831450
21738823
37020872
98210533
47104205
66346749
78400123
-73081227
-79657533
-34065145
-21231502
94531978
-22929323
7833282
-44219422
77891308
-51348242
4529779
4087956
42769476
-29158344
-84215106
18440275
-50739761
80397177
-2601842
-79514098
-16497694
-41350563
37654024
-19189720
8336819
84888339
-69936998
74110284
-30354176
-23316239
71030103
97534905
64663081
85486240
-48372346
-38063814
-25349264
-75170102
97956687
-66371722
-21633122
-58949717
7341777
12326863
66665893
-58645190
17831124
76616905
-67414961
32918049
-61983939
43362854
22111744
-69563716
8414455
-83078003
96777248
-4140660
-92104878
-31650263
-32965111
17861116
43768893
-59508450
-31153125
-57871548
74820605
14633383
54415949
89979481
-36041761
-76941045
-42152532
-29176358
28407462
-60065184
-25070627
-97873451
32120943
-3820855
-64213135
92756961
-25868331
-51110415
-20394421
52715774
86072351
86371710
-50507747
17154760
28774006
97316568
-98877703
39987310
-6926723
-98457653
53428262
91410811
-22717002
-97103091
31179750
-71859982
25625393
-93230068
67220974
-71967118
-82502486
28968905
16467875
-51734358
-6183626
73547893
16563710
-50969752
-1925011
63852279
83306406
-46254302
-86571372
80888595
7929198
92203937
-32090918
-98104249
-90947410
-66700645
-92108538
49699006
-32275929
87448224
1191537
74833064
-55058278
-13600942
-15926368
-92596899
-47806423
75077303
11961288
-30935928
-4077820
-88801350
-43469977
-79077987
-30559543
35228789
26851210
71660174
39741760
51387458
-94784237
-88937275
-95906388
-4466608
-80697113
71808000
-87040477
-73215929
66921050
-32494923
95582640
-66024733
2416261
-99899551
68827800
-35110844
-47416051
24406018
-9476178
69732115
35721487
96775247
56055229
72413699
3339768
-98205220
92131626
44863940
3349751
-10978191
19724758
-1987860
6933326
-10376514
-86472145
29909058
-6582995
-29592853
493834
99321314
-5528854
78514403
-4745684
72774700
28118658
-71082572
-12839916
28997707
-11422807
30326185
-10909578
24894506
87173802
83087609
52604071
97725527
24452305
98962661
-48593939
10603340
-2671727
71434207
-44469185
51138113
-84091933
86319376
-35159517
20337619
-18462799
-37870558
57146220
-42003701
25538224
-71225205
-86472138
56390870
47995172
-45255228
33880485
-96311949
84923683
84337430
30766846
-81126667
-37257060
-81150106
98956172
-27042243
-74871231
-32017887
33045736
-98011783
-26059004
14104047
4189553
24728488
-55746243
91138257
93909890
-5364388
10370117
11857063
62819073
17436154
62420521
-36594717
4728550
59148257
-16299071
42962354
66157310
-65208284
49976151
-81447115
53544560
93233044
-16657030
25095756
8028198
1124517
5631395
75828639
22895038
-56631922
25986568
40579525
-25407047
28588562
-89958948
-93442035
67584413
-66752285
72718821
76989806
-18179046
-30811247
95669766
-50788431
61986465
-89357425
79647126
86193400
-94866386
80017746
-40068220
54374099
-92293973
55389413
-63851689
-97606437
-94430973
55289251
-63822426
-3766796
63635617
63256369
-77458813
48278567
95810048
38609596
-3166565
92648617
78349526
84531568
-21956406
79161706
-55574158
-95933738
286562
72633074
-19978213
22072358
24625506
78040623
96623639
43251997
-78998497
-28781301
-60614963
65449077
60700629
-18955008
15433824
27487550
-95862086
43441227
62634485
27657704
16314584
95965337
26895726
86795360
-75634432
10666510
38757665
-88408072
-83351513
34738529
69772063
14070934
34455763
-13399071
-74657441
49314133
7456560
-93627168
43415964
-84583825
-61725044
-5365490
-39928859
92808051
-10547200
-55233450
-53841907
-19292575
-97894591
-83442467
-15962623
-30650059
-33964679
97107362
65912837
53728042
-40151673
-42464770
-50587723
-4934926
93407071
-86117611
-38195627
-41064077
90729631
73700612
44431884
25940844
-43394128
60176591
98367086
-95632109
-90299029
-88340259
66211498
59295412
83935030
30725457
-67888591
-55433863
-5805955
9329077
3256576
93508735
-69739933
-11151613
-71564559
34100970
-16946035
-25844577
98783366
-90894513
-63115361
-39923203
62788961
-27495462
-88261663
22574127
83249205
-97748508
-16362266
98130336
13682791
-34423718
17812926
9132029
31631688
39087002
-25784780
-38838043
-93964234
-80473584
17634983
85654140
68489947
72981289
12225356
93424823
72679269
-54025677
-69567952
-43964598
-75733211
-13561882
-19111438
-99857378
-74477420
-87563189
-34246384
-29539465
-80433507
60174590
51018053
-98443994
-79909960
25052810
-65135995
-96021362
23962280
93460815
-90104180
-82018757
51040154
27454612
98043571
-39041800
-55918602
-14308619
27235827
51427536
-78543231
94747275
98867612
-82723487
-67615610
17267865
-20938653
-13295133
-68651261
-36876320
-90718353
-32552354
-66841839
-77334907
41977774
-96263505
82117965
-95761378
-10755
-56339764
90473855
51453136
13983537
74530442
-34974421
2712287
-93229142
-22921449
-6855020
24886195
-71547469
-20377206
-89266813
-40470479
-73348331
-47185491
79536244
78245617
-2561429
48090093
35565287
5945299
31956674
-44700255
38669132
43579515
-72594918
-66340970
-22738247
-3635287
-55173333
71512089
82274153
96236576
2077888
64712626
-69983311
24428530
-76769026
2444642
60052916
-68124171
-87008770
-96963160
437175
91121474
-89411518
49017102
-23950083
-2157887
-69950842
-43558570
1018633
-4620410
72851521
76163412
-53184978
82403103
-14291147
67226342
38513083
39361344
24883199
-23100645
-36489480
5226038
22376651
77926845
-83688693
21599489
-55908025
24497759
-70633123
89119955
-69318975
154486
90895396
-39734103
82742653
-88169410
-11347955
49495862
98422595
27661314
-30931010
40113810
16318917
65349083
-63821801
-88793101
97442589
-43701871
35648159
42629951
13748105
-650898
72796093
-73007940
99057409
98237461
434625
-91617964
35269850
58376211
-48265339
45143443
-7581636
-21411516
68814851
-1305894
-79737203
-44068147
972495
76976287
41746842
-32487801
17229311
48363468
-94017377
-50657973
72962957
77659594
58607764
69436646
-89495600
88343677
-1868246
-23975472
12406895
82751735
-46851251
98818066
-30963376
-55648704
22291796
68139235
61755765
19868923
-26027630
39055279
25699214
24038360
46029980
54647648
13625691
14667954
-31493399
60380197
-85092683
-78499405
-29494506
21693373
-64562327
-13373410
-38957673
-49522234
-39730263
99904423
-13511081
69673533
71659766
-70890104
-27123769
25460211
-55876625
-69118984
-44281428
49359215
-43682672
-26030666
-56873163
43261802
29455116
-94052974
37548875
66831420
-41797778
84667456
99864577
76405871
-83774563
-1286094
67245000
64248413
-7335831
56651164
93770314
16237331
46555316
-42813254
3315468
6323291
62253454
38029124
-23975029
7801588
-31815820
-99805743
72445957
-5896427
-9946157
-80317337
-4595122
-52271598
42883161
94382776
74046119
45355205
25338124
-13871908
-46344079
-82303542
-66882762
-2862152
-44358368
86118209
-1424782
-76711470
18086893
-42706148
-34801573
29267304
24929735
34665303
60761236
-67693356
-93481191
-68291737
-27569054
13806015
49225670
73358170
-52621500
30694111
85534894
-25841318
-87090165
-83219822
19845549
-98899869
-3709976
-27522249
38211685
78884869
-91704796
-30537746
-87731895
-33443609
-42157432
34469046
-37242766
-26221712
-27499547
60123385
-5936591
10483420
99674099
42750409
-12645419
-36152938
71022527
2826499
55894285
-83057364
-4392406
37047864
3498916
-90994015
-77701257
-39973225
56501803
-38286268
-23127126
89257578
-47390849
24454716
98174295
-76745028
19318051
40290101
59853005
-95982505
85826469
27251286
-98597959
-65367951
-86949478
77731650
-98139541
29548335
28546040
90743057
7620006
-69891184
55445410
88639516
-68399566
97620192
47558612
5667769
81809665
31996467
51381250
-22766761
49003275
26182780
-92496417
56169685
36103669
614007
-30697575
-62065075
83032201
63625517
-75963663
-23718007
-21876952
-78262290
29088183
-47198209
-36101514
-42155123
98211098
93095715
-57247714
80467138
-24448477
89413917
-15493223
69033938
53329108
-9698911
-10516397
35193097
-45380593
-97667344
48735632
-10572051
45064179
22495496
91573723
15873737
-4343096
64376849
-7309577
-86148378
-59926584
-74018221
79001634
-90171187
-76538136
-69486039
-54236323
84166179
-21230459
-46053939
71638988
60327813
-64768711
-90981243
-47766689
8725777
-27846933
96327498
57990550
88105174
93634076
60015506
40545092
28248653
-81804351
-99056550
74305303
87015311
26209401
52151805
-56237683
-8463643
37438565
-93171993
65808301
-64816989
-96393232
18893135
-98895582
-29353566
-28479719
-36164084
-40100144
53242265
-51130398
42106957
96205143
-22826949
42739736
-47806432
30796030
15735133
8884403
-52302431
-25067659
90988000
-52485604
65295201
29240100
-69748047
-75922349
-7270588
27952564
-80132594
-75225098
-31588283
15360624
-99824030
-44490759
-65620196
19010940
-44119418
90789277
14787421
23274795
-33074578
33856627
-90895066
-13683294
-57203726
-59591129
-55877682
-20096570
37867305
56231750
76333188
92941297
-88597120
-19134360
2518425
-84451886
-43942850
-80893348
-43684237
-5362530
-56285094
-45546689
79121648
60241320
69722656
-83443011
65324689
-25950209
-86402955
74098070
-838051
-90107454
-27482396
22805763
-13530905
50555776
85532060
-73027788
-89250588
48756194
-83648968
27055754
39853516
-49021661
64337165
-99033485
90064838
24116055
-80592459
95162664
-62621225
-76874676
-59929295
-57956018
4338034
6535887
49013859
39690325
90038119
3876921
-24017521
-40185341
64077856
90363561
-32816085
-30695805
96292271
511284
16278555
-82361629
-93191055
-41172060
-94849098
-33276273
-79284921
1274311
59299117
71827229
85092500
29725821
-11123046
-55350737
-94800496
-6778376
-47063887
40761643
1856467
-34700675
21379088
-7304346
2473233
-89105329
99235086
-42818018
-75682326
27826863
17741895
-41292633
86243930
62672780
-49976775
91614588
22833945
-83122189
-87491979
-96533403
-35896580
23262598
105077
1020347
-14897537
97962934
63114840
98328863
28283669
-29819171
-51807884
52616026
-94306924
-63844824
50771182
-27447253
-71348728
77820025
1911900
-40892626
54265349
-48964350
-65345678
58751253
-50448976
2497568
-21914182
18186101
78133079
98200259
-99360963
-10391285
-31003545
-47676315
-68186644
51845892
-88295948
-47196241
-50047821
-7742146
40710578
-41310038
-57680834
-97738034
92885408
-38708964
-95505085
-94584808
72975478
-56405952
-68973724
-66697453
-71019649
-11491271
6227398
8072265
-21165431
-11418257
-29545053
25984874
-71136456
749141
-92757473
40505495
82104895
-18095118
34532623
-4086870
-10778195
-29854577
-35887432
-47573592
14736655
-68760057
3487918
73805085
-41416193
-54951061
-94851376
2534021
-41131220
-14417746
51749599
69576601
88243888
57620991
83146107
-3612455
-60399873
-24038021
-19586678
61510982
-6566737
26001828
28421330
82484237
80614767
17565740
19493438
40487184
-99914288
95882468
-67761773
59086569
-11359777
72869656
63160588
-11644985
-84391963
23705225
-27644310
-33779353
-38410157
24054018
73900473
65558123
-17162758
-47655541
-66875735
9237716
90592598
32763663
95603830
96564667
88216277
27561388
-52178061
63094910
72523856
56694803
-41488366
7729817
-7752029
-55370406
-31512975
71102678
48020837
-99476681
38955089
-39103720
72421249
38321732
-561605
-45194468
-23654576
36881314
44212619
6830560
-82262200
12660692
74038636
77153925
-87585131
29548907
-40073391
-26275953
3083651
97258708
-90885622
99803979
37681770
-52242057
-49134977
10123261
31646612
42433195
-28362732
-22642173
-36926329
79541300
-18832277
94568323
16126390
-37334085
-12837895
55111597
-12835883
40014017
-95498055
82031467
-63210638
16916389
-934431
-40474441
-30585988
82946990
95425856
-4829641
25166221
-26932472
-6740499
54464050
-60514548
61535834
15037715
-48477994
-78503359
-8857565
89277750
44701835
-95289621
2236869
9729120
1656430
28166147
61069217
26267992
23641266
91617392
-50876007
-71417494
-75919671
-49893438
82828092
57213593
59365242
-79781538
-9228845
-36237679
-79694509
-23634214
-69007840
43360982
-49162316
-61763258
20283600
-51341833
-34527216
63775849
-81211916
-59932279
2674499
-35611261
81960226
5649444
3100112
34776938
83274407
66170981
-62951630
-59283035
81384655
-86787595
-24458238
67468746
82584473
58325910
-44502068
27590454
-59660482
30438094
-86795002
-96418735
57923840
-50108301
-88843065
-80720972
-67339907
-99463861
20560668
-86118753
-39617530
86395055
83170637
93673914
42091716
56923451
-2336947
45070553
-91654040
-65685993
-75318840
-28553034
87199272
34946329
85091326
-22834906
91147900
65080514
18496166
46109917
96952852
5839558
-53605872
-12602292
-36771921
-63299689
-11500907
93079918
-3315251
-67345926
8701807
71103835
77760184
38778263
-42392256
99621286
68683672
31185370
-47773700
24636704
-91551729
-48310568
-65670037
-72885541
-830661
84891766
-81194954
-91096825
-51569555
-79307711
-77984983
-97005034
-58767222
-15546647
-98490510
-67803500
5244428
-46695729
-14982258
-70417836
54489412
99674874
73049579
-46079659
81015114
71160695
12669817
31383678
-74174743
78242518
-22645817
-56618765
-30683823
-27774973
-68410657
-36923354
-56832049
-82750318
-63614362
-89331321
5751863
-58761480
74723895
20201418
37637465
60605605
-79422803
24898881
44727913
-98351594
22122577
-7473305
-28461641
57086911
98468428
-55413881
-54525744
16731578
-6307226
95232887
-13366197
-8336413
87708210
94282481
-40817439
-5782443
26702334
98470093
89981644
59157042
-342318
-26913091
-97453898
53007483
-67966215
44677665
-14179444
58490070
-38062006
-47251648
-82129203
82640140
-55822918
-79536123
-57283443
-24551953
84351034
64798390
82050541
-94842561
88118048
74799162
-32941758
54040505
85118024
-42398483
-69269389
-43105194
29297176
-40596083
13244975
72263959
45325396
11396691
40691755
7178838
-64467296
62539404
-97340289
-60328908
-30272367
-25572793
-21038851
50427908
93281473
49921057
88300309
36642879
-99677637
-51760796
-7265335
-75772110
66056342
-41973148
-65816474
27813138
-71212491
89525880
47225558
36875020
61646053
45700455
75069480
54947323
-17382365
78246980
89423859
39927647
-24646800
-36141852
-80987077
48920920
39257195
-92581894
-64252541
-18488619
66790388
-63408993
73042010
51985632
16547473
-11181356
36038750
-28649990
48677595
1502047
-87319205
-85457110
-64675790
37034274
-46361720
47447941
75120480
63309515
-98129196
-29208212
-80944416
-69644264
71181761
-81421468
20721876
57705417
6217783
39145753
-86565123
26874870
25941702
-6973281
-39582086
33037512
75461907
-12498443
-51631780
23685438
61405543
-23828325
-22756900
29848303
-4051062
56959941
-55121263
-60002880
92446440
-25749137
-55874353
-94310607
4729842
46574203
-64741017
47880570
-2672526
-51840716
-47855286
6774274
76107341
-23153969
9957607
5300420
71659307
97863382
64920275
43290165
36842177
49739157
2504435
-62175505
62184077
59662915
53904744
67417201
78331778
-84765410
49635142
97384332
-55240516
99208222
-59092255
45899698
-22220923
-9495760
-60319422
36835808
-85160538
-95216711
66739757
-6594512
-48965711
-52791527
-54401881
-73465863
-16932204
-35118149
28987496
76737082
75117363
21533232
-7905581
-83244915
-39478189
-80564020
15116698
77206826
53596131
39998069
15028657
-44194525
-57915464
-83862447
14268839
71168171
25502432
-61364937
-77185936
-58601759
92659505
-15738227
-98258139
57187478
82815097
16381457
23478007
82024163
-37585129
-57943496
76139953
-94398971
-26951313
-3335473
57542308
23327684
39837473
-82710974
58004468
36572086
-51197371
50772351
-68614269
-60316468
26834451
18709369
-71208673
66058572
-57960820
-42538456
-30740964
99254986
58868626
30893516
-15469276
99639471
81233253
-4363217
13251048
57327948
22792024
-71574971
42570084
24716834
53818854
-15950672
-30651005
-63539325
-14453091
-48110571
-54624511
28975211
35161704
-9343613
2129946
10943587
88995563
-95547847
-36129764
55512882
21857862
-32812801
-40246892
94843782
23427313
40011126
97622280
68575043
16613438
27350526
-60587172
1116828
-61439414
-52511554
-9613702
-89393537
433432
22057456
-29734843
56734576
-38472628
-51216505
-46210482
-94529896
-53888483
-69185046
81413336
10148756
-23585786
-59206961
43317376
78824212
-69652137
-15827156
-13819306
15739765
52639212
81441704
57389975
13777718
-34295965
78733079
-46105850
24580633
-7463171
40846617
21821436
-62106687
-623538
-10254101
-30796515
-68772277
-68147213
-99934332
7366973
-89054957
22155657
-96656197
-61350664
3346011
29647670
-11890625
17129493
10478224
-57428846
-58460809
-64656073
81905244
86064723
-35506639
-36404999
58909951
-38276117
75697984
-27661993
18599220
23530036
95532794
-68956876
-48109517
-32498933
12542866
63579047
-56934700
46914410
15405530
-47789635
-41126617
49500536
-46703023
16402919
13243187
78214246
87932499
51161627
16168359
-70718366
21908275
81030767
-44261952
52223097
-19057057
76927564
29051952
29440481
4933834
-28553087
-46766726
-30259467
74930502
-91714122
-87292175
74004926
-74547646
87721866
59309405
38923353
-32010701
-39714164
47152164
-90781535
-99790942
48483930
-16366483
74413489
-57311219
87798537
45654828
64323574
-50992016
-18179038
49305526
-3348455
83744448
97194055
-22202508
-44856399
-71417548
37799046
8814603
57332723
-9483836
597489
-54114120
82475169
17196717
-44173819
18014189
22909430
10160062
-10628383
-22454418
43933823
-1261814
-62197891
-15040463
-66553765
67047914
-99985399
7300236
-81484401
450872
-94422292
27099074
62684833
-62147951
58619980
-52253670
-35970817
-20438701
50172477
53457938
9846083
-77757820
37556177
90428358
-28766020
92379918
88570990
-95710743
41529981
35822624
61345491
68961548
-11163338
63864056
-92339554
-9321810
-29487642
-51106575
-75230657
-74725798
-67098192
56606921
43938198
37377475
58776501
-33616919
19285897
-93682523
-1111696
-72417196
-17341381
-78021063
-70762217
6722701
18145786
-57962287
7029037
33378402
-88621702
-9363370
-93661337
-86418376
-77976649
-66505967
-59127119
-50238154
-35724696
-76420721
-61289451
-49210407
-39716242
-55095534
-71066290
-92968554
-75818067
4878551
76643158
-55860538
-18145336
-88341305
-65806142
-34075823
39884281
-15622990
57851999
-39742148
51962371
-43219370
98878975
-417549
-19404111
80071001
-83312087
60201848
-49015568
62146604
36084393
-18766471
-45442615
25293002
70743519
-16176948
-86035214
14510814
38192829
46138133
66770785
69403284
-4042362
-59098484
-96223174
42376168
44598979
-13653152
-38035440
-16951209
82109295
3488987
30268380
-4485639
-58774040
39737356
-83865820
47307783
70274760
-14539026
53546495
28231032
-14520313
28063978
25416384
-87796053
-35050976
-456730
67994740
-45619228
30390767
-22594844
-34425098
14748066
13278680
-70291258
-8809249
-3827247
17557041
-44102532
76159276
76885358
81912481
-53472419
-27881062
61555452
98984707
17520167
81466795
71296152
85200814
-58469971
13775793
-16597030
19939747
7869635
-94781857
-46896773
-93955239
41371902
61102691
96875617
-45920756
32815884
23674313
17273821
56240440
-33918478
-89514751
-67103619
60767526
-47888155
89322696
-18638819
17759895
45981153
-93760615
-65935222
76166091
39549519
-67080528
-98898255
84323534
508519
90294623
-86819471
-66918066
-32063147
-52277863
-89721522
55524595
38578596
-35817284
57289723
88458550
26840785
-15456652
-90614625
-42429588
57640499
38767691
-39913676
30787723
-79755637
-12817233
-68710819
80184377
-13477277
45474261
-77517520
-49097314
-70984820
-98811773
-61921502
66815447
-60728193
-60669589
33454577
55269646
37628015
-26808889
-81825669
18904708
24317386
22000846
67977800
-61836824
-81209505
28138384
-41756191
-57866628
-12373377
90553823
-83596391
32087581
88037360
66176906
45437120
7124325
67222202
-31056592
66670560
-86043873
7457437
-27643381
-91461237
64306012
68246748
57629088
63573224
-14870755
48249438
50168122
-20341933
-87384530
-38525501
52395149
94210206
-79701753
7078459
78550424
-501830
10015756
-29456728
-45984076
77298197
99252580
79361947
-16361068
612905
-92629223
-41419464
47918265
81052833
57667835
39434611
-2415659
19061463
-63577414
20308822
64934581
17442520
-18793297
-81136711
56269796
5134935
-90401538
-58319566
-20137611
-66113894
-51593000
77480898
-48937446
-11395815
-3933023
-26640153
6410721
93807124
-69189794
64117620
49637059
-27924168
26456976
17250025
-76006777
95646940
72084320
-30343636
4935307
-10807057
-39861002
-43670381
93534984
4065522
63439216
24372069
-69387404
-1499431
5813901
-72018435
15939641
35333702
94085478
-36675242
-54716295
66149027
-64778001
-69888238
8633544
-29193870
96200679
-30463178
80233805
56462980
85085831
-15169944
75908010
31978742
11471620
320375
-88753190
-69619845
-28098970
-74660110
45901092
94156175
62074261
31030814
-81747412
39929153
33000738
22077005
83600284
-40610898
80157171
88267145
13818118
79382038
-65838323
87659008
91362438
-41192048
-56588593
52321948
33998597
55318631
36817145
72173343
65764196
82066105
84162964
-64310224
-4757650
-30051401
-68149696
94835687
80335669
51336995
49771397
-65144649
-67390138
43719386
35622566
-6941296
-25975256
-17249355
63465496
-5505310
29506553
39192492
45539341
85938493
-82145781
60486306
64787347
47900484
-81001726
-11847176
43856661
-15142434
61256273
-29522523
-44488144
-54532895
47881361
-8117491
-66639762
13238954
7885173
-31156813
-74619090
76357146
-12472537
-63158047
95573101
71217516
-63813441
-29751041
-24902506
-70329098
26011529
99507445
-43906633
-7984009
-13717125
-15979270
-55799648
26138805
-70748122
-44968923
-58863679
-28853249
72248250
-12503794
-91074174
22504224
66698062
-97310423
57202875
-98851170
26922399
-44759862
21712528
-49255394
-62167955
59061754
-16005507
76624052
-66527422
-17512328
-5962240
71527286
-6687136
15663594
-73795591
-17814141
-6651192
-80925095
24907577
63934322
22516798
58477306
-97520154
-6806383
81043763
16861696
8060927
-60060945
-26842847
-58140884
-14145815
37761488
-14145640
-3254583
59127647
39561377
-27437966
89114306
-66231179
32167789
26854074
-48684854
-98301353
-62779704
-24759728
-34796070
26022635
-77788459
91968235
76150038
36875120
-79696760
27669949
-29351448
-57781363
-74005079
-1590606
63726871
-82035437
-71540797
90480339
70658673
71380568
-16302639
24114825
20279397
17407964
56488333
-10168472
67450086
-70947369
27652806
-68557274
86688
-32748147
18362322
-38961987
18765850
78431631
-76918980
98821197
-13901658
-23625037
40630087
23868284
75506881
-13101092
-43328538
-26833793
-71742376
15312693
68709225
-23030351
-14775736
-33275324
-63100984
-7558700
-46992562
14338708
-57070848
18944037
18969545
42261868
-22784132
53280729
35589901
-85812495
-64435947
29781047
-69502654
-97061493
-5265823
38601112
-1349263
85205461
10469080
-94280838
57512197
16594359
82530822
-30954946
55878099
72163301
60796110
-20598243
43348426
-47862487
-99430346
73792587
58501984
-12732751
97915447
73690505
-74807756
-29348701
65465582
-51689035
-65107095
13335261
-44665641
-40951291
-19366811
-63941479
4823823
-16895101
-26578728
-23566225
-84620455
80557004
59833049
55839417
-597012
-43863082
37687259
-14993850
10466307
-12481113
-99691223
-63902753
-77254001
75530300
-17834518
37669422
92032246
-55600254
12763845
-20987319
51393957
18789478
-78180447
19827369
11932671
79185399
-22656360
48679987
-96121951
4278924
-28368628
93468166
-23961601
13824827
13130840
78781188
-81764205
65172020
8694745
68508633
-55038463
790689
-89150823
59563754
-23409128
76111787
-86613690
-83084923
-5796363
21062241
10100598
-69584139
-96417296
-52527808
15071089
25439708
-54504990
-89453289
71689252
-71713072
-305024
28588773
21689789
-53898783
-78692286
-46260690
72055800
-62062184
20739412
14502778
61722978
-32988204
75466375
-5334324
63210426
-19724106
87938019
56772869
-14140540
-67326117
16633073
30699719
29751637
-63011047
42337415
-10656583
54902353
65756742
-12534306
-12661557
-68403212
26505655
30577894
20008151
52778243
-90107376
99273582
-16069865
-17394865
26088502
36426057
-8271915
-51992928
51290034
-44430586
-10644243
30928802
-80054040
48164893
-45624597
-98130753
27078640
88289071
31053058
83963772
99880306
-33936127
-21034867
65670845
-17035267
-39545145
-6032754
-51125315
34350659
80992244
-69943445
-69521331
-47593811
-12750582
-17357236
-34986337
-63584058
-29180258
45911205
64901551
58872837
-90353546
91550853
-94737987
69835809
-38312267
25212664
37389410
-83226898
-10005727
4646244
43975564
-57078891
-12086270
25201299
93976753
-33554496
-38036379
47530058
47655011
-25387500
72766287
79400971
67386112
1472210
70386903
78366415
-37335903
-611373
22024207
98858803
-96559110
-19763463
-70343826
58423076
77287108
10876900
-4375773
-35435467
35912092
12508189
-34345495
4753815
88071684
98384047
71837424
-15456865
-35010632
-47999935
47482575
98219516
4693086
95829285
91457183
-66688643
31696618
47231040
23335144
-20563284
37592492
-75385915
-43130630
58051123
56940069
-15810694
-35889804
65742225
-58572887
-90561836
22187797
-76247877
90858656
-49042998
-46283344
61337625
-23024985
49678601
881707
45719606
36617489
35867916
-5995952
-28619556
-56436696
-27722772
-17166848
92795239
-91191317
-96592489
-38137767
27429074
85877568
-99950833
-42970502
53547119
-71210512
92333659
96938338
76686547
69122866
68682939
40329884
64166402
-91346736
2665509
-4908145
-16324794
41537508
-55121104
22732150
61728732
-98647109
-43282624
-57701232
18285453
7948319
-63303775
83264826
-21407297
99685014
-10532727
69943303
-61096832
14037883
51998894
-55986788
-25489123
-83861695
-76157592
79193136
65925254
-22440836
38017581
-21041416
32547082
-99735661
43152741
-86548093
29167698
-27083707
39827180
-34329989
11010417
10014455
35646545
40875730
34541156
-12730825
59829965
27325508
-60914477
53314235
82802058
708995
-89004718
-12771694
45516223
78952559
25512273
17378126
12444956
15784921
-91056549
61071508
-46914023
-23144604
-46008856
-3169395
-13002118
-42245397
-76721380
24699532
67922934
-60996243
98485992
68360678
69677795
92981639
-53953582
84892389
-92047049
-14246908
88635507
85135776
-88867966
-31892660
-31571095
-2786825
-74611409
68549743
96139233
37664223
20621328
-40382818
31845533
-15684948
99060525
75554640
69235657
-72983455
-95550693
-80442145
-34762176
-19585749
-7640257
52434156
90267696
-94356889
-15474302
-88358695
95750049
-10099193
99220380
6818189
17516564
-88831133
29295220
77586898
-22429876
15316595
-2984866
53666209
-60800202
46772402
-20636998
-92094963
72567840
-25223722
-29251629
57766232
-89018904
-61493124
-88925788
94365625
29591023
59396899
5057669
90079791
87443690
86346616
-82423450
19479851
-90881372
8212957
40602406
-7373273
42335763
-41232116
17886638
-68382618
10162014
3658608
-87864667
67478654
68565229
-87574184
-62162045
86569212
23117296
58275026
13828189
-77101756
1233563
-28454510
43571430
-78947684
89743609
3847118
57774388
-42151979
-42768829
51558071
91960481
53796319
23341251
49969013
89122620
51484119
86995024
-61316040
26366749
57624831
8327194
-74492141
-19904483
92499602
8673211
-32141086
-49878106
92472628
-83328880
-79716108
13059904
-32049168
-40515569
69682629
-32420480
17831625
-92707469
-87679459
81402041
-32811246
68382825
-92898111
44965914
-68638958
-71744795
-58842884
-14585669
91934113
829441
-15734540
-77769395
75888664
-21812035
83097544
86861560
-424428
-13562449
42711094
-12845510
10274905
13441309
-836243
62269051
-11953528
17076922
15853342
811886
31243795
1934205
-2364000
63110061
-31982491
77398802
-28762227
-52850066
-1528806
54704966
18393338
-92743604
-61890974
42686451
-61288504
92609934
-68330114
-95531754
-92505251
-73443048
-98414172
97385185
87636298
34148205
33200866
22910480
38587675
-29459159
-57493253
84238662
20583890
-64248928
-19570691
19509488
21697915
33709763
-33419002
-82620089
46634062
36059173
-42718353
-62828150
-26246296
29505193
61553136
-11655810
43122802
-16247585
42312237
58104859
51635565
-62398548
89016702
66164858
-11917838
-2567947
71611190
12519482
52295709
44728087
-14450216
-47074164
49737204
-13455064
-70930600
-62328347
-99601064
76328715
53184291
-1106624
-24277768
-38210542
53605411
71001653
82475327
-42844343
-14869565
-76478866
-51796857
-7463402
-6038740
65299332
99558702
34472369
85665429
27245144
-86326992
10408235
59506829
-69901747
-82628662
-35826457
-73674905
-1334245
-37920404
-61128610
-92111642
-65900985
914688
66889658
-61657728
3442977
-63876369
42129890
-55370145
-9951910
-79920725
-34443591
85764681
-24855120
68651933
-29858142
88260412
78427286
-24822102
86188818
-90189683
12091413
69622173
-31473606
60671920
-88256024
-21327914
-13676137
-4503668
53173931
-32380621
-39924013
-65651568
30248941
17578528
51512897
36336344
52531488
-50055358
68533799
7261525
44375609
-87597739
-61046185
-3684257
-66802852
17956256
-9234758
-70889076
-64513664
71800801
-65935272
-45662999
67942695
-10907138
67464010
-53894519
-39152796
-7955914
55443226
80488423
-66090843
65166881
51169232
70481407
-80466700
-65909903
-48817295
13799447
63376172
-55462373
79972744
20892681
-84221097
94606712
50857145
50391618
91430434
93782934
27642507
-15802024
40158555
33742716
-95047362
98574685
-55256650
-10244109
33040015
-16243301
44586241
52647014
86013423
-29602554
9271741
81817575
17099597
43267257
-71629508
81197820
98237720
-48427435
-8403029
16591969
32498084
42004925
84684880
14318440
-70972394
-80186516
-57063921
99262178
-95589588
11273258
-46518129
98004990
-88226486
41990063
42823167
-67124119
-16107916
80191899
54299421
35304849
17439370
-57373028
-48522054
26118126
-60057611
137701
75098536
-4917368
-74424436
-52654513
20308539
43954086
-5761655
-44611830
-54455614
70947516
49187340
15787191
64579097
-70366862
15127464
33502476
84385498
-52633962
-67963849
56712690
70572496
-25893670
19397504
58168245
-34059722
-95801359
66664241
-60430951
74551709
11019440
66927511
40182135
88148360
-13316959
39673782
83495450
61439566
23307780
88252258
-25962628
-77245741
-14519500
-466754
-23927808
6954343
62398193
-60677397
86565417
-27794241
61742598
-53476842
-6918849
80802126
-76129005
60672035
33415228
68297574
32104675
29522568
-89922830
-83772957
94631212
89761944
79990431
65303337
-6882461
65529452
30834643
-43829308
-85632864
15731278
-12208597
-34743908
54684538
-29433763
41363784
-84260425
-46846159
67595783
86603496
-27949322
-85072477
-47255535
60020377
7972029
61938267
-60705115
53616238
-1223790
-70217503
-63369776
-31542661
49237280
-52949727
-70904845
-2904111
-67128459
66551637
25859645
-72918084
-52160081
35919996
89406369
-14060471
-74725561
82483657
76274610
25287794
-65739522
98775583
24117112
-52798470
-11183481
-90182481
87560387
58374925
-45110377
-56921648
117084
601547
-79976350
51472837
-14911959
10264210
70075352
15692078
55707909
-83382410
-2548181
28525016
6603728
94320633
84431385
-95937432
-78035562
33630294
-12850552
-15105868
30108795
53653864
-55053113
-89043950
-74512622
-85743804
-47415575
13790543
-92106680
-4960397
67597518
5480138
64166178
-5212917
-24655280
60895415
60208595
54086922
-245356
-81958846
-21994515
-85564831
27699386
-92264845
33656073
96122865
-71707753
-49935354
13242993
-95013376
17659776
43842641
-62626065
-14455848
-25845360
97569440
-36929512
67934459
-98876081
-37910120
-97315613
96667841
-52910303
-91060264
51890832
72381404
-18879910
64851088
-84743083
-13816533
57687987
-35995513
89369775
-64506985
-39186634
37125599
-32709944
32002888
-89186314
-70985917
16655587
71306888
76808695
-17948255
55162639
87737941
65215506
-25114064
83725901
28456847
-51765041
-45364497
29462940
88316227
-86821496
31535270
38964477
-25970353
65326229
32345213
34275724
-38009055
53234079
80497093
33240683
85877768
5630167
72014096
-67089031
-84310629
-40751094
30239724
-58914706
-3482245
-21374936
51605386
81844746
-91631915
5181546
-55339141
-24319189
58633093
-92974527
-77636206
-22357935
-46674258
91660449
-22634976
-92567773
-12273847
-74199506
14122684
13095429
-96094219
-26914594
99467264
-37546549
-33003880
44179570
9422244
-66250821
-72578126
-34184671
-47619287
25302287
63496069
-61097104
66503465
7792752
-59679142
93640865
-50986557
98940790
30606295
21789548
2574713
14328484
-32250437
-63452712
-39860523
4377667
-80202827
79422260
-98079232
53556106
-37068984
81974430
-8703502
-6416860
-35165759
-73876173
-39099773
-1710848
39863037
92024395
-63618140
75940407
26443285
-18203664
54865951
-41927665
-96532607
67019792
-75451627
55167243
85607666
-64453541
-96335118
32092038
-23933800
-76627982
11428410
-81967158
8382248
-44548143
15046448
96692593
98846348
29630212
-85969803
-60698294
-98272275
41292384
16127665
26881687
-27666027
86638198
92817964
58528236
-90614719
-12473378
73074615
-59203744
99594846
84311382
56950893
67568273
-73991890
90630268
95244055
-37086163
-58869019
46646882
-89415885
98050113
-61472707
-78630044
-71914003
34755408
-14254003
-12262449
73657443
85991173
45639147
-12913573
-57376960
-1062417
-61714435
97633818
45679777
-90237162
-68450258
-47588641
-17436562
39481661
86827004
98374125
-53991124
-35221269
88612866
72998515
70344611
61040118
-64982820
-82320607
92163777
-10604131
18368780
47390515
96984124
-12603158
-58559796
78674639
-76058024
66067335
42301148
-72516579
-87643600
45407920
70063527
-17555213
2175356
-81689886
-21752203
-19069773
-90132128
19330217
59560446
-98080599
16563313
-56967275
-28548053
85517139
-26195985
23749692
-71758768
1095927
-60388274
-67469324
78917600
-54568526
-30884424
-48251123
-32943490
24016947
-68370255
-97579617
-1741162
-94552234
-54043283
50541611
-11585713
20116121
-91212895
29772851
-7464046
5545156
15493964
46088419
82210422
23597319
-61168473
-14977781
-94122811
11582512
-96388145
-8060275
-62077622
30441240
-20131409
-17743144
69683566
-99891060
70803995
-85576485
42392808
42426173
93130600
91388817
-35456432
-58576940
-57132982
87020078
84300795
26160448
85150068
1390648
81787688
46007665
-62325832
-49220351
5227167
-88721178
-85962731
-18309801
39407989
52080023
-68824263
19988999
447861
76484738
-48579536
-97655732
75426846
-53371716
-90749069
-2502283
-63581279
79742539
88964151
-46715371
-7109367
-31835697
-19833233
39706424
-36238058
38895348
75729704
-17613441
80161682
-86336518
58063608
50331340
-846758
-832507
-10722169
91017308
-40341512
-9351918
74524525
64943466
51816974
-18303926
26753886
29942513
-78136432
-88496241
65153652
47743217
96786671
-61967875
-27747390
-15457541
-41422889
88857669
-24777176
49201176
83051087
-27788670
14757411
-94744540
-26979117
-45999995
38129795
-64962779
64708482
79076166
29532217
-8004470
53337999
68983875
43471201
-19944832
-6468256
69004840
-85395607
43772177
19663504
91827771
-48256032
45360790
78419743
-44318609
-75925688
37159495
-10468046
-68030011
-39865146
43381864
-37407474
83685718
-31314796
-67944893
-71118758
-57765526
-88136977
62092473
31496941
26483804
92293644
-82377421
-64344213
-48721959
74087008
10344997
57524596
-68417361
81823983
-21040993
11122013
1304208
-79250442
-93116779
82259305
84188400
-63984228
-28308841
17944382
84950151
34547070
-79334477
-70914882
-26469646
95077104
-81635711
-89857832
-35667146
5374794
4412372
-30393011
-78370923
73180771
25389848
-77938282
82386503
-27296262
-69375134
38741881
50307126
-28160682
-81293978
-2274504
-87462588
71659878
-95488900
-64861843
67804395
-59641429
85034803
51741717
-67725326
32343983
21193394
33762443
65878609
-16078484
12252430
-27039946
-97649097
-83564751
98191846
-10628189
-79608076
37166174
56703479
16820394
46030199
4376894
79793911
-88814935
39696499
-43295659
-21452665
-32095767
-69969437
-3520948
-66400472
13590815
92382398
-35611777
39925347
7452179
13063568
58032429
39424082
7927971
-81818589
-95390245
-86948139
-83214717
-26412160
-25715482
-24704687
-6991837
6601527
-17153405
-30347389
-1123123
-2363336
-257614
86616607
-89100039
-20095783
49773861
34710747
-71439752
97015219
-51142381
-78953605
65293596
43719230
-80748343
-28900578
71883608
62146478
-63665534
-15146727
-92696447
-81772413
-99815511
93376495
5712122
58019647
-11420330
72240876
-90082760
5700881
-35347496
-92643839
9957697
-63363862
-73819613
-48040879
-48535662
-73352433
56447450
-25022382
-98289809
19290422
86033338
-14631815
-40965268
92251096
80470828
1477640
-91383258
-38159049
-70804343
50820593
39754186
-38724012
77574869
-70892998
64713539
-84250270
-85659273
-23206869
-27699464
95003620
78804380
-70214595
31409301
-64677919
28740810
-39181966
-10304719
83474231
-68387964
-21910978
-17300235
-54255653
69380232
3078945
90017124
-33509384
-69993152