58583634
34820279
59153029
49960792
34737577
-56817216
81438594
70213689
49811531
-49536754
75988900
67350706
-28934872
-92062547
-52004985
69314967
15538226
2295842
-26715952
81115110
70432971
37118356
73540547
1120729
-55068896
10545440
28447222
-93274879
-86716673
36160498
-97137062
-17512437
-16321948
83496282
-9013256
17410139
29207653
-60819124
-1047550
94833360
-3127990
99176370
69018535
-77145717
9889500
85780315
-39651899
-86314790
44883280
3160907
77804498
72194379
-92859632
-8330712
-81775466
97967859
51304709
23044531
-67358559
-91764315
59797369
56755300
69466161
-46876059
79998279
69018333
82523093
87584689
10680505
-26041043
37680698
-95149212
78307636
-70904781
-69374400
69235379
32840103
-43533272
-90086213
76927669
-33398443
-1948846
29949046
-55666788
-67993775
84749671
-42563247
4735283
-77626863
-99098680
-29667140
-63768452
89398563
12728085
-19838332
-49567408
11134911
6391987
99435287
83085891
21677067
65651932
-45877724
-22302975
90156639
51133419
-69924408
-55711874
-25181117
97748853
-69523845
-34745524
12731917
-68612321
-32238529
52488243
-44640675
-27354913
-12230415
82404085
79697117
-51273770
-45902431
-10201844
-28028419
15506085
77345860
86630484
19805654
26725659
-18088382
-8068756
-62862626
75182585
-53338773
7964670
-45510024
87887321
-8582080
-64704197
82803116
28921778
-11229824
-5645841
72530008
-63471298
10010003
-9451052
-19729491
89395079
2858032
58872500
51956303
-51557458
-98345164
7508767
-67657844
87377350
-98377562
-25515139
-75307534
-86611214
77883912
-69048448
-9073366
54622463
26645777
57749851
-4309557
-1319385
77556170
98778280
32130998
16107920
96790624
90939933
-50039514
55116007
-97619631
-51336218
-45725186
-81875909
59175040
-72695845
21812115
-51110525
89043932
-35305070
-68240402
-94450050
43001840
-42094432
-7202934
75448701
-58694345
4175619
-64765770
43123755
79908795
-47586328
-31325426
51670294
-53267650
64549165
98943508
14896394
-89286984
-95634680
-83742741
-70827871
-69567321
13209594
-35854227
83387512
-64390808
-43251232
43946465
-66204754
-28337502
-39841161
4033659
30218052
76806643
81384666
-96580688
8888520
60175984
-91835962
-75672209
4588667
-4328393
751856
-3627413
76810432
21199558
-61537030
80764631
8616878
80328537
34165654
36913314
64535802
-46046896
-26086747
16305406
-58018408
-28567270
-44470300
-24571128
77179633
-3249534
58583029
21113638
89832608
-88735119
-15358465
-78215176
39638133
-37639237
-565518
-83808068
7106213
-60750427
32326373
-50033538
-34596833
59732452
24206824
97654881
69533712
-56393241
-90495491
40913029
-58562094
-42296357
6928275
-83228851
22428863
25784352
-72891384
76168698
-96062324
-3113837
-48840429
-50983299
17899166
36521737
-57662570
-19017172
68522582
-16706179
-42572900
-63421085
9394882
-34131424
-67133373
89997353
6498
85089119
-63474580
89934786
39159167
56815514
-83614444
53130703
-16383077
-72331635
-20896804
-90399411
-89548048
-23368316
20144660
65750090
-61427107
-2659590
-83303383
-20846343
33351749
-36515855
97915600
-46254805
74636635
-60510007
-29846396
-61335536
-18613880
23297726
19994312
-74634061
5409828
-38677669
12287211
-13530263
-45870957
-29187186
86117006
-22992597
71399411
-17385850
-91397016
-9804492
22159215
82170446
84455962
33162856
19755258
29609265
88172953
22994258
-28489299
46083563
21814024
-38242030
-51070618
92773930
-17933614
-98792343
73187932
3551841
54820197
44366074
-95463705
-17270431
-72987272
36421055
-26348202
45299199
42426282
-71887248
39575749
-92710136
17203083
5010057
-95751759
-49294602
-58059219
63820804
89302927
-96819266
23089713
90660347
52029949
1346805
61287867
6895306
-79113828
85237148
64487416
-24184668
49342193
34849249
36226896
25864083
-16372429
87812197
74139812
-2646065
45026598
55557699
45004946
-78785207
-80351082
-95511689
21065205
96363468
24667654
36653700
79471931
88226876
97335020
-81891127
-25501317
-51552800
-76059203
-57683727
-18870327
91465513
-68923959
61021687
-67214476
-86338663
-86936471
90564254
-5309614
-36968458
56850504
-18263535
-91342449
1328094
24328097
40744927
-7292175
17675932
34793396
95234053
-61430195
58592282
14249081
9323331
-8510605
-18418635
-30445291
93422274
-13793706
-54902851
-64226403
55017117
-53589500
-85378562
-9104834
94841737
29237850
-5209055
-2638120
76472513
-36345165
23809921
63449598
-40192356
-19551797
3377448
-90622787
73634494
4467795
85685467
2049442
57147611
21068171
39229196
-84571885
-45267704
65976376
-36261569
92262770
-84854787
-32073202
38777762
2833729
10417318
92655855
-12215145
1396427
45375633
-96108729
53525740
72433941
-60811875
4857518
46954904
-98541304
-23795991
22492538
-61182438
-77102668
82127024
-59878233
58056297
79027869
54570862
-84474724
92447659
49850148
-18918919
27733078
11037834
-83937212
-85539100
-20239993
-44337704
99493620
-67910955
29738330
40813207
-9050293
-45612889
-52974275
-74977293
17049125
92919370
-42888019
-39779232
81320513
-85795149
16143530
-27513956
-86080873
46513975
-23872943
50235363
-84529844
39222017
-3937320
61577446
-9139014
-51311138
-92896746
65413843
-31595287
19055735
67180583
-33161315
-98671767
-86872175
-14501895
-87530143
33756978
21623197
71622155
47374120
23522446
55926627
-70257664
-80691658
-58170747
-47354647
-8005591
-61950651
7554981
-44007918
-72868974
-66012660
36009317
-30766243
-57870291
-19796260
34957965
-10065248
71017842
-362848
-85960822
34733361
64464820
86746942
-52136899
-48016191
42788786
-21289344
18453786
-4457279
43521074
-62095396
23334110
27943085
-65487098
41712648
56584639
-21413570
-26190242
11401696
-63007948
-37956638
-71380456
-14826151
-56965790
70440748
8387923
94050750
-3461806
8546216
94197789
-83980387
-55816612
-7531126
-36546284
-34474347
-35068194
42749068
-83431365
82013622
88229153
-77742983
65782100
-41086132
92301181
-83146018
-42145790
-61038125
-63617606
67270659
-25522126
-82242305
25163144
-45350274
24460956
23107013
24219278
-40184036
-10367632
-60235102
51709764
-87590928
-87694694
77419114
-38979944
-46569631
-79045109
5306146
23899428
17042355
-16236851
-50972475
98355017
28365653
-85486512
-79059309
-39766203
-13224405
-32520481
97437745
-29406820
-5615831
-86643576
-51188041
35507661
-38195560
-93147063
70080917
-4768291
-67023807
86238828
-10070163
-47052425
-50655143
-16231254
3268715
73065295
32852587
94335582
-41801848
9621190
54708272
70260855
57421163
-48348433
-94470214
56142014
46792783
-95557809
-37874962
-66398609
-12486165
30654095
32677696
30505830
31614907
-14109400
1535697
15238583
-60938842
69269832
3625954
-91119550
-56933194
-8655698
-32976104
-70055715
34211867
-93356093
66974911
-78386235
93487410
-12925214
21337087
-98955993
-13669360
33124385
5274252
-2128171
53662638
-37468836
71564750
-94338106
-55971543
-96612643
-52809570
80079893
-68191791
-91167174
-11728155
17110128
-61853807
89443246
57260888
77028788
17210732
38226587
-82834048
-59328987
57335136
74360830
7132072
97863753
88284425
87205396
-99760368
-56888486
27989943
-88395710
16964473
-51104419
-92153389
53797459
-5572287
14960350
92102969
23193614
-26689205
29406049
45007866
52682695
-49504000
57626270
42279216
-21535350
-11597469
-93287255
-62187306
-39388235
10609419
-1230753
-9925809
31374841
-3186634
-91017849
68707344
-20601730
14772277
26084231
43338402
66131754
888419
-22369407
33268990
81428764
6444956
16439176
-88774693
-12887212
-21012696
-2830674
-46944426
-5980480
-62350026
46848555
5809442
-95587495
79191226
76456120
80782221
-51306460
97206075
-23008617
79842229
-76259679
-35761161
-29817731
-10245691
-2361286
85686784
32519098
-68986717
-86187922
60821991
36842165
-88573387
53992832
94685040
-40527255
28612271
-93794684
-86152156
-97917617
37566767
17997837
-80588030
-32587393
85648145
-58702450
9720494
92593917
66615506
65586939
-44546677
79894899
-93777116
62493460
-34065226
1277952
946781
49018756
16894267
29761276
31697761
-71047341
-72172950
22506019
-38633599
-43605380
-13294412
-40861472
85642943
-29821654
61747836
-19517347
-91458756
-39873228
-27153306
-25025411
34432388
78833223
16086068
21623026
-4252402
51862424
-53086516
32513766
35168799
-43476516
-61527555
-22608620
-48655260
-86230579
-26611274
3660303
-75713603
68899965
-71526009
-69296270
-88489982
93642664
7396269
9301954
60537698
-197483
96057683
-54729226
-31622186
-24551313
-99052350
-50425835
-72175031
79443114
-53213945
66011760
74461104
-3693603
-46885577
-23591165
-6345307
82526625
-14141657
69892708
-43609886
-49035894
55205808
-89056905
-69893499
-29586766
40310075
-43270917
9471267
-97593598
60293301
-58679006
-93117109
-3466588
-79465425
71863647
-82004995
-90726450
56527343
80895292
-94026128
28336400
38497505
-65335213
96922587
84699519
-6855034
19408175
42093101
-45753596
83383019
-85975597
97641317
-60787227
92964012
-94580355
8870657
-81408513
47327050
91582182
-92078793
97166118
71722982
17586607
11567507
98633438
-59206173
-20064934
99275301
-11788816
-10247345
30767966
-52468512
39216600
42945753
9040639
-76367122
60255168
6557527
53062936
-39852312
-58686792
58722021
-65229573
28980312
53490729
-15311999
1237055
38966069
97610276
76378935
89547600
-82592680
-91938506
-57624804
59854920
-47946656
88268016
36525447
-42326698
-91739891
-25218879
32295732
-62127935
-25529716
14245063
-26640139
53635162
57731134
-73820804
-55641722
-99085428
-24588494
-37537342
-333420
50834211
-85311755
-89440806
60413127
-68256004
94965477
-21191418
16337734
-60006876
58501598
-19260777
-88520438
87606070
-31219446
-98226249
86840722
73549929
27974796
-27557082
-71641386
64686961
-55074346
-98740996
-62846090
-58017980
54367756
88588108
95671632
69924721
87391259
87724327
-21353164
-56256487
85883943
-90508900
-54599914
34779065
-41963286
13556524
24952522
28442437
-74754940
36167830
26947413
43002385
93510864
-44798736
-37533898
91814491
-60854831
91594397
8669389
-40586355
-31006958
40648597
55501784
69658260
-29489874
-78423919
14528223
33154274
98128287
98969470
88935256
32883650
-10753967
57130667
-82389327
-79959204
-42519585
-57558052
73692101
-51644832
70033789
-66352710
96939400
-85353731
3530921
-26412805
25479210
36304319
-14016868
98892581
-7358984
48101074
68487882
13716442
49831302
-80173985
97496976
-40056150
-46059083
74858448
-26100780
-72956716
18562922
-85698442
65911110
-26653964
26004628
-54567066
-91580654
-85498023
1065286
50571259
-57016002
-16429611
72033778
81285658
77505749
-38309339
11301814
21015291
28921479
99709411
-78931569
-87072304
35248489
23206294
-98185786
-39803622
-59544711
14857963
-47446767
-90016914
30905686
-31088340
57322429
-56196897
39848194
-8532281
80128796
-67120496
-76081301
3981384
65974785
64989947
59376275
59510972
91990978
61597310
85927644
45475500
-90215555
-88960984
-46260654
87818673
-2846720
23916481
71405199
-10334220
-30637845
33593930
-47547297
-30265734
-9348489
54491105
53298216
20608493
57658875
15414133
-17362802
-53609154
-32454468
97598027
-16925715
-77242719
56657741
-84552791
90817685
-76768793
-66929320
16177276
25328150
-99296312
97053470
-84069047
2414943
-53559664
72286901
-19686153
-75248337
36401268
60745188
-76027480
-83753067
-34443135
-76605613
-4270065
40158745
-26120295
63567624
-3767596
15717854
37801220
-81730764
63902722
-76352136
-43086383
83669537
-66269531
-16896861
-41650277
-13829589
-19019346
87870462
-34462696
56653716
40238052
-97183123
-54732700
36782796
89060404
-60724219
81231356
51660897
-7068054
-92349538
-31581416
-9730667
-94772241
-86210309
-94309660
-87775199
-25335423
-12039250
38844090
-76756437
-45759987
-55927520
-22460526
56794328
-1212167
-88450500
-39128986
-43778194
-67041034
-7620244
49265457
-52829773
-2446590
87532659
-62816222
-27271089
-27870036
96238221
-59937797
23432419
-77343544
-83162638
-88644944
98697525
72305619
49061713
33410160
76727612
-95232712
-27036565
-8326081
91325355
-44829898
-84483036
89470123
94250786
32150507
68086395
-92678017
6232560
-19461319
26295100
93744309
2943333
14083486
-73775839
-14108496
-85006630
65414782
-51409175
-13033412
39151829
-41234160
46658337
-64157528
67803220
-6649432
6688637
68519021
69033752
76142689
-68072479
-74858990
-97691457
-6947609
19994373
-8074878
28353620
4777884
93842229
62804510
-83805017
92676503
-67816636
-1131292
-61681458
-64024290
-60806549
-69902545
2582162
-75422214
93805341
93429066
21898323
94272873
67435736
88046289
-50444467
-64990580
21729597
20091971
-56621107
-95503699
8052436
-96031440
-2438682
12274780
33080933
-82839108
65497332
-33623693
53214347
12128830
-17943137
28389986
-11989757
26809009
-76521680
99206326
-83042200
-84372139
1279365
83036127
-54185894
-58846688
-38933872
-25961071
77705597
-40638996
52873143
-97566769
21380483
5844865
-78767979
4918527
53309928
-73282030
-25791316
-67553108
-52567163
2692740
96475511
-45410221
-3003731
25619466
94199965
-73805424
98942783
-13213241
98333809
-46381585
26875204
-34383417
-18997791
7937229
-69624124
-41929932
1520512
94318289
26247868
9754508
-16468754
81464602
19901509
19896847
45285321
99896893
71487215
-57529153
-36697469
-63971129
30035033
9406008
86019959
67558672
83755928
-20606948
40356596
65926352
38275762
57765014
-73167194
-60799124
-27462033
-75467207
-1942196
93726118
73137022
-43588959
31643665
-20384759
-97644608
-23005995
88855984
55303261
85375249
-59785749
-42239545
36413037
-29569937
33990347
16281052
74308984
-13374796
18442923
58949436
80630114
98256724
-79661725
-11808927
48683133
-83921510
62585152
5501956
-53141510
24116628
-8958863
-49740835
-57362182
77524326
-31776202
-17232178
-3779048
98739884
71665544
-82465522
40187862
94158339
20512110
-35930239
-33954968
49296571
-96928482
62437154
-87706517
-98654636
57665893
-48555611
18186446
52614347
42734082
4483858
74645479
68629035
48559214
78390943
-55949421
53693184
-66584998
7976115
-99407231
-63010176
-66688024
29545425
-27904846
53482217
31314214
-28839160
-84653880
-49205253
-76027483
-12604160
-96776696
-95922251
75178322
-7252328
97506491
-82242327
63444746
-69415312
-45638763
50388065
72753909
-37164656
-59438273
50226598
-4658102
-56944831
92651229
24758829
-88131896
-5067754
-83619539
-47377724
94747591
46978491
-7921158
-28173659
-61433072
-42998610
60064095
-71581369
4229363
41829889
69305717
57748082
-39436978
-60349268
85891345
54249293
36978853
5188245
78504711
46103419
-60877181
-61156368
-69451877
-90220853
-75444085
63471680
-55671314
-64179201
97793001
45568047
-25148269
41104392
17728242
50482310
-77060490
-84126372
70097640
82336340
87104647
38865667
-63379589
50674280
44024146
70225431
-76827472
21919062
-82779154
15191314
48883866
-23270744
44540017
-469635
-26167367
-32786900
29923432
-5824508
-24277112
14368562
20559109
-2067307
54254360
75388381
38773815
50097203
88674965
78543675
-56036047
10328196
60726728
67583013
-62898209
56906793
-89067600
-71572644
8397659
-88183895
33873862
-23698901
46311978
-23849781
-44808366
3652114
56270209
-84259046
51602764
-14196858
-92783058
85108297
85754292
56882382
27211399
-79686199
-22305549
34240750
-87504198
-24690838
45880075
-87244489
-16421553
40948799
63975976
60109077
-31035285
26052965
88502032
-1465189
-96020120
3023111
2800831
36569679
83549538
-16822911
-47256563
-10594246
13110854
19662017
59168948
-78336539
-68698534
65313279
-90826359
-8128849
-42008918
23090503
53986417
-41530378
62259587
-50641448
60174953
42533897
-16510763
67946613
77266495
-83232751
-401668
38351559
22828903
66898985
-92161033
72572234
97278506
-57752214
-22022073
-16138512
80235245
23374507
-53956175
-45688255
-81727805
19577135
69845377
-19038437
77259504
46086093
53449489
-2653137
-10384522
-70701731
-44973085
39059871
73807394
5935687
9382816
-76429887
11256330
-89568616
-60632735
-60478887
-48602558
27164277
68297795
-62480273
65271405
-82677351
12553039
54213990
45939220
89568371
42011815
36871550
-13037335
34238726
52235289
39030965
97162247
-78185035
96545622
32859857
-40219742
25345085
35634249
58830918
1956964
70252412
61295389
-82510890
-31635009
-94477163
32817552
34765137
-22789630
-70910619
33767172
439746
-14841699
-3526480
61145993
-81439725
45443741
-10195547
-15307717
64074831
-33609462
78331791
69715873
40398255
60198515
-1949299
-69246273
-95493721
-56584219
-10210236
-16163520
1209461
-59306714
41845611
40078649
92655863
73537311
-93219607
9151416
-97401235
-32133579
76469210
92484572
-75244839
-61954387
33683546
65458020
64046993
11196041
2052
-19352133
-1775105
-67844779
80371827
90585549
63684471
-3545773
-82004550
35028635
44840483
90385967
-8656267
-5385987
92487205
27633770
-51768660
-38072919
-62647137
28002926
-55210708
30668647
24370659
83021917
-55330397
60535621
6100974
32888130
69650229
33445105
95307192
66600225
59392447
22436177
16732909
48915015
-25571571
19359386
60613097
64211358
9055755
-19944047
5017348
-3973350
27245259
-34206257
21024401
-18438340
34908828
18020375
87987556
-87844711
15718638
800179
-88110555
97642677
-63071752
-6005282
91289287
-66310304
68721515
88299211
22257407
59023924
92693735
60854315
27203791
77472182
57130646
73401442
93637355
-6385988
-22751240
34861099
-93741082
47702370
92341618
-33005707
20821774
-8315734
89226234
-90704365
33607567
15174029
-26259834
-15666164
-6600434
52449522
-66657968
-55667492
-67844600
-24840122
-55747811
-67017007
-55484295
33956361
-14703176
64576878
16705690
-40164712
-62867443
91296268
-24050975
-64501470
2717852
9517130
2589960
-10036803
8219782
76492913
65066513
56740581
-52561409
27961502
-22315257
80088368
30399810
17622806
53456129
76582281
-38827314
-42280855
-28203610
-46984836
90462796
61971676
25911646
95551953
76049170
-33952463
90697853
42079399
17693659
-41360624
49141832
-43313713
-30566828
-2180134
-98666228
-56727702
80442253
-40529162
-79581298
10903837
25487366
28815529
-20981573
73785350
-93876338
37268771
-97203743
-90987521
-26226003
54255833
-25893980
44633216
30219243
74497277
88344493
-1697097
-84408295
-20569000
78506296
12083233
-45422515
-4499668
77669450
9842168
82936127
-77686553
-52823077
-97606188
13360487
-20037545
-36566580
-81464720
-40174242
16194666
22355109
-97151737
-84701603
-18378375
-64419664
70124236
78955373
30980562
71087693
-75297232
-9469100
21393306
-71583228
-3741210
81251022
-88390636
20400957
-26324103
-86866251
-63942791
-34900566
91367773
-39138172
-81078287
-3556770
-12570267
-59827015
-72195333
-42185707
-58414655
60747777
-14440785
70946107
92049406
-54067286
46591316
-80620497
97912453
-67281094
94971905
79847167
81106643
-64031884
-97899942
61469662
16038570
-41935442
-73340230
-36377635
88358701
30597101
75028910
-42689428
76485024
8116969
-7407084
91575108
-38954264
1488566
-8956371
94117517
4769017
-94031583
-69428721
75646911
-64939876
-37491298
-73438452
-12318367
64918281
-94549231
-90027452
-39413002
99933165
-3930431
90804297
20215284
-5898435
70434667
-43510253
-61982964
53382538
13423007
89396432
-24162226
-77554127
3610604
79198476
-34009660
-43570788
77388414
1908421
74667202
1530365
4646560
92164841
-5986875
-25700406
-1006702
-87396951
-34410206
50760848
-29498567
97505784
-45906499
56846531
86146085
-60441137
96782418
36764606
92042399
16183094
-40938813
24142147
64491120
97496541
-59181442
88423450
69522076
-84935089
3743855
-11188593
-28153850
-58932880
-30385208
57988310
4583625
-27759661
-14262251
-37872518
57462125
-14905877
-96832821
-70515956
-64171728
69761897
14656138
93794192
23889640
91824059
-67570195
33395635
-62203844
15107104
80308553
-70823976
57758355
-42494775
-13240872
-94241277
95780666
95151596
43469396
40175075
-83816524
68292413
-87759147
96371578
88098151
-66176770
16222411
-81475080
32883407
69058723
53408219
93326871
-85060701
-39542146
-78288713
26226289
-91060265
14076927
-26653777
42572037
64232588
44490034
-96701576
89842754
97360078
-43230027
4460079
-58612622
-16269256
29591256
75221431
71357309
-56036375
28358289
23824671
32904233
14865365
-81187492
88731058
-98513319
64679010
-56293602
78301405
76671484
-16974525
41966586
59643724
39611288
35227799
37899370
-29992732
-23712975
-98663746
-81467744
-35591877
-1298600
34744857
-30228812
6568147
-64881394
67470913
87216936
-20067038
-26496839
86913454
-19259041
-54815532
-93725967
-96251416
91551878
56094164
76761660
-88634649
36983783
-26223189
-31880915
-23029323
59940049
-81584229
38725293
-26569284
89868271
-71740533
-83158764
554476
-95921567
-73475090
44234163
634453
14092979
91516686
35128640
-30771877
35537108
-3748501
-80205134
-63118220
91474720
38816466
19013519
-38871966
9617511
-75848613
-83947169
-95530557
94825327
91868865
79512854
96523541
-85101821
76837296
-15143807
1627271
-5558635
49669378
14143415
63163941
-17482419
12354408
-57721521
-18912392
-81681328
-77036837
-83716852
27673568
71889198
-69511771
-45893302
-6902799
93194503
-78492797
-83836160
-87891520
-33022275
32990054
-21749807
-61559714
-3153620
-65914682
-26617361
77839554
24313677
-58501511
34543999
-91358077
60205296
26335234
-45691926
-3630609
-7397700
33731880
58699374
82497379
-77795271
-37831396
-51984784
-22051466
52239059
-21290388
56340898
24264849
-40737933
92557985
-63184513
-23141050
67843205
50425372
48468094
57429057
-7517460
-30797772
19375354
57876720
78055726
71685422
-91095628
-93463139
72946143
23665844
66997211
-67371452
96322009
99437054
41343197
-59360509
-34605085
81365638
29048714
-19585220
80491113
-3309939
-70441628
-65772486
-20452841
-92057130
-73654038
35780227
78368508
53760682
-18513406
-2998579
-75686821
92895686
37837193
-92378853
-21597090
32513578
-48131411
-91169365
-4854266
-64572207
-19881742
-92799999
52344340
-4346383
-3620291
-92773500
25417966
27226157
17145490
53194922
-13491628
76694746
33932800
29004884
-88891129
53150537
-84690385
6648005
6890450
69688844
-16070205
12697576
81647771
-88104262
18315670
21799180
90175597
27849824
-32514363
21441148
38991914
80238646
28198735
89090804
81012344
86737714
-18785448
5613067
78538603
96948295
-2260013
-7153220
-19231224
23016149
-76914092
99262620
13122509
87740174
77275404
-77826469
-60815692
58520309
15004701
-41482816
18551940
-47684655
5215400
24569322
-85747718
18700621
-59075903
-95729178
-74488813
44672062
21752531
98321663
46199233
31318773
-38582349
83568521
-18648201
-88169700
-33421246
-30593366
99565271
-32552061
-35099684
-95157705
80921410
12510271
-23553081
-45139729
77838983
-48190960
-65501726
-23013161
3821854
-73086180
-50588614
13987609
-5502822
47242024
-95357348
-40218656
-18639274
-85761472
-52580414
1632434
16275536
-27429950
-84085396
65248923
21257427
33707922
74062662
29223272
-76328647
-84524220
99351540
39936415
38719797
-83006275
26437077
-95132639
-80021874
-93045036
-97521124
-60203065
-5475823
13044806
12454415
-57268121
-82389028
-97361814
-46381158
51031605
-42378226
-75473688
-33290985
-47926938
-16137229
-94428513
42117832
-1284998
75937852
79111076
80949729
-85166344
-49553719
-39693169
-65897034
29616568
6926550
-46699665
-2206845
-84835249
46481414
-51021669
-10233391
93872388
37224127
11122899
-80255136
70679399
-80936376
-4876085
82360630
-32156206
-82027631
-30278484
59194151
-71089240
98841435
81882441
4898467
-99756724
-68095129
-94380409
-13662143
60747351
-1863304
36866856
-8211140
48661484
-62631681
-89851905
44410939
-88566154
-50825568
-21358752
35332363
-34424849
-95864780
86702267
-51846620
35595456
15530258
26862115
-82529281
-77762150
25385402
-81535685
-43779706
-60752406
14726132
8063330
-15968962
27155746
23763343
-96443570
-46447548
-81445241
2004801
36074245
-64354399
-66707881
47972895
-84932945
63021138
-41152805
-39598640
77882600
45193594
36672202
-73546801
76521257
-74198278
50284460
58044742
-71206447
65733456
-94338041
-34156129
24069748
44463423
70546191
16990439
-59104244
-40243758
19847109
-70336031
-67683516
26888721
-81811209
99069155
14388737
14386302
66505813
-26961783
-6176773
-37200429
32649848
60154956
-29021474
34421383
18589258
-62648768
-6405081
-13781378
78248037
-40573505
89938745
99587925
-57893894
32443495
-61421011
-98894825
20918812
64140501
-66641609
-17077086
-44590924
-93620152
-41319984
-82083877
59296919
82032167
43790833
82682673
-64136566
-16226776
-79933980
40663843
-2554775
46940558
-52533915
9795439
-23826333
91245234
68496960
-42235052
-64753676
-98369688
85140426
-41830754
34071205
49357666
-37933611
-85664490
89642124
34499696
99825005
-27134900
-93577649
72102099
-27793594
-25291221
69902449
-83501344
-3413397
44325740
81777462
70335131
-19381717
-11387818
-87925565
74837473
-60073861
48284764
-38513894
46328353
94522448
-78385580
78640068
-45296822
-15612111
78506998
54535724
81399992
-10547853
70151868
94653369
99152220
51800356
93803151
22690458
53028461
5507237
-43802524
18175907
-15891673
-54115979
-62385874
38283665
6392115
-50279255
-92322922
87051450
35920586
3326036
7795525
-8759846
-84675335
-37502670
-73367124
-48926465
47278573
-52573342
27958475
-33474202
-35935170
-76690570
71128889
-95663329
-5583126
98489864
45498710
-13716076
89616260
75497941
92495170
-25099622
-81721796
-85178750
-66285043
-96309147
-70663598
-88352614
-91252379
6856301
66728968
43287642
-44805131
-74765695
-13679304
55072021
87524621
67667822
-2302483
52702565
-78135933
-26069796
77127920
-23060223
-62461778
95911935
-8417238
-31350918
-49427382
9765855
-3947605
-5709952
41707936
62483703
-16228894
45518342
-57558273
-57902246
-22443800
-71627875
65702860
28005915
12749223
-15803030
95754241
22552709
-44145980
27923976
-25645333
49727225
-48066746
-89041936
66652079
-73212279
-3778797
-82860543
-74309172
-57522581
-99206052
-55271151
-35484872
-3825903
25597149
72888104
52183238
-72296411
73003205
42557507
83632225
-86541359
-16958914
-34669498
21860959
-65165055
19907610
-34997323
5113513
-79669312
47176970
62419105
-89818595
52194403
-89392347
-56421211
-93624496
46675725
-26009862
-96062972
-32526828
-82000500
43742161
-46112207
-90670906
3096486
-50379457
-6493409
7730494
-54916700
-54911471
68704196
51634649
-1854521
70792188
67132970
81544802
-40557603
-52900634
88700196
-27765760
-66659950
17247036
-12181584
-98213091
58005342
77342253
-76832672
-27198492
25105151
47528321
-81887410
97686093
-49699037
-56926984
14280609
-8408106
82558438
-65822064
27121010
23006352
-7031689
97104194
-39598589
-80248824
-49270651
86335913
-98150936
7360918
-26663376
55865361
55406548
10116390
-27998899
-91160766
-61297691
45861669
-42086992
-4692777
9424752
40992658
7062902
74551130
-84006839
-519023
95129690
-83676283
-6404025
30144001
-63860672
29094740
24930207
-35965841
-75202971
-3420943
-27669061
-75669733
-95393169
87820674
-35964778
64785736
86660423
95491131
-21253738
32529953
-80683642
-80820341
48001156
-12222629
-95228192
-62784742
-88411518
82076280
-39076735
82095166
59197365
25316225
84427288
-57731819
6058611
73447507
53116004
-13088127
-59570025
70444375
75082786
-35083600
-44687891
30492929
18171056
73802352
29046626
10778756
91236413
-91848452
-53525230
-74485972
-60490135
12588408
29242808
-11418068
-21865740
-72186568
-29349604
-207274
-6294870
-9623190
55566029
40595294
-9742453
-89213995
70534982
87900148
60592891
-16593672
-57521780
11453216
-29314462
-44495314
17067865
-83261405
26032335
-18120892
-41785035
-95498455
36088997
50801732
86104480
11483162
-70665317
-41446792
91432827
-36403966
-88004867
12182179
40216497
9022785
-20248748
-1821332
-89775509
-59412837
52017268
41189453
-62181857
-21228441
-20507234
5216728
17959764
-90162249
98229669
21441062
-69693486
39475714
25736065
3442746
27610818
98752604
-34559322
-78020732
-93856761
-57202320
64320440
15345898
1093294
-93121020
-47596732
-60734138
-33406839
7710771
-17247558
48825753
81274576
-33927397
-87124644
-58344171
-43272183
53917515
-23170228
74500302
-40394249
21622012
53338338
-21555680
89441881
-44293516
20903735
-42993549
29781562
53114057
2281926
11374571
94774486
36349414
-62495547
-47761396
5448746
55958944
12353025
65332085
26872376
43216440
-32042356
4288963
-48348323
74090491
47780538
93142881
74380071
-37113327
82661336
32195074
-77939689
13208989
52625557
20627285
90883460
4475672
30105158
59850112
-90511448
91807339
-38864643
-2653994
-9227293
-94822184
65508198
-52989324
-69971261
63916425
-35218370
46706927
29029788
-34719925
91885323
74595806
18820731
86161461
-90292654
-55535408
31219094
-82751823
-54262565
-41533736
-32401805
87139748
-91866318
42958753
-76718454
70954346
16695782
65190688
-33151057
-89714066
-17534300
78539556
67300887
91481676
-78038758
-27641911
32648378
76130753
-2221060
-65183717
37863146
37037112
-31177082
34299871
91576307
-6988311
-53722200
46690594
-28036742
78795730
-10810334
8491054
41446803
-85434313
-18321768
-2367973
82580096
-32351484
79806595
41799549
23058732
10974658
-59458850
28860166
-26563127
90669836
-92272340
29206154
-73675270
-42260199
29531968
5591010
35416758
85868449
-11551826
50440128
-99241742
-62592818
75553500
63017658
-44045401
-91035561
34386421
78134847
-71282752
-70295354
26452272
-74842828
-12336013
29333248
52802677
13202689
-1231399
94064129
-11098191
86530478
87968
-91799777
-72804821
17840539
-4748890
61905795
-75356399
-69265916
-1807142
87540166
70797809
-95589812
99181481
87372805
62272453
29460729
-61136310
31681257
-32918641
81048238
-35181571
-94658164
-8386373
96954722
-82838109
99978246
33537563
-40615169
-68008660
20595862
-88771421
-28641951
15282257
-34756257
-65922418
3986029
61618816
-35085057
89387605
26226043
15870875
46385494
-71819726
-60649905
82225235
-14354084
82348844
47050748
-76288758
28931442
7644371
55730992
14007914
-17474012
39490293
-27843537
28717717
64097756
-79413493
3856472
-29580293
-10012935
-2263433
-95404662
13587681
38105740
92972627
35014347
66088502
-58003994
5687715
73101062
-34633328
86545019
62090123
-66014524
-30350284
-53590374
80744017
56999769
-62968572
14698701
-31432336
-79256123
81095609
25521301
-8145277
11150027
-77168902
-69283811
-32713120
-46857113
-33566430
-33275627
52850938
-31381433
93662869
67098476
54243551
-14856161
13240295
-89559601
-80305210
-24020496
-36997183
-41371659
77608591
-53342601
10199045
42789412
61591313
-81837118
-72170954
39616210
14937579
-37576136
-15475919
-5773454
-99801399
27129187
-25684523
28614770
55897176
56331953
-43539752
55332747
79162342
-90183873
56787755
-54558336
6370711
57712529
71449402
42741265
-6752363
-52034178
-25424507
-49167678
65214881
96787743
30822572
-17883646
-55073211
66821064
45913958
39082205
-3620950
59092378
-978968
-42488751
76850902
-80900908
-47142401
-70885375
27648051
33547482
-86762815
84624684
-93912096
41749537
60091824
-277920
-5373290
52595982
-55673143
33363143
-2771009
38198932
-13182061
37770676
29498709
43961021
54464960
-37524672
-57276286
85901303
-98278969
99067580
75646313
36044586
-28167729
91240726
2469941
91076992
-86250053
-83522507
41625096
-49794646
3196898
81404699
-35026452
18318978
-79086259
25400190
11487518
54492202
-20693399
-85463991
89622582
-15755392
-19399201
42545677
-28183030
83986880
43688071
81109523
23128533
75071973
-92537457
53945775
-96466241
1909905
-4436756
-12880460
32182189
-1762579
-77219552
58263850
41526143
63155766
-44900824
77022301
-83409267
74253738
-44816154
-34839612
-82843811
14042833
-42058409
46069289
-122380
16885431
-99578141
73814343
82759821
-25009324
27490538
-32313972
-14706344
-86155804
21841272
49421738
13534224
90648428
-24198611
-85878432
28306184
-1636576
-23373179
6408207
38885579
-40751976
27317537
-56221200
91928505
-9561977
32134660
-9042207
-18616754
26226681
-77936687
-34541988
69272510
72914613
-58703484
-91133908
97206680
70296628
48988847
-87870385
-27250491
-54614853
3311982
-11625937
8754393
21406214
94982438
2669636
-84106412
-68439835
-68568089
-69563812
36691937
27305465
-75325624
43343805
82862465
3146028
59455040
99941766
682822
-32368411
-87311691
-48745942
-5964387
-96908785
-25231492
-71064149
87770755
54424085
-75984354
-21830375
-23325851
-69139449
72560326
-84462645
3649547
-89080690
24297865
-67804347
7867207
88080531
16934110
28862920
55590977
-82455222
-63478677
66443381
6725921
36301687
-80687602
78671933
32565071
83285622
-10079825
95734017
-5466670
95004610
54495683
-64161203
99725869
40140662
-58686024
-85650986
92880328
-63039225
-8039921
53915397
25614974
61077786
50931351
-24471695
99221524
21637497
41299389
-51301756
-68603919
7076334
81970574
94889238
26074791
6619063
41931159
-57443531
-41397177
-70507001
34633057
99476037
24931673
38867934
43284824
5485062
-65616037
-18279823
-1235290
22122671
-26317817
73783694
36810891
99994706
-33814693
85303397
-10159319
-83842044
33443893
76059743
36941810
48258209
18175257
32162557
-12866698
24410863
-84169316
-85235478
-31349328
87149089
-67884970
-74814830
78866475
-40729015
47127821
62745785
23543253
57240377
-83298233
-97682737
63044101
27140448
86403157
-12245036
-49444559
65184804
28543543
-92889721
20681769
3232058
5944131
24440533
25844348
-10871300
57197206
-32508730
45471924
-45352167
12331369
-82790134
75759335
10699449
10982600
-41397700
220333
-84338822
51007078
-67433935
18537222
-25938787
23770599
72003222
-48926340
-10529466
-19227464
55934346
-71024802
53129007
22154412
2455127
-54109658
-78166544
-39625459
92371018
5649863
27146707
85563524
-43378204
17208968
-49032854
-9070143
-54230412
52723643
-24739594
-79249412
90969745
92953552
73754276
37094803
28725602
86104671
-43007809
55464930
98794892
24731904
-35114166
29157411
-50096758
-74006096
16106828
-2393720
-66237071
-2406015
41138488
-62911324
64366105
16022590
-97040474
-9547285
-32714757
60785998
-70366541
-45076120
-70447694
80081812
25695745
97850193
-39245313
-99998068
-41514610
48309804
-30098000
3492457
-86336303
-52596860
-85863737
-46075493
-84353878
-98649524
-13372683
6022156
-9960454
-6925545
90633603
15664892
35936006
54663605
-23397611
81826423
38515774
-86115687
-98415593
-30058783
-27912777
-63541414
67932817
70847725
-62838246
50730267
-49096143
-56599693
-45274079
44588861
1432439
78674312
-13877791
-14338626
-25679852
95649694
95719081
59239715
49739326
-89841955
61175439
-56377296
-9969273
44882061
87881983
-31607282
46779248
-18488766
-33097224
-46454856
87540296
-66052518
-87939342
-21478738
-26561472
2180083
5931858
-84079504
61365128
-31634590
-69787060
52612966
-69915291
63057100
52564434
37828667
-8705335
-40137794
30792253
70628812
16672477
-74819571
86446180
92620362
98794219
61501180
68091742
-72078390
-91293949
-65585944
-74327881
-44398208
-76298492
-74610132
29351074
-17645988
-8763698
99899543
-90757786
83957668
-31529287
27824749
502063
29212841
-51429141
-53559687
-14758763
-47822872
98025123
54866389
93105978
84749254
25332140
-60344861
87427952
38461334
-96360205
13794182
73423163
-2470356
95846065
-67253356
-52100872
-45929881
85377588
20459823
-57963028
76616365
95761254
87783076
-60975532
-66099863
68703954
-97163050
-14483792
91294009
24848410
-97746736
16822644
-17900531
-59251238
-26870904
-55654877
79427439
67517871
44780651
44219064
91550871
-39924441
33026013
19392294
-1242687
-76675155
-35852176
18195534
-83711979
-23512976
-99439344
-81970680
-2114892
-23932801
-69020435
-9954121
27831434
26322637
-81444319
39115369
58963089
2269932
-21529200
85755682
-84766895
66339997
-42720847
20856097
-37005046
50441007
71571354
-95386144
-78857747
21899710
73321162
-24466887
16719422
4703870
91074016
-4033325
44819494
33800351
71405527
99401895
6013144
25778167
72152980
-12028477
17951009
10747055
-38923982
-73800951
85129027
86606346
-72610927
95232979
-76391739
-32002520
66166390
-14593024
-1150729
-53568707
4723788
-71471144
35100
63139553
-65891970
-6296846
41221259
9313172
-87483968
-33914618
-38932531
75820288
64664160
50957049
31773953
23094916
-72188522
-67391726
-43279084
-88281229
-79479946
-53447512
66713740
42235395
-66084872
45595559
-72975502
-68310570
-40400575
54798324
32886196
-17717541
-36658168
-82929295
39182727
43300214
45772244
46662436
99373478
-92317944
-19983241
-34159263
86881029
-98091952
-38646543
-34712980
44294688
-44774433
11271129
17988401
-46154727
16047833
6477467
-82163654
-64764004
-47622642
92158739
8446474
-55013720
-84962747
55267889
-97924414
73853225
-28164774
65330954
28351898
88051721
21570301
-36419381
-79198137
-98676549
97071560
-22377462
38033741
-94726988
71079258
-11243795
-3980535
9994498
-33540510
-31636785
77279490
-46487032
-52475818
43478682
40469591
50549628
-88138650
-67235148
-52202395
-92866994
4838075
31519151
-19648299
37532712
-96173016
-69466349
87432204
-34540626
-34692332
-89036728
-68515685
42535767
-71681689
-97130505
32700396
39095168
27213795
-47905022
-22487255
75298855
803050
27768881
25742870
31617745
-92659871
69769833
48305912
-57128408
25127462
-6139282
-35615388
73649034
-13663097
-26924276
-76155367
2971257
40649858
-87332010
70566438
83252185
-1331563
23145669
-89884131
2607347
79943817
-52632239
-60580979
-6876775
-16427690
-49996855
6365406
-13729130
-93641553
7301969
39110119
82754459
75748390
47081589
-88979372
-35646234
90443262
3091547
95865384
-84428551
-54458557
-66800757
-1005542
-55346637
99369099
-55421327
71265064
-98214319
69913345
39925973
16197120
85201365
51627802
65011268
33584245
71957477
-65704418
17514273
69041728
28570752
37639922
-65628537
-1491959
-34391479
-64050517
-85420400
1553428
31971139
-49806869
62835709
-33479673
-40435132
88500325
96122135
-5806009
17495402
-5959576
-44229891
19027235
41450276
-29674350
25007543
-99969726
35264633
-21369228
-20029330
-84482680
13064422
39809712
67388230
-41922220
14123129
17873619
34218009
-72824714
29575714
11891755
12265287
94726938
50071992
-64041517
-66518074
-67219215
10951488
76753215
-50802199
87279778
-7231646
-49272237
31226404
97557984
87952418
46902319
29840493
12198548
62953754
95714586
-97049089
62853323
73666160
-97267344
577850
-11760797
-93943148
31306704
85049030
-84724829
-92003767
70132152
-54718703
44180656
26508104
18709195
-12415364
-2631329
94455197
3010174
-56906779
-63120519
27309887
49505411
20023540
-63640890
78537450
-90402135
-52856589
-9273052
86578480
93029688
-93833782
5613833
-9999921
-53219648
-73323618
38232562
-61400773
15981471
65196853
-11375719
33212636
-99547944
-51301024
-67907852
81556940
-79473665
93582585
-35199509
-90629870
-53302899
-75622467
68235359
9359637
-37612127
85302672
-54610823
-60626316
-7755743
-34495944
-52080257
26587056
52988541
-66455567
-39372513
54757029
2479819
-49251783
-44309870
70085594
89471959
55823272
10407970
-22584089
-64042455
88937026
-12605329
70258479
48024629
-13493148
-28890755
15858989
44286347
-3158362
93711343
6824117
89732660
61246381
-64911641
-7069324
-76270856
-14518853
8711719
86079624
-85932361
59310309
-44943077
2424228
-79856258
12791054
21022254
-66491792
22358618
-82554163
49548165
-63033724
-82298031
-45751259
95314413
-84624729
55937104
-92199773
-22857678
5194886
-18469513
76680227
-68302985
61709975
63000827
-89313392
19270476
-92023291
-36416224
-45183776
2992377
32484964
-98497558
33133556
-70952623
-84223297
18776518
-19118471
-3773987
-47392346
59909006
-71152656
47962424
-24708622
99931448
-19920282
86496320
-39142655
-48786953
-14575619
-75804305
-39334791
99941099
-54065710
74546285
32453862
39899857
-12264805
3017988
-92648620
69769526
-42615360
-97826626
18187761
-17744753
81195360
89939287
-45755674
-3743548
12173587
55172324
98196426
-35001647
-92072844
83401350
-16738607
18765667
-50287581
35295864
79351606
-39034124
-67147386
-77659120
33038855
44395910
97183536
-17878147
-76996663
9877010
-58373456
79847285
-11968815
11049095
-94255856
7576788
-28897614
4346193
65692142
10358823
-50851285
-3832815
30551874
57466743
-64241983
-21141192
-39842400
87087052
-31180518
29130573
75070847
-75017130
-79641571
-16843542
-3822599
-66691612
-18098450
19295459
75859975
47268040
-69645925
24907604
79921364
-85725345
14608232
33350449
23371888
-11077594
-41521545
87834420
90563681
-48432382
-96717381
-73576686
-57151111
-27289857
71716173
47101507
-14831661
-12983768
-12810018
72056376
69449199
98792293
91497671
-23924685
-16502750
79086260
50405108
-28703058
23266261
-43030936
-88725148
-46062309
58142819
-44298725
-98319012
7922427
49330720
43686055
-74226959
-9421362
-43877309
-2543296
39712058
6804955
49502901
24173034
12170201
-11936690
-83262846
-537342
-79459662
8322547
53637602
-91433483
-25712952
85339303
91851849
-35466281
-48436200
-4376258
-30140759
65200483
-74628942
4231282
-2465799
-41274154
58247404
-46392342
43801993
-1251544
-35798850
69719622
54114753
-87590628
49420316
42770862
-99509049
18649036
10718368
58901222
28085137
-90230015
-70874048
-86822629
47422637
-67035955
17213169
-49354657
-93915249
39449946
-47173142
30698170
69057468
-66973777
43269975
-36681837
-7516606
-55066453
11633639
12155997
85884688
-46820030
39973178
-56683325
-61214089
65010525
8650362
-10823073
91238665
-90726975
91184928
-85832412
29318272
-34661305
5395772
-48468341
-25271722
-3388773
-32148053
80658553
99813891
60712309
89497566
-31375985
-73982577
-36996143
18342072
-46396574
-38834960
32397566
2476827
-60096629
73251856
-12391619
-70558723
-6193362
75433033
59663926
-27904921
3368095
77206704
-35552712
-61754267
4186086
-54812000
-34908961
90349268
-84031543
-81098718
15553715
72034492
96248593
61995425
-17990646
41152295
76209822
-8692858
-34722052
-8598790
82990519
-59103586
-95692892
85405976
81241622
36640012
76122662
-37929783
28275130
46647222
90577656
-51960983
-89130895
-72744077
-55756030
72863332
-39606529
-49319526
-31200127
-27340339
81378362
40581367
43791108
39460599
-16264573
-68651451
15935449
94309070
85965350
-99916625
-30881413
-63005117
-63587070
-35398533
-80693375
47044007
11043308
2550826
-73618377
-82752169
-91287018
13447124
48419449
32934196
-15201174
35528834
13933257
25872280
85342072
-54337678
-97199754
87138030
52246101
96533941
-92814529
56937540
-25935016
-3067454
26503381
1090209
-49684942
33523546
87757738
-27899614
621394
34473379
-19368540
28447836
-65387025
74360477
28121500
-49135429
14332306
73208950
-80550151
97401087
72440435
-34323858
23912085
71017467
-90942116
12025118
-51287871
22005339
37047293
-25365813
-94494680
83345781
43858262
79173909
38577711
-55220594
-57030612
-40027597
-82010581
-19649872
-9850932
75023870
32493534
57574726
-20365170
16210077
4765449
18458439
-549135
45596308
-63415273
-93145856
25244292
-1326881
-42061819
-73072543
16956176
-36308964
-27820759
33169467
-55282225
7375342
33958260
9424308
91176664
65222538
62114492
45693609
-15162852
-69648128
-76807460
48886185
94963418
89041927
-15103269
-48981495
9953887
5954753
74992044
23223347
-48718258
-78560068
-80057858
-42235028
-74780411
-66273140
-75727812
42459970
-72596240
2306430
79406005
90905370
-81795164
-73704665
9899537
41303653
-86061161
-84606820
-28213259
-70331464
-91534040
-63110555
61969405
-6886029
-46248179
87099214
-30665467
49228683
-74110910
89677543
70628723
10738341
594497
38954925
45505444
-36456411
-14940027
53443937
36162642
-26271454
86816146
45493880
96873997
-36806364
99075326
-20442836
47484840
9027721
71204234
-78929473
8740344
7604267
-57939129
-20771996
-28791487
-86431846
20901310
-18244332
-97941036
-12400333
50430761
-77560526
-44376389
24192815
-42424859
42531549
-34798182
15726404
-8781921
-87525360
-4585660
88369170
12705506
51663505
-3846097
7854766
-1246972
-93371052
92711105
59725871
-11567189
-45705645
-77824487
2677893
-56072423
-55264976
-3026251
79020337
1356764
74295181
46695243
35460950
63931601
-25569388
-57798198
-79583626
40272654
-57248299
-48034543
6175562
36838590
1246703
47508199
46897904
53719232
95721960
-15461116
-53547269
23957553
35333126
16374294
19431932
44943761
65364954
57203968
12273827
-20268311
52721007
8934230
-68679884
-71381453
-80425045
54196216
64906695
-24217257
-43726698
79746694
-4010024
-48644876
-3308618
99123155
-58872769
-72471062
86126939
-15697722
-70711157
71749190
-65689179
-13425100
-86223418
81073782
8655429
45865711
80052043
70298599
-14497852
20873732
-8516807
28946423
-93597639
90020329
99621160
-36600527
77987648
83346061
34540794
8575416
-11536862
-52431990
-20742535
-9573638
-5042579
94083066
40332451
-72197787
15325665
96071802
97964319
66255554
-97786372
-26082610
51216277
47095282
64297310
36570344
64800559
-85287702
-97641025
-20644891
-27493688
-32461231
15457709
74740595
-12799144
-80121297
19095439
-28133106
-80802805
-46538623
95668294
95746286
21605137
72874749
82841247
-68238724
45910306
72821193
20795680
-76995617
20020165
-64485615
8715510
-5405715
55720808
-19747798
-83571596
22827832
98797325
46201176
86134601
54295716
33597757
-19797996
78580566
62818215
26728679
46365141
45438934
-95655977
-64554445
65342459
82713299
43292686
74930578
-78806216
-70800483
41700370
-38350374
-49021515
-86091326
70269962
-10043834
57709735
-27899322
-5869950
34404424
2383041
-62947780
-22350729
98835975
-27464405
93510511
12810131
-35930510
-68450633
3903920
52642048
57337002
70811740
51779287
98422794
-77259419
90428910
73720724
18545863
-87829637
-170932
48166789
-42228403
-50293937
-95265946
-27010118
-68808798
-4126760
-13730311
56548524
31150189
67426740
-71332216
22485083
47618994
79134418
58946101
-45395394
42911359
33624871
63482878
-29779774
38751764
39761409
45974592
11604913
96295696
-61710130
-52954126
21959172
-69938969
-85379574
-32857245
17448594
-94395761
-34487310
-39968458
92717473
16234816
30659241
-65545196
-16717874
-75725560
85158432
50805955
15975493
98493139
-52943776
40759347
92929768
-7426030
36508983
-81928037
-72419487
-6430216
-44335426
-36885510
38062499
-22984972
79344719
66868227
-28768002
81767979
-66411991
-24106822
-47779032
-67500482
75333361
87579275
96927997
69667537
-94621926
-36800147
-87184617
56169688
-92087817
3848718
88833504
89705550
33030250
-25434406
51414035
78900668
9772967
86539855
-40638987
-35392745
-9243547
-70410368
-22202155
18050568
-44799206
-52568361
-21438751
-53506706
-3765334
-77279573
-10434674
-33902887
-65606571
-44041415
80505346
-7224729
83921722
-41541131
56847859
38370645
-81466685
-31419955
57576771
44435286
-24125872
37650932
-76549882
96163420
-35656057
5711488
-73005278
72688949
94260973
-64841565
-24654652
-37887668
-47230131
-51624597
74664580
72289224
8432286
-4852051
14919133
-75951958
92039598
35849981
55611838
67697836
99121745
94785453
-65386357
15527847
6970481
-62473680
-56811286
-82347624
96266035
-12325567
-20253173
-13308351
24973996
-3708005
35754632
31754630
-90706196
59888226
-84092172
76198975
-71529955
74622204
-90762928
71753202
-24589334
-35805515
19811508
15137667
-64821223
34328804
91650605
91453335
-96935002
-84354170
57575164
7536783
-26194350
-59357772
-65179998
69904038
-37229122
-36313542
-71819151
51449282
-43217569
-56118313
-70316730
-85056530
81040065
-86740385
11036153
6253851
-34083309
-74618000
-67870543
86975293
92073898
-87006256
44098454
1377707
44688446
-60968165
-22955166
-88411048
57957276
27206340
50397960
28648393
-46209706
66076535
-22262262
18017852
-49988482
3724209
25427036
-12519834
-58590863
70644124
54524187
-5275618
19685919
92165038
69631150
32889528
-41562180
58902998
68661195
99457339
97571084
83721008
75081903
-34095837
36810114
-27089224
61411501
52614278
-63029275
-17285333
82986385
-769955
-85506414
-18649987
42349856
-68244735
69241662
-74792360
34223264
-81826290
25417934
-87248174
-44879556
95996194
78155883
-24028364
59037444
53504948
-74051439
10314384